entity_id,event_id,timestamp,risk_score,score_method
USR-000106,EVT-0000001,2026-06-10 00:03:58.076442,0.6647765446070852,baseline_fallback
SVC-000056,EVT-0000002,2026-06-10 00:15:09.673717,0.611933954685676,baseline_fallback
USR-000165,EVT-0000003,2026-06-10 00:15:24.320858,0.899541831839695,baseline_fallback
DEV-000011,EVT-0000004,2026-06-10 00:24:36.393520,0.5274614905877772,baseline_fallback
USR-000106,EVT-0000005,2026-06-10 00:29:43.529394,0.6935715226654111,baseline_fallback
SVC-000059,EVT-0000006,2026-06-10 00:43:37.464362,0.5674667351775092,baseline_fallback
SVC-000047,EVT-0000007,2026-06-10 00:50:23.516326,0.5843574404187973,baseline_fallback
USR-000106,EVT-0000008,2026-06-10 00:51:38.705502,0.7083659022029569,baseline_fallback
USR-000106,EVT-0000009,2026-06-10 00:53:19.433475,0.7279544457683045,baseline_fallback
DEV-000026,EVT-0000010,2026-06-10 00:54:08.992853,0.48021129563707077,baseline_fallback
DEV-000002,EVT-0000011,2026-06-10 01:20:32.061368,0.5146823201473413,baseline_fallback
SVC-000018,EVT-0000012,2026-06-10 01:27:10.678793,0.64915943077738,baseline_fallback
SVC-000056,EVT-0000013,2026-06-10 01:27:27.280961,0.5784468776998231,baseline_fallback
DEV-000014,EVT-0000014,2026-06-10 01:28:57.465911,0.2951052532346837,baseline_fallback
SVC-000041,EVT-0000015,2026-06-10 01:32:43.346370,0.9130079066741462,baseline_fallback
DEV-000009,EVT-0000016,2026-06-10 01:33:03.620299,0.5566459878175309,baseline_fallback
SVC-000056,EVT-0000017,2026-06-10 01:33:15.610457,0.9620163056015644,baseline_fallback
USR-000106,EVT-0000018,2026-06-10 01:43:58.908061,0.7617439803516355,baseline_fallback
USR-000165,EVT-0000019,2026-06-10 01:49:10.848170,0.7771981104753163,baseline_fallback
DEV-000007,EVT-0000020,2026-06-10 01:49:44.103016,0.9386046848751903,baseline_fallback
SVC-000041,EVT-0000021,2026-06-10 01:52:14.052741,0.6449693517247523,baseline_fallback
USR-000124,EVT-0000022,2026-06-10 01:53:14.012943,0.733460309885306,baseline_fallback
SVC-000041,EVT-0000023,2026-06-10 01:53:40.234740,0.8780298288187817,baseline_fallback
SVC-000041,EVT-0000024,2026-06-10 01:59:02.189488,0.618178642662411,baseline_fallback
SVC-000041,EVT-0000025,2026-06-10 01:59:11.024545,0.590376381302818,baseline_fallback
USR-000141,EVT-0000026,2026-06-10 01:59:27.956429,0.9116883830457866,baseline_fallback
USR-000106,EVT-0000027,2026-06-10 02:06:02.156550,0.7722374995077198,baseline_fallback
SVC-000018,EVT-0000028,2026-06-10 02:10:10.390599,0.559841932467792,baseline_fallback
SVC-000041,EVT-0000029,2026-06-10 02:12:27.203865,0.6734423904503565,baseline_fallback
SVC-000018,EVT-0000030,2026-06-10 02:13:02.538901,0.5547278410503949,baseline_fallback
DEV-000024,EVT-0000031,2026-06-10 02:16:24.145450,0.9394965981955958,baseline_fallback
SVC-000018,EVT-0000032,2026-06-10 02:16:50.162562,0.4773879173550045,baseline_fallback
SVC-000018,EVT-0000033,2026-06-10 02:18:11.439799,0.8506558525428324,baseline_fallback
USR-000075,EVT-0000034,2026-06-10 02:18:16.627416,0.7779664998938071,baseline_fallback
SVC-000018,EVT-0000035,2026-06-10 02:18:27.651051,0.5356022566974344,baseline_fallback
USR-000165,EVT-0000036,2026-06-10 02:18:41.517939,0.7930000452851445,baseline_fallback
SVC-000014,EVT-0000037,2026-06-10 02:20:06.124027,0.5535326124214179,baseline_fallback
USR-000182,EVT-0000038,2026-06-10 02:27:36.820233,0.7548031989132729,baseline_fallback
USR-000182,EVT-0000039,2026-06-10 02:30:11.223495,0.716901094282218,baseline_fallback
USR-000182,EVT-0000040,2026-06-10 02:30:34.171019,0.7613203546537439,baseline_fallback
SVC-000018,EVT-0000041,2026-06-10 02:41:16.354149,0.8795116329796235,baseline_fallback
DEV-000018,EVT-0000042,2026-06-10 02:44:42.846525,0.9845238734113348,baseline_fallback
DEV-000021,EVT-0000043,2026-06-10 02:45:09.226372,0.26472803682868595,baseline_fallback
SVC-000018,EVT-0000044,2026-06-10 02:45:28.051239,0.4810646517841761,baseline_fallback
SVC-000041,EVT-0000045,2026-06-10 02:46:21.112426,0.9035780442033807,baseline_fallback
SVC-000056,EVT-0000046,2026-06-10 02:48:33.371850,0.8997862263779585,baseline_fallback
SVC-000041,EVT-0000047,2026-06-10 02:50:36.912747,0.8680846826707054,baseline_fallback
DEV-000023,EVT-0000048,2026-06-10 02:55:53.777717,0.5494440751704194,baseline_fallback
DEV-000003,EVT-0000049,2026-06-10 03:03:30.099754,0.3398319439492409,baseline_fallback
SVC-000018,EVT-0000050,2026-06-10 03:04:43.656692,0.48830906896143395,baseline_fallback
DEV-000003,EVT-0000051,2026-06-10 03:05:35.078247,0.6045359115911727,baseline_fallback
SVC-000041,EVT-0000052,2026-06-10 03:15:18.487416,0.8505780037542058,baseline_fallback
DEV-000011,EVT-0000053,2026-06-10 03:15:59.466871,0.5402630842831851,baseline_fallback
SVC-000018,EVT-0000054,2026-06-10 03:26:10.633492,0.5696107016369142,baseline_fallback
DEV-000016,EVT-0000055,2026-06-10 03:33:24.508750,0.5629834963552757,baseline_fallback
SVC-000014,EVT-0000056,2026-06-10 03:35:49.906924,0.7648036713909856,baseline_fallback
DEV-000020,EVT-0000057,2026-06-10 03:37:23.820282,0.36397150523165145,baseline_fallback
DEV-000022,EVT-0000058,2026-06-10 03:41:20.342589,0.9548436650203266,baseline_fallback
DEV-000010,EVT-0000059,2026-06-10 03:45:08.084849,0.3921771482030149,baseline_fallback
USR-000025,EVT-0000060,2026-06-10 03:48:25.794149,0.8476003014853498,baseline_fallback
SVC-000019,EVT-0000061,2026-06-10 03:49:11.632345,0.6425208151972889,baseline_fallback
DEV-000023,EVT-0000062,2026-06-10 03:51:47.625571,0.3499507926046199,baseline_fallback
USR-000036,EVT-0000063,2026-06-10 03:52:51.664168,0.9605530952594883,baseline_fallback
SVC-000015,EVT-0000064,2026-06-10 03:53:15.081307,0.9688483224215397,baseline_fallback
SVC-000014,EVT-0000065,2026-06-10 03:54:28.928114,0.4575493276873998,baseline_fallback
SVC-000014,EVT-0000066,2026-06-10 03:55:24.056084,0.7648036713909856,baseline_fallback
SVC-000015,EVT-0000067,2026-06-10 04:00:59.136469,0.9437377189297802,baseline_fallback
USR-000088,EVT-0000068,2026-06-10 04:02:56.165240,0.6390824805138502,baseline_fallback
SVC-000015,EVT-0000069,2026-06-10 04:06:37.561771,0.9377705815757772,baseline_fallback
SVC-000020,EVT-0000070,2026-06-10 04:07:23.496619,0.8414983084129745,baseline_fallback
DEV-000013,EVT-0000071,2026-06-10 04:07:52.053343,0.5449651330023116,baseline_fallback
SVC-000014,EVT-0000072,2026-06-10 04:07:56.145150,0.6477257188634682,baseline_fallback
SVC-000015,EVT-0000073,2026-06-10 04:12:46.187235,0.9350786635143992,baseline_fallback
USR-000025,EVT-0000074,2026-06-10 04:16:11.069559,0.6375055373575539,baseline_fallback
SVC-000014,EVT-0000075,2026-06-10 04:17:35.687475,0.5115474048930048,baseline_fallback
SVC-000014,EVT-0000076,2026-06-10 04:18:31.438870,0.3442754200921904,baseline_fallback
SVC-000007,EVT-0000077,2026-06-10 04:22:51.873331,0.31446835573003046,baseline_fallback
SVC-000020,EVT-0000078,2026-06-10 04:23:01.921661,0.947318355031758,baseline_fallback
USR-000036,EVT-0000079,2026-06-10 04:24:09.090663,0.8892748347419411,baseline_fallback
USR-000157,EVT-0000080,2026-06-10 04:24:13.350398,0.8426182569593547,baseline_fallback
SVC-000007,EVT-0000081,2026-06-10 04:25:55.857218,0.3795870930974909,baseline_fallback
USR-000036,EVT-0000082,2026-06-10 04:28:24.402053,0.891192324445351,baseline_fallback
SVC-000020,EVT-0000083,2026-06-10 04:30:26.689980,0.8511156668594752,baseline_fallback
SVC-000007,EVT-0000084,2026-06-10 04:30:43.513748,0.3795909776777925,baseline_fallback
DEV-000013,EVT-0000085,2026-06-10 04:34:59.714082,0.26191995463318324,baseline_fallback
SVC-000015,EVT-0000086,2026-06-10 04:36:50.222709,0.9530589078129219,baseline_fallback
DEV-000026,EVT-0000087,2026-06-10 04:37:24.075043,0.4591659784889777,baseline_fallback
DEV-000021,EVT-0000088,2026-06-10 04:38:03.090619,0.30223961640590835,baseline_fallback
SVC-000014,EVT-0000089,2026-06-10 04:40:05.354289,0.5596437542869932,baseline_fallback
USR-000138,EVT-0000090,2026-06-10 04:41:25.755893,0.9120868189654082,baseline_fallback
USR-000070,EVT-0000091,2026-06-10 04:41:58.776607,0.7227744321548977,baseline_fallback
USR-000096,EVT-0000092,2026-06-10 04:42:05.531243,0.8923288751789579,baseline_fallback
SVC-000007,EVT-0000093,2026-06-10 04:43:21.407757,0.32912506979350803,baseline_fallback
SVC-000007,EVT-0000094,2026-06-10 04:43:31.461976,0.4563900169452416,baseline_fallback
SVC-000007,EVT-0000095,2026-06-10 04:44:19.916633,0.3719133225296158,baseline_fallback
SVC-000007,EVT-0000096,2026-06-10 04:49:51.017360,0.48398632399867564,baseline_fallback
SVC-000014,EVT-0000097,2026-06-10 04:52:14.360873,0.6106446102119385,baseline_fallback
SVC-000015,EVT-0000098,2026-06-10 04:54:24.362521,0.9336489111672814,baseline_fallback
SVC-000015,EVT-0000099,2026-06-10 04:55:35.241970,0.9437377189297802,baseline_fallback
SVC-000019,EVT-0000100,2026-06-10 04:57:04.795500,0.42536730519258603,baseline_fallback
USR-000026,EVT-0000101,2026-06-10 05:00:04.142090,0.6094776503285052,baseline_fallback
USR-000103,EVT-0000102,2026-06-10 05:02:18.832142,0.6719499435283752,baseline_fallback
SVC-000007,EVT-0000103,2026-06-10 05:02:26.933443,0.33060479232031,baseline_fallback
SVC-000015,EVT-0000104,2026-06-10 05:03:02.711201,0.9384945902453132,baseline_fallback
SVC-000015,EVT-0000105,2026-06-10 05:04:19.812096,0.9411740126901001,baseline_fallback
USR-000095,EVT-0000106,2026-06-10 05:05:28.830553,0.6242502641059257,baseline_fallback
DEV-000022,EVT-0000107,2026-06-10 05:06:28.215193,0.973278508728493,baseline_fallback
SVC-000019,EVT-0000108,2026-06-10 05:08:12.581327,0.48415205625692104,baseline_fallback
SVC-000007,EVT-0000109,2026-06-10 05:10:23.699669,0.49922950945233396,baseline_fallback
SVC-000014,EVT-0000110,2026-06-10 05:13:23.153372,0.6220413349711978,baseline_fallback
SVC-000019,EVT-0000111,2026-06-10 05:13:41.131445,0.5831185284091697,baseline_fallback
SVC-000014,EVT-0000112,2026-06-10 05:14:57.882204,0.9495891608715827,baseline_fallback
SVC-000007,EVT-0000113,2026-06-10 05:15:15.509746,0.33060479232031,baseline_fallback
SVC-000007,EVT-0000114,2026-06-10 05:17:30.970913,0.6749705993450631,baseline_fallback
DEV-000003,EVT-0000115,2026-06-10 05:18:42.689341,0.3180850008786189,baseline_fallback
DEV-000020,EVT-0000116,2026-06-10 05:20:46.714924,0.38842889976322065,baseline_fallback
USR-000036,EVT-0000117,2026-06-10 05:20:52.417608,0.9959006391213687,baseline_fallback
USR-000199,EVT-0000118,2026-06-10 05:21:52.060593,0.8855251684364329,baseline_fallback
SVC-000009,EVT-0000119,2026-06-10 05:24:04.720982,0.8095416814490508,baseline_fallback
SVC-000019,EVT-0000120,2026-06-10 05:25:21.088971,0.4933016419585501,baseline_fallback
DEV-000018,EVT-0000121,2026-06-10 05:31:07.025197,0.3110064515488975,baseline_fallback
DEV-000013,EVT-0000122,2026-06-10 05:35:39.988632,0.5669728754995279,baseline_fallback
SVC-000009,EVT-0000123,2026-06-10 05:35:52.248175,0.8448989527174169,baseline_fallback
SVC-000007,EVT-0000124,2026-06-10 05:38:22.516687,0.4302316801994945,baseline_fallback
DEV-000016,EVT-0000125,2026-06-10 05:40:01.734025,0.3758129890343103,baseline_fallback
SVC-000009,EVT-0000126,2026-06-10 05:43:19.444747,0.7768199089118348,baseline_fallback
SVC-000020,EVT-0000127,2026-06-10 05:44:23.706066,0.8647860139026328,baseline_fallback
USR-000025,EVT-0000128,2026-06-10 05:44:36.592223,0.9642696329391524,baseline_fallback
USR-000093,EVT-0000129,2026-06-10 05:45:51.421749,0.6365012734526205,baseline_fallback
SVC-000007,EVT-0000130,2026-06-10 05:46:11.947212,0.5738325554277803,baseline_fallback
DEV-000007,EVT-0000131,2026-06-10 05:47:09.836194,0.9528871012988127,baseline_fallback
DEV-000025,EVT-0000132,2026-06-10 05:47:39.337467,0.3977414520240056,baseline_fallback
USR-000082,EVT-0000133,2026-06-10 05:51:34.590341,0.6153603307436579,baseline_fallback
USR-000067,EVT-0000134,2026-06-10 05:52:23.896455,0.6429420367007801,baseline_fallback
SVC-000019,EVT-0000135,2026-06-10 05:52:44.914275,0.4571537606262628,baseline_fallback
DEV-000021,EVT-0000136,2026-06-10 05:53:54.130743,0.3014448538306611,baseline_fallback
DEV-000023,EVT-0000137,2026-06-10 06:00:15.460983,0.6552927108845849,baseline_fallback
DEV-000020,EVT-0000138,2026-06-10 06:00:45.911351,0.38017558523623945,baseline_fallback
SVC-000031,EVT-0000139,2026-06-10 06:01:08.750586,0.4458815975829848,baseline_fallback
SVC-000019,EVT-0000140,2026-06-10 06:02:20.418850,0.574961437933433,baseline_fallback
DEV-000019,EVT-0000141,2026-06-10 06:03:31.104215,0.5761879238567268,baseline_fallback
SVC-000031,EVT-0000142,2026-06-10 06:06:54.412660,0.4362199567000795,baseline_fallback
SVC-000009,EVT-0000143,2026-06-10 06:16:49.030396,0.8629649489761874,baseline_fallback
SVC-000019,EVT-0000144,2026-06-10 06:17:57.789726,0.5822446546741216,baseline_fallback
USR-000036,EVT-0000145,2026-06-10 06:19:00.203363,0.8932893911327512,baseline_fallback
SVC-000009,EVT-0000146,2026-06-10 06:25:04.480264,0.7686401748450121,baseline_fallback
DEV-000014,EVT-0000147,2026-06-10 06:29:23.247968,0.3094280866298715,baseline_fallback
SVC-000009,EVT-0000148,2026-06-10 06:31:12.546196,0.7695672893554408,baseline_fallback
SVC-000009,EVT-0000149,2026-06-10 06:35:26.371917,0.9334173478820479,baseline_fallback
DEV-000001,EVT-0000150,2026-06-10 06:36:05.422607,0.49070437429669694,baseline_fallback
SVC-000009,EVT-0000151,2026-06-10 06:36:15.067047,0.7741157269563974,baseline_fallback
DEV-000016,EVT-0000152,2026-06-10 06:38:28.540955,0.32630306959020783,baseline_fallback
DEV-000020,EVT-0000153,2026-06-10 06:39:19.158547,0.3335139833663732,baseline_fallback
SVC-000009,EVT-0000154,2026-06-10 06:39:35.736713,0.9921975007142447,baseline_fallback
SVC-000009,EVT-0000155,2026-06-10 06:39:56.407114,0.9921975007142447,baseline_fallback
USR-000096,EVT-0000156,2026-06-10 06:41:14.383806,0.8645374987433444,baseline_fallback
SVC-000031,EVT-0000157,2026-06-10 06:42:42.924359,0.4686155149810777,baseline_fallback
SVC-000009,EVT-0000158,2026-06-10 06:48:43.381998,0.8177047633216084,baseline_fallback
SVC-000009,EVT-0000159,2026-06-10 06:50:56.097598,0.9921975007142447,baseline_fallback
SVC-000009,EVT-0000160,2026-06-10 06:51:31.324628,0.8388906481132236,baseline_fallback
USR-000042,EVT-0000161,2026-06-10 06:52:20.306776,0.6165806369557164,baseline_fallback
SVC-000055,EVT-0000162,2026-06-10 06:55:41.509681,0.8924702679765152,baseline_fallback
SVC-000031,EVT-0000163,2026-06-10 06:56:10.348954,0.47062128496546407,baseline_fallback
USR-000207,EVT-0000164,2026-06-10 06:57:48.573435,0.6488472860838439,baseline_fallback
SVC-000051,EVT-0000165,2026-06-10 07:00:38.689453,0.48344301342046964,baseline_fallback
USR-000082,EVT-0000166,2026-06-10 07:01:38.414326,0.4818644421176039,baseline_fallback
DEV-000018,EVT-0000167,2026-06-10 07:02:56.385690,0.36638509027607546,baseline_fallback
SVC-000031,EVT-0000168,2026-06-10 07:03:25.112923,0.3959899069816903,baseline_fallback
USR-000180,EVT-0000169,2026-06-10 07:06:11.982482,0.9392070652636749,baseline_fallback
SVC-000031,EVT-0000170,2026-06-10 07:12:48.782341,0.3939361328717614,baseline_fallback
USR-000155,EVT-0000171,2026-06-10 07:13:45.142255,0.6126286816181803,baseline_fallback
DEV-000018,EVT-0000172,2026-06-10 07:13:57.509514,0.24443713800302017,baseline_fallback
SVC-000055,EVT-0000173,2026-06-10 07:14:35.974512,0.8307457983265517,baseline_fallback
SVC-000055,EVT-0000174,2026-06-10 07:20:17.242374,0.4691266450177174,baseline_fallback
USR-000013,EVT-0000175,2026-06-10 07:26:43.584548,0.8581639624642811,baseline_fallback
SVC-000031,EVT-0000176,2026-06-10 07:26:53.054375,0.3845912281845167,baseline_fallback
SVC-000051,EVT-0000177,2026-06-10 07:27:29.375117,0.3375315557335433,baseline_fallback
DEV-000015,EVT-0000178,2026-06-10 07:32:03.938250,0.4631738052287802,baseline_fallback
USR-000206,EVT-0000179,2026-06-10 07:32:46.911016,0.5348352445921188,baseline_fallback
SVC-000040,EVT-0000180,2026-06-10 07:32:58.258410,0.4101346229484493,baseline_fallback
USR-000207,EVT-0000181,2026-06-10 07:33:11.407915,0.5034070073024451,baseline_fallback
DEV-000021,EVT-0000182,2026-06-10 07:34:51.614149,0.2261254389801969,baseline_fallback
SVC-000030,EVT-0000183,2026-06-10 07:36:20.779735,0.41803639200982184,baseline_fallback
SVC-000031,EVT-0000184,2026-06-10 07:36:33.751943,0.3814387562207325,baseline_fallback
USR-000076,EVT-0000185,2026-06-10 07:39:01.368979,0.5619045442203479,baseline_fallback
SVC-000055,EVT-0000186,2026-06-10 07:39:10.152762,0.4892813574344905,baseline_fallback
DEV-000011,EVT-0000187,2026-06-10 07:39:24.243482,0.41298590987481326,baseline_fallback
USR-000208,EVT-0000188,2026-06-10 07:41:02.675323,0.7807049426637805,baseline_fallback
USR-000157,EVT-0000189,2026-06-10 07:41:23.689086,0.4826063266928724,baseline_fallback
SVC-000024,EVT-0000190,2026-06-10 07:44:17.499735,0.4483516978446656,baseline_fallback
USR-000119,EVT-0000191,2026-06-10 07:44:51.536292,0.48052074987806004,baseline_fallback
SVC-000051,EVT-0000192,2026-06-10 07:47:08.567161,0.4740935046907249,baseline_fallback
SVC-000031,EVT-0000193,2026-06-10 07:47:17.736050,0.39496405772712656,baseline_fallback
SVC-000055,EVT-0000194,2026-06-10 07:48:19.387438,0.5240714063386295,baseline_fallback
USR-000058,EVT-0000195,2026-06-10 07:49:12.398822,0.533481204679618,baseline_fallback
SVC-000040,EVT-0000196,2026-06-10 07:51:06.924982,0.38125299008939123,baseline_fallback
USR-000137,EVT-0000197,2026-06-10 07:51:40.043660,0.4734077855666686,baseline_fallback
USR-000058,EVT-0000198,2026-06-10 07:53:52.318989,0.5192147699599015,baseline_fallback
SVC-000039,EVT-0000199,2026-06-10 07:55:28.931814,0.4041221355569161,baseline_fallback
USR-000116,EVT-0000200,2026-06-10 07:55:56.315828,0.7859711229882048,baseline_fallback
DEV-000001,EVT-0000201,2026-06-10 07:59:37.170193,0.25741131018312097,baseline_fallback
USR-000155,EVT-0000202,2026-06-10 07:59:39.079330,0.5518123180549084,baseline_fallback
USR-000180,EVT-0000203,2026-06-10 08:01:32.550992,0.7396114521342586,baseline_fallback
SVC-000040,EVT-0000204,2026-06-10 08:01:50.426791,0.5363588155764745,baseline_fallback
USR-000063,EVT-0000205,2026-06-10 08:02:39.702946,0.7475058816064647,baseline_fallback
USR-000178,EVT-0000206,2026-06-10 08:05:07.452152,0.7317475597361258,baseline_fallback
SVC-000055,EVT-0000207,2026-06-10 08:05:50.193143,0.5161363121423063,baseline_fallback
USR-000167,EVT-0000208,2026-06-10 08:06:42.477872,0.7604104878485856,baseline_fallback
DEV-000011,EVT-0000209,2026-06-10 08:06:55.150614,0.983652373355159,baseline_fallback
USR-000180,EVT-0000210,2026-06-10 08:07:24.161841,0.7618358642607072,baseline_fallback
USR-000047,EVT-0000211,2026-06-10 08:08:18.924524,0.8001155532278498,baseline_fallback
DEV-000009,EVT-0000212,2026-06-10 08:11:36.275987,0.5800833256142867,baseline_fallback
DEV-000012,EVT-0000213,2026-06-10 08:12:23.981335,0.9384789823713102,baseline_fallback
SVC-000040,EVT-0000214,2026-06-10 08:13:21.455162,0.5808483935897137,baseline_fallback
USR-000168,EVT-0000215,2026-06-10 08:14:53.062075,0.47213985587179014,baseline_fallback
USR-000026,EVT-0000216,2026-06-10 08:15:37.395463,0.47393138106660054,baseline_fallback
DEV-000014,EVT-0000217,2026-06-10 08:17:16.631550,0.2419865024357658,baseline_fallback
SVC-000031,EVT-0000218,2026-06-10 08:19:50.131498,0.3364316935793704,baseline_fallback
SVC-000046,EVT-0000219,2026-06-10 08:24:16.176720,0.4272735443408387,baseline_fallback
SVC-000040,EVT-0000220,2026-06-10 08:24:28.040571,0.5781496625508555,baseline_fallback
SVC-000046,EVT-0000221,2026-06-10 08:26:53.880123,0.7672339368815798,baseline_fallback
SVC-000011,EVT-0000222,2026-06-10 08:29:20.812147,0.419064687989493,baseline_fallback
SVC-000055,EVT-0000223,2026-06-10 08:29:33.259006,0.4249574080112481,baseline_fallback
SVC-000011,EVT-0000224,2026-06-10 08:29:48.399809,0.45848628622515336,baseline_fallback
SVC-000011,EVT-0000225,2026-06-10 08:31:21.303015,0.3843711536709134,baseline_fallback
SVC-000011,EVT-0000226,2026-06-10 08:31:41.849523,0.2967695324949324,baseline_fallback
USR-000022,EVT-0000227,2026-06-10 08:33:06.815356,0.45970929893150075,baseline_fallback
SVC-000046,EVT-0000228,2026-06-10 08:33:24.196220,0.3155961386098816,baseline_fallback
USR-000070,EVT-0000229,2026-06-10 08:34:19.106170,0.41659073546861153,baseline_fallback
DEV-000016,EVT-0000230,2026-06-10 08:34:21.033230,0.2540349054539513,baseline_fallback
SVC-000031,EVT-0000231,2026-06-10 08:35:40.379146,0.3650411408840035,baseline_fallback
DEV-000023,EVT-0000232,2026-06-10 08:36:06.505636,0.7045321874573642,baseline_fallback
USR-000167,EVT-0000233,2026-06-10 08:36:15.596839,0.7073724338886485,baseline_fallback
DEV-000003,EVT-0000234,2026-06-10 08:36:57.937083,0.2540349054539513,baseline_fallback
SVC-000046,EVT-0000235,2026-06-10 08:37:42.800135,0.3966768375769543,baseline_fallback
USR-000042,EVT-0000236,2026-06-10 08:41:07.494146,0.3941110182469386,baseline_fallback
SVC-000046,EVT-0000237,2026-06-10 08:41:19.776812,0.29928695760340784,baseline_fallback
SVC-000046,EVT-0000238,2026-06-10 08:41:27.414392,0.6900288170868848,baseline_fallback
SVC-000011,EVT-0000239,2026-06-10 08:42:15.495996,0.41520178269432123,baseline_fallback
SVC-000053,EVT-0000240,2026-06-10 08:43:46.589898,0.47625272427769805,baseline_fallback
DEV-000025,EVT-0000241,2026-06-10 08:44:00.367411,0.6074036304315276,baseline_fallback
SVC-000024,EVT-0000242,2026-06-10 08:45:16.740070,0.41051620863320804,baseline_fallback
SVC-000046,EVT-0000243,2026-06-10 08:45:36.568759,0.7786378237714443,baseline_fallback
USR-000067,EVT-0000244,2026-06-10 08:45:46.437098,0.41311154743791584,baseline_fallback
DEV-000023,EVT-0000245,2026-06-10 08:47:08.980708,0.5480763929523044,baseline_fallback
SVC-000053,EVT-0000246,2026-06-10 08:49:07.083516,0.9371967007716671,baseline_fallback
SVC-000030,EVT-0000247,2026-06-10 08:49:34.888964,0.4338100196169939,baseline_fallback
USR-000155,EVT-0000248,2026-06-10 08:50:16.816851,0.4771180046685356,baseline_fallback
SVC-000046,EVT-0000249,2026-06-10 08:50:21.002344,0.3568124416490962,baseline_fallback
SVC-000024,EVT-0000250,2026-06-10 08:53:36.077475,0.4239698203015907,baseline_fallback
SVC-000011,EVT-0000251,2026-06-10 08:55:09.149292,0.4885439166898321,baseline_fallback
DEV-000008,EVT-0000252,2026-06-10 08:55:29.969709,0.40923033079125043,baseline_fallback
USR-000207,EVT-0000253,2026-06-10 08:55:37.516654,0.7200233081227025,baseline_fallback
DEV-000019,EVT-0000254,2026-06-10 08:56:13.547721,0.523009897701374,baseline_fallback
USR-000026,EVT-0000255,2026-06-10 08:57:41.636245,0.45251781803616625,baseline_fallback
USR-000178,EVT-0000256,2026-06-10 08:57:43.648649,0.7204762018083701,baseline_fallback
USR-000172,EVT-0000257,2026-06-10 08:58:18.684429,0.4172501585594437,baseline_fallback
USR-000076,EVT-0000258,2026-06-10 08:59:25.415487,0.37855486642476915,baseline_fallback
USR-000090,EVT-0000259,2026-06-10 09:00:43.978056,0.7586793877216808,baseline_fallback
SVC-000051,EVT-0000260,2026-06-10 09:03:08.423131,0.4203393255768044,baseline_fallback
SVC-000024,EVT-0000261,2026-06-10 09:03:31.951815,0.43499114520133453,baseline_fallback
USR-000142,EVT-0000262,2026-06-10 09:03:39.105302,0.3407703068988676,baseline_fallback
SVC-000053,EVT-0000263,2026-06-10 09:04:34.287890,0.3777974964358647,baseline_fallback
SVC-000016,EVT-0000264,2026-06-10 09:05:49.928362,0.33069741107503503,baseline_fallback
SVC-000024,EVT-0000265,2026-06-10 09:05:52.370039,0.4857062051137895,baseline_fallback
SVC-000053,EVT-0000266,2026-06-10 09:06:46.452747,0.3462155007253257,baseline_fallback
SVC-000024,EVT-0000267,2026-06-10 09:07:19.694673,0.4664473261415274,baseline_fallback
DEV-000020,EVT-0000268,2026-06-10 09:07:28.085831,0.25095790334453005,baseline_fallback
SVC-000053,EVT-0000269,2026-06-10 09:08:03.111957,0.3674643657090004,baseline_fallback
DEV-000023,EVT-0000270,2026-06-10 09:08:36.066564,0.6116314863794323,baseline_fallback
SVC-000046,EVT-0000271,2026-06-10 09:09:02.038777,0.2649299884940383,baseline_fallback
SVC-000011,EVT-0000272,2026-06-10 09:10:07.070241,0.4352158927295835,baseline_fallback
SVC-000013,EVT-0000273,2026-06-10 09:11:02.888357,0.57659339250221,baseline_fallback
SVC-000011,EVT-0000274,2026-06-10 09:11:19.567837,0.3446247731280598,baseline_fallback
DEV-000002,EVT-0000275,2026-06-10 09:11:37.832036,0.36982472346749923,baseline_fallback
DEV-000018,EVT-0000276,2026-06-10 09:13:04.972505,0.32038287896571044,baseline_fallback
USR-000167,EVT-0000277,2026-06-10 09:13:10.043646,0.6702650521280956,baseline_fallback
USR-000158,EVT-0000278,2026-06-10 09:13:38.203051,0.40896581967531065,baseline_fallback
USR-000098,EVT-0000279,2026-06-10 09:13:40.330950,0.67533939121822,baseline_fallback
SVC-000030,EVT-0000280,2026-06-10 09:13:54.647345,0.8471743464488903,baseline_fallback
USR-000119,EVT-0000281,2026-06-10 09:14:06.266779,0.6522783025825832,baseline_fallback
USR-000133,EVT-0000282,2026-06-10 09:14:33.373396,0.36852653728693524,baseline_fallback
SVC-000024,EVT-0000283,2026-06-10 09:14:49.669061,0.441020554685334,baseline_fallback
SVC-000024,EVT-0000284,2026-06-10 09:15:49.489527,0.45862088454738337,baseline_fallback
DEV-000012,EVT-0000285,2026-06-10 09:16:43.047151,0.9572497526429392,baseline_fallback
USR-000180,EVT-0000286,2026-06-10 09:16:56.730171,0.6751103677841972,baseline_fallback
USR-000148,EVT-0000287,2026-06-10 09:18:59.492531,0.38955082563026394,baseline_fallback
SVC-000013,EVT-0000288,2026-06-10 09:21:11.896523,0.8919046248179713,baseline_fallback
SVC-000013,EVT-0000289,2026-06-10 09:23:41.323584,0.8919046248179713,baseline_fallback
USR-000168,EVT-0000290,2026-06-10 09:23:48.671922,0.43076789862900416,baseline_fallback
USR-000132,EVT-0000291,2026-06-10 09:30:24.593687,0.6155483258612329,baseline_fallback
USR-000168,EVT-0000292,2026-06-10 09:30:31.240504,0.43209716335929477,baseline_fallback
USR-000022,EVT-0000293,2026-06-10 09:30:44.327329,0.3990059735917634,baseline_fallback
USR-000009,EVT-0000294,2026-06-10 09:32:11.273581,0.38841452789708425,baseline_fallback
USR-000148,EVT-0000295,2026-06-10 09:32:12.615190,0.3357775977118578,baseline_fallback
USR-000162,EVT-0000296,2026-06-10 09:33:47.307507,0.4053048744913953,baseline_fallback
USR-000076,EVT-0000297,2026-06-10 09:34:57.011551,0.7536064086831227,baseline_fallback
USR-000080,EVT-0000298,2026-06-10 09:35:58.112875,0.6910327564993591,baseline_fallback
DEV-000012,EVT-0000299,2026-06-10 09:36:22.691366,0.9643295471269668,baseline_fallback
SVC-000008,EVT-0000300,2026-06-10 09:37:41.504423,0.3296275479050038,baseline_fallback
SVC-000024,EVT-0000301,2026-06-10 09:38:08.559299,0.3462155007253257,baseline_fallback
USR-000015,EVT-0000302,2026-06-10 09:38:37.030089,0.7421223102621378,baseline_fallback
USR-000207,EVT-0000303,2026-06-10 09:39:16.719202,0.6769586593350054,baseline_fallback
DEV-000016,EVT-0000304,2026-06-10 09:39:51.599490,0.3356979646206331,baseline_fallback
SVC-000008,EVT-0000305,2026-06-10 09:41:53.685204,0.7049820491201011,baseline_fallback
USR-000207,EVT-0000306,2026-06-10 09:42:24.922297,0.33851729645138323,baseline_fallback
USR-000090,EVT-0000307,2026-06-10 09:42:26.796287,0.728311231204338,baseline_fallback
USR-000194,EVT-0000308,2026-06-10 09:43:04.699170,0.7849663938064216,baseline_fallback
USR-000025,EVT-0000309,2026-06-10 09:43:20.714293,0.36055079065424805,baseline_fallback
USR-000111,EVT-0000310,2026-06-10 09:43:24.728528,0.3987250832550152,baseline_fallback
USR-000207,EVT-0000311,2026-06-10 09:43:36.486166,0.3607809800503637,baseline_fallback
SVC-000024,EVT-0000312,2026-06-10 09:44:36.180189,0.5227140317067055,baseline_fallback
SVC-000024,EVT-0000313,2026-06-10 09:45:33.499274,0.44917754836532564,baseline_fallback
USR-000049,EVT-0000314,2026-06-10 09:45:43.189568,0.7461412828888349,baseline_fallback
DEV-000010,EVT-0000315,2026-06-10 09:48:13.906496,0.4318107233000716,baseline_fallback
DEV-000012,EVT-0000316,2026-06-10 09:48:43.663638,0.9643295471269668,baseline_fallback
USR-000097,EVT-0000317,2026-06-10 09:48:55.774980,0.42474191098236846,baseline_fallback
SVC-000024,EVT-0000318,2026-06-10 09:49:51.562104,0.372655235816555,baseline_fallback
USR-000176,EVT-0000319,2026-06-10 09:50:13.373298,0.6661135312282881,baseline_fallback
USR-000158,EVT-0000320,2026-06-10 09:51:37.630483,0.5942158846525881,baseline_fallback
DEV-000022,EVT-0000321,2026-06-10 09:53:06.520225,0.944728601156815,baseline_fallback
USR-000009,EVT-0000322,2026-06-10 09:53:07.618122,0.43372562485058386,baseline_fallback
DEV-000005,EVT-0000323,2026-06-10 09:53:55.506151,0.427136330398016,baseline_fallback
SVC-000016,EVT-0000324,2026-06-10 09:54:25.471014,0.3100510522301672,baseline_fallback
USR-000177,EVT-0000325,2026-06-10 09:55:27.044993,0.42311107309391827,baseline_fallback
USR-000164,EVT-0000326,2026-06-10 09:55:52.823862,0.7266752485195732,baseline_fallback
USR-000168,EVT-0000327,2026-06-10 09:56:05.216391,0.4431946504439012,baseline_fallback
USR-000104,EVT-0000328,2026-06-10 09:56:45.665506,0.3281628585417781,baseline_fallback
USR-000172,EVT-0000329,2026-06-10 09:57:19.911980,0.38900825353682517,baseline_fallback
USR-000203,EVT-0000330,2026-06-10 10:01:35.653178,0.3113173762075136,baseline_fallback
USR-000006,EVT-0000331,2026-06-10 10:02:13.621802,0.7514285777052518,baseline_fallback
SVC-000013,EVT-0000332,2026-06-10 10:02:23.988323,0.7133912373931439,baseline_fallback
USR-000180,EVT-0000333,2026-06-10 10:03:02.174137,0.8683538456892679,baseline_fallback
USR-000081,EVT-0000334,2026-06-10 10:03:03.740135,0.3293305802637919,baseline_fallback
USR-000168,EVT-0000335,2026-06-10 10:06:32.301731,0.40255105862455665,baseline_fallback
SVC-000053,EVT-0000336,2026-06-10 10:07:28.255277,0.38876514012244046,baseline_fallback
SVC-000001,EVT-0000337,2026-06-10 10:07:55.779716,0.2851872839100983,baseline_fallback
DEV-000009,EVT-0000338,2026-06-10 10:09:38.450170,0.588554671602694,baseline_fallback
USR-000067,EVT-0000339,2026-06-10 10:10:36.209237,0.36886775955353773,baseline_fallback
USR-000199,EVT-0000340,2026-06-10 10:11:00.217678,0.7159532239349421,baseline_fallback
USR-000194,EVT-0000341,2026-06-10 10:11:45.704689,0.9682626354893329,baseline_fallback
DEV-000001,EVT-0000342,2026-06-10 10:13:01.815664,0.33866878795890265,baseline_fallback
USR-000061,EVT-0000343,2026-06-10 10:14:05.220355,0.3094521315643071,baseline_fallback
USR-000157,EVT-0000344,2026-06-10 10:14:43.674093,0.41631623663865647,baseline_fallback
SVC-000053,EVT-0000345,2026-06-10 10:15:07.122843,0.257200997744032,baseline_fallback
USR-000137,EVT-0000346,2026-06-10 10:17:23.500121,0.34980039234365223,baseline_fallback
USR-000023,EVT-0000347,2026-06-10 10:17:53.729080,0.37531649862241656,baseline_fallback
USR-000058,EVT-0000348,2026-06-10 10:18:40.790572,0.3185386795772757,baseline_fallback
SVC-000013,EVT-0000349,2026-06-10 10:19:13.402598,0.3043220498576115,baseline_fallback
SVC-000024,EVT-0000350,2026-06-10 10:20:19.409326,0.4402963731975669,baseline_fallback
USR-000022,EVT-0000351,2026-06-10 10:20:38.668213,0.3810349537618084,baseline_fallback
USR-000048,EVT-0000352,2026-06-10 10:21:23.581364,0.35346511372017825,baseline_fallback
USR-000058,EVT-0000353,2026-06-10 10:22:12.817202,0.30014215550039225,baseline_fallback
USR-000015,EVT-0000354,2026-06-10 10:22:13.402610,0.778249353310869,baseline_fallback
SVC-000008,EVT-0000355,2026-06-10 10:22:16.841460,0.3029854819284314,baseline_fallback
SVC-000013,EVT-0000356,2026-06-10 10:22:24.933013,0.5324181931818942,baseline_fallback
USR-000103,EVT-0000357,2026-06-10 10:23:20.210125,0.3369533731572504,baseline_fallback
USR-000180,EVT-0000358,2026-06-10 10:24:16.794208,0.6674926272919545,baseline_fallback
USR-000049,EVT-0000359,2026-06-10 10:25:59.123608,0.6944511794154055,baseline_fallback
DEV-000010,EVT-0000360,2026-06-10 10:26:12.397918,0.4651535479974329,baseline_fallback
SVC-000013,EVT-0000361,2026-06-10 10:26:44.128145,0.35916589815586913,baseline_fallback
USR-000170,EVT-0000362,2026-06-10 10:27:10.579775,0.31353521290922287,baseline_fallback
USR-000002,EVT-0000363,2026-06-10 10:27:17.531160,0.3891309167849368,baseline_fallback
SVC-000024,EVT-0000364,2026-06-10 10:28:11.672357,0.44528794339371597,baseline_fallback
SVC-000053,EVT-0000365,2026-06-10 10:29:26.057679,0.2521199399332949,baseline_fallback
SVC-000053,EVT-0000366,2026-06-10 10:29:32.070433,0.32625595643266014,baseline_fallback
USR-000138,EVT-0000367,2026-06-10 10:29:51.507565,0.3407079127882206,baseline_fallback
USR-000095,EVT-0000368,2026-06-10 10:31:09.404035,0.339540331100517,baseline_fallback
USR-000038,EVT-0000369,2026-06-10 10:33:34.384656,0.31353521290922287,baseline_fallback
USR-000168,EVT-0000370,2026-06-10 10:34:29.725326,0.40652975825136983,baseline_fallback
USR-000207,EVT-0000371,2026-06-10 10:34:39.804092,0.33226058577468914,baseline_fallback
SVC-000039,EVT-0000372,2026-06-10 10:38:48.966142,0.29387800603289205,baseline_fallback
USR-000010,EVT-0000373,2026-06-10 10:39:11.996487,0.3407061861530816,baseline_fallback
USR-000093,EVT-0000374,2026-06-10 10:40:22.142212,0.6748595022046519,baseline_fallback
SVC-000039,EVT-0000375,2026-06-10 10:40:55.628476,0.4667153258588019,baseline_fallback
DEV-000023,EVT-0000376,2026-06-10 10:41:48.100953,0.6504579007090278,baseline_fallback
USR-000191,EVT-0000377,2026-06-10 10:42:15.044526,0.43739097104379826,baseline_fallback
USR-000132,EVT-0000378,2026-06-10 10:43:43.181636,0.43483062241718257,baseline_fallback
USR-000177,EVT-0000379,2026-06-10 10:47:34.757540,0.3947599737354155,baseline_fallback
SVC-000053,EVT-0000380,2026-06-10 10:47:47.353705,0.3063901644948478,baseline_fallback
USR-000048,EVT-0000381,2026-06-10 10:48:03.078338,0.3377141700300185,baseline_fallback
SVC-000016,EVT-0000382,2026-06-10 10:48:49.965922,0.48898165182026176,baseline_fallback
SVC-000039,EVT-0000383,2026-06-10 10:50:21.321804,0.9271264016853834,baseline_fallback
SVC-000013,EVT-0000384,2026-06-10 10:50:44.970585,0.7637587388031276,baseline_fallback
USR-000047,EVT-0000385,2026-06-10 10:54:00.259658,0.7385754622971666,baseline_fallback
USR-000076,EVT-0000386,2026-06-10 10:54:25.998118,0.7269133314913089,baseline_fallback
SVC-000053,EVT-0000387,2026-06-10 10:56:55.373821,0.28408145642786514,baseline_fallback
USR-000170,EVT-0000388,2026-06-10 10:57:15.454115,0.30132064442179385,baseline_fallback
USR-000180,EVT-0000389,2026-06-10 10:57:35.400958,0.6806999324408958,baseline_fallback
SVC-000013,EVT-0000390,2026-06-10 10:57:44.301873,0.31368009061933283,baseline_fallback
USR-000138,EVT-0000391,2026-06-10 10:57:54.116853,0.3817587509645615,baseline_fallback
SVC-000016,EVT-0000392,2026-06-10 10:58:15.025624,0.42867096088224543,baseline_fallback
SVC-000016,EVT-0000393,2026-06-10 10:58:17.086772,0.78592426857506,baseline_fallback
USR-000138,EVT-0000394,2026-06-10 10:58:35.863769,0.359291002117214,baseline_fallback
USR-000003,EVT-0000395,2026-06-10 11:01:17.122641,0.6427686909845312,baseline_fallback
DEV-000016,EVT-0000396,2026-06-10 11:01:59.381275,0.472184102671737,baseline_fallback
USR-000031,EVT-0000397,2026-06-10 11:03:41.618121,0.39547914125942285,baseline_fallback
SVC-000053,EVT-0000398,2026-06-10 11:03:42.944536,0.4071255435185626,baseline_fallback
USR-000148,EVT-0000399,2026-06-10 11:04:16.323040,0.3325347097381588,baseline_fallback
USR-000036,EVT-0000400,2026-06-10 11:04:41.963277,0.6299348478140081,baseline_fallback
SVC-000053,EVT-0000401,2026-06-10 11:04:47.413163,0.4477519873497869,baseline_fallback
USR-000194,EVT-0000402,2026-06-10 11:04:51.520627,0.7231515416069383,baseline_fallback
SVC-000039,EVT-0000403,2026-06-10 11:05:03.641524,0.5381556667577504,baseline_fallback
USR-000022,EVT-0000404,2026-06-10 11:06:58.052724,0.3958435125039648,baseline_fallback
SVC-000053,EVT-0000405,2026-06-10 11:07:36.181766,0.3917296416556753,baseline_fallback
SVC-000013,EVT-0000406,2026-06-10 11:08:01.578580,0.6763405800263863,baseline_fallback
SVC-000024,EVT-0000407,2026-06-10 11:09:32.601686,0.8815934568423777,lstm
USR-000168,EVT-0000408,2026-06-10 11:10:30.630758,0.37780287743264657,baseline_fallback
USR-000031,EVT-0000409,2026-06-10 11:11:37.918816,0.32320860973832144,baseline_fallback
USR-000064,EVT-0000410,2026-06-10 11:11:46.086931,0.34160362761843643,baseline_fallback
DEV-000026,EVT-0000411,2026-06-10 11:12:12.575306,0.43680103889972294,baseline_fallback
USR-000188,EVT-0000412,2026-06-10 11:13:32.767185,0.37772765970128064,baseline_fallback
USR-000064,EVT-0000413,2026-06-10 11:14:05.357485,0.3361396960842426,baseline_fallback
SVC-000021,EVT-0000414,2026-06-10 11:16:15.308455,0.6763405800263863,baseline_fallback
USR-000067,EVT-0000415,2026-06-10 11:16:36.580863,0.3222902821492489,baseline_fallback
USR-000213,EVT-0000416,2026-06-10 11:16:39.235427,0.28110491442879587,baseline_fallback
USR-000133,EVT-0000417,2026-06-10 11:16:43.085880,0.3068729017322789,baseline_fallback
USR-000167,EVT-0000418,2026-06-10 11:17:02.662187,0.35615819573114044,baseline_fallback
SVC-000053,EVT-0000419,2026-06-10 11:20:59.357939,0.9622278732470739,lstm
SVC-000008,EVT-0000420,2026-06-10 11:21:32.548252,0.8424098655177725,baseline_fallback
USR-000115,EVT-0000421,2026-06-10 11:22:15.799510,0.6842887931941841,baseline_fallback
SVC-000008,EVT-0000422,2026-06-10 11:23:16.477387,0.3871220377317221,baseline_fallback
USR-000049,EVT-0000423,2026-06-10 11:23:16.804779,0.7106144037091554,baseline_fallback
USR-000164,EVT-0000424,2026-06-10 11:25:40.415511,0.6654643024250567,baseline_fallback
USR-000168,EVT-0000425,2026-06-10 11:27:05.475623,0.37625478156092157,baseline_fallback
USR-000180,EVT-0000426,2026-06-10 11:27:16.625180,0.6361177100861672,baseline_fallback
SVC-000053,EVT-0000427,2026-06-10 11:27:34.729452,0.835405552226716,lstm
USR-000035,EVT-0000428,2026-06-10 11:28:07.724049,0.6986199616735288,baseline_fallback
USR-000038,EVT-0000429,2026-06-10 11:29:15.629383,0.3900937214474772,baseline_fallback
USR-000123,EVT-0000430,2026-06-10 11:30:15.521342,0.3721527296317193,baseline_fallback
SVC-000001,EVT-0000431,2026-06-10 11:30:25.744783,0.4053881311656171,baseline_fallback
USR-000118,EVT-0000432,2026-06-10 11:30:33.919530,0.4390966809428691,baseline_fallback
SVC-000021,EVT-0000433,2026-06-10 11:31:07.820561,0.3801372221115419,baseline_fallback
SVC-000039,EVT-0000434,2026-06-10 11:32:11.869720,0.3769310975360529,baseline_fallback
USR-000078,EVT-0000435,2026-06-10 11:32:26.612871,0.3312372051644468,baseline_fallback
USR-000139,EVT-0000436,2026-06-10 11:33:17.269314,0.7110212289570614,baseline_fallback
SVC-000039,EVT-0000437,2026-06-10 11:35:38.930792,0.5692632704082906,baseline_fallback
USR-000026,EVT-0000438,2026-06-10 11:36:04.764959,0.3760651022745767,baseline_fallback
USR-000093,EVT-0000439,2026-06-10 11:36:26.337089,0.6380311904209004,baseline_fallback
USR-000030,EVT-0000440,2026-06-10 11:37:30.334501,0.32424210239787976,baseline_fallback
USR-000127,EVT-0000441,2026-06-10 11:38:37.916104,0.7330191651731954,baseline_fallback
USR-000157,EVT-0000442,2026-06-10 11:38:57.241550,0.4327387579517133,baseline_fallback
DEV-000025,EVT-0000443,2026-06-10 11:40:48.805942,0.3090671237603645,baseline_fallback
USR-000070,EVT-0000444,2026-06-10 11:41:10.292246,0.5333677558197576,baseline_fallback
USR-000120,EVT-0000445,2026-06-10 11:41:23.538499,0.32159151915310075,baseline_fallback
USR-000098,EVT-0000446,2026-06-10 11:41:28.761212,0.8654495450571085,baseline_fallback
USR-000208,EVT-0000447,2026-06-10 11:42:29.362705,0.646686362883758,baseline_fallback
USR-000095,EVT-0000448,2026-06-10 11:44:38.457131,0.6218679240494602,baseline_fallback
USR-000044,EVT-0000449,2026-06-10 11:45:11.125389,0.3356221722472713,baseline_fallback
USR-000091,EVT-0000450,2026-06-10 11:45:25.037390,0.34513016514176953,baseline_fallback
SVC-000039,EVT-0000451,2026-06-10 11:45:32.772665,0.42494260851374155,baseline_fallback
USR-000083,EVT-0000452,2026-06-10 11:46:32.547420,0.6455401456528402,baseline_fallback
USR-000095,EVT-0000453,2026-06-10 11:47:11.585192,0.3117515321888001,baseline_fallback
USR-000164,EVT-0000454,2026-06-10 11:49:23.784973,0.7077223102360206,baseline_fallback
USR-000191,EVT-0000455,2026-06-10 11:50:07.577251,0.3670825527840542,baseline_fallback
USR-000090,EVT-0000456,2026-06-10 11:50:21.945294,0.6992834710527859,baseline_fallback
USR-000187,EVT-0000457,2026-06-10 11:51:44.281338,0.32572754541085486,baseline_fallback
USR-000115,EVT-0000458,2026-06-10 11:53:23.372890,0.39767553824637236,baseline_fallback
USR-000162,EVT-0000459,2026-06-10 11:53:56.423363,0.3174871304232209,baseline_fallback
USR-000066,EVT-0000460,2026-06-10 11:54:11.298529,0.2913867013423409,baseline_fallback
USR-000080,EVT-0000461,2026-06-10 11:55:49.628752,0.2795218691776118,baseline_fallback
USR-000031,EVT-0000462,2026-06-10 11:56:14.836180,0.3858596146782399,baseline_fallback
USR-000213,EVT-0000463,2026-06-10 11:57:30.891153,0.2956559100476974,baseline_fallback
USR-000191,EVT-0000464,2026-06-10 11:58:13.398547,0.27850814133995105,baseline_fallback
USR-000128,EVT-0000465,2026-06-10 12:00:07.338715,0.420329345751866,baseline_fallback
USR-000111,EVT-0000466,2026-06-10 12:00:12.010868,0.38379267722029303,baseline_fallback
USR-000213,EVT-0000467,2026-06-10 12:00:34.987631,0.699230824143955,baseline_fallback
USR-000023,EVT-0000468,2026-06-10 12:00:53.075562,0.3555052110980399,baseline_fallback
SVC-000021,EVT-0000469,2026-06-10 12:01:38.854203,0.3781713604398081,baseline_fallback
SVC-000034,EVT-0000470,2026-06-10 12:03:20.851013,0.40867585443286475,baseline_fallback
USR-000023,EVT-0000471,2026-06-10 12:04:22.273965,0.3992361438994723,baseline_fallback
DEV-000002,EVT-0000472,2026-06-10 12:05:25.437089,0.5279169385055205,baseline_fallback
USR-000212,EVT-0000473,2026-06-10 12:06:36.743988,0.3170448891697691,baseline_fallback
SVC-000034,EVT-0000474,2026-06-10 12:07:02.091532,0.7863514692276211,baseline_fallback
DEV-000003,EVT-0000475,2026-06-10 12:07:10.721642,0.6413334197979013,baseline_fallback
USR-000095,EVT-0000476,2026-06-10 12:07:39.982342,0.32012591361820325,baseline_fallback
SVC-000021,EVT-0000477,2026-06-10 12:07:43.819748,0.529653086082479,baseline_fallback
USR-000123,EVT-0000478,2026-06-10 12:09:10.608412,0.3046438906671425,baseline_fallback
SVC-000039,EVT-0000479,2026-06-10 12:09:10.724701,0.5385031564158804,baseline_fallback
SVC-000039,EVT-0000480,2026-06-10 12:09:31.596412,0.8600821594298386,baseline_fallback
USR-000191,EVT-0000481,2026-06-10 12:12:31.902629,0.3917910948295179,baseline_fallback
SVC-000001,EVT-0000482,2026-06-10 12:12:35.703895,0.3492668480530253,baseline_fallback
USR-000115,EVT-0000483,2026-06-10 12:16:06.142924,0.3816671243644208,baseline_fallback
USR-000038,EVT-0000484,2026-06-10 12:17:50.589421,0.2963776992271377,baseline_fallback
USR-000115,EVT-0000485,2026-06-10 12:18:03.948038,0.3081383773062091,baseline_fallback
SVC-000039,EVT-0000486,2026-06-10 12:18:19.261102,0.4954898611477334,baseline_fallback
SVC-000008,EVT-0000487,2026-06-10 12:19:03.553236,0.8492711874256474,baseline_fallback
USR-000109,EVT-0000488,2026-06-10 12:20:52.808425,0.3151118236230797,baseline_fallback
SVC-000001,EVT-0000489,2026-06-10 12:21:42.602865,0.44879143147846956,baseline_fallback
USR-000148,EVT-0000490,2026-06-10 12:21:47.111462,0.9432501508260901,baseline_fallback
USR-000199,EVT-0000491,2026-06-10 12:22:50.325146,0.37559901595872036,baseline_fallback
USR-000063,EVT-0000492,2026-06-10 12:23:24.145278,0.662038167266972,baseline_fallback
SVC-000021,EVT-0000493,2026-06-10 12:23:49.705235,0.45431189059878074,baseline_fallback
DEV-000005,EVT-0000494,2026-06-10 12:27:57.940888,0.4075572094932965,baseline_fallback
USR-000003,EVT-0000495,2026-06-10 12:28:29.953608,0.3032244524761428,baseline_fallback
USR-000005,EVT-0000496,2026-06-10 12:29:27.601586,0.41368016083764436,baseline_fallback
SVC-000008,EVT-0000497,2026-06-10 12:30:37.673818,0.680493141046521,baseline_fallback
USR-000045,EVT-0000498,2026-06-10 12:30:44.482908,0.6323428081813132,baseline_fallback
USR-000137,EVT-0000499,2026-06-10 12:30:57.845683,0.6345202484436984,baseline_fallback
SVC-000053,EVT-0000500,2026-06-10 12:31:18.986177,0.8656337361574291,lstm
DEV-000003,EVT-0000501,2026-06-10 12:33:04.934810,0.5906539927853378,baseline_fallback
USR-000025,EVT-0000502,2026-06-10 12:33:36.122208,0.3216146924804259,baseline_fallback
SVC-000021,EVT-0000503,2026-06-10 12:34:04.689855,0.576535758107263,baseline_fallback
USR-000160,EVT-0000504,2026-06-10 12:35:25.112538,0.9432501508260901,baseline_fallback
USR-000143,EVT-0000505,2026-06-10 12:35:59.216316,0.310002923037758,baseline_fallback
SVC-000001,EVT-0000506,2026-06-10 12:36:16.004178,0.4330010984207225,baseline_fallback
USR-000206,EVT-0000507,2026-06-10 12:37:36.908616,0.6549225487164405,baseline_fallback
USR-000002,EVT-0000508,2026-06-10 12:39:27.435846,0.40995073440044516,baseline_fallback
USR-000098,EVT-0000509,2026-06-10 12:39:35.586288,0.7539547620122895,baseline_fallback
USR-000120,EVT-0000510,2026-06-10 12:39:45.847724,0.3518246022014062,baseline_fallback
DEV-000018,EVT-0000511,2026-06-10 12:40:11.422472,0.38847475427726225,baseline_fallback
SVC-000008,EVT-0000512,2026-06-10 12:44:42.508874,0.7413704536505047,baseline_fallback
USR-000061,EVT-0000513,2026-06-10 12:46:04.548974,0.3097649721787726,baseline_fallback
SVC-000008,EVT-0000514,2026-06-10 12:46:35.436220,0.5119757414146532,baseline_fallback
SVC-000039,EVT-0000515,2026-06-10 12:47:53.148616,0.6107758461644749,baseline_fallback
DEV-000001,EVT-0000516,2026-06-10 12:48:03.130193,0.3264707117330942,baseline_fallback
USR-000099,EVT-0000517,2026-06-10 12:48:22.550698,0.8864763950541,baseline_fallback
USR-000199,EVT-0000518,2026-06-10 12:51:16.721754,0.7257592405214218,baseline_fallback
USR-000118,EVT-0000519,2026-06-10 12:51:30.816774,0.30145495414576795,baseline_fallback
USR-000149,EVT-0000520,2026-06-10 12:51:32.605979,0.3768037925048315,baseline_fallback
USR-000023,EVT-0000521,2026-06-10 12:51:57.004573,0.40957007506390175,baseline_fallback
SVC-000034,EVT-0000522,2026-06-10 12:52:23.541092,0.7856233121249383,baseline_fallback
USR-000164,EVT-0000523,2026-06-10 12:52:40.981092,0.6318868546903946,baseline_fallback
USR-000056,EVT-0000524,2026-06-10 12:55:01.289203,0.3208349091228783,baseline_fallback
SVC-000039,EVT-0000525,2026-06-10 12:56:29.868269,0.34829932881979886,baseline_fallback
SVC-000034,EVT-0000526,2026-06-10 12:57:47.554506,0.37491142505630926,baseline_fallback
USR-000042,EVT-0000527,2026-06-10 12:58:57.859183,0.3110398676883285,baseline_fallback
SVC-000021,EVT-0000528,2026-06-10 12:59:48.274712,0.38580300558821157,baseline_fallback
USR-000069,EVT-0000529,2026-06-10 13:01:07.795083,0.7226936205817485,baseline_fallback
USR-000208,EVT-0000530,2026-06-10 13:03:27.390069,0.6513711100089996,baseline_fallback
USR-000115,EVT-0000531,2026-06-10 13:03:52.304929,0.6985633791938125,baseline_fallback
USR-000160,EVT-0000532,2026-06-10 13:05:57.784759,0.3162767797987997,baseline_fallback
USR-000115,EVT-0000533,2026-06-10 13:06:11.832520,0.3698531035803815,baseline_fallback
USR-000064,EVT-0000534,2026-06-10 13:08:26.783298,0.32037906977796005,baseline_fallback
USR-000132,EVT-0000535,2026-06-10 13:08:49.099422,0.2992026453362332,baseline_fallback
USR-000006,EVT-0000536,2026-06-10 13:08:57.367057,0.745800513249779,baseline_fallback
USR-000115,EVT-0000537,2026-06-10 13:12:49.635885,0.3369340354798889,baseline_fallback
USR-000127,EVT-0000538,2026-06-10 13:13:14.608618,0.6695444190801881,baseline_fallback
USR-000133,EVT-0000539,2026-06-10 13:13:52.189806,0.3206043821570538,baseline_fallback
USR-000049,EVT-0000540,2026-06-10 13:14:19.078365,0.7383423209153409,baseline_fallback
USR-000143,EVT-0000541,2026-06-10 13:18:03.605805,0.3750626669380239,baseline_fallback
USR-000108,EVT-0000542,2026-06-10 13:18:09.776307,0.3301169840741255,baseline_fallback
USR-000167,EVT-0000543,2026-06-10 13:18:28.722293,0.33876108569386043,baseline_fallback
SVC-000021,EVT-0000544,2026-06-10 13:18:54.172507,0.3650357670932879,baseline_fallback
USR-000120,EVT-0000545,2026-06-10 13:18:58.409845,0.3145163675347521,baseline_fallback
SVC-000034,EVT-0000546,2026-06-10 13:19:27.765758,0.3929926160695055,baseline_fallback
USR-000194,EVT-0000547,2026-06-10 13:20:35.826037,0.9215295163076774,baseline_fallback
USR-000023,EVT-0000548,2026-06-10 13:20:37.297827,0.6486263582312973,baseline_fallback
USR-000198,EVT-0000549,2026-06-10 13:20:50.298690,0.3838912788662404,baseline_fallback
USR-000109,EVT-0000550,2026-06-10 13:21:45.293448,0.37493629931223743,baseline_fallback
SVC-000001,EVT-0000551,2026-06-10 13:24:49.539265,0.7037904819768198,baseline_fallback
USR-000080,EVT-0000552,2026-06-10 13:25:38.637353,0.6437511900904644,baseline_fallback
USR-000064,EVT-0000553,2026-06-10 13:27:41.839483,0.3308483113680762,baseline_fallback
USR-000091,EVT-0000554,2026-06-10 13:27:44.990612,0.3464463513701469,baseline_fallback
SVC-000027,EVT-0000555,2026-06-10 13:28:12.514905,0.7843720545554925,baseline_fallback
USR-000170,EVT-0000556,2026-06-10 13:28:49.559055,0.3108049650974084,baseline_fallback
USR-000187,EVT-0000557,2026-06-10 13:32:39.845885,0.3324831460951135,baseline_fallback
DEV-000012,EVT-0000558,2026-06-10 13:34:20.674296,0.9578711807777142,baseline_fallback
USR-000189,EVT-0000559,2026-06-10 13:34:36.783367,0.6695444190801881,baseline_fallback
USR-000047,EVT-0000560,2026-06-10 13:35:17.144551,0.6557414450557909,baseline_fallback
USR-000058,EVT-0000561,2026-06-10 13:37:23.693808,0.3578808853147691,baseline_fallback
SVC-000017,EVT-0000562,2026-06-10 13:38:08.909263,0.7982955804346226,baseline_fallback
SVC-000034,EVT-0000563,2026-06-10 13:40:26.091321,0.38383543158590644,baseline_fallback
SVC-000017,EVT-0000564,2026-06-10 13:40:46.167319,0.7735562644899686,baseline_fallback
SVC-000034,EVT-0000565,2026-06-10 13:41:04.210510,0.4625077801848386,baseline_fallback
SVC-000043,EVT-0000566,2026-06-10 13:41:42.270436,0.524476683131253,baseline_fallback
USR-000061,EVT-0000567,2026-06-10 13:42:10.716872,0.6357763691130521,baseline_fallback
USR-000127,EVT-0000568,2026-06-10 13:42:42.320035,0.3073651910472435,baseline_fallback
USR-000064,EVT-0000569,2026-06-10 13:42:55.272759,0.3510041547075948,baseline_fallback
SVC-000043,EVT-0000570,2026-06-10 13:43:17.177220,0.38498891123409884,baseline_fallback
SVC-000027,EVT-0000571,2026-06-10 13:47:11.261095,0.7745028884584042,baseline_fallback
SVC-000012,EVT-0000572,2026-06-10 13:48:43.464978,0.48615285786163537,baseline_fallback
SVC-000022,EVT-0000573,2026-06-10 13:49:15.440457,0.4216461827257792,baseline_fallback
USR-000126,EVT-0000574,2026-06-10 13:49:19.707720,0.6796093621977944,baseline_fallback
USR-000080,EVT-0000575,2026-06-10 13:50:11.072996,0.34781573930748655,baseline_fallback
USR-000126,EVT-0000576,2026-06-10 13:50:14.178109,0.6408342888548155,baseline_fallback
USR-000176,EVT-0000577,2026-06-10 13:50:58.367946,0.86745414382395,baseline_fallback
USR-000208,EVT-0000578,2026-06-10 13:51:27.529149,0.687044691422803,baseline_fallback
SVC-000027,EVT-0000579,2026-06-10 13:53:17.206438,0.7619493506935869,baseline_fallback
SVC-000027,EVT-0000580,2026-06-10 13:53:22.254414,0.7903251552595547,baseline_fallback
USR-000144,EVT-0000581,2026-06-10 13:55:29.067677,0.6299699944780903,baseline_fallback
SVC-000043,EVT-0000582,2026-06-10 13:56:01.169875,0.631876554941818,baseline_fallback
USR-000037,EVT-0000583,2026-06-10 13:57:14.530636,0.358883530767271,baseline_fallback
USR-000206,EVT-0000584,2026-06-10 13:57:37.496906,0.6486263582312973,baseline_fallback
USR-000047,EVT-0000585,2026-06-10 13:57:48.512707,0.3900993288606987,baseline_fallback
USR-000160,EVT-0000586,2026-06-10 13:59:13.130113,0.9435097220413395,baseline_fallback
SVC-000022,EVT-0000587,2026-06-10 13:59:40.674770,0.3768614705561958,baseline_fallback
SVC-000027,EVT-0000588,2026-06-10 14:02:19.151188,0.669349287679692,baseline_fallback
USR-000082,EVT-0000589,2026-06-10 14:03:17.352152,0.3563325316257833,baseline_fallback
USR-000176,EVT-0000590,2026-06-10 14:06:26.403741,0.8719303344343657,baseline_fallback
SVC-000034,EVT-0000591,2026-06-10 14:07:19.877093,0.7044187900157278,baseline_fallback
SVC-000017,EVT-0000592,2026-06-10 14:08:49.977147,0.6750605750991304,baseline_fallback
SVC-000049,EVT-0000593,2026-06-10 14:10:11.588038,0.6078563400338111,baseline_fallback
SVC-000017,EVT-0000594,2026-06-10 14:10:49.870397,0.70539082517825,baseline_fallback
USR-000146,EVT-0000595,2026-06-10 14:11:05.569257,0.368594314097776,baseline_fallback
USR-000131,EVT-0000596,2026-06-10 14:12:05.425987,0.7004388274369339,baseline_fallback
USR-000048,EVT-0000597,2026-06-10 14:12:46.611282,0.700719558320994,baseline_fallback
USR-000099,EVT-0000598,2026-06-10 14:16:19.198036,0.6548243883278966,baseline_fallback
USR-000208,EVT-0000599,2026-06-10 14:16:26.888875,0.6358183406945143,baseline_fallback
USR-000204,EVT-0000600,2026-06-10 14:16:52.061365,0.39196260037674574,baseline_fallback
USR-000212,EVT-0000601,2026-06-10 14:17:00.568163,0.34982948598194674,baseline_fallback
USR-000148,EVT-0000602,2026-06-10 14:17:28.561001,0.31295803842807857,baseline_fallback
SVC-000008,EVT-0000603,2026-06-10 14:18:37.926390,0.7826489169522344,baseline_fallback
USR-000002,EVT-0000604,2026-06-10 14:18:47.467054,0.39782961930729077,baseline_fallback
USR-000044,EVT-0000605,2026-06-10 14:18:49.323092,0.9437700254671227,baseline_fallback
SVC-000012,EVT-0000606,2026-06-10 14:19:45.534373,0.3781809325168668,baseline_fallback
SVC-000001,EVT-0000607,2026-06-10 14:20:18.575306,0.35093191146535113,baseline_fallback
USR-000064,EVT-0000608,2026-06-10 14:20:28.317548,0.7126667347710148,baseline_fallback
DEV-000006,EVT-0000609,2026-06-10 14:20:51.161251,0.8998418406019246,baseline_fallback
USR-000115,EVT-0000610,2026-06-10 14:21:36.259023,0.7188080164704808,baseline_fallback
USR-000081,EVT-0000611,2026-06-10 14:24:09.419328,0.9437700254671227,baseline_fallback
USR-000144,EVT-0000612,2026-06-10 14:25:11.280965,0.6225034303892834,baseline_fallback
SVC-000027,EVT-0000613,2026-06-10 14:27:25.551333,0.6736382303324887,baseline_fallback
SVC-000017,EVT-0000614,2026-06-10 14:27:52.274812,0.6998879694763394,baseline_fallback
SVC-000049,EVT-0000615,2026-06-10 14:28:35.278009,0.6078563400338111,baseline_fallback
USR-000080,EVT-0000616,2026-06-10 14:28:57.276019,0.31750916061858325,baseline_fallback
USR-000005,EVT-0000617,2026-06-10 14:29:07.216475,0.32346741733802953,baseline_fallback
SVC-000012,EVT-0000618,2026-06-10 14:29:22.338891,0.3987197667306407,baseline_fallback
USR-000026,EVT-0000619,2026-06-10 14:29:40.901661,0.3049895453767656,baseline_fallback
SVC-000017,EVT-0000620,2026-06-10 14:29:57.578436,0.715851392347261,baseline_fallback
USR-000195,EVT-0000621,2026-06-10 14:30:42.864667,0.8468456545374857,baseline_fallback
USR-000185,EVT-0000622,2026-06-10 14:31:01.467658,0.3606990415252376,baseline_fallback
USR-000170,EVT-0000623,2026-06-10 14:31:30.380287,0.3019635521768755,baseline_fallback
SVC-000012,EVT-0000624,2026-06-10 14:32:44.186721,0.3640361413400669,baseline_fallback
SVC-000026,EVT-0000625,2026-06-10 14:32:47.961294,0.2969522461956105,baseline_fallback
SVC-000017,EVT-0000626,2026-06-10 14:32:57.347540,0.6771595085485708,baseline_fallback
USR-000209,EVT-0000627,2026-06-10 14:33:20.476601,0.4131957544682876,baseline_fallback
SVC-000028,EVT-0000628,2026-06-10 14:33:20.825741,0.2867746543188583,baseline_fallback
USR-000098,EVT-0000629,2026-06-10 14:33:33.224681,0.7326914632724792,baseline_fallback
SVC-000022,EVT-0000630,2026-06-10 14:34:51.729319,0.29992521981894726,baseline_fallback
SVC-000022,EVT-0000631,2026-06-10 14:35:55.270585,0.3649308055491974,baseline_fallback
DEV-000015,EVT-0000632,2026-06-10 14:36:15.687110,0.6452296277154826,baseline_fallback
USR-000160,EVT-0000633,2026-06-10 14:36:19.727061,0.2921515958484051,baseline_fallback
DEV-000005,EVT-0000634,2026-06-10 14:36:30.443124,0.3252019702661258,baseline_fallback
USR-000209,EVT-0000635,2026-06-10 14:36:55.077714,0.3331040919807288,baseline_fallback
SVC-000049,EVT-0000636,2026-06-10 14:37:24.237280,0.5542297518954769,baseline_fallback
USR-000022,EVT-0000637,2026-06-10 14:38:05.805168,0.37595744632837763,baseline_fallback
DEV-000004,EVT-0000638,2026-06-10 14:38:37.783657,0.8811541832904873,baseline_fallback
USR-000152,EVT-0000639,2026-06-10 14:39:49.008471,0.6916133130694317,baseline_fallback
USR-000181,EVT-0000640,2026-06-10 14:39:52.846178,0.3739305829392011,baseline_fallback
USR-000184,EVT-0000641,2026-06-10 14:42:14.656166,0.35727710421393544,baseline_fallback
USR-000127,EVT-0000642,2026-06-10 14:42:55.147480,0.4966154380327393,baseline_fallback
USR-000066,EVT-0000643,2026-06-10 14:46:21.565985,0.3507719027880388,baseline_fallback
SVC-000001,EVT-0000644,2026-06-10 14:46:25.473216,0.3204060507361741,baseline_fallback
SVC-000049,EVT-0000645,2026-06-10 14:46:53.005566,0.619095723101416,baseline_fallback
SVC-000049,EVT-0000646,2026-06-10 14:47:31.733387,0.4903156195907841,baseline_fallback
USR-000063,EVT-0000647,2026-06-10 14:48:06.343147,0.6549940795577611,baseline_fallback
SVC-000049,EVT-0000648,2026-06-10 14:48:31.978323,0.6078563400338111,baseline_fallback
SVC-000012,EVT-0000649,2026-06-10 14:49:51.060923,0.3764326487009488,baseline_fallback
USR-000037,EVT-0000650,2026-06-10 14:50:10.372931,0.7398109315745736,baseline_fallback
DEV-000016,EVT-0000651,2026-06-10 14:50:26.227004,0.38311559867250344,baseline_fallback
SVC-000027,EVT-0000652,2026-06-10 14:50:26.644386,0.7184952301378982,baseline_fallback
USR-000117,EVT-0000653,2026-06-10 14:51:14.213390,0.4097313678941407,baseline_fallback
SVC-000017,EVT-0000654,2026-06-10 14:52:23.508294,0.7826489169522344,baseline_fallback
USR-000099,EVT-0000655,2026-06-10 14:54:37.918859,0.8728193615716959,baseline_fallback
USR-000023,EVT-0000656,2026-06-10 14:54:38.139489,0.41296896466926347,baseline_fallback
USR-000064,EVT-0000657,2026-06-10 14:56:06.389702,0.34003421440041104,baseline_fallback
USR-000044,EVT-0000658,2026-06-10 14:56:49.564713,0.39107004252808775,baseline_fallback
DEV-000007,EVT-0000659,2026-06-10 14:58:06.763666,0.9617698782157902,baseline_fallback
SVC-000026,EVT-0000660,2026-06-10 14:58:13.859209,0.36849531226308624,baseline_fallback
USR-000002,EVT-0000661,2026-06-10 14:59:46.520612,0.36868213923258564,baseline_fallback
USR-000052,EVT-0000662,2026-06-10 15:00:32.952966,0.4571850727738205,baseline_fallback
DEV-000001,EVT-0000663,2026-06-10 15:02:29.848830,0.49198711192939554,baseline_fallback
SVC-000028,EVT-0000664,2026-06-10 15:03:01.077885,0.7001083217544835,baseline_fallback
DEV-000021,EVT-0000665,2026-06-10 15:04:46.880624,0.403532811339602,baseline_fallback
SVC-000028,EVT-0000666,2026-06-10 15:05:08.049114,0.32223468782115083,baseline_fallback
USR-000081,EVT-0000667,2026-06-10 15:06:58.165440,0.34363899689239485,baseline_fallback
SVC-000017,EVT-0000668,2026-06-10 15:07:07.180742,0.6935915380207568,baseline_fallback
DEV-000020,EVT-0000669,2026-06-10 15:07:21.023895,0.988709518843425,baseline_fallback
USR-000146,EVT-0000670,2026-06-10 15:08:14.829076,0.7629342230869701,baseline_fallback
SVC-000017,EVT-0000671,2026-06-10 15:08:53.054423,0.6806956734075481,baseline_fallback
SVC-000012,EVT-0000672,2026-06-10 15:09:30.640509,0.3425842078994279,baseline_fallback
USR-000048,EVT-0000673,2026-06-10 15:10:54.548979,0.4862842949834175,baseline_fallback
SVC-000038,EVT-0000674,2026-06-10 15:11:18.279332,0.4950088919562099,baseline_fallback
USR-000108,EVT-0000675,2026-06-10 15:14:12.797264,0.34134854692575384,baseline_fallback
USR-000026,EVT-0000676,2026-06-10 15:14:24.778967,0.36649881515542393,baseline_fallback
USR-000007,EVT-0000677,2026-06-10 15:16:59.568609,0.754015489839822,baseline_fallback
SVC-000026,EVT-0000678,2026-06-10 15:16:59.804180,0.38891219227359175,baseline_fallback
SVC-000027,EVT-0000679,2026-06-10 15:17:52.124884,0.6939215942195427,baseline_fallback
USR-000147,EVT-0000680,2026-06-10 15:18:59.994081,0.6979641213968787,baseline_fallback
USR-000026,EVT-0000681,2026-06-10 15:19:15.539956,0.34336882142952113,baseline_fallback
SVC-000012,EVT-0000682,2026-06-10 15:19:23.964934,0.38277928708803105,baseline_fallback
DEV-000003,EVT-0000683,2026-06-10 15:19:52.681603,0.7082267307597728,baseline_fallback
USR-000127,EVT-0000684,2026-06-10 15:20:40.972530,0.40712502785057686,baseline_fallback
USR-000140,EVT-0000685,2026-06-10 15:22:41.997864,0.36888094595893517,baseline_fallback
USR-000176,EVT-0000686,2026-06-10 15:24:42.363488,0.9150656083892698,baseline_fallback
SVC-000036,EVT-0000687,2026-06-10 15:25:01.605137,0.355681156888456,baseline_fallback
DEV-000010,EVT-0000688,2026-06-10 15:25:02.935437,0.4541715239619792,baseline_fallback
DEV-000026,EVT-0000689,2026-06-10 15:25:34.444999,0.564514423360705,baseline_fallback
SVC-000036,EVT-0000690,2026-06-10 15:26:04.095607,0.9875931524293857,baseline_fallback
SVC-000027,EVT-0000691,2026-06-10 15:26:31.039263,0.6877004318525982,baseline_fallback
DEV-000009,EVT-0000692,2026-06-10 15:27:18.530048,0.4624109613501775,baseline_fallback
USR-000052,EVT-0000693,2026-06-10 15:27:33.817302,0.39386569238220615,baseline_fallback
USR-000076,EVT-0000694,2026-06-10 15:28:02.616857,0.457003489286831,baseline_fallback
USR-000044,EVT-0000695,2026-06-10 15:29:04.075454,0.414151145277398,baseline_fallback
SVC-000036,EVT-0000696,2026-06-10 15:30:01.111960,0.3575287763477953,baseline_fallback
USR-000198,EVT-0000697,2026-06-10 15:30:32.105237,0.34008517465128946,baseline_fallback
USR-000023,EVT-0000698,2026-06-10 15:30:45.404965,0.42474939718835375,baseline_fallback
SVC-000022,EVT-0000699,2026-06-10 15:32:19.134647,0.3076106048701938,baseline_fallback
SVC-000012,EVT-0000700,2026-06-10 15:33:13.664910,0.40688176923698055,baseline_fallback
USR-000083,EVT-0000701,2026-06-10 15:33:41.626636,0.9036802687269195,baseline_fallback
USR-000074,EVT-0000702,2026-06-10 15:34:31.583301,0.4326825378199343,baseline_fallback
SVC-000036,EVT-0000703,2026-06-10 15:34:42.641734,0.33592886902438046,baseline_fallback
USR-000152,EVT-0000704,2026-06-10 15:35:20.470904,0.8000927812805584,baseline_fallback
USR-000152,EVT-0000705,2026-06-10 15:35:33.210582,0.6661157817329801,baseline_fallback
SVC-000049,EVT-0000706,2026-06-10 15:36:02.016682,0.3570948206097335,baseline_fallback
USR-000045,EVT-0000707,2026-06-10 15:37:01.790209,0.3993588177974775,baseline_fallback
SVC-000038,EVT-0000708,2026-06-10 15:37:03.425369,0.276803791828338,baseline_fallback
USR-000003,EVT-0000709,2026-06-10 15:38:13.039626,0.37817189206241675,baseline_fallback
USR-000052,EVT-0000710,2026-06-10 15:39:07.342018,0.42015563671351963,baseline_fallback
SVC-000049,EVT-0000711,2026-06-10 15:39:27.399428,0.4290500895531456,baseline_fallback
SVC-000029,EVT-0000712,2026-06-10 15:39:32.005205,0.9797401301445456,baseline_fallback
USR-000080,EVT-0000713,2026-06-10 15:40:53.641251,0.7386760423605491,baseline_fallback
SVC-000026,EVT-0000714,2026-06-10 15:41:01.912722,0.4018130544779487,baseline_fallback
SVC-000036,EVT-0000715,2026-06-10 15:41:55.301393,0.7620778540904216,baseline_fallback
SVC-000012,EVT-0000716,2026-06-10 15:44:36.622886,0.3984048817960674,baseline_fallback
SVC-000026,EVT-0000717,2026-06-10 15:44:44.545345,0.38891219227359175,baseline_fallback
SVC-000026,EVT-0000718,2026-06-10 15:45:17.441333,0.3657705098842404,baseline_fallback
USR-000002,EVT-0000719,2026-06-10 15:45:37.869608,0.4623700345036382,baseline_fallback
SVC-000033,EVT-0000720,2026-06-10 15:45:40.727210,0.27574487575367823,baseline_fallback
SVC-000036,EVT-0000721,2026-06-10 15:46:40.390916,0.7620778540904216,baseline_fallback
USR-000080,EVT-0000722,2026-06-10 15:47:25.330290,0.7246803213529757,baseline_fallback
USR-000018,EVT-0000723,2026-06-10 15:47:35.858883,0.4124144451965395,baseline_fallback
USR-000115,EVT-0000724,2026-06-10 15:48:11.749162,0.6874413958266038,baseline_fallback
SVC-000012,EVT-0000725,2026-06-10 15:48:33.694845,0.367585866598818,baseline_fallback
SVC-000012,EVT-0000726,2026-06-10 15:48:46.139612,0.34352917307415787,baseline_fallback
SVC-000029,EVT-0000727,2026-06-10 15:50:16.904602,0.9559918384320868,baseline_fallback
USR-000083,EVT-0000728,2026-06-10 15:51:32.821194,0.6862157643788374,baseline_fallback
SVC-000012,EVT-0000729,2026-06-10 15:52:10.525067,0.394111912959436,baseline_fallback
SVC-000012,EVT-0000730,2026-06-10 15:52:21.445914,0.38541646300036353,baseline_fallback
SVC-000036,EVT-0000731,2026-06-10 15:54:28.960710,0.355681156888456,baseline_fallback
SVC-000029,EVT-0000732,2026-06-10 15:56:33.943748,0.9309947897434926,baseline_fallback
USR-000184,EVT-0000733,2026-06-10 15:57:50.710079,0.34077401111112837,baseline_fallback
USR-000212,EVT-0000734,2026-06-10 15:59:05.102102,0.4567489535339926,baseline_fallback
SVC-000028,EVT-0000735,2026-06-10 15:59:07.762689,0.7843173212328649,baseline_fallback
USR-000127,EVT-0000736,2026-06-10 15:59:50.973186,0.7823294123202552,baseline_fallback
USR-000120,EVT-0000737,2026-06-10 16:00:22.088920,0.40708188940487156,baseline_fallback
USR-000146,EVT-0000738,2026-06-10 16:01:46.919277,0.7679788572351015,baseline_fallback
SVC-000012,EVT-0000739,2026-06-10 16:02:01.735388,0.3857624481074217,baseline_fallback
SVC-000038,EVT-0000740,2026-06-10 16:02:10.658557,0.32211010128741574,baseline_fallback
SVC-000012,EVT-0000741,2026-06-10 16:03:40.866957,0.9155032094613578,lstm
DEV-000008,EVT-0000742,2026-06-10 16:04:00.757584,0.422753930305893,baseline_fallback
DEV-000016,EVT-0000743,2026-06-10 16:04:26.880655,0.34032030100311317,baseline_fallback
USR-000126,EVT-0000744,2026-06-10 16:05:35.260342,0.7430474477367589,baseline_fallback
USR-000084,EVT-0000745,2026-06-10 16:06:24.959157,0.45156488562988756,baseline_fallback
USR-000170,EVT-0000746,2026-06-10 16:07:39.998460,0.3676582767428468,baseline_fallback
USR-000212,EVT-0000747,2026-06-10 16:07:59.278377,0.6924735052557354,baseline_fallback
SVC-000026,EVT-0000748,2026-06-10 16:08:11.100572,0.33133227206910804,baseline_fallback
USR-000160,EVT-0000749,2026-06-10 16:08:19.272227,0.3903479928221353,baseline_fallback
USR-000148,EVT-0000750,2026-06-10 16:08:50.824662,0.39022697741496376,baseline_fallback
SVC-000028,EVT-0000751,2026-06-10 16:09:01.780512,0.3712099164471175,baseline_fallback
USR-000027,EVT-0000752,2026-06-10 16:10:01.102090,0.3559869973286579,baseline_fallback
USR-000074,EVT-0000753,2026-06-10 16:10:41.538106,0.43430831399032194,baseline_fallback
SVC-000033,EVT-0000754,2026-06-10 16:12:48.301531,0.2989567600720146,baseline_fallback
USR-000026,EVT-0000755,2026-06-10 16:15:02.111048,0.7437105089743233,baseline_fallback
SVC-000036,EVT-0000756,2026-06-10 16:15:26.044624,0.7709908597123526,baseline_fallback
USR-000052,EVT-0000757,2026-06-10 16:17:17.769990,0.48887604733285817,baseline_fallback
SVC-000026,EVT-0000758,2026-06-10 16:17:24.287955,0.3985684193090451,baseline_fallback
SVC-000023,EVT-0000759,2026-06-10 16:17:49.146904,0.2901054902716648,baseline_fallback
USR-000045,EVT-0000760,2026-06-10 16:18:25.839532,0.7844616229899345,baseline_fallback
USR-000048,EVT-0000761,2026-06-10 16:19:39.028890,0.4954265308318884,baseline_fallback
SVC-000036,EVT-0000762,2026-06-10 16:19:41.882668,0.34442362834201473,baseline_fallback
SVC-000026,EVT-0000763,2026-06-10 16:21:05.217842,0.7875559150158032,baseline_fallback
SVC-000010,EVT-0000764,2026-06-10 16:21:44.657071,0.32211010128741574,baseline_fallback
SVC-000049,EVT-0000765,2026-06-10 16:22:03.141757,0.3866877739435255,baseline_fallback
SVC-000010,EVT-0000766,2026-06-10 16:23:49.901750,0.379239330110343,baseline_fallback
SVC-000036,EVT-0000767,2026-06-10 16:24:01.300424,0.7207844134378335,baseline_fallback
SVC-000010,EVT-0000768,2026-06-10 16:24:24.163355,0.33942080107605516,baseline_fallback
USR-000187,EVT-0000769,2026-06-10 16:25:02.940042,0.4686741661715102,baseline_fallback
SVC-000029,EVT-0000770,2026-06-10 16:26:36.393876,0.7217421428945693,baseline_fallback
SVC-000038,EVT-0000771,2026-06-10 16:31:31.876069,0.98855117409073,baseline_fallback
DEV-000009,EVT-0000772,2026-06-10 16:32:58.636895,0.27806019149020067,baseline_fallback
USR-000003,EVT-0000773,2026-06-10 16:35:07.298890,0.3892152079956126,baseline_fallback
DEV-000008,EVT-0000774,2026-06-10 16:36:51.740231,0.422753930305893,baseline_fallback
DEV-000020,EVT-0000775,2026-06-10 16:38:24.736903,0.29013130101772033,baseline_fallback
SVC-000026,EVT-0000776,2026-06-10 16:39:03.871188,0.382044778908281,baseline_fallback
USR-000045,EVT-0000777,2026-06-10 16:42:41.112114,0.3923949982575569,baseline_fallback
SVC-000005,EVT-0000778,2026-06-10 16:42:59.167071,0.9400070599093683,baseline_fallback
SVC-000026,EVT-0000779,2026-06-10 16:43:57.973365,0.765253707787449,baseline_fallback
SVC-000023,EVT-0000780,2026-06-10 16:45:27.236981,0.337504023600632,baseline_fallback
SVC-000036,EVT-0000781,2026-06-10 16:47:11.580690,0.7088802765995196,baseline_fallback
USR-000204,EVT-0000782,2026-06-10 16:48:07.846087,0.4224391669026291,baseline_fallback
USR-000040,EVT-0000783,2026-06-10 16:48:42.326227,0.36874901848373187,baseline_fallback
SVC-000010,EVT-0000784,2026-06-10 16:49:27.701635,0.36015920489328646,baseline_fallback
SVC-000029,EVT-0000785,2026-06-10 16:51:46.077928,0.8680633290254409,baseline_fallback
DEV-000018,EVT-0000786,2026-06-10 16:55:24.390401,0.2852660893407824,baseline_fallback
SVC-000028,EVT-0000787,2026-06-10 16:56:56.921856,0.7943056216964673,baseline_fallback
USR-000044,EVT-0000788,2026-06-10 16:58:56.594600,0.41461481816358026,baseline_fallback
USR-000052,EVT-0000789,2026-06-10 17:01:03.293589,0.5181511915480459,baseline_fallback
DEV-000018,EVT-0000790,2026-06-10 17:04:51.421300,0.37087332210602997,baseline_fallback
USR-000117,EVT-0000791,2026-06-10 17:05:12.800595,0.4903945309440789,baseline_fallback
SVC-000023,EVT-0000792,2026-06-10 17:06:08.671317,0.3817209516495719,baseline_fallback
USR-000097,EVT-0000793,2026-06-10 17:10:38.668248,0.5247560597201574,baseline_fallback
USR-000052,EVT-0000794,2026-06-10 17:14:30.334087,0.48582260661506277,baseline_fallback
SVC-000038,EVT-0000795,2026-06-10 17:15:41.254302,0.48889968672926204,baseline_fallback
DEV-000014,EVT-0000796,2026-06-10 17:16:39.202647,0.2986519737487181,baseline_fallback
USR-000185,EVT-0000797,2026-06-10 17:18:17.513908,0.4741339926421768,baseline_fallback
USR-000127,EVT-0000798,2026-06-10 17:18:41.431149,0.4825955538169146,baseline_fallback
USR-000184,EVT-0000799,2026-06-10 17:23:33.774830,0.44416524326417844,baseline_fallback
USR-000208,EVT-0000800,2026-06-10 17:23:48.102797,0.7950031268432223,baseline_fallback
SVC-000023,EVT-0000801,2026-06-10 17:25:39.656821,0.37150503960563996,baseline_fallback
USR-000181,EVT-0000802,2026-06-10 17:31:12.041557,0.44779086243871163,baseline_fallback
USR-000209,EVT-0000803,2026-06-10 17:32:45.462000,0.4925021303050433,baseline_fallback
DEV-000011,EVT-0000804,2026-06-10 17:32:56.612443,0.36419829199431925,baseline_fallback
DEV-000023,EVT-0000805,2026-06-10 17:33:46.603219,0.44449380765997687,baseline_fallback
SVC-000010,EVT-0000806,2026-06-10 17:35:10.260428,0.4340203039285415,baseline_fallback
USR-000178,EVT-0000807,2026-06-10 17:35:27.975515,0.9473084530209747,baseline_fallback
USR-000017,EVT-0000808,2026-06-10 17:35:40.470599,0.4773006503812826,baseline_fallback
SVC-000010,EVT-0000809,2026-06-10 17:35:42.392693,0.4059779036053704,baseline_fallback
SVC-000033,EVT-0000810,2026-06-10 17:36:08.768890,0.7053151710356292,baseline_fallback
USR-000045,EVT-0000811,2026-06-10 17:40:25.670932,0.47563386204907254,baseline_fallback
DEV-000015,EVT-0000812,2026-06-10 17:44:36.813009,0.5285931350057325,baseline_fallback
SVC-000004,EVT-0000813,2026-06-10 17:45:10.949119,0.9559680114075744,baseline_fallback
SVC-000026,EVT-0000814,2026-06-10 17:47:41.018674,0.4048656169614286,baseline_fallback
DEV-000025,EVT-0000815,2026-06-10 17:48:24.283473,0.49056665688068324,baseline_fallback
SVC-000037,EVT-0000816,2026-06-10 17:49:41.435389,0.9554298070255371,baseline_fallback
USR-000109,EVT-0000817,2026-06-10 17:49:53.432417,0.453467991692801,baseline_fallback
SVC-000037,EVT-0000818,2026-06-10 17:49:58.985087,0.7885696145591172,baseline_fallback
SVC-000010,EVT-0000819,2026-06-10 17:54:36.131983,0.4524631359077914,baseline_fallback
DEV-000018,EVT-0000820,2026-06-10 17:54:48.735459,0.21767490645225532,baseline_fallback
USR-000040,EVT-0000821,2026-06-10 17:56:37.338576,0.4837294449120502,baseline_fallback
USR-000209,EVT-0000822,2026-06-10 17:56:41.737356,0.6614592397669492,baseline_fallback
USR-000048,EVT-0000823,2026-06-10 17:57:05.071620,0.5838196715886326,baseline_fallback
USR-000109,EVT-0000824,2026-06-10 17:57:41.872205,0.45844391418473396,baseline_fallback
DEV-000023,EVT-0000825,2026-06-10 17:57:57.569184,0.5657995245997434,baseline_fallback
DEV-000012,EVT-0000826,2026-06-10 17:58:26.771111,0.9287807105093371,baseline_fallback
DEV-000017,EVT-0000827,2026-06-10 18:02:56.659489,0.8985567916225475,baseline_fallback
SVC-000010,EVT-0000828,2026-06-10 18:03:53.424697,0.4009530010801094,baseline_fallback
SVC-000026,EVT-0000829,2026-06-10 18:09:44.939780,0.7925040908701807,baseline_fallback
SVC-000037,EVT-0000830,2026-06-10 18:12:31.635003,0.7557189339468243,baseline_fallback
SVC-000038,EVT-0000831,2026-06-10 18:12:36.333790,0.7917934467659504,baseline_fallback
USR-000185,EVT-0000832,2026-06-10 18:13:24.164147,0.5409288991173985,baseline_fallback
USR-000045,EVT-0000833,2026-06-10 18:13:36.287444,0.5299063257525903,baseline_fallback
SVC-000005,EVT-0000834,2026-06-10 18:15:39.718900,0.48123496325075105,baseline_fallback
USR-000128,EVT-0000835,2026-06-10 18:17:54.290642,0.5027897875631684,baseline_fallback
DEV-000011,EVT-0000836,2026-06-10 18:19:08.863047,0.36284501403289005,baseline_fallback
SVC-000044,EVT-0000837,2026-06-10 18:22:43.167147,0.8066778653347734,baseline_fallback
USR-000198,EVT-0000838,2026-06-10 18:24:00.160062,0.47238818425525725,baseline_fallback
DEV-000010,EVT-0000839,2026-06-10 18:26:38.403741,0.3890074778855462,baseline_fallback
USR-000040,EVT-0000840,2026-06-10 18:30:24.058302,0.8590229735926329,baseline_fallback
USR-000045,EVT-0000841,2026-06-10 18:30:40.705724,0.8027799157487682,baseline_fallback
SVC-000010,EVT-0000842,2026-06-10 18:31:31.422672,0.40517510573262994,baseline_fallback
USR-000092,EVT-0000843,2026-06-10 18:32:46.914476,0.7903921873182247,baseline_fallback
SVC-000037,EVT-0000844,2026-06-10 18:34:02.312366,0.7475904021160121,baseline_fallback
DEV-000006,EVT-0000845,2026-06-10 18:35:46.942789,0.8964944613128053,baseline_fallback
SVC-000052,EVT-0000846,2026-06-10 18:37:20.467825,0.7852189789666487,baseline_fallback
USR-000027,EVT-0000847,2026-06-10 18:39:44.424051,0.5242386279746003,baseline_fallback
USR-000084,EVT-0000848,2026-06-10 18:40:17.677514,0.5680998064082655,baseline_fallback
SVC-000037,EVT-0000849,2026-06-10 18:40:18.664855,0.9670000611000554,baseline_fallback
SVC-000004,EVT-0000850,2026-06-10 18:43:31.377910,0.37395755677428505,baseline_fallback
DEV-000011,EVT-0000851,2026-06-10 18:44:26.582094,0.7082267307597728,baseline_fallback
USR-000126,EVT-0000852,2026-06-10 18:46:53.825776,0.8366487260725926,baseline_fallback
USR-000144,EVT-0000853,2026-06-10 18:48:00.478261,0.8863882659266478,baseline_fallback
DEV-000007,EVT-0000854,2026-06-10 18:52:32.868641,0.9992112357075915,baseline_fallback
USR-000089,EVT-0000855,2026-06-10 18:52:44.160934,0.7751956253747405,baseline_fallback
DEV-000009,EVT-0000856,2026-06-10 18:53:51.673712,0.37450308028970947,baseline_fallback
SVC-000006,EVT-0000857,2026-06-10 18:54:01.732049,0.7475904021160121,baseline_fallback
DEV-000007,EVT-0000858,2026-06-10 18:55:10.052622,0.9492046182962569,baseline_fallback
DEV-000011,EVT-0000859,2026-06-10 18:57:51.468652,0.7082267307597728,baseline_fallback
SVC-000004,EVT-0000860,2026-06-10 18:59:58.658379,0.3965063593403248,baseline_fallback
SVC-000004,EVT-0000861,2026-06-10 19:00:12.642432,0.3961049997415459,baseline_fallback
SVC-000033,EVT-0000862,2026-06-10 19:02:56.979427,0.3735347568389387,baseline_fallback
SVC-000006,EVT-0000863,2026-06-10 19:06:39.660662,0.887844794542551,baseline_fallback
USR-000198,EVT-0000864,2026-06-10 19:07:18.949300,0.8506538296668107,baseline_fallback
SVC-000006,EVT-0000865,2026-06-10 19:07:23.033599,0.6924812331050413,baseline_fallback
SVC-000044,EVT-0000866,2026-06-10 19:09:09.493286,0.2793788724067871,baseline_fallback
SVC-000033,EVT-0000867,2026-06-10 19:12:02.981044,0.5895778578815458,baseline_fallback
SVC-000044,EVT-0000868,2026-06-10 19:13:14.394983,0.36819080919686814,baseline_fallback
DEV-000023,EVT-0000869,2026-06-10 19:14:12.072944,0.5734902607140355,baseline_fallback
SVC-000004,EVT-0000870,2026-06-10 19:18:07.604980,0.46204027897759764,baseline_fallback
USR-000152,EVT-0000871,2026-06-10 19:18:26.317477,0.8960973597062366,baseline_fallback
SVC-000052,EVT-0000872,2026-06-10 19:19:16.518337,0.8022876942953455,baseline_fallback
USR-000186,EVT-0000873,2026-06-10 19:21:09.923374,0.8490332023055741,baseline_fallback
DEV-000011,EVT-0000874,2026-06-10 19:21:39.052691,0.3086390250794854,baseline_fallback
SVC-000037,EVT-0000875,2026-06-10 19:21:46.031327,0.7846891738570217,baseline_fallback
USR-000184,EVT-0000876,2026-06-10 19:22:20.680845,0.6563072400747394,baseline_fallback
SVC-000006,EVT-0000877,2026-06-10 19:25:02.176848,0.768048598809633,baseline_fallback
SVC-000004,EVT-0000878,2026-06-10 19:26:25.340078,0.3248686212552632,baseline_fallback
SVC-000004,EVT-0000879,2026-06-10 19:26:45.746090,0.3827014617502686,baseline_fallback
SVC-000023,EVT-0000880,2026-06-10 19:27:20.301589,0.26818327556649524,baseline_fallback
SVC-000006,EVT-0000881,2026-06-10 19:29:05.859259,0.7182583208831078,baseline_fallback
DEV-000009,EVT-0000882,2026-06-10 19:29:33.373902,0.49117782961412665,baseline_fallback
SVC-000037,EVT-0000883,2026-06-10 19:31:10.259078,0.8029222249658694,baseline_fallback
SVC-000035,EVT-0000884,2026-06-10 19:32:50.590901,0.4713234685312973,baseline_fallback
SVC-000006,EVT-0000885,2026-06-10 19:33:48.262066,0.7301320698960281,baseline_fallback
SVC-000037,EVT-0000886,2026-06-10 19:34:18.215207,0.9862650708923512,baseline_fallback
SVC-000004,EVT-0000887,2026-06-10 19:35:25.886852,0.25564906958742045,baseline_fallback
SVC-000006,EVT-0000888,2026-06-10 19:37:33.489391,0.977590502369941,baseline_fallback
USR-000045,EVT-0000889,2026-06-10 19:39:11.213812,0.6228639857075201,baseline_fallback
SVC-000006,EVT-0000890,2026-06-10 19:41:34.682735,0.8043320976255329,baseline_fallback
SVC-000058,EVT-0000891,2026-06-10 19:41:58.245177,0.29380220611013474,baseline_fallback
USR-000149,EVT-0000892,2026-06-10 19:42:23.565276,0.6546357418252634,baseline_fallback
USR-000092,EVT-0000893,2026-06-10 19:43:45.866224,0.8754621217888798,baseline_fallback
SVC-000052,EVT-0000894,2026-06-10 19:44:22.160031,0.7803984410279894,baseline_fallback
SVC-000060,EVT-0000895,2026-06-10 19:47:53.429938,0.9446063525802345,baseline_fallback
USR-000002,EVT-0000896,2026-06-10 19:49:51.614374,0.6574513341653458,baseline_fallback
USR-000109,EVT-0000897,2026-06-10 19:49:53.328881,0.671309953899211,baseline_fallback
SVC-000006,EVT-0000898,2026-06-10 19:52:51.264887,0.977590502369941,baseline_fallback
SVC-000058,EVT-0000899,2026-06-10 19:55:03.151082,0.31769919944956215,baseline_fallback
USR-000146,EVT-0000900,2026-06-10 19:56:00.549654,0.6389132270443482,baseline_fallback
USR-000149,EVT-0000901,2026-06-10 19:57:33.227819,0.7080515220927249,baseline_fallback
SVC-000006,EVT-0000902,2026-06-10 19:59:15.063689,0.7529880727734394,baseline_fallback
SVC-000004,EVT-0000903,2026-06-10 19:59:42.868502,0.26710236109413293,baseline_fallback
SVC-000023,EVT-0000904,2026-06-10 20:01:34.968179,0.3069420043774594,baseline_fallback
SVC-000052,EVT-0000905,2026-06-10 20:02:27.723646,0.8191500738404055,baseline_fallback
SVC-000058,EVT-0000906,2026-06-10 20:04:21.504174,0.3661621823040391,baseline_fallback
SVC-000061,EVT-0000907,2026-06-10 20:04:39.905987,0.4069573705834899,baseline_fallback
USR-000152,EVT-0000908,2026-06-10 20:08:59.480038,0.8870485240930924,baseline_fallback
SVC-000058,EVT-0000909,2026-06-10 20:10:47.100324,0.32666992931992556,baseline_fallback
SVC-000004,EVT-0000910,2026-06-10 20:13:41.799350,0.3400005223599949,baseline_fallback
SVC-000006,EVT-0000911,2026-06-10 20:15:37.752611,0.808748220528767,baseline_fallback
USR-000109,EVT-0000912,2026-06-10 20:17:33.848184,0.7779745456839094,baseline_fallback
SVC-000006,EVT-0000913,2026-06-10 20:22:09.990972,0.9886080122455576,baseline_fallback
SVC-000006,EVT-0000914,2026-06-10 20:24:29.380785,0.9053656093262439,baseline_fallback
SVC-000044,EVT-0000915,2026-06-10 20:26:24.367928,0.762169531933296,baseline_fallback
SVC-000061,EVT-0000916,2026-06-10 20:31:36.155164,0.4033796544812738,baseline_fallback
USR-000181,EVT-0000917,2026-06-10 20:31:41.481079,0.7182774950844133,baseline_fallback
SVC-000035,EVT-0000918,2026-06-10 20:32:55.308568,0.5019714054131311,baseline_fallback
USR-000044,EVT-0000919,2026-06-10 20:34:05.168470,0.7289591790209017,baseline_fallback
SVC-000052,EVT-0000920,2026-06-10 20:37:47.677548,0.7890178252426505,baseline_fallback
USR-000070,EVT-0000921,2026-06-10 20:38:30.750195,0.7846126553980582,baseline_fallback
DEV-000009,EVT-0000922,2026-06-10 20:39:48.431866,0.4155878246505322,baseline_fallback
SVC-000047,EVT-0000923,2026-06-10 20:40:25.528557,0.3738135924973133,baseline_fallback
USR-000056,EVT-0000924,2026-06-10 20:41:47.067119,0.7812629787621037,baseline_fallback
SVC-000052,EVT-0000925,2026-06-10 20:42:22.841730,0.9886080122455576,baseline_fallback
SVC-000006,EVT-0000926,2026-06-10 20:43:37.192842,0.9727230416260723,baseline_fallback
SVC-000060,EVT-0000927,2026-06-10 20:44:07.192304,0.9813852466527513,baseline_fallback
SVC-000061,EVT-0000928,2026-06-10 20:47:42.596284,0.4253153094930233,baseline_fallback
SVC-000054,EVT-0000929,2026-06-10 20:49:34.932292,0.3081207906935694,baseline_fallback
DEV-000010,EVT-0000930,2026-06-10 20:49:41.492891,0.36425769531799407,baseline_fallback
USR-000002,EVT-0000931,2026-06-10 20:49:46.642691,0.7367559958810459,baseline_fallback
SVC-000004,EVT-0000932,2026-06-10 20:55:40.665317,0.33058440374854503,baseline_fallback
USR-000089,EVT-0000933,2026-06-10 20:56:42.708433,0.8970069751996829,baseline_fallback
SVC-000058,EVT-0000934,2026-06-10 20:59:43.210729,0.40420394647563307,baseline_fallback
SVC-000058,EVT-0000935,2026-06-10 21:00:19.202418,0.5955211799791156,baseline_fallback
SVC-000047,EVT-0000936,2026-06-10 21:02:26.524441,0.41074642280637685,baseline_fallback
SVC-000048,EVT-0000937,2026-06-10 21:03:48.147610,0.5142462823610872,baseline_fallback
USR-000037,EVT-0000938,2026-06-10 21:04:09.922435,0.8087706285442122,baseline_fallback
SVC-000058,EVT-0000939,2026-06-10 21:04:15.117529,0.930338927948651,baseline_fallback
SVC-000054,EVT-0000940,2026-06-10 21:04:42.146420,0.8542576321218369,baseline_fallback
SVC-000035,EVT-0000941,2026-06-10 21:13:22.042829,0.4587304443965534,baseline_fallback
SVC-000003,EVT-0000942,2026-06-10 21:14:39.328826,0.3333863774006344,baseline_fallback
SVC-000054,EVT-0000943,2026-06-10 21:16:20.856698,0.699469719235492,baseline_fallback
SVC-000054,EVT-0000944,2026-06-10 21:19:14.568169,0.3513218585731602,baseline_fallback
SVC-000048,EVT-0000945,2026-06-10 21:20:07.797833,0.40438129687209384,baseline_fallback
SVC-000058,EVT-0000946,2026-06-10 21:22:19.768237,0.3739357317507574,baseline_fallback
USR-000146,EVT-0000947,2026-06-10 21:22:52.472295,0.7798100713745902,baseline_fallback
SVC-000004,EVT-0000948,2026-06-10 21:25:32.114671,0.2915076574686307,baseline_fallback
SVC-000054,EVT-0000949,2026-06-10 21:25:38.311476,0.8861626020114584,baseline_fallback
SVC-000044,EVT-0000950,2026-06-10 21:26:44.553092,0.7193339964686445,baseline_fallback
SVC-000003,EVT-0000951,2026-06-10 21:27:27.031329,0.33065121713837625,baseline_fallback
USR-000088,EVT-0000952,2026-06-10 21:27:39.796952,0.7453412927748896,baseline_fallback
SVC-000058,EVT-0000953,2026-06-10 21:27:48.979134,0.32882497023094515,baseline_fallback
SVC-000035,EVT-0000954,2026-06-10 21:30:46.690015,0.3670153181557689,baseline_fallback
SVC-000058,EVT-0000955,2026-06-10 21:34:09.536498,0.4289108369925937,baseline_fallback
USR-000212,EVT-0000956,2026-06-10 21:38:58.477506,0.9155278278551576,baseline_fallback
SVC-000054,EVT-0000957,2026-06-10 21:41:06.397558,0.276543180224004,baseline_fallback
SVC-000035,EVT-0000958,2026-06-10 21:41:36.164756,0.37808376198468185,baseline_fallback
SVC-000058,EVT-0000959,2026-06-10 21:42:46.366898,0.4467756885908844,baseline_fallback
SVC-000047,EVT-0000960,2026-06-10 21:43:47.088869,0.930338927948651,baseline_fallback
SVC-000047,EVT-0000961,2026-06-10 21:46:31.152211,0.930338927948651,baseline_fallback
SVC-000047,EVT-0000962,2026-06-10 21:47:09.657396,0.2901977384102324,baseline_fallback
SVC-000003,EVT-0000963,2026-06-10 21:47:17.026953,0.49598619967616986,baseline_fallback
DEV-000025,EVT-0000964,2026-06-10 21:47:45.602847,0.7303248693198077,baseline_fallback
SVC-000058,EVT-0000965,2026-06-10 21:48:32.032971,0.4467756885908844,baseline_fallback
SVC-000054,EVT-0000966,2026-06-10 21:49:44.129657,0.26764774787615675,baseline_fallback
DEV-000009,EVT-0000967,2026-06-10 21:51:53.710783,0.33866878795890265,baseline_fallback
SVC-000054,EVT-0000968,2026-06-10 21:53:08.064204,0.273588028969082,baseline_fallback
SVC-000003,EVT-0000969,2026-06-10 21:55:30.609272,0.3839513500195149,baseline_fallback
SVC-000054,EVT-0000970,2026-06-10 21:55:45.619167,0.2951855011982338,baseline_fallback
SVC-000045,EVT-0000971,2026-06-10 21:56:19.018287,0.8416747529961692,baseline_fallback
SVC-000054,EVT-0000972,2026-06-10 21:57:04.591788,0.27861244706390387,baseline_fallback
SVC-000054,EVT-0000973,2026-06-10 21:57:21.185296,0.7336427511413793,baseline_fallback
SVC-000045,EVT-0000974,2026-06-10 21:58:48.562633,0.8902727672290257,baseline_fallback
SVC-000048,EVT-0000975,2026-06-10 22:00:05.965909,0.4797488856030845,baseline_fallback
SVC-000003,EVT-0000976,2026-06-10 22:02:34.895915,0.3895253409369969,baseline_fallback
SVC-000047,EVT-0000977,2026-06-10 22:02:58.376296,0.3221389108879744,baseline_fallback
SVC-000047,EVT-0000978,2026-06-10 22:06:06.283870,0.35446475935824806,baseline_fallback
SVC-000054,EVT-0000979,2026-06-10 22:06:59.362495,0.27399223130464656,baseline_fallback
SVC-000044,EVT-0000980,2026-06-10 22:08:50.114111,0.27281738164030506,baseline_fallback
SVC-000054,EVT-0000981,2026-06-10 22:12:48.991683,0.2648092935079651,baseline_fallback
SVC-000047,EVT-0000982,2026-06-10 22:13:13.280317,0.34444335332870574,baseline_fallback
SVC-000058,EVT-0000983,2026-06-10 22:13:32.744401,0.4181468305196429,baseline_fallback
USR-000165,EVT-0000984,2026-06-10 22:15:26.824346,0.9498375946489355,baseline_fallback
SVC-000003,EVT-0000985,2026-06-10 22:16:20.885270,0.43376433087123484,baseline_fallback
SVC-000045,EVT-0000986,2026-06-10 22:18:42.868252,0.927979874400287,baseline_fallback
SVC-000004,EVT-0000987,2026-06-10 22:18:46.299737,0.3673156035218717,baseline_fallback
SVC-000003,EVT-0000988,2026-06-10 22:19:28.234878,0.2878174299346911,baseline_fallback
SVC-000054,EVT-0000989,2026-06-10 22:20:51.606236,0.3136874168159298,baseline_fallback
SVC-000003,EVT-0000990,2026-06-10 22:22:52.211655,0.4482986597820915,baseline_fallback
SVC-000054,EVT-0000991,2026-06-10 22:23:33.740551,0.8422206973215196,lstm
USR-000149,EVT-0000992,2026-06-10 22:24:18.634476,0.7347862097957462,baseline_fallback
SVC-000047,EVT-0000993,2026-06-10 22:24:39.467120,0.2796099020941175,baseline_fallback
USR-000122,EVT-0000994,2026-06-10 22:25:33.600389,0.7820309148461909,baseline_fallback
SVC-000002,EVT-0000995,2026-06-10 22:25:54.792937,0.7316482870791806,baseline_fallback
DEV-000014,EVT-0000996,2026-06-10 22:26:41.535551,0.9878968826530786,baseline_fallback
DEV-000024,EVT-0000997,2026-06-10 22:28:38.144448,0.9430884578644176,baseline_fallback
SVC-000058,EVT-0000998,2026-06-10 22:29:09.261519,0.48256483782536835,baseline_fallback
SVC-000054,EVT-0000999,2026-06-10 22:29:36.807006,0.4958809422242678,lstm
SVC-000003,EVT-0001000,2026-06-10 22:30:49.544354,0.3552863882587127,baseline_fallback
SVC-000054,EVT-0001001,2026-06-10 22:31:00.727220,0.48971620077674993,lstm
DEV-000002,EVT-0001002,2026-06-10 22:31:01.266012,0.28183202972382265,baseline_fallback
SVC-000035,EVT-0001003,2026-06-10 22:31:16.574704,0.44281856352875015,baseline_fallback
SVC-000047,EVT-0001004,2026-06-10 22:32:10.579636,0.24219344708020574,baseline_fallback
SVC-000047,EVT-0001005,2026-06-10 22:33:24.477995,0.2874531853435007,baseline_fallback
SVC-000045,EVT-0001006,2026-06-10 22:33:47.329488,0.7017831177097087,baseline_fallback
SVC-000047,EVT-0001007,2026-06-10 22:34:07.712644,0.43187280960527047,baseline_fallback
SVC-000002,EVT-0001008,2026-06-10 22:34:25.683304,0.8399840781375454,baseline_fallback
SVC-000048,EVT-0001009,2026-06-10 22:37:57.203916,0.5076859058091623,baseline_fallback
SVC-000054,EVT-0001010,2026-06-10 22:38:27.393801,0.7034135817469928,lstm
SVC-000035,EVT-0001011,2026-06-10 22:41:28.171690,0.45838786610596555,baseline_fallback
SVC-000025,EVT-0001012,2026-06-10 22:42:52.914179,0.42265122095881325,baseline_fallback
SVC-000002,EVT-0001013,2026-06-10 22:44:36.216193,0.8141132593257088,baseline_fallback
SVC-000058,EVT-0001014,2026-06-10 22:44:55.838189,0.8282566863582463,lstm
DEV-000012,EVT-0001015,2026-06-10 22:47:20.836085,0.8772847447387816,baseline_fallback
SVC-000002,EVT-0001016,2026-06-10 22:48:44.454336,0.3128104287544043,baseline_fallback
SVC-000047,EVT-0001017,2026-06-10 22:50:22.186856,0.39457982777752965,baseline_fallback
SVC-000002,EVT-0001018,2026-06-10 22:50:26.119921,0.7818913522673022,baseline_fallback
DEV-000013,EVT-0001019,2026-06-10 22:50:46.962686,0.38672686416204183,baseline_fallback
SVC-000025,EVT-0001020,2026-06-10 22:53:04.810333,0.40504474685094805,baseline_fallback
SVC-000025,EVT-0001021,2026-06-10 22:53:30.232191,0.5261513369174433,baseline_fallback
SVC-000003,EVT-0001022,2026-06-10 22:53:55.670097,0.4630140947052417,baseline_fallback
SVC-000032,EVT-0001023,2026-06-10 22:57:25.949819,0.24789723150676676,baseline_fallback
DEV-000003,EVT-0001024,2026-06-10 22:57:51.975064,0.6520451104875026,baseline_fallback
SVC-000045,EVT-0001025,2026-06-10 22:57:53.043029,0.6423802031481018,baseline_fallback
USR-000122,EVT-0001026,2026-06-10 22:58:11.112377,0.7866003156227015,baseline_fallback
SVC-000032,EVT-0001027,2026-06-10 22:58:56.756587,0.2977355355679485,baseline_fallback
SVC-000047,EVT-0001028,2026-06-10 23:03:05.347087,0.8785690005612297,lstm
USR-000141,EVT-0001029,2026-06-10 23:04:14.104688,0.7184556360142511,baseline_fallback
SVC-000025,EVT-0001030,2026-06-10 23:07:43.831246,0.9281918124813231,baseline_fallback
SVC-000035,EVT-0001031,2026-06-10 23:07:48.302245,0.370433614652341,baseline_fallback
SVC-000059,EVT-0001032,2026-06-10 23:08:00.497504,0.3216524302415608,baseline_fallback
SVC-000047,EVT-0001033,2026-06-10 23:08:21.710834,0.25924301041113795,lstm
SVC-000056,EVT-0001034,2026-06-10 23:08:29.482658,0.2748867520286317,baseline_fallback
USR-000106,EVT-0001035,2026-06-10 23:08:56.216642,0.7660357583812281,baseline_fallback
SVC-000032,EVT-0001036,2026-06-10 23:09:54.363235,0.30607899381546605,baseline_fallback
SVC-000045,EVT-0001037,2026-06-10 23:14:03.745339,0.8530010338103701,baseline_fallback
SVC-000032,EVT-0001038,2026-06-10 23:18:44.023939,0.9281918124813231,baseline_fallback
SVC-000002,EVT-0001039,2026-06-10 23:20:14.052046,0.7164482418889027,baseline_fallback
SVC-000002,EVT-0001040,2026-06-10 23:20:33.771447,0.7450490069137179,baseline_fallback
SVC-000032,EVT-0001041,2026-06-10 23:22:35.890036,0.3465329786831311,baseline_fallback
SVC-000002,EVT-0001042,2026-06-10 23:22:46.311486,0.8136423552464366,baseline_fallback
SVC-000054,EVT-0001043,2026-06-10 23:24:29.156292,0.4996312422294115,lstm
SVC-000025,EVT-0001044,2026-06-10 23:28:10.744919,0.7763362408982912,baseline_fallback
SVC-000059,EVT-0001045,2026-06-10 23:28:29.983483,0.2844684302322851,baseline_fallback
SVC-000041,EVT-0001046,2026-06-10 23:33:09.837065,0.33064956491714,baseline_fallback
DEV-000008,EVT-0001047,2026-06-10 23:39:09.767780,0.6381182725037754,baseline_fallback
SVC-000002,EVT-0001048,2026-06-10 23:39:51.863038,0.7305472908030771,baseline_fallback
SVC-000059,EVT-0001049,2026-06-10 23:41:02.102573,0.31436700158804237,baseline_fallback
SVC-000047,EVT-0001050,2026-06-10 23:41:08.248806,0.38186599759375267,lstm
DEV-000003,EVT-0001051,2026-06-10 23:41:48.796669,0.29013130101772033,baseline_fallback
SVC-000047,EVT-0001052,2026-06-10 23:41:51.625315,0.4812089682431514,lstm
SVC-000041,EVT-0001053,2026-06-10 23:43:45.304520,0.356040222212745,baseline_fallback
SVC-000025,EVT-0001054,2026-06-10 23:43:59.455750,0.3509920704961497,baseline_fallback
SVC-000025,EVT-0001055,2026-06-10 23:44:28.957875,0.6670300553531734,baseline_fallback
USR-000165,EVT-0001056,2026-06-10 23:47:46.706719,0.9267120230347258,baseline_fallback
SVC-000002,EVT-0001057,2026-06-10 23:54:24.671537,0.6984304822770735,baseline_fallback
SVC-000032,EVT-0001058,2026-06-10 23:55:52.333764,0.4124232636790511,baseline_fallback
SVC-000056,EVT-0001059,2026-06-11 00:03:36.854549,0.8856979753830265,baseline_fallback
SVC-000056,EVT-0001060,2026-06-11 00:03:42.575221,0.6581120364897379,baseline_fallback
USR-000165,EVT-0001061,2026-06-11 00:06:13.275464,0.7219902476943049,baseline_fallback
SVC-000059,EVT-0001062,2026-06-11 00:10:06.575047,0.6559946596962518,baseline_fallback
DEV-000011,EVT-0001063,2026-06-11 00:11:04.567569,0.42473555458651807,baseline_fallback
SVC-000025,EVT-0001064,2026-06-11 00:12:12.711273,0.6317867828828109,baseline_fallback
USR-000122,EVT-0001065,2026-06-11 00:12:16.274216,0.9252473379493231,baseline_fallback
DEV-000002,EVT-0001066,2026-06-11 00:12:44.719007,0.45980096596991127,baseline_fallback
SVC-000025,EVT-0001067,2026-06-11 00:15:58.901600,0.8974880683804076,baseline_fallback
SVC-000032,EVT-0001068,2026-06-11 00:20:06.873735,0.6289213080814754,baseline_fallback
SVC-000056,EVT-0001069,2026-06-11 00:20:59.090110,0.650470016700117,baseline_fallback
SVC-000059,EVT-0001070,2026-06-11 00:21:34.029446,0.590139797471171,baseline_fallback
DEV-000014,EVT-0001071,2026-06-11 00:22:30.479613,0.2693274000385775,baseline_fallback
USR-000163,EVT-0001072,2026-06-11 00:26:26.059559,0.7285742658989962,baseline_fallback
SVC-000025,EVT-0001073,2026-06-11 00:29:22.782412,0.6084029125291155,baseline_fallback
SVC-000059,EVT-0001074,2026-06-11 00:41:25.057460,0.6264534138074969,baseline_fallback
SVC-000056,EVT-0001075,2026-06-11 00:42:43.218620,0.5711392813778391,baseline_fallback
USR-000165,EVT-0001076,2026-06-11 00:44:36.605940,0.6902196677948945,baseline_fallback
DEV-000023,EVT-0001077,2026-06-11 00:44:49.831435,0.6129924997719081,baseline_fallback
SVC-000041,EVT-0001078,2026-06-11 00:45:22.358709,0.8440131939088229,baseline_fallback
DEV-000001,EVT-0001079,2026-06-11 00:50:30.193678,0.351779750676384,baseline_fallback
DEV-000020,EVT-0001080,2026-06-11 00:51:38.559296,0.274610449334347,baseline_fallback
SVC-000041,EVT-0001081,2026-06-11 00:54:02.501619,0.5684897649449184,baseline_fallback
DEV-000021,EVT-0001082,2026-06-11 00:59:35.154972,0.3086080970457603,baseline_fallback
DEV-000015,EVT-0001083,2026-06-11 01:05:10.985863,0.4620292848786557,baseline_fallback
USR-000113,EVT-0001084,2026-06-11 01:06:30.428185,0.7852492910437546,baseline_fallback
USR-000106,EVT-0001085,2026-06-11 01:13:10.758666,0.7754785417161981,baseline_fallback
USR-000113,EVT-0001086,2026-06-11 01:13:38.400575,0.7614480409599035,baseline_fallback
USR-000150,EVT-0001087,2026-06-11 01:14:28.826829,0.9328751426716717,baseline_fallback
DEV-000002,EVT-0001088,2026-06-11 01:15:04.208504,0.5847693487134524,baseline_fallback
DEV-000023,EVT-0001089,2026-06-11 01:19:06.676297,0.6943288568146816,baseline_fallback
SVC-000041,EVT-0001090,2026-06-11 01:19:33.033176,0.7577270322830464,baseline_fallback
DEV-000002,EVT-0001091,2026-06-11 01:19:40.102116,0.5847693487134524,baseline_fallback
SVC-000018,EVT-0001092,2026-06-11 01:19:57.345392,0.5315381496053234,baseline_fallback
DEV-000011,EVT-0001093,2026-06-11 01:21:55.098160,0.350303036827987,baseline_fallback
SVC-000041,EVT-0001094,2026-06-11 01:22:14.511266,0.9999866711766179,lstm
DEV-000023,EVT-0001095,2026-06-11 01:22:23.590735,0.6535363676829988,baseline_fallback
SVC-000056,EVT-0001096,2026-06-11 01:23:53.006921,0.9167875603353177,baseline_fallback
SVC-000041,EVT-0001097,2026-06-11 01:25:21.806681,0.9993014695677022,lstm
USR-000163,EVT-0001098,2026-06-11 01:29:57.373720,0.9311454931623999,baseline_fallback
SVC-000041,EVT-0001099,2026-06-11 01:34:10.286445,0.9912640781024852,lstm
SVC-000056,EVT-0001100,2026-06-11 01:35:45.059111,0.865970903086859,baseline_fallback
DEV-000009,EVT-0001101,2026-06-11 01:37:30.744437,0.317822847325432,baseline_fallback
DEV-000024,EVT-0001102,2026-06-11 01:37:36.198460,0.9002114906932346,baseline_fallback
USR-000165,EVT-0001103,2026-06-11 01:38:54.032959,0.7833092895619317,baseline_fallback
SVC-000041,EVT-0001104,2026-06-11 01:39:22.748730,0.9824038288641651,lstm
DEV-000021,EVT-0001105,2026-06-11 01:40:03.960873,0.35628513515001387,baseline_fallback
DEV-000005,EVT-0001106,2026-06-11 01:41:29.824393,0.5351090700840274,baseline_fallback
DEV-000004,EVT-0001107,2026-06-11 01:49:01.676264,0.9520774908653868,baseline_fallback
SVC-000041,EVT-0001108,2026-06-11 01:51:33.553122,0.5727553760110673,lstm
USR-000165,EVT-0001109,2026-06-11 01:56:09.083836,0.8958505475300779,baseline_fallback
DEV-000011,EVT-0001110,2026-06-11 01:58:16.737088,0.30846115016017317,baseline_fallback
DEV-000011,EVT-0001111,2026-06-11 02:00:54.837575,0.6381182725037754,baseline_fallback
DEV-000015,EVT-0001112,2026-06-11 02:17:05.702006,0.6381182725037754,baseline_fallback
DEV-000004,EVT-0001113,2026-06-11 02:21:22.599817,0.8932194913081124,baseline_fallback
DEV-000002,EVT-0001114,2026-06-11 02:26:51.579266,0.4447783096085607,baseline_fallback
SVC-000018,EVT-0001115,2026-06-11 02:27:21.549334,0.8444298832067071,baseline_fallback
DEV-000010,EVT-0001116,2026-06-11 02:28:26.652071,0.2342175082707397,baseline_fallback
USR-000122,EVT-0001117,2026-06-11 02:32:39.381086,0.94505076926323,baseline_fallback
SVC-000018,EVT-0001118,2026-06-11 02:34:40.520886,0.5199196021755735,baseline_fallback
USR-000122,EVT-0001119,2026-06-11 02:35:12.185690,0.94505076926323,baseline_fallback
SVC-000014,EVT-0001120,2026-06-11 02:36:35.901528,0.514859799005295,baseline_fallback
SVC-000014,EVT-0001121,2026-06-11 02:36:52.108902,0.7905885891442681,baseline_fallback
SVC-000018,EVT-0001122,2026-06-11 02:39:26.162337,0.47178360814525216,baseline_fallback
DEV-000010,EVT-0001123,2026-06-11 03:01:46.800641,0.37100696009413703,baseline_fallback
SVC-000018,EVT-0001124,2026-06-11 03:02:16.145095,0.9677159231130276,lstm
SVC-000020,EVT-0001125,2026-06-11 03:03:12.697885,0.98236733839342,baseline_fallback
SVC-000041,EVT-0001126,2026-06-11 03:03:37.692073,0.7628403194751522,lstm
SVC-000018,EVT-0001127,2026-06-11 03:19:08.654340,0.8661507985849506,lstm
DEV-000022,EVT-0001128,2026-06-11 03:19:23.569296,0.9323947090533548,baseline_fallback
SVC-000018,EVT-0001129,2026-06-11 03:23:41.250241,0.9307574113491952,lstm
SVC-000018,EVT-0001130,2026-06-11 03:24:44.530001,0.6764756075122448,lstm
DEV-000007,EVT-0001131,2026-06-11 03:27:22.233802,0.9185838488803799,baseline_fallback
DEV-000005,EVT-0001132,2026-06-11 03:31:55.037260,0.4778767796675601,baseline_fallback
SVC-000018,EVT-0001133,2026-06-11 03:33:46.015422,0.643526826074125,lstm
SVC-000014,EVT-0001134,2026-06-11 03:34:29.029545,0.5003723677372384,baseline_fallback
DEV-000016,EVT-0001135,2026-06-11 03:44:18.380108,0.48330430281172404,baseline_fallback
DEV-000001,EVT-0001136,2026-06-11 03:45:13.749801,0.6791033730063941,baseline_fallback
SVC-000019,EVT-0001137,2026-06-11 03:46:39.663201,0.6007136949461455,baseline_fallback
SVC-000020,EVT-0001138,2026-06-11 03:48:25.264175,0.9671944938701145,baseline_fallback
SVC-000014,EVT-0001139,2026-06-11 03:50:17.604689,0.5885556560401685,lstm
SVC-000014,EVT-0001140,2026-06-11 03:57:02.575599,0.25116357799441746,lstm
SVC-000020,EVT-0001141,2026-06-11 04:00:30.360807,0.9700783489137528,baseline_fallback
USR-000106,EVT-0001142,2026-06-11 04:00:32.948397,0.7396098125683902,baseline_fallback
SVC-000020,EVT-0001143,2026-06-11 04:02:59.907812,0.9616601650317521,baseline_fallback
USR-000019,EVT-0001144,2026-06-11 04:04:21.513345,0.7317340892518498,baseline_fallback
SVC-000014,EVT-0001145,2026-06-11 04:06:09.527425,0.20169471623184265,lstm
USR-000207,EVT-0001146,2026-06-11 04:06:47.023081,0.664366765661315,baseline_fallback
SVC-000014,EVT-0001147,2026-06-11 04:12:10.449404,0.2740132631825459,lstm
SVC-000015,EVT-0001148,2026-06-11 04:12:18.438140,0.9441591758060277,baseline_fallback
SVC-000056,EVT-0001149,2026-06-11 04:14:59.511112,0.56776625929098,baseline_fallback
SVC-000014,EVT-0001150,2026-06-11 04:16:38.578363,0.2697429268429327,lstm
DEV-000012,EVT-0001151,2026-06-11 04:17:16.343963,0.9643295471269668,baseline_fallback
DEV-000002,EVT-0001152,2026-06-11 04:23:00.886356,0.5321859472127586,baseline_fallback
SVC-000019,EVT-0001153,2026-06-11 04:23:08.064224,0.40719222592074755,baseline_fallback
SVC-000015,EVT-0001154,2026-06-11 04:23:15.804372,0.9561792814291071,baseline_fallback
USR-000207,EVT-0001155,2026-06-11 04:23:41.895707,0.6338895962610079,baseline_fallback
SVC-000019,EVT-0001156,2026-06-11 04:23:55.098999,0.5198551972441208,baseline_fallback
SVC-000020,EVT-0001157,2026-06-11 04:26:16.542953,0.9663719691089957,baseline_fallback
DEV-000021,EVT-0001158,2026-06-11 04:26:46.586295,0.3155201611985468,baseline_fallback
USR-000180,EVT-0001159,2026-06-11 04:29:09.260217,0.8694335001858229,baseline_fallback
SVC-000019,EVT-0001160,2026-06-11 04:29:33.696577,0.5442525725213413,baseline_fallback
USR-000163,EVT-0001161,2026-06-11 04:34:05.049116,0.7323173876202344,baseline_fallback
SVC-000020,EVT-0001162,2026-06-11 04:34:46.041395,0.9489282065507856,baseline_fallback
SVC-000015,EVT-0001163,2026-06-11 04:36:29.616282,0.9363507908718344,baseline_fallback
SVC-000020,EVT-0001164,2026-06-11 04:37:13.112357,0.9619592357802573,baseline_fallback
SVC-000015,EVT-0001165,2026-06-11 04:37:22.119408,0.939679627455611,baseline_fallback
USR-000060,EVT-0001166,2026-06-11 04:39:06.759498,0.8703654758234022,baseline_fallback
DEV-000011,EVT-0001167,2026-06-11 04:40:35.007484,0.596487597838608,baseline_fallback
SVC-000015,EVT-0001168,2026-06-11 04:45:51.913058,0.9296274196522692,baseline_fallback
USR-000124,EVT-0001169,2026-06-11 04:45:57.399470,0.7245075694049693,baseline_fallback
SVC-000019,EVT-0001170,2026-06-11 04:45:59.605639,0.46130712113310873,baseline_fallback
SVC-000014,EVT-0001171,2026-06-11 04:47:50.345145,0.27507782216487847,lstm
SVC-000014,EVT-0001172,2026-06-11 04:49:10.136252,0.4902572841581416,lstm
DEV-000018,EVT-0001173,2026-06-11 04:55:54.354138,0.4174174553630924,baseline_fallback
SVC-000020,EVT-0001174,2026-06-11 05:01:01.752716,0.7909231921012851,baseline_fallback
SVC-000019,EVT-0001175,2026-06-11 05:01:25.833999,0.42442406859172327,baseline_fallback
SVC-000020,EVT-0001176,2026-06-11 05:02:53.016584,0.967233615174732,baseline_fallback
SVC-000020,EVT-0001177,2026-06-11 05:03:22.553103,0.9763706076585035,baseline_fallback
SVC-000014,EVT-0001178,2026-06-11 05:03:43.595418,0.2946737919889813,lstm
SVC-000019,EVT-0001179,2026-06-11 05:08:22.572398,0.992066466239533,lstm
DEV-000005,EVT-0001180,2026-06-11 05:12:15.927426,0.3548193391747139,baseline_fallback
SVC-000014,EVT-0001181,2026-06-11 05:13:26.373204,0.3265546485841426,lstm
DEV-000023,EVT-0001182,2026-06-11 05:13:30.924101,0.5403387444600694,baseline_fallback
SVC-000019,EVT-0001183,2026-06-11 05:14:05.801988,0.5859006979110349,lstm
SVC-000015,EVT-0001184,2026-06-11 05:17:45.123323,0.9266301388625392,lstm
SVC-000014,EVT-0001185,2026-06-11 05:18:44.865189,0.2894198030198618,lstm
USR-000162,EVT-0001186,2026-06-11 05:20:18.876335,0.7064561041685744,baseline_fallback
USR-000042,EVT-0001187,2026-06-11 05:21:53.195851,0.6358598067917012,baseline_fallback
USR-000180,EVT-0001188,2026-06-11 05:23:40.554196,0.8674821473923079,baseline_fallback
USR-000099,EVT-0001189,2026-06-11 05:23:43.460582,0.8565324884571762,baseline_fallback
USR-000051,EVT-0001190,2026-06-11 05:25:56.809604,0.7151442116015956,baseline_fallback
DEV-000024,EVT-0001191,2026-06-11 05:25:56.999143,0.9599122188522007,baseline_fallback
SVC-000019,EVT-0001192,2026-06-11 05:26:39.610145,0.2871651593389271,lstm
USR-000129,EVT-0001193,2026-06-11 05:27:22.092736,0.675355282929122,baseline_fallback
SVC-000019,EVT-0001194,2026-06-11 05:29:44.748402,0.3312866761817841,lstm
SVC-000020,EVT-0001195,2026-06-11 05:33:31.182735,0.998201935071061,lstm
SVC-000031,EVT-0001196,2026-06-11 05:34:16.561015,0.3722438515259396,baseline_fallback
USR-000066,EVT-0001197,2026-06-11 05:38:08.526250,0.6553288524475392,baseline_fallback
USR-000114,EVT-0001198,2026-06-11 05:55:45.667294,0.6501145736728801,baseline_fallback
DEV-000012,EVT-0001199,2026-06-11 05:59:47.871213,0.973278508728493,baseline_fallback
SVC-000009,EVT-0001200,2026-06-11 06:01:11.785426,0.8924702679765152,baseline_fallback
SVC-000019,EVT-0001201,2026-06-11 06:02:45.607981,0.30620308823251075,lstm
SVC-000020,EVT-0001202,2026-06-11 06:05:09.169176,0.9906072923551436,lstm
USR-000009,EVT-0001203,2026-06-11 06:08:12.650184,0.6932656174584864,baseline_fallback
USR-000019,EVT-0001204,2026-06-11 06:09:13.388351,0.7568972895412955,baseline_fallback
SVC-000014,EVT-0001205,2026-06-11 06:09:18.001469,0.4718962711975221,lstm
SVC-000031,EVT-0001206,2026-06-11 06:12:35.310405,0.49013633446347005,baseline_fallback
USR-000116,EVT-0001207,2026-06-11 06:13:23.904897,0.6131691204896715,baseline_fallback
DEV-000026,EVT-0001208,2026-06-11 06:15:27.400610,0.6929762873968254,baseline_fallback
SVC-000019,EVT-0001209,2026-06-11 06:17:42.160670,0.33489937263267255,lstm
DEV-000020,EVT-0001210,2026-06-11 06:21:29.984551,0.6740533579925762,baseline_fallback
SVC-000031,EVT-0001211,2026-06-11 06:23:04.468581,0.46558804316912056,baseline_fallback
SVC-000009,EVT-0001212,2026-06-11 06:24:32.402753,0.6463082817528177,lstm
SVC-000019,EVT-0001213,2026-06-11 06:27:53.946227,0.31065854884928606,lstm
USR-000059,EVT-0001214,2026-06-11 06:27:59.420569,0.6241977128544164,baseline_fallback
SVC-000031,EVT-0001215,2026-06-11 06:32:43.146253,0.8653674138510838,lstm
SVC-000031,EVT-0001216,2026-06-11 06:32:45.724586,0.7986717356325131,lstm
SVC-000031,EVT-0001217,2026-06-11 06:37:32.991597,0.4439634124070427,lstm
SVC-000031,EVT-0001218,2026-06-11 06:37:34.794591,0.708016447900577,lstm
USR-000111,EVT-0001219,2026-06-11 06:42:43.116526,0.7206542866992891,baseline_fallback
USR-000090,EVT-0001220,2026-06-11 06:47:42.610253,0.8987142366896063,baseline_fallback
USR-000042,EVT-0001221,2026-06-11 06:56:18.448432,0.6773625418465522,baseline_fallback
SVC-000009,EVT-0001222,2026-06-11 06:56:52.474705,0.9108595756484924,lstm
SVC-000011,EVT-0001223,2026-06-11 06:59:24.816528,0.47877306135701253,baseline_fallback
SVC-000009,EVT-0001224,2026-06-11 06:59:46.167217,0.7623775812443166,lstm
USR-000162,EVT-0001225,2026-06-11 06:59:48.393395,0.6677522034332455,baseline_fallback
DEV-000002,EVT-0001226,2026-06-11 07:01:39.947480,0.5679417803730641,baseline_fallback
USR-000155,EVT-0001227,2026-06-11 07:04:17.293081,0.5005890617592818,baseline_fallback
SVC-000031,EVT-0001228,2026-06-11 07:08:31.234444,0.41853150235810976,lstm
SVC-000031,EVT-0001229,2026-06-11 07:09:28.850599,0.5170936620375226,lstm
DEV-000026,EVT-0001230,2026-06-11 07:09:39.934826,0.5305262245381264,baseline_fallback
DEV-000018,EVT-0001231,2026-06-11 07:10:04.309968,0.45287749975504404,baseline_fallback
USR-000180,EVT-0001232,2026-06-11 07:12:01.540040,0.80410027949088,baseline_fallback
DEV-000016,EVT-0001233,2026-06-11 07:12:02.003143,0.29013130101772033,baseline_fallback
USR-000158,EVT-0001234,2026-06-11 07:12:14.617525,0.6417152619117112,baseline_fallback
DEV-000020,EVT-0001235,2026-06-11 07:12:59.880681,0.3237633135706269,baseline_fallback
SVC-000031,EVT-0001236,2026-06-11 07:13:39.783616,0.3706065433860529,lstm
DEV-000008,EVT-0001237,2026-06-11 07:14:41.685378,0.4631738052287802,baseline_fallback
USR-000023,EVT-0001238,2026-06-11 07:14:41.866964,0.4858687982171884,baseline_fallback
SVC-000030,EVT-0001239,2026-06-11 07:15:43.420981,0.32844817710937263,baseline_fallback
DEV-000010,EVT-0001240,2026-06-11 07:18:08.637314,0.27100306909004107,baseline_fallback
USR-000142,EVT-0001241,2026-06-11 07:23:54.899627,0.5079987600661988,baseline_fallback
DEV-000009,EVT-0001242,2026-06-11 07:24:38.172760,0.484111484476397,baseline_fallback
SVC-000009,EVT-0001243,2026-06-11 07:25:01.882086,0.4199026321542227,lstm
USR-000119,EVT-0001244,2026-06-11 07:27:13.377112,0.4660215853777413,baseline_fallback
DEV-000021,EVT-0001245,2026-06-11 07:29:01.737063,0.3001693977229106,baseline_fallback
USR-000162,EVT-0001246,2026-06-11 07:30:02.216973,0.4920958222922372,baseline_fallback
SVC-000031,EVT-0001247,2026-06-11 07:32:13.310419,0.3235848808809348,lstm
SVC-000011,EVT-0001248,2026-06-11 07:32:33.265902,0.4152469800112358,baseline_fallback
SVC-000011,EVT-0001249,2026-06-11 07:34:36.644511,0.4691266450177174,baseline_fallback
USR-000206,EVT-0001250,2026-06-11 07:35:26.306606,0.5118126319979204,baseline_fallback
SVC-000011,EVT-0001251,2026-06-11 07:37:34.967377,0.6736076142830472,baseline_fallback
USR-000111,EVT-0001252,2026-06-11 07:38:22.640946,0.5750134208037012,baseline_fallback
USR-000167,EVT-0001253,2026-06-11 07:39:21.267911,0.7770422196146264,baseline_fallback
SVC-000030,EVT-0001254,2026-06-11 07:41:35.086347,0.6736076142830472,baseline_fallback
USR-000042,EVT-0001255,2026-06-11 07:42:39.601957,0.5536480877947224,baseline_fallback
SVC-000031,EVT-0001256,2026-06-11 07:43:16.784970,0.39601095569352796,lstm
USR-000118,EVT-0001257,2026-06-11 07:43:22.377226,0.5735562833798215,baseline_fallback
SVC-000031,EVT-0001258,2026-06-11 07:43:34.292174,0.6204927069620384,lstm
USR-000142,EVT-0001259,2026-06-11 07:43:35.920686,0.8840394265035366,baseline_fallback
SVC-000051,EVT-0001260,2026-06-11 07:43:36.873204,0.5306681073587061,baseline_fallback
DEV-000025,EVT-0001261,2026-06-11 07:45:00.486026,0.6205965865842195,baseline_fallback
DEV-000021,EVT-0001262,2026-06-11 07:46:55.086695,0.35639175963200087,baseline_fallback
SVC-000031,EVT-0001263,2026-06-11 07:47:35.281455,0.785106220582543,lstm
USR-000177,EVT-0001264,2026-06-11 07:47:43.490205,0.836114081434509,baseline_fallback
USR-000060,EVT-0001265,2026-06-11 07:48:25.787972,0.4842881382620791,baseline_fallback
SVC-000011,EVT-0001266,2026-06-11 07:50:08.938183,0.4304382434547136,baseline_fallback
DEV-000020,EVT-0001267,2026-06-11 07:52:33.361812,0.25741131018312097,baseline_fallback
SVC-000011,EVT-0001268,2026-06-11 07:53:24.301987,0.3699058408230058,baseline_fallback
SVC-000031,EVT-0001269,2026-06-11 07:54:11.727000,0.33596869773691007,lstm
USR-000207,EVT-0001270,2026-06-11 07:55:59.635286,0.9717861493838367,baseline_fallback
SVC-000008,EVT-0001271,2026-06-11 07:57:52.159729,0.5150688367569928,baseline_fallback
SVC-000031,EVT-0001272,2026-06-11 07:58:29.189432,0.34576685048560907,lstm
USR-000099,EVT-0001273,2026-06-11 07:59:02.107687,0.9336502726057849,baseline_fallback
SVC-000040,EVT-0001274,2026-06-11 07:59:16.617025,0.5920445823079661,baseline_fallback
USR-000058,EVT-0001275,2026-06-11 07:59:30.877555,0.5748277829653615,baseline_fallback
SVC-000031,EVT-0001276,2026-06-11 07:59:42.506017,0.4005497353445262,lstm
SVC-000011,EVT-0001277,2026-06-11 08:01:51.350482,0.9531900654033136,lstm
SVC-000040,EVT-0001278,2026-06-11 08:03:40.980332,0.3659710877836226,baseline_fallback
USR-000041,EVT-0001279,2026-06-11 08:05:00.784578,0.41820954798269483,baseline_fallback
SVC-000051,EVT-0001280,2026-06-11 08:08:57.683386,0.48495305778468334,baseline_fallback
USR-000207,EVT-0001281,2026-06-11 08:11:04.972797,0.46719342726791463,baseline_fallback
SVC-000031,EVT-0001282,2026-06-11 08:11:23.789728,0.37970997574641907,lstm
USR-000099,EVT-0001283,2026-06-11 08:12:04.892420,0.7147871987439491,baseline_fallback
USR-000014,EVT-0001284,2026-06-11 08:14:39.305835,0.4482956016508075,baseline_fallback
USR-000172,EVT-0001285,2026-06-11 08:14:55.461671,0.47830836525529735,baseline_fallback
DEV-000005,EVT-0001286,2026-06-11 08:15:28.677683,0.31169645847396094,baseline_fallback
DEV-000018,EVT-0001287,2026-06-11 08:16:46.614856,0.23018436098643066,baseline_fallback
DEV-000024,EVT-0001288,2026-06-11 08:16:55.788021,0.9572307405031313,baseline_fallback
USR-000094,EVT-0001289,2026-06-11 08:19:11.673180,0.48078962792612445,baseline_fallback
SVC-000040,EVT-0001290,2026-06-11 08:19:26.249811,0.4590250548108671,baseline_fallback
SVC-000011,EVT-0001291,2026-06-11 08:22:27.782413,0.5881649907424612,lstm
SVC-000031,EVT-0001292,2026-06-11 08:22:47.697069,0.3553390314909445,lstm
USR-000014,EVT-0001293,2026-06-11 08:22:58.506453,0.4173101525911003,baseline_fallback
DEV-000021,EVT-0001294,2026-06-11 08:23:28.723427,0.21864452188550507,baseline_fallback
USR-000081,EVT-0001295,2026-06-11 08:23:43.123181,0.44466103506646426,baseline_fallback
SVC-000030,EVT-0001296,2026-06-11 08:23:54.662469,0.38424775958382656,baseline_fallback
USR-000130,EVT-0001297,2026-06-11 08:24:13.216025,0.7515500985721143,baseline_fallback
USR-000118,EVT-0001298,2026-06-11 08:24:59.993639,0.9609059631309171,baseline_fallback
USR-000013,EVT-0001299,2026-06-11 08:25:58.848599,0.6930187688208882,baseline_fallback
SVC-000051,EVT-0001300,2026-06-11 08:27:48.613039,0.5158939282899134,baseline_fallback
SVC-000039,EVT-0001301,2026-06-11 08:28:46.601501,0.5406737791118796,baseline_fallback
USR-000082,EVT-0001302,2026-06-11 08:28:46.960432,0.4343252699384586,baseline_fallback
USR-000158,EVT-0001303,2026-06-11 08:31:29.656457,0.8119464007571111,baseline_fallback
USR-000168,EVT-0001304,2026-06-11 08:31:41.660274,0.47634834911189783,baseline_fallback
SVC-000030,EVT-0001305,2026-06-11 08:31:55.897626,0.7028060893708266,baseline_fallback
SVC-000024,EVT-0001306,2026-06-11 08:32:09.404787,0.9997751819450329,lstm
SVC-000051,EVT-0001307,2026-06-11 08:32:39.061024,0.48351648600473257,baseline_fallback
USR-000116,EVT-0001308,2026-06-11 08:33:35.725591,0.3820386907367098,baseline_fallback
USR-000156,EVT-0001309,2026-06-11 08:34:59.236583,0.7088353027139963,baseline_fallback
SVC-000030,EVT-0001310,2026-06-11 08:35:32.762673,0.45363484177910407,baseline_fallback
SVC-000024,EVT-0001311,2026-06-11 08:36:08.842063,0.6276470787368507,lstm
USR-000059,EVT-0001312,2026-06-11 08:37:28.913531,0.7234272623506404,baseline_fallback
USR-000042,EVT-0001313,2026-06-11 08:38:29.054354,0.43626741249887824,baseline_fallback
SVC-000039,EVT-0001314,2026-06-11 08:42:03.603414,0.9989506397177667,lstm
USR-000180,EVT-0001315,2026-06-11 08:42:37.944784,0.7896630261664704,baseline_fallback
SVC-000011,EVT-0001316,2026-06-11 08:43:08.754460,0.33350062423564164,lstm
USR-000019,EVT-0001317,2026-06-11 08:44:20.475712,0.4734393228164542,baseline_fallback
USR-000180,EVT-0001318,2026-06-11 08:45:42.266605,0.7851041157994213,baseline_fallback
USR-000135,EVT-0001319,2026-06-11 08:46:19.558413,0.4163478474994038,baseline_fallback
USR-000153,EVT-0001320,2026-06-11 08:47:40.141116,0.7758848052125797,baseline_fallback
DEV-000002,EVT-0001321,2026-06-11 08:48:56.090459,0.6017071186814433,baseline_fallback
SVC-000011,EVT-0001322,2026-06-11 08:50:08.842579,0.3691917185039787,lstm
SVC-000024,EVT-0001323,2026-06-11 08:51:19.237949,0.3886617860982283,lstm
USR-000172,EVT-0001324,2026-06-11 08:51:43.819780,0.3977582086294129,baseline_fallback
USR-000009,EVT-0001325,2026-06-11 08:51:46.942378,0.43630371615973634,baseline_fallback
USR-000050,EVT-0001326,2026-06-11 08:52:42.007962,0.7573371837678768,baseline_fallback
SVC-000024,EVT-0001327,2026-06-11 08:52:49.695153,0.36570452144800086,lstm
SVC-000042,EVT-0001328,2026-06-11 08:53:36.957749,0.9879857913126111,baseline_fallback
SVC-000011,EVT-0001329,2026-06-11 08:56:39.590248,0.3123902241503328,lstm
USR-000081,EVT-0001330,2026-06-11 08:57:09.066609,0.7068607888136238,baseline_fallback
DEV-000023,EVT-0001331,2026-06-11 08:58:52.318946,0.834714910037392,lstm
SVC-000039,EVT-0001332,2026-06-11 08:59:16.155814,0.7580165475831219,lstm
SVC-000030,EVT-0001333,2026-06-11 08:59:50.706104,0.3922722502336275,baseline_fallback
SVC-000039,EVT-0001334,2026-06-11 08:59:55.556568,0.7242204032250417,lstm
USR-000168,EVT-0001335,2026-06-11 09:00:05.297296,0.4064761097790047,baseline_fallback
SVC-000024,EVT-0001336,2026-06-11 09:00:58.772698,0.24397250023064979,lstm
USR-000062,EVT-0001337,2026-06-11 09:02:21.791103,0.9100981750720195,baseline_fallback
USR-000190,EVT-0001338,2026-06-11 09:03:13.967617,0.6976871224896354,baseline_fallback
USR-000191,EVT-0001339,2026-06-11 09:03:43.153920,0.46978663077957133,baseline_fallback
USR-000011,EVT-0001340,2026-06-11 09:03:46.636312,0.704937043704862,baseline_fallback
DEV-000001,EVT-0001341,2026-06-11 09:07:26.107976,0.6514223141058222,baseline_fallback
SVC-000024,EVT-0001342,2026-06-11 09:08:50.171214,0.3675304280475185,lstm
USR-000059,EVT-0001343,2026-06-11 09:09:36.202217,0.5488520133013565,baseline_fallback
USR-000102,EVT-0001344,2026-06-11 09:10:43.418032,0.3556906681248238,baseline_fallback
SVC-000011,EVT-0001345,2026-06-11 09:11:16.867549,0.42838723178108534,lstm
SVC-000040,EVT-0001346,2026-06-11 09:11:24.502611,0.4365062075485294,baseline_fallback
SVC-000042,EVT-0001347,2026-06-11 09:14:25.753503,0.8273122371506441,baseline_fallback
SVC-000030,EVT-0001348,2026-06-11 09:14:38.922597,0.7807473994236291,baseline_fallback
USR-000142,EVT-0001349,2026-06-11 09:16:15.481091,0.33319740536956544,baseline_fallback
USR-000087,EVT-0001350,2026-06-11 09:16:33.940115,0.7605895904598641,baseline_fallback
USR-000051,EVT-0001351,2026-06-11 09:18:07.545251,0.7031222878732929,baseline_fallback
SVC-000030,EVT-0001352,2026-06-11 09:18:18.213415,0.26258966276013523,baseline_fallback
USR-000001,EVT-0001353,2026-06-11 09:19:07.429058,0.6887061503356373,baseline_fallback
DEV-000010,EVT-0001354,2026-06-11 09:19:20.199839,0.3904740338687001,baseline_fallback
USR-000177,EVT-0001355,2026-06-11 09:20:35.837549,0.4442161406642487,baseline_fallback
USR-000048,EVT-0001356,2026-06-11 09:21:06.710976,0.5248770426437238,baseline_fallback
USR-000206,EVT-0001357,2026-06-11 09:26:26.070065,0.3379335649696459,baseline_fallback
USR-000172,EVT-0001358,2026-06-11 09:27:00.151790,0.4370900482869387,baseline_fallback
SVC-000042,EVT-0001359,2026-06-11 09:27:02.307957,0.8080224478352631,baseline_fallback
USR-000099,EVT-0001360,2026-06-11 09:27:44.772696,0.6708894293014497,baseline_fallback
SVC-000053,EVT-0001361,2026-06-11 09:28:08.631575,0.9995115440236976,lstm
SVC-000024,EVT-0001362,2026-06-11 09:28:24.020114,0.23781630740635418,lstm
SVC-000024,EVT-0001363,2026-06-11 09:28:26.143097,0.6038521641583555,lstm
DEV-000016,EVT-0001364,2026-06-11 09:29:49.465034,0.6557416087852284,baseline_fallback
SVC-000016,EVT-0001365,2026-06-11 09:30:15.315698,0.4140287996692272,baseline_fallback
SVC-000024,EVT-0001366,2026-06-11 09:32:19.680511,0.43340028870341146,lstm
SVC-000024,EVT-0001367,2026-06-11 09:34:29.838798,0.45403066827103616,lstm
SVC-000016,EVT-0001368,2026-06-11 09:34:37.012886,0.8465055224922445,baseline_fallback
SVC-000042,EVT-0001369,2026-06-11 09:35:13.959611,0.7486962172220356,baseline_fallback
SVC-000042,EVT-0001370,2026-06-11 09:35:49.507210,0.8919046248179713,baseline_fallback
USR-000102,EVT-0001371,2026-06-11 09:37:09.712902,0.6875246837402773,baseline_fallback
SVC-000024,EVT-0001372,2026-06-11 09:37:36.602406,0.3385649551195873,lstm
USR-000178,EVT-0001373,2026-06-11 09:37:52.516520,0.6682448182418548,baseline_fallback
USR-000094,EVT-0001374,2026-06-11 09:39:25.409788,0.47782226073613016,baseline_fallback
SVC-000042,EVT-0001375,2026-06-11 09:39:41.605819,0.7539764613505426,baseline_fallback
USR-000054,EVT-0001376,2026-06-11 09:40:04.044547,0.3660332654323486,baseline_fallback
SVC-000039,EVT-0001377,2026-06-11 09:40:15.562498,0.5136890423957495,lstm
USR-000156,EVT-0001378,2026-06-11 09:43:03.344269,0.6763061389106956,baseline_fallback
USR-000179,EVT-0001379,2026-06-11 09:43:39.990096,0.9306878830852089,baseline_fallback
SVC-000050,EVT-0001380,2026-06-11 09:43:52.791218,0.7619830683841522,baseline_fallback
SVC-000039,EVT-0001381,2026-06-11 09:44:05.118504,0.48417607719496136,lstm
USR-000190,EVT-0001382,2026-06-11 09:44:34.172646,0.3450719057056344,baseline_fallback
USR-000121,EVT-0001383,2026-06-11 09:44:47.816880,0.37463161423293795,baseline_fallback
DEV-000016,EVT-0001384,2026-06-11 09:46:14.846370,0.2956590583156014,baseline_fallback
USR-000042,EVT-0001385,2026-06-11 09:46:36.470750,0.4790751343793544,baseline_fallback
SVC-000016,EVT-0001386,2026-06-11 09:46:39.865757,0.5065904876282757,baseline_fallback
SVC-000013,EVT-0001387,2026-06-11 09:48:05.528926,0.677441876975283,baseline_fallback
USR-000172,EVT-0001388,2026-06-11 09:49:32.389414,0.36860868127374463,baseline_fallback
SVC-000053,EVT-0001389,2026-06-11 09:50:47.740781,0.5531445923589747,lstm
USR-000162,EVT-0001390,2026-06-11 09:50:52.885877,0.39194849076256577,baseline_fallback
USR-000177,EVT-0001391,2026-06-11 09:51:35.931060,0.4274407699958798,baseline_fallback
SVC-000024,EVT-0001392,2026-06-11 09:51:44.639930,0.6256995664637108,lstm
SVC-000013,EVT-0001393,2026-06-11 09:52:53.571291,0.7246955436256043,baseline_fallback
SVC-000053,EVT-0001394,2026-06-11 09:53:34.085741,0.480393077738321,lstm
USR-000081,EVT-0001395,2026-06-11 09:53:56.981034,0.33360520407109445,baseline_fallback
USR-000031,EVT-0001396,2026-06-11 09:54:39.263245,0.3989123913807156,baseline_fallback
USR-000207,EVT-0001397,2026-06-11 09:55:20.559408,0.3250293351522501,baseline_fallback
SVC-000013,EVT-0001398,2026-06-11 09:56:31.958191,0.8011661490854448,baseline_fallback
USR-000133,EVT-0001399,2026-06-11 09:56:56.218230,0.6654102040347922,baseline_fallback
USR-000023,EVT-0001400,2026-06-11 09:58:30.351145,0.7668965395362013,baseline_fallback
USR-000051,EVT-0001401,2026-06-11 09:58:54.997605,0.747996504933097,baseline_fallback
SVC-000042,EVT-0001402,2026-06-11 10:00:18.840644,0.8854400523385201,baseline_fallback
SVC-000024,EVT-0001403,2026-06-11 10:01:35.531265,0.6524740588489004,lstm
DEV-000020,EVT-0001404,2026-06-11 10:01:43.794785,0.5462871572636127,baseline_fallback
USR-000199,EVT-0001405,2026-06-11 10:05:54.528235,0.7353329344380561,baseline_fallback
USR-000086,EVT-0001406,2026-06-11 10:06:05.529968,0.3352816152630351,baseline_fallback
SVC-000024,EVT-0001407,2026-06-11 10:08:27.579023,0.39299060024830895,lstm
USR-000035,EVT-0001408,2026-06-11 10:09:24.621065,0.8948750522907415,baseline_fallback
USR-000098,EVT-0001409,2026-06-11 10:10:06.966339,0.7037304313106323,baseline_fallback
USR-000133,EVT-0001410,2026-06-11 10:11:13.230437,0.6748595022046519,baseline_fallback
USR-000044,EVT-0001411,2026-06-11 10:11:19.437391,0.35394090680158335,baseline_fallback
SVC-000013,EVT-0001412,2026-06-11 10:11:29.865000,0.710587040614591,baseline_fallback
USR-000024,EVT-0001413,2026-06-11 10:11:33.339000,0.661462574897811,baseline_fallback
SVC-000024,EVT-0001414,2026-06-11 10:12:00.008846,0.3362404837683871,lstm
USR-000043,EVT-0001415,2026-06-11 10:12:06.034823,0.4087805809002809,baseline_fallback
USR-000039,EVT-0001416,2026-06-11 10:12:16.966992,0.6495666036482938,baseline_fallback
SVC-000013,EVT-0001417,2026-06-11 10:13:30.247029,0.9773099247322001,lstm
USR-000069,EVT-0001418,2026-06-11 10:13:51.621679,0.6934988324419317,baseline_fallback
SVC-000024,EVT-0001419,2026-06-11 10:13:55.734852,0.3579946164907088,lstm
USR-000177,EVT-0001420,2026-06-11 10:15:05.264962,0.3610567287227885,baseline_fallback
SVC-000013,EVT-0001421,2026-06-11 10:16:09.784429,0.6768961070783235,lstm
SVC-000039,EVT-0001422,2026-06-11 10:17:07.275952,0.6678500470530736,lstm
USR-000082,EVT-0001423,2026-06-11 10:17:15.961016,0.33600902836010943,baseline_fallback
USR-000042,EVT-0001424,2026-06-11 10:17:42.448221,0.3495202435400761,baseline_fallback
USR-000078,EVT-0001425,2026-06-11 10:17:57.410010,0.3223129404390908,baseline_fallback
SVC-000013,EVT-0001426,2026-06-11 10:18:21.574290,0.7143005234710845,lstm
SVC-000013,EVT-0001427,2026-06-11 10:18:59.117737,0.7444422025250408,lstm
USR-000044,EVT-0001428,2026-06-11 10:19:12.259861,0.425544757896486,baseline_fallback
SVC-000024,EVT-0001429,2026-06-11 10:24:34.500532,0.3091497967780112,lstm
SVC-000013,EVT-0001430,2026-06-11 10:25:15.245730,0.30478650746471186,lstm
DEV-000011,EVT-0001431,2026-06-11 10:25:36.406738,0.8383567138073944,lstm
USR-000105,EVT-0001432,2026-06-11 10:25:56.084068,0.3007644888600771,baseline_fallback
USR-000001,EVT-0001433,2026-06-11 10:27:59.377036,0.75253622573883,baseline_fallback
USR-000156,EVT-0001434,2026-06-11 10:29:04.341602,0.6951476516217767,baseline_fallback
SVC-000013,EVT-0001435,2026-06-11 10:29:28.263185,0.41812923242934547,lstm
SVC-000024,EVT-0001436,2026-06-11 10:29:39.849692,0.33110023525254845,lstm
SVC-000013,EVT-0001437,2026-06-11 10:30:20.238456,0.4661659965811703,lstm
SVC-000024,EVT-0001438,2026-06-11 10:30:38.167222,0.3977759242519356,lstm
USR-000182,EVT-0001439,2026-06-11 10:31:34.026435,0.3847514051835238,baseline_fallback
SVC-000053,EVT-0001440,2026-06-11 10:33:53.132893,0.5396035197608701,lstm
SVC-000013,EVT-0001441,2026-06-11 10:34:11.083194,0.41139177698511425,lstm
SVC-000013,EVT-0001442,2026-06-11 10:35:45.189111,0.4451909455767432,lstm
SVC-000013,EVT-0001443,2026-06-11 10:36:59.602455,0.5062784467224541,lstm
USR-000022,EVT-0001444,2026-06-11 10:37:10.373409,0.3547286688672379,baseline_fallback
USR-000005,EVT-0001445,2026-06-11 10:37:40.908176,0.32242964215282627,baseline_fallback
USR-000013,EVT-0001446,2026-06-11 10:37:50.410474,0.7514285777052518,baseline_fallback
USR-000138,EVT-0001447,2026-06-11 10:37:59.397197,0.31692521478032554,baseline_fallback
USR-000090,EVT-0001448,2026-06-11 10:39:14.921325,0.729929760316007,baseline_fallback
SVC-000039,EVT-0001449,2026-06-11 10:39:15.703977,0.5927616532142296,lstm
USR-000137,EVT-0001450,2026-06-11 10:39:23.465886,0.37099903239306387,baseline_fallback
USR-000057,EVT-0001451,2026-06-11 10:39:35.656746,0.945082763756627,baseline_fallback
USR-000080,EVT-0001452,2026-06-11 10:40:16.658355,0.33506352996944455,baseline_fallback
USR-000066,EVT-0001453,2026-06-11 10:40:38.920842,0.3199636253992699,baseline_fallback
SVC-000008,EVT-0001454,2026-06-11 10:40:39.851936,0.8854400523385201,baseline_fallback
SVC-000039,EVT-0001455,2026-06-11 10:40:53.545439,0.6952245611561391,lstm
USR-000031,EVT-0001456,2026-06-11 10:41:00.333178,0.4066039990596392,baseline_fallback
SVC-000053,EVT-0001457,2026-06-11 10:41:23.866422,0.3211683142857423,lstm
SVC-000013,EVT-0001458,2026-06-11 10:42:05.772633,0.297889249745335,lstm
USR-000031,EVT-0001459,2026-06-11 10:43:26.518774,0.34118206182497735,baseline_fallback
USR-000082,EVT-0001460,2026-06-11 10:43:37.815955,0.704889370222437,baseline_fallback
USR-000177,EVT-0001461,2026-06-11 10:43:58.831783,0.7409114103634844,baseline_fallback
USR-000090,EVT-0001462,2026-06-11 10:46:17.832722,0.7248194839190872,baseline_fallback
USR-000207,EVT-0001463,2026-06-11 10:47:05.683561,0.3124892400752356,baseline_fallback
SVC-000039,EVT-0001464,2026-06-11 10:47:09.496516,0.3407600808857624,lstm
USR-000162,EVT-0001465,2026-06-11 10:48:17.568431,0.3801797868170786,baseline_fallback
USR-000069,EVT-0001466,2026-06-11 10:48:26.209004,0.6682346741396901,baseline_fallback
USR-000111,EVT-0001467,2026-06-11 10:49:14.012909,0.40056705451370633,baseline_fallback
USR-000177,EVT-0001468,2026-06-11 10:49:27.853153,0.7191053611921386,baseline_fallback
DEV-000018,EVT-0001469,2026-06-11 10:50:05.440327,0.3938866025723477,baseline_fallback
USR-000098,EVT-0001470,2026-06-11 10:50:20.638447,0.6789692815511909,baseline_fallback
USR-000178,EVT-0001471,2026-06-11 10:51:21.546065,0.7079858736342841,baseline_fallback
USR-000060,EVT-0001472,2026-06-11 10:51:28.016848,0.31895624496301606,baseline_fallback
USR-000213,EVT-0001473,2026-06-11 10:52:06.639166,0.3200817881304084,baseline_fallback
SVC-000050,EVT-0001474,2026-06-11 10:52:41.250386,0.6784696698789863,baseline_fallback
DEV-000009,EVT-0001475,2026-06-11 10:54:05.164437,0.34674850217121866,baseline_fallback
SVC-000016,EVT-0001476,2026-06-11 10:57:31.837179,0.784269384978316,baseline_fallback
USR-000060,EVT-0001477,2026-06-11 10:58:19.835045,0.38382927583559556,baseline_fallback
USR-000183,EVT-0001478,2026-06-11 10:58:28.544193,0.35260164779585784,baseline_fallback
SVC-000050,EVT-0001479,2026-06-11 10:58:38.024458,0.9859371526469964,baseline_fallback
SVC-000050,EVT-0001480,2026-06-11 10:58:57.145969,0.7233502001006248,baseline_fallback
USR-000121,EVT-0001481,2026-06-11 10:59:00.341272,0.36336973037572856,baseline_fallback
SVC-000053,EVT-0001482,2026-06-11 10:59:49.502372,0.7222151010112065,lstm
SVC-000013,EVT-0001483,2026-06-11 11:00:15.755407,0.5417374170862697,lstm
USR-000123,EVT-0001484,2026-06-11 11:01:55.137595,0.39522874570259303,baseline_fallback
USR-000162,EVT-0001485,2026-06-11 11:01:56.883492,0.3109972909009272,baseline_fallback
USR-000155,EVT-0001486,2026-06-11 11:02:56.610723,0.4016161630637095,baseline_fallback
USR-000035,EVT-0001487,2026-06-11 11:04:33.247591,0.8811348656748276,baseline_fallback
USR-000133,EVT-0001488,2026-06-11 11:04:56.298169,0.6446598313429361,baseline_fallback
USR-000105,EVT-0001489,2026-06-11 11:05:28.827960,0.32384913136405175,baseline_fallback
SVC-000039,EVT-0001490,2026-06-11 11:09:18.146662,0.5812583553316552,lstm
USR-000126,EVT-0001491,2026-06-11 11:09:52.828166,0.9006191932629716,baseline_fallback
USR-000069,EVT-0001492,2026-06-11 11:11:02.831445,0.7450924592826663,baseline_fallback
SVC-000008,EVT-0001493,2026-06-11 11:11:33.355600,0.7887007456925275,baseline_fallback
USR-000060,EVT-0001494,2026-06-11 11:11:54.447775,0.39108760186586694,baseline_fallback
USR-000086,EVT-0001495,2026-06-11 11:12:02.680834,0.6522141581518017,baseline_fallback
USR-000115,EVT-0001496,2026-06-11 11:13:50.236018,0.39743908429385155,baseline_fallback
USR-000079,EVT-0001497,2026-06-11 11:14:15.965939,0.3406759654881034,baseline_fallback
SVC-000050,EVT-0001498,2026-06-11 11:15:03.435203,0.783136271831551,baseline_fallback
USR-000135,EVT-0001499,2026-06-11 11:15:08.181555,0.2857383774857021,baseline_fallback
USR-000019,EVT-0001500,2026-06-11 11:15:38.355127,0.7102919232322574,baseline_fallback
SVC-000008,EVT-0001501,2026-06-11 11:16:21.872707,0.6763405800263863,baseline_fallback
SVC-000001,EVT-0001502,2026-06-11 11:17:31.389615,0.3784414659240993,baseline_fallback
USR-000133,EVT-0001503,2026-06-11 11:17:31.603873,0.31975557812419136,baseline_fallback
USR-000132,EVT-0001504,2026-06-11 11:17:51.767020,0.4631642772577553,baseline_fallback
USR-000167,EVT-0001505,2026-06-11 11:18:38.319439,0.27850814133995105,baseline_fallback
USR-000123,EVT-0001506,2026-06-11 11:23:46.986714,0.42666495534889926,baseline_fallback
USR-000024,EVT-0001507,2026-06-11 11:24:21.432420,0.331670699824408,baseline_fallback
USR-000155,EVT-0001508,2026-06-11 11:24:43.021883,0.6475527552560157,baseline_fallback
USR-000031,EVT-0001509,2026-06-11 11:24:50.766767,0.356512995319318,baseline_fallback
USR-000167,EVT-0001510,2026-06-11 11:25:17.995032,0.3133975723288408,baseline_fallback
DEV-000023,EVT-0001511,2026-06-11 11:27:13.935269,0.49814345189550563,lstm
USR-000161,EVT-0001512,2026-06-11 11:27:26.247587,0.4626227037543075,baseline_fallback
USR-000058,EVT-0001513,2026-06-11 11:27:32.632688,0.4028796768939467,baseline_fallback
USR-000099,EVT-0001514,2026-06-11 11:27:35.191404,0.6436621368024338,baseline_fallback
DEV-000013,EVT-0001515,2026-06-11 11:28:05.463400,0.6040619358623085,baseline_fallback
USR-000151,EVT-0001516,2026-06-11 11:28:55.788676,0.3199092570088281,baseline_fallback
DEV-000003,EVT-0001517,2026-06-11 11:29:03.191067,0.3440064162949877,baseline_fallback
DEV-000015,EVT-0001518,2026-06-11 11:29:09.728230,0.4844493633328655,baseline_fallback
SVC-000039,EVT-0001519,2026-06-11 11:29:13.762772,0.3615177492401125,lstm
USR-000058,EVT-0001520,2026-06-11 11:29:47.532313,0.4602085569602498,baseline_fallback
USR-000155,EVT-0001521,2026-06-11 11:30:53.627198,0.3549893044545842,baseline_fallback
USR-000137,EVT-0001522,2026-06-11 11:31:30.563532,0.653713035434467,baseline_fallback
USR-000069,EVT-0001523,2026-06-11 11:32:31.058500,0.33700785472070177,baseline_fallback
USR-000048,EVT-0001524,2026-06-11 11:34:54.087979,0.41996774099649087,baseline_fallback
USR-000042,EVT-0001525,2026-06-11 11:35:37.860280,0.3413548731449488,baseline_fallback
DEV-000004,EVT-0001526,2026-06-11 11:35:44.673052,0.9263686397278736,baseline_fallback
USR-000123,EVT-0001527,2026-06-11 11:36:01.358385,0.3081869347170658,baseline_fallback
USR-000102,EVT-0001528,2026-06-11 11:38:10.888324,0.34859173239832825,baseline_fallback
USR-000006,EVT-0001529,2026-06-11 11:38:18.607428,0.28649916822188687,baseline_fallback
USR-000168,EVT-0001530,2026-06-11 11:39:32.659714,0.3894953607238788,baseline_fallback
USR-000167,EVT-0001531,2026-06-11 11:41:29.132652,0.3276837612287615,baseline_fallback
USR-000031,EVT-0001532,2026-06-11 11:42:31.997146,0.33104422043046167,baseline_fallback
USR-000121,EVT-0001533,2026-06-11 11:42:55.476052,0.3335853708969164,baseline_fallback
USR-000035,EVT-0001534,2026-06-11 11:43:31.894812,0.9010795390152203,baseline_fallback
USR-000175,EVT-0001535,2026-06-11 11:44:22.525738,0.6301598380513351,baseline_fallback
USR-000064,EVT-0001536,2026-06-11 11:44:42.389851,0.3461129815388431,baseline_fallback
USR-000156,EVT-0001537,2026-06-11 11:45:21.454089,0.6093017843727708,baseline_fallback
USR-000208,EVT-0001538,2026-06-11 11:45:23.128229,0.6839118831173031,baseline_fallback
USR-000082,EVT-0001539,2026-06-11 11:45:31.799784,0.3666662094597617,baseline_fallback
USR-000104,EVT-0001540,2026-06-11 11:45:41.562444,0.3176419780122815,baseline_fallback
SVC-000053,EVT-0001541,2026-06-11 11:47:14.864165,0.4070947647462061,lstm
SVC-000008,EVT-0001542,2026-06-11 11:47:25.380758,0.8499422288771302,lstm
SVC-000001,EVT-0001543,2026-06-11 11:48:27.147285,0.35059384953047706,baseline_fallback
DEV-000026,EVT-0001544,2026-06-11 11:48:43.942086,0.6504579007090278,baseline_fallback
SVC-000039,EVT-0001545,2026-06-11 11:48:44.922294,0.4311372658169949,lstm
USR-000062,EVT-0001546,2026-06-11 11:48:49.227223,0.8621506743713108,baseline_fallback
SVC-000024,EVT-0001547,2026-06-11 11:49:10.611188,0.6427000779623614,lstm
SVC-000034,EVT-0001548,2026-06-11 11:53:21.203896,0.39068637766763814,baseline_fallback
DEV-000010,EVT-0001549,2026-06-11 11:57:53.422524,0.4439183679479218,baseline_fallback
USR-000115,EVT-0001550,2026-06-11 11:58:13.580081,0.32635232574466744,baseline_fallback
USR-000024,EVT-0001551,2026-06-11 11:59:01.587147,0.4118304154108914,baseline_fallback
DEV-000016,EVT-0001552,2026-06-11 12:00:35.870974,0.656014082351662,baseline_fallback
USR-000177,EVT-0001553,2026-06-11 12:00:44.385317,0.3544811351853981,baseline_fallback
USR-000076,EVT-0001554,2026-06-11 12:01:05.514385,0.7126377955784017,baseline_fallback
USR-000115,EVT-0001555,2026-06-11 12:02:24.281656,0.30397378517213763,baseline_fallback
DEV-000018,EVT-0001556,2026-06-11 12:03:25.396135,0.4184145333606004,baseline_fallback
USR-000023,EVT-0001557,2026-06-11 12:03:29.205022,0.36099452386107495,baseline_fallback
SVC-000008,EVT-0001558,2026-06-11 12:05:14.894560,0.7747945557755134,lstm
USR-000006,EVT-0001559,2026-06-11 12:06:59.980800,0.43929628957734274,baseline_fallback
SVC-000050,EVT-0001560,2026-06-11 12:07:13.869074,0.7885124519330786,baseline_fallback
USR-000042,EVT-0001561,2026-06-11 12:08:45.205379,0.32418537887518345,baseline_fallback
SVC-000008,EVT-0001562,2026-06-11 12:08:51.441905,0.7598133638316665,lstm
USR-000064,EVT-0001563,2026-06-11 12:09:09.473966,0.32049972767158863,baseline_fallback
USR-000087,EVT-0001564,2026-06-11 12:09:48.849031,0.7318630602445276,baseline_fallback
USR-000059,EVT-0001565,2026-06-11 12:10:00.815039,0.33121478613469596,baseline_fallback
SVC-000034,EVT-0001566,2026-06-11 12:12:16.650405,0.3716318613572477,baseline_fallback
USR-000133,EVT-0001567,2026-06-11 12:14:19.060385,0.9848760080076365,baseline_fallback
USR-000048,EVT-0001568,2026-06-11 12:14:44.994015,0.8356392995239185,baseline_fallback
USR-000002,EVT-0001569,2026-06-11 12:15:45.760173,0.3885555664910032,baseline_fallback
USR-000078,EVT-0001570,2026-06-11 12:15:51.005389,0.34098435998214305,baseline_fallback
DEV-000021,EVT-0001571,2026-06-11 12:16:19.155599,0.3291063600497711,baseline_fallback
USR-000054,EVT-0001572,2026-06-11 12:16:32.820821,0.7709639766128832,baseline_fallback
SVC-000050,EVT-0001573,2026-06-11 12:18:02.570637,0.7920374571712231,baseline_fallback
USR-000178,EVT-0001574,2026-06-11 12:18:42.900625,0.9356036029802078,baseline_fallback
USR-000206,EVT-0001575,2026-06-11 12:19:06.542924,0.6958997567358779,baseline_fallback
USR-000145,EVT-0001576,2026-06-11 12:21:27.592782,0.9002547764945633,baseline_fallback
USR-000115,EVT-0001577,2026-06-11 12:21:47.391846,0.4461198564590056,baseline_fallback
USR-000176,EVT-0001578,2026-06-11 12:22:19.306376,0.6867263860043296,baseline_fallback
USR-000057,EVT-0001579,2026-06-11 12:23:31.713438,0.2898077904814837,baseline_fallback
USR-000023,EVT-0001580,2026-06-11 12:23:55.667112,0.7364206399505959,baseline_fallback
USR-000098,EVT-0001581,2026-06-11 12:24:31.934995,0.6876185519654873,baseline_fallback
USR-000048,EVT-0001582,2026-06-11 12:24:36.676691,0.9432501508260901,baseline_fallback
SVC-000039,EVT-0001583,2026-06-11 12:24:55.534561,0.5573416520258704,lstm
USR-000091,EVT-0001584,2026-06-11 12:26:38.290426,0.3582242566886641,baseline_fallback
USR-000097,EVT-0001585,2026-06-11 12:27:22.497115,0.3626550567041918,baseline_fallback
USR-000057,EVT-0001586,2026-06-11 12:28:24.015037,0.39451514577436836,baseline_fallback
USR-000145,EVT-0001587,2026-06-11 12:32:37.744896,0.6859129633632738,baseline_fallback
USR-000179,EVT-0001588,2026-06-11 12:32:46.996247,0.8829879351918326,baseline_fallback
USR-000121,EVT-0001589,2026-06-11 12:35:04.884786,0.3677672929101019,baseline_fallback
USR-000023,EVT-0001590,2026-06-11 12:35:23.033603,0.3092098551976811,baseline_fallback
USR-000160,EVT-0001591,2026-06-11 12:35:34.078923,0.29401220704172953,baseline_fallback
USR-000104,EVT-0001592,2026-06-11 12:36:05.250142,0.29839988124937605,baseline_fallback
USR-000069,EVT-0001593,2026-06-11 12:36:25.058303,0.6980781809100086,baseline_fallback
SVC-000008,EVT-0001594,2026-06-11 12:37:31.131808,0.4788149794286605,lstm
USR-000053,EVT-0001595,2026-06-11 12:39:17.671711,0.6784521392827032,baseline_fallback
USR-000193,EVT-0001596,2026-06-11 12:39:18.235680,0.4121497784570471,baseline_fallback
DEV-000020,EVT-0001597,2026-06-11 12:40:19.944614,0.4343531401269777,baseline_fallback
USR-000011,EVT-0001598,2026-06-11 12:40:22.517169,0.900796067730208,baseline_fallback
USR-000156,EVT-0001599,2026-06-11 12:43:08.559855,0.30850430697914893,baseline_fallback
USR-000116,EVT-0001600,2026-06-11 12:45:44.220591,0.3057949350113558,baseline_fallback
USR-000076,EVT-0001601,2026-06-11 12:46:09.765905,0.69792586214375,baseline_fallback
SVC-000017,EVT-0001602,2026-06-11 12:47:21.978582,0.7856233121249383,baseline_fallback
USR-000090,EVT-0001603,2026-06-11 12:48:24.906457,0.7219487759732683,baseline_fallback
USR-000154,EVT-0001604,2026-06-11 12:48:32.483437,0.658268353484813,baseline_fallback
USR-000183,EVT-0001605,2026-06-11 12:49:00.111990,0.39576546543243596,baseline_fallback
USR-000183,EVT-0001606,2026-06-11 12:50:19.774914,0.34406957675338135,baseline_fallback
SVC-000001,EVT-0001607,2026-06-11 12:50:38.257381,0.680493141046521,baseline_fallback
SVC-000034,EVT-0001608,2026-06-11 12:50:38.918017,0.7635152714143528,baseline_fallback
SVC-000017,EVT-0001609,2026-06-11 12:51:09.423035,0.7415464770526562,baseline_fallback
SVC-000008,EVT-0001610,2026-06-11 12:51:36.077431,0.398526615224892,lstm
USR-000183,EVT-0001611,2026-06-11 12:53:59.436830,0.307959205129972,baseline_fallback
USR-000167,EVT-0001612,2026-06-11 12:54:04.781206,0.6430184747354494,baseline_fallback
USR-000086,EVT-0001613,2026-06-11 12:55:03.532968,0.3748472699900849,baseline_fallback
SVC-000027,EVT-0001614,2026-06-11 12:55:42.872739,0.7372655415498013,baseline_fallback
SVC-000053,EVT-0001615,2026-06-11 12:57:02.728155,0.6241212576024885,lstm
USR-000002,EVT-0001616,2026-06-11 12:58:20.170946,0.37291219893386657,baseline_fallback
SVC-000008,EVT-0001617,2026-06-11 12:58:58.304503,0.7159511006573628,lstm
USR-000130,EVT-0001618,2026-06-11 13:00:05.247342,0.3516984302666146,baseline_fallback
USR-000086,EVT-0001619,2026-06-11 13:00:58.448247,0.6628323932850803,baseline_fallback
USR-000084,EVT-0001620,2026-06-11 13:01:23.529826,0.7126183321310601,baseline_fallback
USR-000051,EVT-0001621,2026-06-11 13:02:12.984635,0.38558021421467126,baseline_fallback
USR-000053,EVT-0001622,2026-06-11 13:02:49.074513,0.695017454170013,baseline_fallback
USR-000031,EVT-0001623,2026-06-11 13:03:12.121628,0.37251883048910045,baseline_fallback
DEV-000016,EVT-0001624,2026-06-11 13:03:38.679753,0.43442956388701987,baseline_fallback
SVC-000050,EVT-0001625,2026-06-11 13:04:40.360819,0.7794288630310455,baseline_fallback
USR-000044,EVT-0001626,2026-06-11 13:04:48.241668,0.37489415764661055,baseline_fallback
DEV-000003,EVT-0001627,2026-06-11 13:07:02.841286,0.7625925660324192,baseline_fallback
USR-000135,EVT-0001628,2026-06-11 13:07:03.050458,0.37856645807997846,baseline_fallback
USR-000051,EVT-0001629,2026-06-11 13:10:09.179320,0.7642026999047059,baseline_fallback
USR-000064,EVT-0001630,2026-06-11 13:11:50.777139,0.38094765042053946,baseline_fallback
SVC-000043,EVT-0001631,2026-06-11 13:13:14.219172,0.4366780233250372,baseline_fallback
USR-000048,EVT-0001632,2026-06-11 13:15:25.367286,0.6951329214819884,baseline_fallback
SVC-000043,EVT-0001633,2026-06-11 13:15:31.530750,0.36845726084131675,baseline_fallback
SVC-000050,EVT-0001634,2026-06-11 13:16:14.359513,0.8400526498576224,baseline_fallback
SVC-000043,EVT-0001635,2026-06-11 13:17:01.188109,0.43012627063975584,baseline_fallback
USR-000153,EVT-0001636,2026-06-11 13:17:38.396298,0.3403825629908134,baseline_fallback
USR-000209,EVT-0001637,2026-06-11 13:17:47.532809,0.35147514762409415,baseline_fallback
USR-000062,EVT-0001638,2026-06-11 13:19:00.502067,0.6966127616269462,baseline_fallback
SVC-000017,EVT-0001639,2026-06-11 13:19:00.927173,0.7943059055884454,baseline_fallback
USR-000042,EVT-0001640,2026-06-11 13:19:35.794373,0.3213584007636366,baseline_fallback
USR-000080,EVT-0001641,2026-06-11 13:19:47.131589,0.39320674605801137,baseline_fallback
USR-000193,EVT-0001642,2026-06-11 13:22:44.722474,0.3913373474357697,baseline_fallback
USR-000037,EVT-0001643,2026-06-11 13:23:16.396753,0.35745432654431847,baseline_fallback
DEV-000001,EVT-0001644,2026-06-11 13:25:07.035172,0.7625925660324192,baseline_fallback
USR-000180,EVT-0001645,2026-06-11 13:26:47.469544,0.6718129019159403,baseline_fallback
USR-000023,EVT-0001646,2026-06-11 13:29:15.794876,0.4300925491531407,baseline_fallback
SVC-000022,EVT-0001647,2026-06-11 13:31:09.964551,0.3780301203245008,baseline_fallback
SVC-000039,EVT-0001648,2026-06-11 13:31:35.642958,0.6904985636901801,lstm
DEV-000021,EVT-0001649,2026-06-11 13:31:41.532691,0.373079309395408,baseline_fallback
USR-000037,EVT-0001650,2026-06-11 13:32:26.398407,0.4077392038297867,baseline_fallback
DEV-000009,EVT-0001651,2026-06-11 13:33:16.816198,0.6012530378420037,baseline_fallback
DEV-000022,EVT-0001652,2026-06-11 13:34:41.429403,0.9507375024159159,baseline_fallback
USR-000060,EVT-0001653,2026-06-11 13:34:48.729390,0.6567965723348266,baseline_fallback
USR-000091,EVT-0001654,2026-06-11 13:37:00.444633,0.36959309123142775,baseline_fallback
USR-000136,EVT-0001655,2026-06-11 13:37:42.303458,0.9221872231781401,baseline_fallback
SVC-000050,EVT-0001656,2026-06-11 13:37:52.715305,0.7598377294561415,baseline_fallback
SVC-000017,EVT-0001657,2026-06-11 13:38:35.474217,0.7863539230011707,baseline_fallback
USR-000146,EVT-0001658,2026-06-11 13:39:55.286755,0.6778127705147037,baseline_fallback
USR-000079,EVT-0001659,2026-06-11 13:40:03.192671,0.33886180034414787,baseline_fallback
SVC-000012,EVT-0001660,2026-06-11 13:42:21.571152,0.9989069679721413,lstm
USR-000060,EVT-0001661,2026-06-11 13:43:13.070598,0.3200970506238534,baseline_fallback
USR-000190,EVT-0001662,2026-06-11 13:43:35.454140,0.334805436144334,baseline_fallback
SVC-000043,EVT-0001663,2026-06-11 13:43:51.358989,0.38957758508519635,baseline_fallback
USR-000176,EVT-0001664,2026-06-11 13:45:29.885833,0.6379137470403813,baseline_fallback
USR-000042,EVT-0001665,2026-06-11 13:45:36.821155,0.3414069942935484,baseline_fallback
USR-000157,EVT-0001666,2026-06-11 13:48:31.565022,0.388395892641265,baseline_fallback
DEV-000023,EVT-0001667,2026-06-11 13:49:06.650858,0.5,lstm
USR-000145,EVT-0001668,2026-06-11 13:49:52.904159,0.7052390113048054,baseline_fallback
USR-000126,EVT-0001669,2026-06-11 13:49:56.542060,0.902896270895553,baseline_fallback
USR-000108,EVT-0001670,2026-06-11 13:53:10.999298,0.3372602650735613,baseline_fallback
SVC-000001,EVT-0001671,2026-06-11 13:53:16.579571,0.4366780233250372,baseline_fallback
USR-000162,EVT-0001672,2026-06-11 13:53:18.929520,0.3201534881683631,baseline_fallback
USR-000084,EVT-0001673,2026-06-11 13:53:51.001172,0.39428259983127667,baseline_fallback
USR-000109,EVT-0001674,2026-06-11 13:57:00.346208,0.3151743308844385,baseline_fallback
SVC-000050,EVT-0001675,2026-06-11 13:57:46.005538,0.8448452793051546,baseline_fallback
USR-000086,EVT-0001676,2026-06-11 13:58:18.484475,0.41095366152223695,baseline_fallback
USR-000204,EVT-0001677,2026-06-11 13:59:36.687373,0.4155697076254241,baseline_fallback
USR-000208,EVT-0001678,2026-06-11 14:02:45.889076,0.674312694057653,baseline_fallback
USR-000175,EVT-0001679,2026-06-11 14:03:34.584135,0.6818997145294566,baseline_fallback
SVC-000017,EVT-0001680,2026-06-11 14:04:18.288051,0.9999328893662948,lstm
USR-000078,EVT-0001681,2026-06-11 14:05:13.619659,0.3593654639910096,baseline_fallback
SVC-000050,EVT-0001682,2026-06-11 14:06:01.900855,0.6830695745731851,baseline_fallback
USR-000160,EVT-0001683,2026-06-11 14:08:16.546210,0.3161785282121915,baseline_fallback
USR-000011,EVT-0001684,2026-06-11 14:09:28.156229,0.6865890082315622,baseline_fallback
USR-000050,EVT-0001685,2026-06-11 14:10:39.716976,0.6762562953000114,baseline_fallback
USR-000005,EVT-0001686,2026-06-11 14:10:41.632243,0.35525954548262084,baseline_fallback
USR-000044,EVT-0001687,2026-06-11 14:10:52.825634,0.3554010131232144,baseline_fallback
USR-000044,EVT-0001688,2026-06-11 14:11:21.539360,0.35991844358409775,baseline_fallback
USR-000127,EVT-0001689,2026-06-11 14:11:49.050064,0.39624804477702485,baseline_fallback
SVC-000017,EVT-0001690,2026-06-11 14:13:13.728575,0.9916457492862503,lstm
USR-000186,EVT-0001691,2026-06-11 14:14:22.702285,0.6243267722458243,baseline_fallback
DEV-000017,EVT-0001692,2026-06-11 14:16:24.293618,0.8736795525782862,baseline_fallback
DEV-000012,EVT-0001693,2026-06-11 14:16:40.104939,0.9693273211996318,baseline_fallback
USR-000136,EVT-0001694,2026-06-11 14:16:49.075072,0.8640710526025563,baseline_fallback
SVC-000050,EVT-0001695,2026-06-11 14:17:10.657699,0.7211855376214684,baseline_fallback
USR-000080,EVT-0001696,2026-06-11 14:18:15.577158,0.29726044360234516,baseline_fallback
USR-000143,EVT-0001697,2026-06-11 14:19:03.143266,0.31248499465354407,baseline_fallback
SVC-000043,EVT-0001698,2026-06-11 14:19:24.774381,0.3842725521801837,baseline_fallback
USR-000136,EVT-0001699,2026-06-11 14:19:29.710879,0.9034108123936164,baseline_fallback
SVC-000022,EVT-0001700,2026-06-11 14:19:47.418062,0.30877328769482265,baseline_fallback
DEV-000002,EVT-0001701,2026-06-11 14:22:40.623160,0.39042619545392904,baseline_fallback
SVC-000027,EVT-0001702,2026-06-11 14:22:46.182568,0.6881679485766323,baseline_fallback
USR-000196,EVT-0001703,2026-06-11 14:23:15.978459,0.36691771995866035,baseline_fallback
SVC-000022,EVT-0001704,2026-06-11 14:24:13.552802,0.27568963852114553,baseline_fallback
USR-000196,EVT-0001705,2026-06-11 14:24:16.760841,0.6629820087919749,baseline_fallback
USR-000185,EVT-0001706,2026-06-11 14:26:04.985763,0.3756194020779532,baseline_fallback
USR-000027,EVT-0001707,2026-06-11 14:27:20.061353,0.35982639383524584,baseline_fallback
USR-000185,EVT-0001708,2026-06-11 14:28:33.916889,0.36925199507411166,baseline_fallback
USR-000145,EVT-0001709,2026-06-11 14:29:20.395138,0.7183880756482816,baseline_fallback
SVC-000027,EVT-0001710,2026-06-11 14:29:22.319690,0.7096730815621732,baseline_fallback
SVC-000022,EVT-0001711,2026-06-11 14:29:38.965000,0.2767678742566805,baseline_fallback
USR-000079,EVT-0001712,2026-06-11 14:30:18.825402,0.32989319627763675,baseline_fallback
USR-000173,EVT-0001713,2026-06-11 14:31:32.805903,0.3996576875465637,baseline_fallback
USR-000001,EVT-0001714,2026-06-11 14:33:29.522844,0.32133274614866664,baseline_fallback
USR-000209,EVT-0001715,2026-06-11 14:33:55.261273,0.29322137190760333,baseline_fallback
SVC-000012,EVT-0001716,2026-06-11 14:34:19.935435,0.6163801439738548,lstm
USR-000192,EVT-0001717,2026-06-11 14:34:44.808216,0.34364693169830074,baseline_fallback
USR-000053,EVT-0001718,2026-06-11 14:36:39.071852,0.6342752966292311,baseline_fallback
USR-000064,EVT-0001719,2026-06-11 14:38:01.466912,0.3628403452412774,baseline_fallback
USR-000183,EVT-0001720,2026-06-11 14:39:09.423172,0.30001512350847864,baseline_fallback
DEV-000009,EVT-0001721,2026-06-11 14:39:37.708609,0.32345879636869024,baseline_fallback
SVC-000010,EVT-0001722,2026-06-11 14:42:07.810145,0.2758207648516944,baseline_fallback
USR-000118,EVT-0001723,2026-06-11 14:42:26.682477,0.4218494609001976,baseline_fallback
DEV-000011,EVT-0001724,2026-06-11 14:42:36.852057,0.7951973749447958,lstm
USR-000193,EVT-0001725,2026-06-11 14:42:37.710167,0.388445028857196,baseline_fallback
USR-000143,EVT-0001726,2026-06-11 14:45:24.128258,0.3053642703922904,baseline_fallback
USR-000115,EVT-0001727,2026-06-11 14:45:27.939936,0.4112355087340243,baseline_fallback
SVC-000017,EVT-0001728,2026-06-11 14:46:09.017115,0.9867458551063323,lstm
SVC-000050,EVT-0001729,2026-06-11 14:47:46.331889,0.7557167968571875,baseline_fallback
USR-000079,EVT-0001730,2026-06-11 14:48:41.271682,0.32453758786863884,baseline_fallback
USR-000045,EVT-0001731,2026-06-11 14:49:35.949062,0.31984068171841856,baseline_fallback
SVC-000027,EVT-0001732,2026-06-11 14:49:57.464373,0.6838902347192722,baseline_fallback
USR-000084,EVT-0001733,2026-06-11 14:51:14.327900,0.41334810938014943,baseline_fallback
USR-000052,EVT-0001734,2026-06-11 14:51:38.219231,0.3818164608448019,baseline_fallback
SVC-000026,EVT-0001735,2026-06-11 14:52:02.367105,0.36314006252874775,baseline_fallback
SVC-000036,EVT-0001736,2026-06-11 14:52:08.405529,0.7148448779362537,baseline_fallback
USR-000160,EVT-0001737,2026-06-11 14:52:53.400703,0.3278840490651984,baseline_fallback
SVC-000026,EVT-0001738,2026-06-11 14:56:02.460503,0.9999997276068004,lstm
USR-000183,EVT-0001739,2026-06-11 14:56:25.217410,0.38985528382167534,baseline_fallback
USR-000138,EVT-0001740,2026-06-11 14:59:24.306712,0.3220094645962171,baseline_fallback
USR-000213,EVT-0001741,2026-06-11 14:59:47.841753,0.2934904875451203,baseline_fallback
SVC-000049,EVT-0001742,2026-06-11 15:00:08.132793,0.28432491229414936,baseline_fallback
SVC-000043,EVT-0001743,2026-06-11 15:00:24.974764,0.293477813125184,baseline_fallback
USR-000176,EVT-0001744,2026-06-11 15:00:25.391781,0.9876789342337571,baseline_fallback
USR-000022,EVT-0001745,2026-06-11 15:01:06.565653,0.388249184557699,baseline_fallback
SVC-000023,EVT-0001746,2026-06-11 15:01:16.184397,0.284396776784786,baseline_fallback
SVC-000027,EVT-0001747,2026-06-11 15:01:42.625932,0.6959615345222115,baseline_fallback
SVC-000027,EVT-0001748,2026-06-11 15:02:40.832455,0.9995890175710697,lstm
USR-000208,EVT-0001749,2026-06-11 15:02:54.347315,0.7621338459466831,baseline_fallback
SVC-000010,EVT-0001750,2026-06-11 15:03:10.878713,0.29352092153925113,baseline_fallback
SVC-000027,EVT-0001751,2026-06-11 15:05:27.767931,0.9945242279579966,lstm
USR-000117,EVT-0001752,2026-06-11 15:06:27.794139,0.4242253039367864,baseline_fallback
USR-000200,EVT-0001753,2026-06-11 15:08:15.316191,0.7575254635303155,baseline_fallback
SVC-000027,EVT-0001754,2026-06-11 15:08:35.569215,0.9463832245327708,lstm
USR-000115,EVT-0001755,2026-06-11 15:08:48.707848,0.38329403641265153,lstm
SVC-000026,EVT-0001756,2026-06-11 15:09:43.513271,0.9995156535531814,lstm
DEV-000009,EVT-0001757,2026-06-11 15:12:19.406756,0.7414776068794809,lstm
USR-000197,EVT-0001758,2026-06-11 15:13:17.924080,0.7267989396913196,baseline_fallback
USR-000131,EVT-0001759,2026-06-11 15:14:06.613842,0.4445423193701799,baseline_fallback
SVC-000036,EVT-0001760,2026-06-11 15:14:53.616264,0.7472494824888094,baseline_fallback
DEV-000019,EVT-0001761,2026-06-11 15:14:55.017135,0.6207526941798022,baseline_fallback
USR-000177,EVT-0001762,2026-06-11 15:15:20.686376,0.448019213025909,baseline_fallback
SVC-000010,EVT-0001763,2026-06-11 15:16:06.822854,0.7343114521151947,baseline_fallback
USR-000052,EVT-0001764,2026-06-11 15:16:24.454523,0.4285466195917362,baseline_fallback
USR-000086,EVT-0001765,2026-06-11 15:17:16.571285,0.7695313048403647,baseline_fallback
USR-000140,EVT-0001766,2026-06-11 15:17:21.899763,0.3861286151830149,baseline_fallback
DEV-000002,EVT-0001767,2026-06-11 15:17:44.065853,0.6383367139679493,baseline_fallback
USR-000196,EVT-0001768,2026-06-11 15:17:46.734102,0.38915306217773266,baseline_fallback
USR-000079,EVT-0001769,2026-06-11 15:18:12.354869,0.39484459325337656,baseline_fallback
DEV-000017,EVT-0001770,2026-06-11 15:19:42.097746,0.8704839914811412,baseline_fallback
SVC-000026,EVT-0001771,2026-06-11 15:20:15.175413,0.7499829166017153,lstm
USR-000052,EVT-0001772,2026-06-11 15:23:27.260942,0.4196628260030385,baseline_fallback
USR-000143,EVT-0001773,2026-06-11 15:23:55.633258,0.3401441962183878,baseline_fallback
SVC-000036,EVT-0001774,2026-06-11 15:24:03.960358,0.7742820352066564,baseline_fallback
SVC-000036,EVT-0001775,2026-06-11 15:24:37.209426,0.9965627315395265,lstm
SVC-000036,EVT-0001776,2026-06-11 15:25:27.073402,0.8331715996593618,lstm
USR-000011,EVT-0001777,2026-06-11 15:25:48.882229,0.6667811071726414,baseline_fallback
USR-000004,EVT-0001778,2026-06-11 15:26:15.188224,0.40323747986634795,baseline_fallback
USR-000037,EVT-0001779,2026-06-11 15:26:45.623242,0.41135448097665794,baseline_fallback
USR-000109,EVT-0001780,2026-06-11 15:27:01.972487,0.42892756320268705,baseline_fallback
SVC-000012,EVT-0001781,2026-06-11 15:27:10.975494,0.6273228462881926,lstm
SVC-000038,EVT-0001782,2026-06-11 15:28:20.310570,0.28888197313589775,baseline_fallback
SVC-000010,EVT-0001783,2026-06-11 15:29:19.169904,0.35289875170195584,baseline_fallback
SVC-000038,EVT-0001784,2026-06-11 15:29:21.337711,0.7011206762486116,baseline_fallback
SVC-000049,EVT-0001785,2026-06-11 15:29:32.116621,0.415214025076922,baseline_fallback
USR-000011,EVT-0001786,2026-06-11 15:29:44.727272,0.6898537248032315,baseline_fallback
DEV-000006,EVT-0001787,2026-06-11 15:30:09.932824,0.8842852120341673,baseline_fallback
DEV-000012,EVT-0001788,2026-06-11 15:33:06.553341,0.9723099267365927,baseline_fallback
SVC-000027,EVT-0001789,2026-06-11 15:33:34.824075,0.9719869528860607,lstm
USR-000152,EVT-0001790,2026-06-11 15:36:36.297476,0.7396782135970958,baseline_fallback
USR-000213,EVT-0001791,2026-06-11 15:37:13.977321,0.40562843316626546,baseline_fallback
SVC-000033,EVT-0001792,2026-06-11 15:37:45.789428,0.3165260845577727,baseline_fallback
DEV-000013,EVT-0001793,2026-06-11 15:37:50.957008,0.2868486676725351,baseline_fallback
SVC-000049,EVT-0001794,2026-06-11 15:38:40.558248,0.3711989609533771,baseline_fallback
DEV-000013,EVT-0001795,2026-06-11 15:38:52.444573,0.3032181750061553,baseline_fallback
SVC-000036,EVT-0001796,2026-06-11 15:39:43.691270,0.718671529111895,lstm
USR-000208,EVT-0001797,2026-06-11 15:40:00.209583,0.765586611924235,baseline_fallback
USR-000187,EVT-0001798,2026-06-11 15:40:54.177955,0.36993333504041775,baseline_fallback
USR-000045,EVT-0001799,2026-06-11 15:41:07.895374,0.37475590736361397,baseline_fallback
SVC-000012,EVT-0001800,2026-06-11 15:46:10.292677,0.27776718013745494,lstm
SVC-000036,EVT-0001801,2026-06-11 15:46:31.656446,0.7557466147185609,lstm
USR-000111,EVT-0001802,2026-06-11 15:46:33.817885,0.4635636775157716,baseline_fallback
SVC-000036,EVT-0001803,2026-06-11 15:48:12.806315,0.5841683028143434,lstm
USR-000086,EVT-0001804,2026-06-11 15:48:39.728730,0.5353107951060669,baseline_fallback
SVC-000033,EVT-0001805,2026-06-11 15:49:50.471073,0.3634557738209591,baseline_fallback
SVC-000026,EVT-0001806,2026-06-11 15:49:55.489322,0.7171792235758537,lstm
SVC-000036,EVT-0001807,2026-06-11 15:52:31.150188,0.7066223444389299,lstm
USR-000034,EVT-0001808,2026-06-11 15:55:09.012497,0.3529983257962174,baseline_fallback
SVC-000010,EVT-0001809,2026-06-11 15:57:07.067195,0.7359848216520334,baseline_fallback
DEV-000021,EVT-0001810,2026-06-11 15:57:56.335619,0.34566210427316213,baseline_fallback
SVC-000023,EVT-0001811,2026-06-11 15:58:14.434960,0.29464446983091885,baseline_fallback
USR-000192,EVT-0001812,2026-06-11 15:59:29.568121,0.7954972003828711,baseline_fallback
DEV-000008,EVT-0001813,2026-06-11 16:01:03.053153,0.2852660893407824,baseline_fallback
SVC-000036,EVT-0001814,2026-06-11 16:01:27.071750,0.46780298269384357,lstm
SVC-000038,EVT-0001815,2026-06-11 16:05:32.046681,0.4506944726537011,baseline_fallback
USR-000154,EVT-0001816,2026-06-11 16:05:45.017363,0.8018151815952114,baseline_fallback
USR-000134,EVT-0001817,2026-06-11 16:06:13.448872,0.4022337134448173,baseline_fallback
USR-000062,EVT-0001818,2026-06-11 16:06:59.905239,0.7377783653488263,baseline_fallback
USR-000074,EVT-0001819,2026-06-11 16:07:35.779142,0.4243056158472636,baseline_fallback
DEV-000026,EVT-0001820,2026-06-11 16:07:38.164393,0.41761833699493756,baseline_fallback
USR-000012,EVT-0001821,2026-06-11 16:09:22.486397,0.47808450911467243,baseline_fallback
USR-000012,EVT-0001822,2026-06-11 16:09:42.400147,0.9572895884690749,baseline_fallback
SVC-000036,EVT-0001823,2026-06-11 16:10:03.921157,0.45986791561104284,lstm
SVC-000005,EVT-0001824,2026-06-11 16:10:33.593801,0.7373529724075338,baseline_fallback
USR-000056,EVT-0001825,2026-06-11 16:12:49.295137,0.3917339780432368,baseline_fallback
USR-000011,EVT-0001826,2026-06-11 16:13:07.166091,0.8952658886386818,baseline_fallback
SVC-000010,EVT-0001827,2026-06-11 16:15:40.868403,0.9976426002888966,lstm
SVC-000027,EVT-0001828,2026-06-11 16:16:56.121178,0.7741720277865197,lstm
DEV-000010,EVT-0001829,2026-06-11 16:18:10.483822,0.3362033256548076,baseline_fallback
USR-000134,EVT-0001830,2026-06-11 16:18:12.812737,0.7525350383908198,baseline_fallback
USR-000086,EVT-0001831,2026-06-11 16:18:46.958272,0.37944666926420195,baseline_fallback
USR-000011,EVT-0001832,2026-06-11 16:19:21.438199,0.6989219960994654,baseline_fallback
USR-000044,EVT-0001833,2026-06-11 16:20:55.157625,0.3673845904237854,baseline_fallback
SVC-000036,EVT-0001834,2026-06-11 16:21:30.942582,0.47481290739637155,lstm
USR-000138,EVT-0001835,2026-06-11 16:22:27.068023,0.36676732244551963,baseline_fallback
USR-000062,EVT-0001836,2026-06-11 16:22:52.563255,0.6939284278126479,baseline_fallback
DEV-000026,EVT-0001837,2026-06-11 16:29:04.326472,0.9845238734113348,baseline_fallback
USR-000160,EVT-0001838,2026-06-11 16:29:13.164739,0.42822688893113153,baseline_fallback
USR-000152,EVT-0001839,2026-06-11 16:30:26.770609,0.7145841050726535,baseline_fallback
SVC-000036,EVT-0001840,2026-06-11 16:30:40.268018,0.4903712505057294,lstm
USR-000012,EVT-0001841,2026-06-11 16:32:48.309546,0.7403979745538414,baseline_fallback
USR-000084,EVT-0001842,2026-06-11 16:33:56.595973,0.7575265594225272,baseline_fallback
USR-000208,EVT-0001843,2026-06-11 16:34:24.906834,0.6895029260917201,baseline_fallback
USR-000075,EVT-0001844,2026-06-11 16:35:59.898046,0.3917339780432368,baseline_fallback
USR-000175,EVT-0001845,2026-06-11 16:37:07.381549,0.9285962378004049,baseline_fallback
SVC-000005,EVT-0001846,2026-06-11 16:38:24.156512,0.3634650283943804,baseline_fallback
SVC-000026,EVT-0001847,2026-06-11 16:38:31.659863,0.9886402492757392,lstm
SVC-000026,EVT-0001848,2026-06-11 16:39:30.178123,0.9672615477005301,lstm
SVC-000036,EVT-0001849,2026-06-11 16:39:53.541404,0.42496686410777995,lstm
USR-000109,EVT-0001850,2026-06-11 16:42:11.648980,0.5025107968684234,baseline_fallback
USR-000193,EVT-0001851,2026-06-11 16:42:47.844459,0.744561795107015,baseline_fallback
SVC-000010,EVT-0001852,2026-06-11 16:47:29.689312,0.8845709679332474,lstm
USR-000101,EVT-0001853,2026-06-11 16:47:54.573766,0.709179572986554,baseline_fallback
USR-000062,EVT-0001854,2026-06-11 16:49:23.382270,0.6997546078332607,baseline_fallback
SVC-000026,EVT-0001855,2026-06-11 16:50:19.986292,0.9750955444503894,lstm
SVC-000026,EVT-0001856,2026-06-11 16:52:49.380586,0.9614059674591603,lstm
USR-000045,EVT-0001857,2026-06-11 16:55:29.076655,0.7454699757088508,baseline_fallback
USR-000209,EVT-0001858,2026-06-11 16:56:45.862562,0.7542799172217931,baseline_fallback
USR-000101,EVT-0001859,2026-06-11 16:57:18.257064,0.9887404822751911,baseline_fallback
SVC-000010,EVT-0001860,2026-06-11 16:57:18.486339,0.45037235100324374,lstm
USR-000045,EVT-0001861,2026-06-11 16:57:57.518108,0.7378834720618808,baseline_fallback
USR-000052,EVT-0001862,2026-06-11 17:01:30.546077,0.5308560915714521,baseline_fallback
USR-000033,EVT-0001863,2026-06-11 17:01:47.263102,0.7894317470354263,baseline_fallback
USR-000146,EVT-0001864,2026-06-11 17:03:10.079971,0.5028268249143801,baseline_fallback
USR-000192,EVT-0001865,2026-06-11 17:03:22.689211,0.4249763777767537,baseline_fallback
USR-000090,EVT-0001866,2026-06-11 17:03:40.994094,0.8045236027053032,baseline_fallback
USR-000186,EVT-0001867,2026-06-11 17:05:04.545526,0.7876773847630053,baseline_fallback
USR-000185,EVT-0001868,2026-06-11 17:05:25.954922,0.5038338428710734,baseline_fallback
SVC-000010,EVT-0001869,2026-06-11 17:06:49.806211,0.5195208907602037,lstm
USR-000061,EVT-0001870,2026-06-11 17:08:19.388422,0.4392121019079644,baseline_fallback
SVC-000010,EVT-0001871,2026-06-11 17:09:34.893983,0.6714977501205971,lstm
USR-000209,EVT-0001872,2026-06-11 17:11:36.708473,0.8321431176360671,baseline_fallback
SVC-000010,EVT-0001873,2026-06-11 17:11:52.471066,0.6694149824538465,lstm
SVC-000033,EVT-0001874,2026-06-11 17:12:45.777501,0.38972607223405875,baseline_fallback
USR-000075,EVT-0001875,2026-06-11 17:13:34.878687,0.452252451943581,baseline_fallback
USR-000115,EVT-0001876,2026-06-11 17:14:43.477845,0.834835794310359,lstm
DEV-000004,EVT-0001877,2026-06-11 17:15:15.095014,0.8950449041792993,baseline_fallback
SVC-000037,EVT-0001878,2026-06-11 17:15:24.350878,0.9630474385273028,baseline_fallback
USR-000117,EVT-0001879,2026-06-11 17:16:30.852175,0.5441838287594049,baseline_fallback
DEV-000020,EVT-0001880,2026-06-11 17:16:55.065740,0.25499850253080436,baseline_fallback
DEV-000004,EVT-0001881,2026-06-11 17:17:07.104137,0.8274437471220638,baseline_fallback
DEV-000024,EVT-0001882,2026-06-11 17:18:27.926822,0.9296843303912121,baseline_fallback
USR-000097,EVT-0001883,2026-06-11 17:19:01.239007,0.4931707513484632,baseline_fallback
SVC-000010,EVT-0001884,2026-06-11 17:19:07.443436,0.6172467880096453,lstm
USR-000012,EVT-0001885,2026-06-11 17:19:40.790084,0.45431329163177,baseline_fallback
SVC-000052,EVT-0001886,2026-06-11 17:20:01.123933,0.8683227376299063,baseline_fallback
USR-000187,EVT-0001887,2026-06-11 17:20:17.245249,0.5581288106492415,baseline_fallback
DEV-000011,EVT-0001888,2026-06-11 17:21:42.962741,0.5745072232895136,lstm
USR-000045,EVT-0001889,2026-06-11 17:22:01.567618,0.4621278269866635,baseline_fallback
USR-000065,EVT-0001890,2026-06-11 17:22:17.700429,0.5646940024190075,baseline_fallback
USR-000193,EVT-0001891,2026-06-11 17:23:11.336591,0.4915311583457547,baseline_fallback
SVC-000033,EVT-0001892,2026-06-11 17:24:07.542790,0.5201414392297122,baseline_fallback
USR-000045,EVT-0001893,2026-06-11 17:26:57.293848,0.46473812824174776,baseline_fallback
USR-000134,EVT-0001894,2026-06-11 17:29:04.515751,0.7631534217637735,baseline_fallback
USR-000052,EVT-0001895,2026-06-11 17:29:26.246368,0.5240401780311181,baseline_fallback
USR-000043,EVT-0001896,2026-06-11 17:30:57.870529,0.5528481408362597,baseline_fallback
USR-000144,EVT-0001897,2026-06-11 17:31:26.356511,0.7506232289441193,baseline_fallback
SVC-000038,EVT-0001898,2026-06-11 17:32:31.986190,0.5145476510101262,baseline_fallback
USR-000074,EVT-0001899,2026-06-11 17:34:53.470991,0.5147442469924475,baseline_fallback
SVC-000005,EVT-0001900,2026-06-11 17:36:27.446906,0.5886497192067854,baseline_fallback
SVC-000005,EVT-0001901,2026-06-11 17:38:25.480217,0.6388117775185101,baseline_fallback
SVC-000010,EVT-0001902,2026-06-11 17:39:34.386975,0.5516128428182084,lstm
SVC-000005,EVT-0001903,2026-06-11 17:40:47.244624,0.41085419481564606,baseline_fallback
SVC-000026,EVT-0001904,2026-06-11 17:40:56.928437,0.7985623570285008,lstm
SVC-000005,EVT-0001905,2026-06-11 17:41:49.842989,0.5181089072673909,baseline_fallback
USR-000117,EVT-0001906,2026-06-11 17:44:39.323150,0.5019103757415423,baseline_fallback
SVC-000038,EVT-0001907,2026-06-11 17:44:44.819403,0.4514589491393797,baseline_fallback
USR-000037,EVT-0001908,2026-06-11 17:45:47.553182,0.5282058177157942,baseline_fallback
SVC-000033,EVT-0001909,2026-06-11 17:45:58.192657,0.7053151710356292,baseline_fallback
USR-000045,EVT-0001910,2026-06-11 17:46:02.277420,0.4353666978452368,lstm
SVC-000033,EVT-0001911,2026-06-11 17:48:08.125148,0.6880612186994051,baseline_fallback
USR-000084,EVT-0001912,2026-06-11 17:50:55.623970,0.5150569527268938,baseline_fallback
SVC-000038,EVT-0001913,2026-06-11 17:51:49.139265,0.530400133614634,baseline_fallback
SVC-000004,EVT-0001914,2026-06-11 17:51:59.064001,0.4516205294887434,baseline_fallback
USR-000197,EVT-0001915,2026-06-11 17:52:48.849420,0.9444282746239506,baseline_fallback
SVC-000010,EVT-0001916,2026-06-11 17:54:39.945924,0.5169009077781966,lstm
DEV-000018,EVT-0001917,2026-06-11 17:55:57.054594,0.9505022832832053,lstm
DEV-000020,EVT-0001918,2026-06-11 17:57:20.726932,0.9374804862049042,lstm
USR-000152,EVT-0001919,2026-06-11 17:58:51.900480,0.8470885153404012,baseline_fallback
SVC-000052,EVT-0001920,2026-06-11 18:00:05.258925,0.7867083118340352,baseline_fallback
SVC-000038,EVT-0001921,2026-06-11 18:00:22.538264,0.47874392201309246,baseline_fallback
SVC-000038,EVT-0001922,2026-06-11 18:00:26.188439,0.4093612192047436,baseline_fallback
USR-000152,EVT-0001923,2026-06-11 18:01:03.087145,0.8674094447030861,baseline_fallback
SVC-000037,EVT-0001924,2026-06-11 18:02:16.910406,0.9591334587250885,baseline_fallback
USR-000117,EVT-0001925,2026-06-11 18:06:15.747638,0.5569250487869782,baseline_fallback
USR-000101,EVT-0001926,2026-06-11 18:06:16.041431,0.7910141624297204,baseline_fallback
SVC-000005,EVT-0001927,2026-06-11 18:06:26.492021,0.8555342440039178,baseline_fallback
SVC-000060,EVT-0001928,2026-06-11 18:08:17.469533,0.9483229630955085,baseline_fallback
USR-000045,EVT-0001929,2026-06-11 18:09:40.470943,0.39135245989086653,lstm
SVC-000044,EVT-0001930,2026-06-11 18:10:32.934800,0.38782058927934265,baseline_fallback
USR-000101,EVT-0001931,2026-06-11 18:10:44.569076,0.7959630684332296,baseline_fallback
USR-000146,EVT-0001932,2026-06-11 18:13:35.161699,0.5914186946365042,baseline_fallback
SVC-000060,EVT-0001933,2026-06-11 18:14:47.716804,0.9525103713092731,baseline_fallback
SVC-000033,EVT-0001934,2026-06-11 18:17:02.212008,0.6875601528467884,baseline_fallback
SVC-000004,EVT-0001935,2026-06-11 18:17:16.296919,0.9999538381937163,lstm
USR-000027,EVT-0001936,2026-06-11 18:17:16.478576,0.5648961641527332,baseline_fallback
SVC-000038,EVT-0001937,2026-06-11 18:17:27.779512,0.9814108739601507,lstm
SVC-000037,EVT-0001938,2026-06-11 18:20:23.853037,0.8151414369258527,baseline_fallback
DEV-000023,EVT-0001939,2026-06-11 18:20:25.788529,0.6127833465312142,lstm
USR-000146,EVT-0001940,2026-06-11 18:20:41.570127,0.5451454257910802,baseline_fallback
USR-000187,EVT-0001941,2026-06-11 18:21:01.170077,0.5014100341765266,baseline_fallback
USR-000052,EVT-0001942,2026-06-11 18:23:29.723006,0.5589252671099221,baseline_fallback
SVC-000010,EVT-0001943,2026-06-11 18:25:47.530751,0.6342891695201286,lstm
DEV-000005,EVT-0001944,2026-06-11 18:27:17.205968,0.3008841440002713,baseline_fallback
DEV-000006,EVT-0001945,2026-06-11 18:28:00.702551,0.9097950164057409,baseline_fallback
SVC-000023,EVT-0001946,2026-06-11 18:31:52.070277,0.36473593520649805,baseline_fallback
SVC-000057,EVT-0001947,2026-06-11 18:33:03.339079,0.5269862724142005,baseline_fallback
SVC-000006,EVT-0001948,2026-06-11 18:35:46.137503,0.999999314838925,lstm
USR-000126,EVT-0001949,2026-06-11 18:37:24.821901,0.8090272038382246,baseline_fallback
SVC-000037,EVT-0001950,2026-06-11 18:38:27.142483,0.7898489159923137,baseline_fallback
SVC-000010,EVT-0001951,2026-06-11 18:39:59.101723,0.7242829979341837,lstm
SVC-000033,EVT-0001952,2026-06-11 18:40:14.040869,0.3956245874203994,baseline_fallback
DEV-000017,EVT-0001953,2026-06-11 18:40:54.409581,0.8629242975605906,baseline_fallback
SVC-000006,EVT-0001954,2026-06-11 18:40:59.209751,0.9973363546697996,lstm
SVC-000023,EVT-0001955,2026-06-11 18:41:10.271145,0.3712734766661366,baseline_fallback
SVC-000037,EVT-0001956,2026-06-11 18:41:44.695889,0.9654616035954001,baseline_fallback
USR-000146,EVT-0001957,2026-06-11 18:41:48.944537,0.5896769348772646,baseline_fallback
SVC-000060,EVT-0001958,2026-06-11 18:42:21.237486,0.9821173565067174,baseline_fallback
SVC-000005,EVT-0001959,2026-06-11 18:45:35.271448,0.7735011917564599,baseline_fallback
DEV-000002,EVT-0001960,2026-06-11 18:46:32.854283,0.5447041859683943,baseline_fallback
SVC-000033,EVT-0001961,2026-06-11 18:47:12.973858,0.41163054085005457,baseline_fallback
USR-000209,EVT-0001962,2026-06-11 18:49:54.663241,0.5552544638324535,baseline_fallback
SVC-000004,EVT-0001963,2026-06-11 18:50:31.696322,0.8726161325124473,lstm
SVC-000023,EVT-0001964,2026-06-11 18:52:02.570160,0.3673009368145936,baseline_fallback
SVC-000004,EVT-0001965,2026-06-11 18:56:18.898940,0.7246288057055319,lstm
DEV-000018,EVT-0001966,2026-06-11 18:56:27.221028,0.8766742246786781,lstm
SVC-000052,EVT-0001967,2026-06-11 18:58:02.385587,0.8545070315925174,baseline_fallback
DEV-000003,EVT-0001968,2026-06-11 18:58:06.199688,0.5325862441462283,baseline_fallback
SVC-000037,EVT-0001969,2026-06-11 18:59:02.411395,0.9672546801968903,baseline_fallback
DEV-000006,EVT-0001970,2026-06-11 19:06:18.501850,0.8879781011815012,baseline_fallback
SVC-000057,EVT-0001971,2026-06-11 19:07:08.882381,0.4672414146857693,baseline_fallback
SVC-000006,EVT-0001972,2026-06-11 19:07:42.380654,0.9964793171124295,lstm
SVC-000006,EVT-0001973,2026-06-11 19:08:39.137502,0.9729295663733316,lstm
SVC-000006,EVT-0001974,2026-06-11 19:09:01.040524,0.8846242358570312,lstm
SVC-000037,EVT-0001975,2026-06-11 19:10:15.930980,0.9998270370770139,lstm
SVC-000004,EVT-0001976,2026-06-11 19:16:48.613590,0.6363264115386419,lstm
SVC-000037,EVT-0001977,2026-06-11 19:17:05.728790,0.9862563201847109,lstm
SVC-000057,EVT-0001978,2026-06-11 19:17:51.596981,0.8371713947552237,baseline_fallback
DEV-000001,EVT-0001979,2026-06-11 19:18:22.169456,0.7059135391673164,baseline_fallback
USR-000109,EVT-0001980,2026-06-11 19:19:04.172601,0.9060529247292063,baseline_fallback
USR-000012,EVT-0001981,2026-06-11 19:24:04.824627,0.7610605394672767,baseline_fallback
SVC-000010,EVT-0001982,2026-06-11 19:26:09.738203,0.7753897513011182,lstm
DEV-000017,EVT-0001983,2026-06-11 19:28:21.210178,0.8619267960211455,baseline_fallback
SVC-000057,EVT-0001984,2026-06-11 19:28:25.453885,0.8061523090195359,baseline_fallback
DEV-000025,EVT-0001985,2026-06-11 19:28:57.920305,0.5989525902583188,baseline_fallback
SVC-000044,EVT-0001986,2026-06-11 19:30:24.991003,0.3717406564819457,baseline_fallback
DEV-000005,EVT-0001987,2026-06-11 19:32:50.020341,0.3252019702661258,baseline_fallback
SVC-000044,EVT-0001988,2026-06-11 19:32:50.390445,0.329289568043365,baseline_fallback
SVC-000023,EVT-0001989,2026-06-11 19:34:05.949421,0.28525203999298554,baseline_fallback
SVC-000061,EVT-0001990,2026-06-11 19:36:06.295673,0.37063509987745663,baseline_fallback
SVC-000035,EVT-0001991,2026-06-11 19:36:06.603332,0.414153598510572,baseline_fallback
SVC-000044,EVT-0001992,2026-06-11 19:36:08.116560,0.33996828291503967,baseline_fallback
DEV-000013,EVT-0001993,2026-06-11 19:38:39.990919,0.3977414520240056,baseline_fallback
SVC-000023,EVT-0001994,2026-06-11 19:42:13.054562,0.2925566197087053,baseline_fallback
SVC-000052,EVT-0001995,2026-06-11 19:43:12.352057,0.7391285936587481,baseline_fallback
SVC-000004,EVT-0001996,2026-06-11 19:43:44.388330,0.7683419794556646,lstm
SVC-000006,EVT-0001997,2026-06-11 19:43:46.765930,0.7441106813565165,lstm
SVC-000004,EVT-0001998,2026-06-11 19:43:58.317419,0.8322002315016391,lstm
SVC-000006,EVT-0001999,2026-06-11 19:44:22.584616,0.7774678373459907,lstm
SVC-000023,EVT-0002000,2026-06-11 19:44:55.005867,0.2714673692982954,baseline_fallback
SVC-000052,EVT-0002001,2026-06-11 19:46:01.646230,0.7543874000970161,baseline_fallback
SVC-000033,EVT-0002002,2026-06-11 19:49:26.423510,0.8638371755686791,lstm
SVC-000052,EVT-0002003,2026-06-11 19:50:19.326982,0.7272980484934866,baseline_fallback
USR-000109,EVT-0002004,2026-06-11 19:53:26.399243,0.7294238954727608,baseline_fallback
SVC-000004,EVT-0002005,2026-06-11 19:53:44.482521,0.37379885484923686,lstm
DEV-000022,EVT-0002006,2026-06-11 19:54:15.821227,0.9331753451343691,baseline_fallback
SVC-000037,EVT-0002007,2026-06-11 19:58:12.045629,0.9831463925391128,lstm
SVC-000004,EVT-0002008,2026-06-11 19:58:13.655617,0.5677400696215981,lstm
SVC-000061,EVT-0002009,2026-06-11 19:58:23.769929,0.4102788914191186,baseline_fallback
SVC-000060,EVT-0002010,2026-06-11 19:58:34.284973,0.9166214572016386,baseline_fallback
DEV-000022,EVT-0002011,2026-06-11 19:59:09.496220,0.973278508728493,baseline_fallback
DEV-000006,EVT-0002012,2026-06-11 19:59:21.741448,0.9078264501732682,baseline_fallback
SVC-000061,EVT-0002013,2026-06-11 19:59:45.766007,0.4911219428912381,baseline_fallback
USR-000033,EVT-0002014,2026-06-11 20:04:11.267058,0.9046855661596266,baseline_fallback
USR-000192,EVT-0002015,2026-06-11 20:04:26.415704,0.753734785023248,baseline_fallback
SVC-000044,EVT-0002016,2026-06-11 20:11:36.275036,0.3585991464411322,baseline_fallback
SVC-000052,EVT-0002017,2026-06-11 20:11:48.053951,0.776025527101496,baseline_fallback
SVC-000004,EVT-0002018,2026-06-11 20:15:23.622790,0.3637908359183552,lstm
USR-000126,EVT-0002019,2026-06-11 20:15:45.006133,0.9755923057796599,baseline_fallback
SVC-000006,EVT-0002020,2026-06-11 20:16:11.327143,0.4286113272526547,lstm
DEV-000002,EVT-0002021,2026-06-11 20:18:08.861891,0.814734404746644,lstm
SVC-000023,EVT-0002022,2026-06-11 20:19:56.963454,0.8651104869147573,lstm
SVC-000006,EVT-0002023,2026-06-11 20:23:23.062559,0.35374719918097486,lstm
SVC-000061,EVT-0002024,2026-06-11 20:23:28.283929,0.4210087774436701,baseline_fallback
USR-000150,EVT-0002025,2026-06-11 20:25:18.558125,0.9169981054726423,baseline_fallback
DEV-000023,EVT-0002026,2026-06-11 20:27:32.723431,0.38913524162687724,lstm
SVC-000061,EVT-0002027,2026-06-11 20:28:01.311733,0.371909692160675,baseline_fallback
SVC-000061,EVT-0002028,2026-06-11 20:28:41.236689,0.3728624681086652,baseline_fallback
SVC-000052,EVT-0002029,2026-06-11 20:29:50.109801,0.752421365350884,baseline_fallback
DEV-000004,EVT-0002030,2026-06-11 20:33:01.490561,0.9254127962297203,baseline_fallback
SVC-000061,EVT-0002031,2026-06-11 20:33:21.525834,0.29442135907164474,baseline_fallback
SVC-000054,EVT-0002032,2026-06-11 20:34:09.127555,0.9934025957148175,lstm
SVC-000061,EVT-0002033,2026-06-11 20:37:45.209455,0.41666212522429286,baseline_fallback
SVC-000061,EVT-0002034,2026-06-11 20:38:03.954765,0.550943504228462,baseline_fallback
SVC-000052,EVT-0002035,2026-06-11 20:38:19.557195,0.9909921371258464,lstm
SVC-000052,EVT-0002036,2026-06-11 20:38:59.400665,0.970406930057688,lstm
SVC-000048,EVT-0002037,2026-06-11 20:42:30.382893,0.4454347602096533,baseline_fallback
SVC-000061,EVT-0002038,2026-06-11 20:42:32.135055,0.3485480954482607,baseline_fallback
SVC-000061,EVT-0002039,2026-06-11 20:47:37.716437,0.3709552646105112,baseline_fallback
SVC-000061,EVT-0002040,2026-06-11 20:47:58.270265,0.9098396386607457,lstm
DEV-000018,EVT-0002041,2026-06-11 20:51:17.350482,0.7560130080789863,lstm
DEV-000015,EVT-0002042,2026-06-11 20:52:33.977234,0.5003841904691658,baseline_fallback
USR-000113,EVT-0002043,2026-06-11 20:52:34.306843,0.7186860503512679,baseline_fallback
SVC-000061,EVT-0002044,2026-06-11 21:01:01.655198,0.29891339710936476,lstm
DEV-000017,EVT-0002045,2026-06-11 21:02:00.704518,0.9557999179059498,baseline_fallback
SVC-000004,EVT-0002046,2026-06-11 21:05:32.916311,0.3426378573491126,lstm
DEV-000004,EVT-0002047,2026-06-11 21:07:59.856391,0.8487023606761126,baseline_fallback
DEV-000021,EVT-0002048,2026-06-11 21:09:25.055744,0.9183092781700246,lstm
SVC-000004,EVT-0002049,2026-06-11 21:12:25.102200,0.36988487367503586,lstm
SVC-000048,EVT-0002050,2026-06-11 21:12:34.828488,0.39222169792145095,baseline_fallback
DEV-000003,EVT-0002051,2026-06-11 21:16:10.845782,0.6934847941747099,baseline_fallback
SVC-000048,EVT-0002052,2026-06-11 21:17:31.645698,0.4270616616762074,baseline_fallback
SVC-000060,EVT-0002053,2026-06-11 21:18:24.688117,0.6840243065283897,baseline_fallback
SVC-000004,EVT-0002054,2026-06-11 21:20:57.444089,0.3154311345923685,lstm
SVC-000054,EVT-0002055,2026-06-11 21:21:36.410588,0.4338365534416866,lstm
DEV-000018,EVT-0002056,2026-06-11 21:22:12.661992,0.7985618020187053,lstm
USR-000037,EVT-0002057,2026-06-11 21:22:50.978198,0.7747091278717999,baseline_fallback
DEV-000009,EVT-0002058,2026-06-11 21:24:24.120800,0.5158689780944954,lstm
SVC-000052,EVT-0002059,2026-06-11 21:26:49.009850,0.7845353100997952,lstm
DEV-000024,EVT-0002060,2026-06-11 21:40:46.732706,0.9733985092667199,baseline_fallback
SVC-000045,EVT-0002061,2026-06-11 21:44:17.062564,0.9267032318468665,baseline_fallback
SVC-000003,EVT-0002062,2026-06-11 21:47:37.902032,0.4035798030030834,baseline_fallback
SVC-000003,EVT-0002063,2026-06-11 21:50:50.647933,0.4551655713773488,baseline_fallback
SVC-000048,EVT-0002064,2026-06-11 21:51:41.778432,0.5692828713646263,baseline_fallback
SVC-000044,EVT-0002065,2026-06-11 21:53:29.704196,0.3535265023016159,baseline_fallback
DEV-000002,EVT-0002066,2026-06-11 21:54:01.451713,0.199544523468637,lstm
SVC-000035,EVT-0002067,2026-06-11 21:55:21.876556,0.46993511793566994,baseline_fallback
SVC-000002,EVT-0002068,2026-06-11 21:55:58.525587,0.8027311545807048,baseline_fallback
SVC-000035,EVT-0002069,2026-06-11 21:58:20.383200,0.44575353799033696,baseline_fallback
USR-000037,EVT-0002070,2026-06-11 21:58:59.315309,0.7810522933427955,baseline_fallback
SVC-000048,EVT-0002071,2026-06-11 21:59:17.082369,0.3223763004063015,baseline_fallback
SVC-000045,EVT-0002072,2026-06-11 22:01:34.780293,0.9759207446634555,baseline_fallback
SVC-000035,EVT-0002073,2026-06-11 22:02:02.268047,0.3895253409369969,baseline_fallback
SVC-000045,EVT-0002074,2026-06-11 22:02:53.083897,0.7432896993577095,baseline_fallback
SVC-000003,EVT-0002075,2026-06-11 22:03:10.284769,0.4323548626194902,baseline_fallback
SVC-000045,EVT-0002076,2026-06-11 22:06:54.419946,0.7112845506555371,baseline_fallback
DEV-000002,EVT-0002077,2026-06-11 22:07:09.579405,0.3221895688050014,lstm
SVC-000048,EVT-0002078,2026-06-11 22:11:09.565535,0.41655681433417896,baseline_fallback
SVC-000056,EVT-0002079,2026-06-11 22:12:17.322822,0.5716644284112248,baseline_fallback
SVC-000003,EVT-0002080,2026-06-11 22:13:34.752617,0.5259233582767644,baseline_fallback
SVC-000054,EVT-0002081,2026-06-11 22:19:19.061505,0.5465852499206562,lstm
DEV-000008,EVT-0002082,2026-06-11 22:19:47.751976,0.4449822534930563,baseline_fallback
SVC-000003,EVT-0002083,2026-06-11 22:30:33.272676,0.995569571245756,lstm
SVC-000045,EVT-0002084,2026-06-11 22:31:46.262047,0.8803067232566552,baseline_fallback
SVC-000004,EVT-0002085,2026-06-11 22:35:06.526760,0.7288127525477847,lstm
USR-000027,EVT-0002086,2026-06-11 22:36:35.871516,0.9898895944445291,baseline_fallback
SVC-000002,EVT-0002087,2026-06-11 22:39:42.649230,0.8512504817087767,baseline_fallback
SVC-000003,EVT-0002088,2026-06-11 22:40:01.730237,0.8856249247180763,lstm
SVC-000054,EVT-0002089,2026-06-11 22:40:16.695752,0.24700156898079856,lstm
SVC-000032,EVT-0002090,2026-06-11 22:40:39.030491,0.24483779056526112,baseline_fallback
SVC-000045,EVT-0002091,2026-06-11 22:40:54.944423,0.828146807043061,baseline_fallback
SVC-000032,EVT-0002092,2026-06-11 22:41:47.774963,0.2751749917699556,baseline_fallback
SVC-000032,EVT-0002093,2026-06-11 22:43:39.292580,0.43164846903466564,baseline_fallback
SVC-000032,EVT-0002094,2026-06-11 22:45:34.742914,0.2939141983835477,baseline_fallback
SVC-000041,EVT-0002095,2026-06-11 22:46:12.720892,0.9939631970602129,lstm
SVC-000002,EVT-0002096,2026-06-11 22:49:50.904231,0.7324039610671734,baseline_fallback
SVC-000002,EVT-0002097,2026-06-11 22:50:45.896485,0.3600406872109086,baseline_fallback
DEV-000001,EVT-0002098,2026-06-11 22:51:18.738832,0.3982861133490407,baseline_fallback
USR-000106,EVT-0002099,2026-06-11 22:51:32.966346,0.8008100068896237,baseline_fallback
SVC-000054,EVT-0002100,2026-06-11 22:54:25.739961,0.4155993923181224,lstm
SVC-000045,EVT-0002101,2026-06-11 22:54:35.502944,0.8177006275588166,baseline_fallback
SVC-000032,EVT-0002102,2026-06-11 22:55:31.068720,0.33621526859749995,baseline_fallback
SVC-000059,EVT-0002103,2026-06-11 22:55:44.252324,0.30041838200762394,baseline_fallback
SVC-000032,EVT-0002104,2026-06-11 22:56:16.270447,0.31892621890924755,baseline_fallback
SVC-000002,EVT-0002105,2026-06-11 22:56:18.200893,0.9895765674531268,lstm
USR-000113,EVT-0002106,2026-06-11 22:56:32.471786,0.7989849037608513,baseline_fallback
SVC-000054,EVT-0002107,2026-06-11 22:58:02.430666,0.3579935415719956,lstm
SVC-000054,EVT-0002108,2026-06-11 22:59:36.077012,0.4191214815983516,lstm
SVC-000059,EVT-0002109,2026-06-11 23:00:22.422873,0.3456611589617516,baseline_fallback
SVC-000059,EVT-0002110,2026-06-11 23:02:38.091929,0.3180193970173343,baseline_fallback
SVC-000035,EVT-0002111,2026-06-11 23:03:04.086809,0.555754935793325,baseline_fallback
SVC-000059,EVT-0002112,2026-06-11 23:03:30.506153,0.2986314707773494,baseline_fallback
SVC-000032,EVT-0002113,2026-06-11 23:04:45.022612,0.32436442832995677,baseline_fallback
SVC-000045,EVT-0002114,2026-06-11 23:04:49.023240,0.9749043282434116,baseline_fallback
USR-000124,EVT-0002115,2026-06-11 23:05:38.468074,0.7283600311242563,baseline_fallback
SVC-000035,EVT-0002116,2026-06-11 23:06:24.834855,0.4858807627639786,baseline_fallback
DEV-000011,EVT-0002117,2026-06-11 23:06:56.342791,0.46384956593672166,lstm
SVC-000002,EVT-0002118,2026-06-11 23:08:56.236610,0.8707888471729951,lstm
DEV-000025,EVT-0002119,2026-06-11 23:08:56.734939,0.47834569106949526,baseline_fallback
SVC-000002,EVT-0002120,2026-06-11 23:10:29.319118,0.8335964569788397,lstm
SVC-000032,EVT-0002121,2026-06-11 23:11:20.979688,0.49479850758413085,lstm
DEV-000006,EVT-0002122,2026-06-11 23:11:53.602954,0.8288798410099626,baseline_fallback
SVC-000002,EVT-0002123,2026-06-11 23:12:41.372721,0.6603910249722985,lstm
SVC-000002,EVT-0002124,2026-06-11 23:16:30.916328,0.5950435251354582,lstm
SVC-000032,EVT-0002125,2026-06-11 23:16:52.551547,0.5836440290186432,lstm
SVC-000002,EVT-0002126,2026-06-11 23:18:33.589636,0.36691979054605534,lstm
SVC-000056,EVT-0002127,2026-06-11 23:18:47.279599,0.2633959801708676,baseline_fallback
SVC-000032,EVT-0002128,2026-06-11 23:19:55.742767,0.292990547501657,lstm
DEV-000020,EVT-0002129,2026-06-11 23:21:14.647433,0.7573227252562773,lstm
USR-000088,EVT-0002130,2026-06-11 23:22:18.700612,0.684676789424774,baseline_fallback
DEV-000006,EVT-0002131,2026-06-11 23:25:43.583406,0.8473634576049884,baseline_fallback
USR-000113,EVT-0002132,2026-06-11 23:29:15.904573,0.7476279923927318,baseline_fallback
USR-000165,EVT-0002133,2026-06-11 23:31:15.033917,0.9421988104937775,baseline_fallback
SVC-000002,EVT-0002134,2026-06-11 23:32:04.641545,0.5577420908033424,lstm
SVC-000059,EVT-0002135,2026-06-11 23:33:21.571958,0.2661714691861951,baseline_fallback
DEV-000022,EVT-0002136,2026-06-11 23:39:11.029498,0.9391702312976149,baseline_fallback
DEV-000018,EVT-0002137,2026-06-11 23:39:43.474107,0.7797205821713562,lstm
SVC-000059,EVT-0002138,2026-06-11 23:40:42.483583,0.3377585861961903,baseline_fallback
SVC-000059,EVT-0002139,2026-06-11 23:41:50.430296,0.2929970115062702,baseline_fallback
SVC-000059,EVT-0002140,2026-06-11 23:43:04.429190,0.9278932172503614,lstm
SVC-000045,EVT-0002141,2026-06-11 23:45:36.974323,0.9630709944387926,lstm
SVC-000041,EVT-0002142,2026-06-11 23:47:02.371487,0.7948106558550447,lstm
SVC-000032,EVT-0002143,2026-06-11 23:49:45.794240,0.36142780340536984,lstm
USR-000141,EVT-0002144,2026-06-11 23:51:09.829720,0.7136537623499368,baseline_fallback
SVC-000056,EVT-0002145,2026-06-11 23:52:56.358217,0.9826782009582774,lstm
SVC-000059,EVT-0002146,2026-06-11 23:56:12.507135,0.2673773175897134,lstm
SVC-000059,EVT-0002147,2026-06-11 23:59:45.981193,0.24308612993479425,lstm
SVC-000056,EVT-0002148,2026-06-12 00:04:14.302238,0.9883899674157812,lstm
SVC-000041,EVT-0002149,2026-06-12 00:05:24.591428,0.6247524475557926,lstm
SVC-000056,EVT-0002150,2026-06-12 00:06:37.320232,0.9728169391608289,lstm
DEV-000010,EVT-0002151,2026-06-12 00:08:42.755414,0.3153058514056206,baseline_fallback
USR-000150,EVT-0002152,2026-06-12 00:09:47.760203,0.9758210582574086,baseline_fallback
SVC-000059,EVT-0002153,2026-06-12 00:15:35.800363,0.31716958364762937,lstm
USR-000106,EVT-0002154,2026-06-12 00:16:12.970883,0.7402492641710646,baseline_fallback
DEV-000020,EVT-0002155,2026-06-12 00:16:36.469401,0.6096476628303769,lstm
SVC-000041,EVT-0002156,2026-06-12 00:20:49.584862,0.7039508134987718,lstm
USR-000163,EVT-0002157,2026-06-12 00:26:02.676351,0.7336775558967789,baseline_fallback
SVC-000056,EVT-0002158,2026-06-12 00:28:39.170433,0.7534980789956165,lstm
SVC-000059,EVT-0002159,2026-06-12 00:30:02.667944,0.2738380571588185,lstm
SVC-000041,EVT-0002160,2026-06-12 00:30:03.047772,0.8186547402209595,lstm
SVC-000041,EVT-0002161,2026-06-12 00:31:58.449373,0.7535571449331011,lstm
USR-000165,EVT-0002162,2026-06-12 00:36:35.175035,0.9086913438380492,baseline_fallback
DEV-000010,EVT-0002163,2026-06-12 00:40:40.791100,0.30194888342378395,baseline_fallback
DEV-000018,EVT-0002164,2026-06-12 00:41:35.827087,0.7512907993582469,lstm
SVC-000056,EVT-0002165,2026-06-12 00:48:01.100362,0.4971629335637666,lstm
SVC-000025,EVT-0002166,2026-06-12 00:50:24.771484,0.5520093852694042,baseline_fallback
USR-000150,EVT-0002167,2026-06-12 00:52:14.749254,0.9137762792231814,baseline_fallback
USR-000088,EVT-0002168,2026-06-12 00:52:24.828512,0.6441355878134639,baseline_fallback
USR-000165,EVT-0002169,2026-06-12 00:52:27.587421,0.6499466959900317,baseline_fallback
USR-000088,EVT-0002170,2026-06-12 00:52:59.510680,0.6972205724200815,baseline_fallback
SVC-000056,EVT-0002171,2026-06-12 01:13:50.501205,0.36228750112375047,lstm
SVC-000056,EVT-0002172,2026-06-12 01:20:28.552957,0.7474764727006092,lstm
SVC-000041,EVT-0002173,2026-06-12 01:35:03.580198,0.8471081636061102,lstm
USR-000165,EVT-0002174,2026-06-12 01:41:24.985125,0.940182266139439,baseline_fallback
DEV-000026,EVT-0002175,2026-06-12 01:44:27.057450,0.46057016516103644,baseline_fallback
SVC-000018,EVT-0002176,2026-06-12 01:49:48.735031,0.9905791054705213,lstm
DEV-000003,EVT-0002177,2026-06-12 01:51:52.190499,0.5343702898864642,baseline_fallback
USR-000106,EVT-0002178,2026-06-12 01:57:00.396670,0.740520430127197,baseline_fallback
DEV-000019,EVT-0002179,2026-06-12 01:57:14.128805,0.6202524281406453,baseline_fallback
DEV-000025,EVT-0002180,2026-06-12 02:05:02.706777,0.6882634210979072,baseline_fallback
SVC-000041,EVT-0002181,2026-06-12 02:06:09.533650,0.38322997843262285,lstm
SVC-000018,EVT-0002182,2026-06-12 02:11:49.562744,0.5478958282421251,lstm
SVC-000056,EVT-0002183,2026-06-12 02:12:09.276347,0.7313291528213639,lstm
SVC-000041,EVT-0002184,2026-06-12 02:12:30.725592,0.8156590421554416,lstm
SVC-000041,EVT-0002185,2026-06-12 02:17:39.252949,0.635780284692195,lstm
DEV-000010,EVT-0002186,2026-06-12 02:17:41.152437,0.8182065965330828,lstm
SVC-000018,EVT-0002187,2026-06-12 02:23:38.211239,0.5943471702632451,lstm
SVC-000018,EVT-0002188,2026-06-12 02:24:55.570416,0.7307462775320075,lstm
SVC-000018,EVT-0002189,2026-06-12 02:26:32.417174,0.5698068079894818,lstm
DEV-000002,EVT-0002190,2026-06-12 02:26:58.242512,0.3747460711423565,lstm
SVC-000041,EVT-0002191,2026-06-12 02:27:22.570478,0.8861712266123467,lstm
DEV-000013,EVT-0002192,2026-06-12 02:35:15.562326,0.3295220636809268,baseline_fallback
SVC-000018,EVT-0002193,2026-06-12 02:36:18.485754,0.4007550154624684,lstm
SVC-000014,EVT-0002194,2026-06-12 02:41:18.159390,0.9712394469693735,lstm
SVC-000014,EVT-0002195,2026-06-12 02:44:44.205978,0.5693346223868089,lstm
SVC-000018,EVT-0002196,2026-06-12 02:46:21.474819,0.3739549447871018,lstm
SVC-000018,EVT-0002197,2026-06-12 02:50:03.913308,0.3244079093407696,lstm
SVC-000056,EVT-0002198,2026-06-12 02:51:10.910165,0.8132931463339819,lstm
USR-000163,EVT-0002199,2026-06-12 02:51:11.119608,0.7889027662426739,baseline_fallback
SVC-000041,EVT-0002200,2026-06-12 03:05:52.106702,0.7733681949206053,lstm
SVC-000020,EVT-0002201,2026-06-12 03:19:00.302960,0.9999131844413276,lstm
SVC-000014,EVT-0002202,2026-06-12 03:20:02.238632,0.3927349851658737,lstm
USR-000037,EVT-0002203,2026-06-12 03:20:22.547677,0.9607257247712534,baseline_fallback
USR-000037,EVT-0002204,2026-06-12 03:21:49.901346,0.8474802627302853,baseline_fallback
SVC-000014,EVT-0002205,2026-06-12 03:25:00.527041,0.3871246987685214,lstm
SVC-000018,EVT-0002206,2026-06-12 03:26:57.502622,0.6745777819045522,lstm
SVC-000014,EVT-0002207,2026-06-12 03:34:19.187516,0.2630745277228692,lstm
SVC-000014,EVT-0002208,2026-06-12 03:38:53.058231,0.28372902066433003,lstm
SVC-000014,EVT-0002209,2026-06-12 03:41:04.985692,0.39807523628238856,lstm
SVC-000014,EVT-0002210,2026-06-12 03:49:59.324165,0.2939355374240262,lstm
DEV-000017,EVT-0002211,2026-06-12 03:50:41.781562,0.8777875085009408,baseline_fallback
SVC-000014,EVT-0002212,2026-06-12 03:51:33.165713,0.4234804219824261,lstm
DEV-000009,EVT-0002213,2026-06-12 03:53:20.299948,0.9633498014955798,lstm
SVC-000020,EVT-0002214,2026-06-12 03:53:58.171097,0.9183210649912128,lstm
SVC-000019,EVT-0002215,2026-06-12 04:00:44.785559,0.9769529168549993,lstm
DEV-000016,EVT-0002216,2026-06-12 04:06:06.931054,0.9941471319305288,lstm
SVC-000014,EVT-0002217,2026-06-12 04:06:27.724410,0.25604020425513646,lstm
SVC-000014,EVT-0002218,2026-06-12 04:07:10.161225,0.5642802337253318,lstm
USR-000036,EVT-0002219,2026-06-12 04:08:45.750240,0.8877354925960744,baseline_fallback
SVC-000014,EVT-0002220,2026-06-12 04:10:42.892046,0.31326636188429047,lstm
DEV-000013,EVT-0002221,2026-06-12 04:13:48.308449,0.4591659784889777,baseline_fallback
SVC-000020,EVT-0002222,2026-06-12 04:14:34.527824,0.8005989114552916,lstm
SVC-000019,EVT-0002223,2026-06-12 04:17:20.565430,0.6155545460960743,lstm
SVC-000014,EVT-0002224,2026-06-12 04:18:48.914076,0.31274572129711264,lstm
DEV-000001,EVT-0002225,2026-06-12 04:19:04.115894,0.297256384884557,baseline_fallback
SVC-000014,EVT-0002226,2026-06-12 04:19:06.076658,0.45645370647843775,lstm
SVC-000014,EVT-0002227,2026-06-12 04:20:00.505621,0.39707186121548793,lstm
DEV-000008,EVT-0002228,2026-06-12 04:24:11.894575,0.9853845149731396,baseline_fallback
SVC-000007,EVT-0002229,2026-06-12 04:25:02.974153,0.4584334006869384,baseline_fallback
SVC-000014,EVT-0002230,2026-06-12 04:25:45.722412,0.24306584841486925,lstm
DEV-000003,EVT-0002231,2026-06-12 04:27:11.164862,0.9733004454613122,lstm
SVC-000007,EVT-0002232,2026-06-12 04:29:19.959622,0.9616376635817905,lstm
SVC-000020,EVT-0002233,2026-06-12 04:29:49.797853,0.588463828866483,lstm
DEV-000015,EVT-0002234,2026-06-12 04:30:22.117710,0.427136330398016,baseline_fallback
SVC-000019,EVT-0002235,2026-06-12 04:31:13.819774,0.2783968672095628,lstm
SVC-000014,EVT-0002236,2026-06-12 04:32:01.044870,0.27900254150176157,lstm
SVC-000014,EVT-0002237,2026-06-12 04:37:34.313390,0.24344777580650553,lstm
SVC-000015,EVT-0002238,2026-06-12 04:38:00.840541,0.9961214634514597,lstm
SVC-000014,EVT-0002239,2026-06-12 04:38:03.296496,0.3797043493409153,lstm
SVC-000015,EVT-0002240,2026-06-12 04:38:58.331008,0.6394184992658537,lstm
SVC-000007,EVT-0002241,2026-06-12 04:39:27.472087,0.5009922990555224,lstm
SVC-000019,EVT-0002242,2026-06-12 04:42:03.720929,0.2404459540923221,lstm
USR-000036,EVT-0002243,2026-06-12 04:46:20.149891,0.8955224423212681,baseline_fallback
SVC-000019,EVT-0002244,2026-06-12 04:46:45.488391,0.2952103679709628,lstm
SVC-000015,EVT-0002245,2026-06-12 04:53:19.038962,0.28384853282030453,lstm
SVC-000007,EVT-0002246,2026-06-12 04:56:41.930245,0.663449305610163,lstm
SVC-000019,EVT-0002247,2026-06-12 04:58:59.088885,0.23843060197193838,lstm
DEV-000017,EVT-0002248,2026-06-12 04:59:57.290176,0.9075507978210718,baseline_fallback
SVC-000014,EVT-0002249,2026-06-12 04:59:58.623161,0.42000776014136226,lstm
SVC-000007,EVT-0002250,2026-06-12 05:00:43.572895,0.5804650131947633,lstm
SVC-000014,EVT-0002251,2026-06-12 05:03:04.342559,0.27588311432929874,lstm
SVC-000019,EVT-0002252,2026-06-12 05:07:00.137995,0.23998680394266184,lstm
USR-000162,EVT-0002253,2026-06-12 05:10:29.799579,0.6751803578213738,baseline_fallback
USR-000163,EVT-0002254,2026-06-12 05:11:24.481480,0.6830494925560794,baseline_fallback
SVC-000019,EVT-0002255,2026-06-12 05:23:58.518290,0.22698605851133866,lstm
SVC-000009,EVT-0002256,2026-06-12 05:24:17.252922,0.998370888974488,lstm
SVC-000014,EVT-0002257,2026-06-12 05:25:09.070400,0.39267665878745656,lstm
SVC-000007,EVT-0002258,2026-06-12 05:25:57.641351,0.43453703895289664,lstm
SVC-000009,EVT-0002259,2026-06-12 05:29:59.691651,0.46053283624517394,lstm
DEV-000010,EVT-0002260,2026-06-12 05:32:39.133425,0.2748974671586431,lstm
SVC-000009,EVT-0002261,2026-06-12 05:33:28.769618,0.5774524921508244,lstm
SVC-000007,EVT-0002262,2026-06-12 05:33:30.826781,0.2775044454284364,lstm
SVC-000015,EVT-0002263,2026-06-12 05:34:44.219299,0.5292997660233358,lstm
USR-000103,EVT-0002264,2026-06-12 05:37:18.659079,0.6511940011492693,baseline_fallback
USR-000036,EVT-0002265,2026-06-12 05:39:23.656017,0.8759756732401368,baseline_fallback
USR-000019,EVT-0002266,2026-06-12 05:39:35.866392,0.8672495538187761,baseline_fallback
SVC-000014,EVT-0002267,2026-06-12 05:40:20.511889,0.41474252098683695,lstm
SVC-000007,EVT-0002268,2026-06-12 05:44:18.661610,0.42261873638517816,lstm
DEV-000011,EVT-0002269,2026-06-12 05:46:38.821356,0.8978001317118001,lstm
SVC-000019,EVT-0002270,2026-06-12 05:47:43.133327,0.25015154608483225,lstm
SVC-000031,EVT-0002271,2026-06-12 05:48:07.704865,0.9966106116974205,lstm
DEV-000018,EVT-0002272,2026-06-12 05:52:31.457560,0.7584302078616665,lstm
SVC-000014,EVT-0002273,2026-06-12 05:54:01.811491,0.31855764088456734,lstm
SVC-000031,EVT-0002274,2026-06-12 05:54:56.684447,0.34120612850704046,lstm
SVC-000019,EVT-0002275,2026-06-12 05:56:08.103470,0.2874272196345087,lstm
USR-000155,EVT-0002276,2026-06-12 05:59:51.962754,0.9114337390145227,baseline_fallback
SVC-000007,EVT-0002277,2026-06-12 06:00:59.954135,0.32416626976108703,lstm
DEV-000024,EVT-0002278,2026-06-12 06:05:02.679259,0.947763353559386,baseline_fallback
SVC-000019,EVT-0002279,2026-06-12 06:08:14.921407,0.2508799536451017,lstm
SVC-000019,EVT-0002280,2026-06-12 06:09:45.912840,0.4516883917353075,lstm
DEV-000001,EVT-0002281,2026-06-12 06:11:21.139940,0.39941853878036765,baseline_fallback
SVC-000031,EVT-0002282,2026-06-12 06:13:51.429857,0.3120929813260187,lstm
USR-000019,EVT-0002283,2026-06-12 06:14:15.945407,0.7097766103149596,baseline_fallback
SVC-000031,EVT-0002284,2026-06-12 06:15:11.785693,0.34789704596820353,lstm
SVC-000019,EVT-0002285,2026-06-12 06:17:14.951359,0.3021086931338723,lstm
USR-000093,EVT-0002286,2026-06-12 06:22:54.701605,0.6154605170417454,baseline_fallback
SVC-000009,EVT-0002287,2026-06-12 06:24:58.039023,0.46790330014007625,lstm
DEV-000014,EVT-0002288,2026-06-12 06:25:09.300537,0.3119898801200652,baseline_fallback
SVC-000009,EVT-0002289,2026-06-12 06:25:50.323573,0.9339887081004584,lstm
USR-000182,EVT-0002290,2026-06-12 06:26:09.165434,0.6321867456697244,baseline_fallback
SVC-000019,EVT-0002291,2026-06-12 06:29:00.890472,0.6514776641213169,lstm
USR-000042,EVT-0002292,2026-06-12 06:29:07.596575,0.6398735188370361,baseline_fallback
SVC-000031,EVT-0002293,2026-06-12 06:32:07.244159,0.27887578842153354,lstm
USR-000119,EVT-0002294,2026-06-12 06:32:45.964206,0.8639650822628754,baseline_fallback
USR-000058,EVT-0002295,2026-06-12 06:35:22.894405,0.7032054004768992,baseline_fallback
USR-000015,EVT-0002296,2026-06-12 06:35:46.689865,0.9071104422279885,baseline_fallback
SVC-000009,EVT-0002297,2026-06-12 06:36:06.247341,0.5386990057206148,lstm
USR-000207,EVT-0002298,2026-06-12 06:39:12.295722,0.8903239460659348,baseline_fallback
DEV-000023,EVT-0002299,2026-06-12 06:41:06.953573,0.8807554071702395,lstm
USR-000099,EVT-0002300,2026-06-12 06:43:59.228407,0.9647531099110157,baseline_fallback
SVC-000055,EVT-0002301,2026-06-12 06:44:20.402358,0.9046034958815458,baseline_fallback
DEV-000023,EVT-0002302,2026-06-12 06:46:16.284266,0.9353130026160366,lstm
DEV-000020,EVT-0002303,2026-06-12 06:47:00.148682,0.28958702433313,lstm
SVC-000055,EVT-0002304,2026-06-12 06:50:36.783557,0.627489708337768,baseline_fallback
SVC-000055,EVT-0002305,2026-06-12 06:56:43.242547,0.9921975007142447,baseline_fallback
SVC-000031,EVT-0002306,2026-06-12 06:57:03.678214,0.7950706646995555,lstm
SVC-000051,EVT-0002307,2026-06-12 07:03:59.052746,0.509400497117383,baseline_fallback
SVC-000051,EVT-0002308,2026-06-12 07:04:02.855280,0.47837099399999167,baseline_fallback
SVC-000055,EVT-0002309,2026-06-12 07:05:22.801496,0.9492912510191555,baseline_fallback
DEV-000021,EVT-0002310,2026-06-12 07:06:04.116461,0.9209386221599137,lstm
SVC-000031,EVT-0002311,2026-06-12 07:07:05.479208,0.505587509931547,lstm
DEV-000022,EVT-0002312,2026-06-12 07:08:49.488880,0.9622765357773869,baseline_fallback
SVC-000030,EVT-0002313,2026-06-12 07:11:26.721338,0.4749527199752986,baseline_fallback
SVC-000055,EVT-0002314,2026-06-12 07:14:20.620647,0.506272432680795,baseline_fallback
SVC-000031,EVT-0002315,2026-06-12 07:15:10.898835,0.25076477099633904,lstm
DEV-000007,EVT-0002316,2026-06-12 07:20:10.860713,0.958668821248815,baseline_fallback
SVC-000055,EVT-0002317,2026-06-12 07:24:17.938116,0.6406365027889049,baseline_fallback
USR-000137,EVT-0002318,2026-06-12 07:27:03.387390,0.7799158600093912,baseline_fallback
USR-000135,EVT-0002319,2026-06-12 07:28:16.659242,0.9717861493838367,baseline_fallback
SVC-000009,EVT-0002320,2026-06-12 07:28:46.232787,0.5183023185304565,lstm
SVC-000055,EVT-0002321,2026-06-12 07:30:11.023353,0.5499243222569516,baseline_fallback
DEV-000002,EVT-0002322,2026-06-12 07:36:32.449923,0.5879933983057589,lstm
SVC-000055,EVT-0002323,2026-06-12 07:36:41.183937,0.8865772163738206,lstm
SVC-000055,EVT-0002324,2026-06-12 07:37:06.928271,0.8054543504342014,lstm
DEV-000011,EVT-0002325,2026-06-12 07:38:57.984393,0.6935912863497088,lstm
USR-000058,EVT-0002326,2026-06-12 07:39:38.089489,0.7049859920660104,baseline_fallback
USR-000129,EVT-0002327,2026-06-12 07:40:08.468496,0.49941093824071825,baseline_fallback
DEV-000023,EVT-0002328,2026-06-12 07:41:36.671595,0.5677427883041041,lstm
SVC-000055,EVT-0002329,2026-06-12 07:43:38.586496,0.655447577907838,lstm
SVC-000011,EVT-0002330,2026-06-12 07:44:25.608356,0.9809133047907065,lstm
SVC-000053,EVT-0002331,2026-06-12 07:45:03.146798,0.9942758655908066,lstm
SVC-000051,EVT-0002332,2026-06-12 07:49:52.836089,0.5062542861328165,baseline_fallback
SVC-000008,EVT-0002333,2026-06-12 07:49:58.837217,0.9979130157830645,lstm
SVC-000055,EVT-0002334,2026-06-12 07:50:31.909592,0.47727869878174006,lstm
SVC-000030,EVT-0002335,2026-06-12 07:50:46.574640,0.8015243085847878,baseline_fallback
SVC-000031,EVT-0002336,2026-06-12 07:53:06.148250,0.36243722682469165,lstm
USR-000118,EVT-0002337,2026-06-12 07:55:27.048834,0.502555490646273,baseline_fallback
USR-000031,EVT-0002338,2026-06-12 07:57:52.211109,0.5350008686685586,baseline_fallback
SVC-000040,EVT-0002339,2026-06-12 07:59:53.546413,0.616798009067164,baseline_fallback
DEV-000013,EVT-0002340,2026-06-12 07:59:56.829905,0.43800669520300684,baseline_fallback
USR-000133,EVT-0002341,2026-06-12 07:59:57.462680,0.47792350377970483,baseline_fallback
SVC-000011,EVT-0002342,2026-06-12 08:00:25.815074,0.4177277889257499,lstm
USR-000014,EVT-0002343,2026-06-12 08:00:52.446219,0.5455165185571236,baseline_fallback
SVC-000046,EVT-0002344,2026-06-12 08:00:55.768306,0.8364522345027732,baseline_fallback
USR-000082,EVT-0002345,2026-06-12 08:00:55.997769,0.7723427087600964,baseline_fallback
SVC-000011,EVT-0002346,2026-06-12 08:01:37.204649,0.5827955253990664,lstm
SVC-000030,EVT-0002347,2026-06-12 08:04:46.785990,0.4454849186515755,baseline_fallback
SVC-000030,EVT-0002348,2026-06-12 08:07:00.527807,0.9973932294297134,lstm
USR-000001,EVT-0002349,2026-06-12 08:11:08.625127,0.7061398950239188,baseline_fallback
SVC-000024,EVT-0002350,2026-06-12 08:11:18.627410,0.9968176828347267,lstm
SVC-000030,EVT-0002351,2026-06-12 08:11:24.451930,0.9768442646421519,lstm
SVC-000030,EVT-0002352,2026-06-12 08:11:33.708589,0.9950390433421465,lstm
SVC-000031,EVT-0002353,2026-06-12 08:13:31.319061,0.30067069364461135,lstm
SVC-000040,EVT-0002354,2026-06-12 08:14:45.335131,0.9371967007716671,baseline_fallback
SVC-000051,EVT-0002355,2026-06-12 08:17:18.019842,0.4122189090238143,baseline_fallback
SVC-000031,EVT-0002356,2026-06-12 08:18:59.707973,0.28102432967644964,lstm
SVC-000055,EVT-0002357,2026-06-12 08:20:14.293706,0.5570955652666401,lstm
USR-000025,EVT-0002358,2026-06-12 08:20:20.232761,0.3791618171517242,baseline_fallback
USR-000118,EVT-0002359,2026-06-12 08:20:54.086357,0.40061302747992467,baseline_fallback
USR-000058,EVT-0002360,2026-06-12 08:22:55.516509,0.3822248085760431,baseline_fallback
SVC-000053,EVT-0002361,2026-06-12 08:25:16.889083,0.6077132032338519,lstm
SVC-000031,EVT-0002362,2026-06-12 08:25:42.439666,0.2732075478413515,lstm
USR-000164,EVT-0002363,2026-06-12 08:26:05.332168,0.7946951447574219,baseline_fallback
USR-000121,EVT-0002364,2026-06-12 08:26:19.509482,0.45010082141967156,baseline_fallback
USR-000142,EVT-0002365,2026-06-12 08:27:10.533512,0.38039833126103445,baseline_fallback
DEV-000020,EVT-0002366,2026-06-12 08:31:44.961287,0.22096405830229038,lstm
USR-000119,EVT-0002367,2026-06-12 08:32:34.636686,0.402059520958571,baseline_fallback
SVC-000040,EVT-0002368,2026-06-12 08:32:46.838881,0.2815627572211816,baseline_fallback
SVC-000011,EVT-0002369,2026-06-12 08:33:05.059765,0.3573814175548547,lstm
USR-000026,EVT-0002370,2026-06-12 08:33:17.053990,0.4521343600018607,baseline_fallback
USR-000102,EVT-0002371,2026-06-12 08:33:31.462894,0.44203624565968014,baseline_fallback
USR-000072,EVT-0002372,2026-06-12 08:33:34.159799,0.7651777380553482,baseline_fallback
DEV-000022,EVT-0002373,2026-06-12 08:34:13.929225,0.915749794363615,baseline_fallback
DEV-000024,EVT-0002374,2026-06-12 08:34:14.431733,0.8522807839900146,baseline_fallback
SVC-000040,EVT-0002375,2026-06-12 08:34:59.101256,0.6151788179991193,baseline_fallback
SVC-000040,EVT-0002376,2026-06-12 08:35:12.619843,0.3650411408840035,baseline_fallback
DEV-000026,EVT-0002377,2026-06-12 08:35:37.611103,0.39066028717528267,baseline_fallback
SVC-000031,EVT-0002378,2026-06-12 08:35:56.064021,0.5979537634740356,lstm
DEV-000008,EVT-0002379,2026-06-12 08:36:42.441756,0.3806779512068511,baseline_fallback
SVC-000051,EVT-0002380,2026-06-12 08:37:22.387206,0.40966259808347993,baseline_fallback
USR-000019,EVT-0002381,2026-06-12 08:40:16.550919,0.5391067307162397,baseline_fallback
SVC-000011,EVT-0002382,2026-06-12 08:41:45.742872,0.337225747772722,lstm
SVC-000039,EVT-0002383,2026-06-12 08:44:54.013379,0.985305197293006,lstm
SVC-000011,EVT-0002384,2026-06-12 08:44:59.285975,0.7358464702853231,lstm
SVC-000046,EVT-0002385,2026-06-12 08:47:35.662236,0.7259178254440617,baseline_fallback
USR-000031,EVT-0002386,2026-06-12 08:49:47.181793,0.39178412982311256,baseline_fallback
DEV-000023,EVT-0002387,2026-06-12 08:50:53.701384,0.3446453099154272,lstm
USR-000014,EVT-0002388,2026-06-12 08:51:19.173148,0.4118293251573152,baseline_fallback
USR-000121,EVT-0002389,2026-06-12 08:51:42.789498,0.42187074663793916,baseline_fallback
DEV-000004,EVT-0002390,2026-06-12 08:54:13.761441,0.9457357026610232,baseline_fallback
SVC-000046,EVT-0002391,2026-06-12 08:54:23.984563,0.7779917795216877,baseline_fallback
SVC-000046,EVT-0002392,2026-06-12 08:54:31.640362,0.7766906675602139,baseline_fallback
USR-000011,EVT-0002393,2026-06-12 08:55:42.830685,0.7089591617999763,baseline_fallback
USR-000199,EVT-0002394,2026-06-12 08:55:53.693811,0.5007248853026337,baseline_fallback
SVC-000040,EVT-0002395,2026-06-12 08:57:29.936660,0.9862470790385313,lstm
SVC-000051,EVT-0002396,2026-06-12 08:57:59.866455,0.47698520337312933,baseline_fallback
USR-000137,EVT-0002397,2026-06-12 08:57:59.924480,0.7553077481397847,baseline_fallback
SVC-000031,EVT-0002398,2026-06-12 08:58:40.327824,0.58245923412393,lstm
USR-000072,EVT-0002399,2026-06-12 08:58:42.621908,0.4903898507805548,baseline_fallback
USR-000015,EVT-0002400,2026-06-12 09:03:55.619816,0.7424744168484051,baseline_fallback
USR-000051,EVT-0002401,2026-06-12 09:04:57.936150,0.7387018090075814,baseline_fallback
USR-000030,EVT-0002402,2026-06-12 09:05:28.812644,0.44535441381387536,baseline_fallback
SVC-000042,EVT-0002403,2026-06-12 09:06:12.865189,0.8231699531628786,baseline_fallback
SVC-000008,EVT-0002404,2026-06-12 09:06:58.139844,0.6967542100418823,lstm
USR-000103,EVT-0002405,2026-06-12 09:07:06.086905,0.37640984367864555,baseline_fallback
SVC-000053,EVT-0002406,2026-06-12 09:08:59.919515,0.4951828405684521,lstm
USR-000076,EVT-0002407,2026-06-12 09:09:04.244863,0.39004268921624907,baseline_fallback
USR-000058,EVT-0002408,2026-06-12 09:09:14.168730,0.4306786135577845,baseline_fallback
USR-000159,EVT-0002409,2026-06-12 09:09:22.117014,0.45809376395191315,baseline_fallback
SVC-000042,EVT-0002410,2026-06-12 09:10:37.601905,0.8604766458747899,baseline_fallback
USR-000042,EVT-0002411,2026-06-12 09:10:49.903894,0.8885899396261114,lstm
USR-000090,EVT-0002412,2026-06-12 09:11:08.046019,0.4126128220340195,baseline_fallback
SVC-000042,EVT-0002413,2026-06-12 09:15:46.589551,0.8919046248179713,baseline_fallback
SVC-000046,EVT-0002414,2026-06-12 09:16:25.077111,0.8501263336531976,baseline_fallback
SVC-000030,EVT-0002415,2026-06-12 09:17:04.767830,0.8247695968195095,lstm
SVC-000016,EVT-0002416,2026-06-12 09:18:29.397960,0.31290333735428666,baseline_fallback
USR-000019,EVT-0002417,2026-06-12 09:19:02.850119,0.3946924633219298,baseline_fallback
USR-000205,EVT-0002418,2026-06-12 09:19:13.532213,0.34010707091886144,baseline_fallback
USR-000118,EVT-0002419,2026-06-12 09:22:22.563992,0.504863546447883,baseline_fallback
SVC-000024,EVT-0002420,2026-06-12 09:23:35.342582,0.5745209127156738,lstm
USR-000213,EVT-0002421,2026-06-12 09:23:47.744394,0.3501923248108473,baseline_fallback
SVC-000042,EVT-0002422,2026-06-12 09:24:43.137286,0.6975028420273077,baseline_fallback
SVC-000053,EVT-0002423,2026-06-12 09:26:48.560319,0.5484137875323384,lstm
USR-000036,EVT-0002424,2026-06-12 09:28:58.184837,0.6820514854152967,baseline_fallback
USR-000135,EVT-0002425,2026-06-12 09:29:07.010858,0.3953203582228397,baseline_fallback
SVC-000046,EVT-0002426,2026-06-12 09:29:32.215656,0.9444618817693098,lstm
SVC-000046,EVT-0002427,2026-06-12 09:29:53.469794,0.981335882479481,lstm
USR-000133,EVT-0002428,2026-06-12 09:31:33.963888,0.4465648654146515,baseline_fallback
USR-000212,EVT-0002429,2026-06-12 09:32:11.076892,0.3278717029501102,baseline_fallback
USR-000051,EVT-0002430,2026-06-12 09:34:32.402764,0.7670918688906826,baseline_fallback
SVC-000024,EVT-0002431,2026-06-12 09:34:52.695660,0.3231798110615048,lstm
USR-000139,EVT-0002432,2026-06-12 09:35:26.789390,0.7171752622754465,baseline_fallback
USR-000102,EVT-0002433,2026-06-12 09:36:02.833396,0.34768041170746367,baseline_fallback
SVC-000039,EVT-0002434,2026-06-12 09:36:07.739871,0.47856396139485813,lstm
SVC-000039,EVT-0002435,2026-06-12 09:38:38.282424,0.606944911778962,lstm
SVC-000016,EVT-0002436,2026-06-12 09:39:29.523648,0.8205981291527121,baseline_fallback
SVC-000046,EVT-0002437,2026-06-12 09:41:48.529642,0.9722262873755377,lstm
SVC-000042,EVT-0002438,2026-06-12 09:42:23.534735,0.6839864263536328,baseline_fallback
DEV-000023,EVT-0002439,2026-06-12 09:43:51.528822,0.3149491960642794,lstm
DEV-000003,EVT-0002440,2026-06-12 09:44:19.497679,0.2214281856607579,lstm
SVC-000016,EVT-0002441,2026-06-12 09:44:30.505291,0.2769424841130364,baseline_fallback
USR-000030,EVT-0002442,2026-06-12 09:45:30.827507,0.4180015179383815,baseline_fallback
SVC-000016,EVT-0002443,2026-06-12 09:46:21.875866,0.42501704064395884,baseline_fallback
USR-000194,EVT-0002444,2026-06-12 09:47:12.409799,0.6526404939211292,baseline_fallback
SVC-000013,EVT-0002445,2026-06-12 09:47:57.751743,0.9987006526732769,lstm
USR-000171,EVT-0002446,2026-06-12 09:53:16.633191,0.7367231978186416,baseline_fallback
USR-000058,EVT-0002447,2026-06-12 09:54:14.431166,0.6272183659988259,baseline_fallback
SVC-000024,EVT-0002448,2026-06-12 09:54:36.247239,0.5067853032547734,lstm
USR-000090,EVT-0002449,2026-06-12 09:55:32.181080,0.6608268908367463,baseline_fallback
SVC-000042,EVT-0002450,2026-06-12 09:56:05.955870,0.7875255792990035,baseline_fallback
USR-000031,EVT-0002451,2026-06-12 09:56:28.576734,0.4070589134219446,baseline_fallback
SVC-000042,EVT-0002452,2026-06-12 09:56:37.819390,0.7168545642550174,baseline_fallback
USR-000111,EVT-0002453,2026-06-12 09:56:58.556130,0.4568459876581421,baseline_fallback
SVC-000008,EVT-0002454,2026-06-12 09:58:37.807262,0.45726696878895734,lstm
SVC-000011,EVT-0002455,2026-06-12 09:59:35.718920,0.43606643277862256,lstm
DEV-000001,EVT-0002456,2026-06-12 09:59:52.764005,0.6514223141058222,baseline_fallback
USR-000200,EVT-0002457,2026-06-12 10:01:13.497235,0.9102795060069323,baseline_fallback
USR-000031,EVT-0002458,2026-06-12 10:01:38.726987,0.32289572877387424,baseline_fallback
SVC-000042,EVT-0002459,2026-06-12 10:02:12.009960,0.8781843538424464,lstm
SVC-000024,EVT-0002460,2026-06-12 10:02:25.587098,0.3170000022880129,lstm
SVC-000042,EVT-0002461,2026-06-12 10:03:42.920680,0.3752166838267092,lstm
DEV-000008,EVT-0002462,2026-06-12 10:03:52.846372,0.5568060367954694,baseline_fallback
SVC-000016,EVT-0002463,2026-06-12 10:04:12.748022,0.4098950729493844,baseline_fallback
USR-000182,EVT-0002464,2026-06-12 10:04:29.987003,0.3386300356331353,baseline_fallback
USR-000015,EVT-0002465,2026-06-12 10:07:29.178121,0.7676889675196406,baseline_fallback
USR-000171,EVT-0002466,2026-06-12 10:07:35.806953,0.663012192420847,baseline_fallback
SVC-000016,EVT-0002467,2026-06-12 10:08:21.077670,0.9999967863041773,lstm
USR-000019,EVT-0002468,2026-06-12 10:09:59.277756,0.6949269754503864,baseline_fallback
USR-000121,EVT-0002469,2026-06-12 10:10:24.262259,0.388230478198099,baseline_fallback
USR-000205,EVT-0002470,2026-06-12 10:10:49.242884,0.33905710744347534,baseline_fallback
USR-000167,EVT-0002471,2026-06-12 10:12:28.340378,0.6815671002633348,baseline_fallback
SVC-000042,EVT-0002472,2026-06-12 10:18:12.921318,0.24795062806203555,lstm
USR-000162,EVT-0002473,2026-06-12 10:19:24.556531,0.33642243858748033,baseline_fallback
USR-000153,EVT-0002474,2026-06-12 10:19:29.451737,0.5219461560726429,baseline_fallback
SVC-000042,EVT-0002475,2026-06-12 10:20:10.379044,0.293462954348113,lstm
SVC-000039,EVT-0002476,2026-06-12 10:20:38.562193,0.39504159322336363,lstm
SVC-000042,EVT-0002477,2026-06-12 10:20:41.338143,0.43074169980399135,lstm
USR-000042,EVT-0002478,2026-06-12 10:21:49.825870,0.8514251404341863,lstm
USR-000194,EVT-0002479,2026-06-12 10:21:51.200881,0.9356137885893386,baseline_fallback
DEV-000025,EVT-0002480,2026-06-12 10:22:44.498091,0.42252465339088047,baseline_fallback
USR-000058,EVT-0002481,2026-06-12 10:23:02.365887,0.945082763756627,baseline_fallback
SVC-000042,EVT-0002482,2026-06-12 10:23:07.058979,0.38716917083443025,lstm
SVC-000053,EVT-0002483,2026-06-12 10:23:30.310252,0.37642592020496607,lstm
USR-000103,EVT-0002484,2026-06-12 10:24:02.216837,0.4515392468530972,baseline_fallback
USR-000038,EVT-0002485,2026-06-12 10:24:53.553494,0.3050268851789215,baseline_fallback
SVC-000042,EVT-0002486,2026-06-12 10:26:07.035643,0.2653072432089975,lstm
USR-000182,EVT-0002487,2026-06-12 10:29:07.732145,0.3483709368882233,baseline_fallback
USR-000031,EVT-0002488,2026-06-12 10:29:17.398271,0.3282311560382286,baseline_fallback
SVC-000039,EVT-0002489,2026-06-12 10:29:25.224688,0.35998613209705543,lstm
USR-000093,EVT-0002490,2026-06-12 10:30:31.888976,0.3054741056274105,baseline_fallback
SVC-000024,EVT-0002491,2026-06-12 10:31:15.721861,0.6431733552970411,lstm
SVC-000042,EVT-0002492,2026-06-12 10:31:42.752319,0.24090382266130345,lstm
USR-000121,EVT-0002493,2026-06-12 10:31:58.186992,0.3391645694483057,baseline_fallback
USR-000072,EVT-0002494,2026-06-12 10:34:45.659563,0.33944353343981476,baseline_fallback
SVC-000013,EVT-0002495,2026-06-12 10:34:47.681580,0.5860963452376369,lstm
USR-000171,EVT-0002496,2026-06-12 10:34:52.449521,0.32434487466624895,baseline_fallback
SVC-000051,EVT-0002497,2026-06-12 10:34:55.829149,0.8808014188433791,lstm
SVC-000008,EVT-0002498,2026-06-12 10:35:08.722537,0.5253023541438115,lstm
USR-000019,EVT-0002499,2026-06-12 10:37:50.432065,0.3393468123460506,baseline_fallback
SVC-000053,EVT-0002500,2026-06-12 10:38:09.151723,0.5879138523095964,lstm
USR-000164,EVT-0002501,2026-06-12 10:38:21.617844,0.7347056612803222,baseline_fallback
USR-000037,EVT-0002502,2026-06-12 10:39:44.884556,0.745496165363748,baseline_fallback
USR-000135,EVT-0002503,2026-06-12 10:39:56.171354,0.3642122587904838,baseline_fallback
SVC-000042,EVT-0002504,2026-06-12 10:40:27.478496,0.21591010525012624,lstm
USR-000054,EVT-0002505,2026-06-12 10:40:37.317970,0.531287000188218,baseline_fallback
DEV-000011,EVT-0002506,2026-06-12 10:42:00.968950,0.5788751242931951,lstm
SVC-000013,EVT-0002507,2026-06-12 10:42:07.672367,0.7567831379098695,lstm
USR-000159,EVT-0002508,2026-06-12 10:42:35.138426,0.43188103909124037,baseline_fallback
SVC-000042,EVT-0002509,2026-06-12 10:43:07.931975,0.28100861433572194,lstm
USR-000166,EVT-0002510,2026-06-12 10:43:21.257308,0.4037613525319648,baseline_fallback
DEV-000002,EVT-0002511,2026-06-12 10:43:35.922410,0.46166138930683953,lstm
USR-000031,EVT-0002512,2026-06-12 10:44:25.795044,0.6263621867690478,lstm
USR-000102,EVT-0002513,2026-06-12 10:44:29.615696,0.3353523363011257,baseline_fallback
SVC-000013,EVT-0002514,2026-06-12 10:46:13.558996,0.43179113553971127,lstm
USR-000210,EVT-0002515,2026-06-12 10:47:03.476211,0.8714707165172774,baseline_fallback
USR-000015,EVT-0002516,2026-06-12 10:48:34.667912,0.7470693185340364,baseline_fallback
USR-000212,EVT-0002517,2026-06-12 10:50:06.188447,0.3478737981451274,baseline_fallback
DEV-000001,EVT-0002518,2026-06-12 10:50:19.957272,0.4572312718031277,lstm
USR-000138,EVT-0002519,2026-06-12 10:50:36.869319,0.3261696240655069,baseline_fallback
USR-000196,EVT-0002520,2026-06-12 10:52:24.103851,0.6540588141043351,baseline_fallback
DEV-000026,EVT-0002521,2026-06-12 10:52:32.764541,0.5272156269807182,baseline_fallback
USR-000003,EVT-0002522,2026-06-12 10:53:21.753396,0.3158906698048734,baseline_fallback
USR-000001,EVT-0002523,2026-06-12 10:53:22.397516,0.3063653814624318,baseline_fallback
SVC-000024,EVT-0002524,2026-06-12 10:54:40.334771,0.30261345550109753,lstm
SVC-000013,EVT-0002525,2026-06-12 10:55:37.706869,0.4078856783211857,lstm
USR-000196,EVT-0002526,2026-06-12 10:55:55.279792,0.6912137600811765,baseline_fallback
USR-000153,EVT-0002527,2026-06-12 10:56:17.920445,0.4311657353561716,baseline_fallback
USR-000167,EVT-0002528,2026-06-12 10:56:27.130102,0.6339694585356833,baseline_fallback
SVC-000039,EVT-0002529,2026-06-12 10:58:04.270074,0.33400539405045154,lstm
SVC-000053,EVT-0002530,2026-06-12 10:58:16.631569,0.34786533000807085,lstm
SVC-000042,EVT-0002531,2026-06-12 10:59:14.304518,0.2688743525122014,lstm
USR-000194,EVT-0002532,2026-06-12 10:59:44.067504,0.8207671268455923,baseline_fallback
USR-000184,EVT-0002533,2026-06-12 10:59:47.462244,0.35492509282279805,baseline_fallback
USR-000031,EVT-0002534,2026-06-12 11:00:44.670634,0.35381145990585827,lstm
USR-000167,EVT-0002535,2026-06-12 11:01:44.422778,0.3427240407279413,baseline_fallback
USR-000205,EVT-0002536,2026-06-12 11:01:57.338430,0.36989254656149145,baseline_fallback
USR-000031,EVT-0002537,2026-06-12 11:02:27.006475,0.8470789091908532,lstm
USR-000171,EVT-0002538,2026-06-12 11:02:34.114222,0.7213362082097097,baseline_fallback
USR-000105,EVT-0002539,2026-06-12 11:04:05.634284,0.6487354260489978,baseline_fallback
USR-000179,EVT-0002540,2026-06-12 11:05:36.399238,0.9150424458983667,baseline_fallback
DEV-000018,EVT-0002541,2026-06-12 11:06:34.952528,0.6139749624436226,lstm
SVC-000021,EVT-0002542,2026-06-12 11:07:25.207579,0.9498875771328441,baseline_fallback
USR-000133,EVT-0002543,2026-06-12 11:08:15.828289,0.2793988844203765,baseline_fallback
SVC-000021,EVT-0002544,2026-06-12 11:08:54.031780,0.4873937984283046,baseline_fallback
USR-000194,EVT-0002545,2026-06-12 11:09:46.178514,0.7076858712043984,baseline_fallback
SVC-000053,EVT-0002546,2026-06-12 11:10:59.292672,0.5624141121986974,lstm
USR-000038,EVT-0002547,2026-06-12 11:11:10.758935,0.6357455224668569,baseline_fallback
SVC-000053,EVT-0002548,2026-06-12 11:11:56.086734,0.8442687193484545,lstm
SVC-000013,EVT-0002549,2026-06-12 11:12:47.768095,0.3334361575102524,lstm
SVC-000039,EVT-0002550,2026-06-12 11:13:31.173293,0.37046006885026705,lstm
USR-000049,EVT-0002551,2026-06-12 11:18:44.461961,0.7045512170910478,baseline_fallback
USR-000169,EVT-0002552,2026-06-12 11:19:55.383802,0.716883625315548,baseline_fallback
USR-000137,EVT-0002553,2026-06-12 11:19:57.474432,0.35409472582463913,baseline_fallback
SVC-000039,EVT-0002554,2026-06-12 11:19:58.500401,0.4094555024689453,lstm
USR-000182,EVT-0002555,2026-06-12 11:21:18.415668,0.35315294397499875,baseline_fallback
USR-000037,EVT-0002556,2026-06-12 11:22:51.818845,0.38654231820415746,baseline_fallback
USR-000182,EVT-0002557,2026-06-12 11:23:42.285256,0.3391063208603188,baseline_fallback
SVC-000008,EVT-0002558,2026-06-12 11:24:13.454157,0.41750919812144377,lstm
SVC-000050,EVT-0002559,2026-06-12 11:25:48.335348,0.9824800464436867,lstm
USR-000135,EVT-0002560,2026-06-12 11:29:11.924534,0.29719475738272105,baseline_fallback
USR-000179,EVT-0002561,2026-06-12 11:30:12.399561,0.6806967660292045,baseline_fallback
DEV-000001,EVT-0002562,2026-06-12 11:31:03.651337,0.388053716529467,lstm
USR-000046,EVT-0002563,2026-06-12 11:33:28.209481,0.3991213794281239,baseline_fallback
SVC-000008,EVT-0002564,2026-06-12 11:36:41.505187,0.4003042951118971,lstm
USR-000017,EVT-0002565,2026-06-12 11:36:59.609415,0.27793328254594857,baseline_fallback
DEV-000015,EVT-0002566,2026-06-12 11:37:12.876813,0.4645050201351012,baseline_fallback
USR-000093,EVT-0002567,2026-06-12 11:37:27.243674,0.2990311617274409,baseline_fallback
DEV-000013,EVT-0002568,2026-06-12 11:37:34.429092,0.5,baseline_fallback
SVC-000050,EVT-0002569,2026-06-12 11:38:21.865626,0.5290790502570258,lstm
SVC-000053,EVT-0002570,2026-06-12 11:38:29.889270,0.35768299952516686,lstm
SVC-000008,EVT-0002571,2026-06-12 11:39:13.362326,0.5240507347975337,lstm
USR-000042,EVT-0002572,2026-06-12 11:39:13.382203,0.39773301921304316,lstm
USR-000011,EVT-0002573,2026-06-12 11:39:36.954450,0.6101645852985574,baseline_fallback
USR-000151,EVT-0002574,2026-06-12 11:40:17.818916,0.30840291292077515,baseline_fallback
USR-000187,EVT-0002575,2026-06-12 11:43:17.723829,0.6595001955665777,baseline_fallback
USR-000169,EVT-0002576,2026-06-12 11:43:18.934379,0.37238516427655255,baseline_fallback
USR-000169,EVT-0002577,2026-06-12 11:45:51.046440,0.6905584683310216,baseline_fallback
SVC-000008,EVT-0002578,2026-06-12 11:46:19.351679,0.48853619495815803,lstm
USR-000006,EVT-0002579,2026-06-12 11:47:21.574829,0.371320415945769,baseline_fallback
USR-000172,EVT-0002580,2026-06-12 11:48:17.579238,0.37648214099051314,baseline_fallback
USR-000029,EVT-0002581,2026-06-12 11:48:26.163343,0.39083171410413603,baseline_fallback
USR-000200,EVT-0002582,2026-06-12 11:48:35.063391,0.6273103806015523,baseline_fallback
USR-000006,EVT-0002583,2026-06-12 11:48:36.414021,0.3264272080558062,baseline_fallback
USR-000167,EVT-0002584,2026-06-12 11:48:45.960610,0.2866213741945781,baseline_fallback
USR-000047,EVT-0002585,2026-06-12 11:50:58.178996,0.6323258403533986,baseline_fallback
SVC-000021,EVT-0002586,2026-06-12 11:51:04.350814,0.6763405800263863,baseline_fallback
SVC-000001,EVT-0002587,2026-06-12 11:51:10.085424,0.3742091716241589,baseline_fallback
SVC-000053,EVT-0002588,2026-06-12 11:51:39.086479,0.43509463763938483,lstm
DEV-000023,EVT-0002589,2026-06-12 11:51:51.590264,0.26385427106364295,lstm
SVC-000053,EVT-0002590,2026-06-12 11:53:19.871316,0.870676565356521,lstm
USR-000095,EVT-0002591,2026-06-12 11:53:30.045630,0.27876307056277866,baseline_fallback
USR-000091,EVT-0002592,2026-06-12 11:54:16.098351,0.28636684868072376,baseline_fallback
USR-000038,EVT-0002593,2026-06-12 11:55:17.357177,0.4110732107498163,baseline_fallback
USR-000207,EVT-0002594,2026-06-12 11:57:21.176364,0.6535046575459919,lstm
USR-000047,EVT-0002595,2026-06-12 11:59:48.530042,0.6501696381079551,baseline_fallback
SVC-000034,EVT-0002596,2026-06-12 12:00:12.928328,0.37053431090504346,baseline_fallback
USR-000135,EVT-0002597,2026-06-12 12:00:13.976434,0.3059770092364373,baseline_fallback
USR-000066,EVT-0002598,2026-06-12 12:00:33.200292,0.36036234505561243,baseline_fallback
USR-000162,EVT-0002599,2026-06-12 12:01:06.398378,0.3863272037150712,baseline_fallback
USR-000135,EVT-0002600,2026-06-12 12:02:05.483885,0.3374403014934998,baseline_fallback
USR-000154,EVT-0002601,2026-06-12 12:02:45.974392,0.6134748847916632,baseline_fallback
USR-000051,EVT-0002602,2026-06-12 12:06:12.395192,0.7409026113213822,baseline_fallback
USR-000128,EVT-0002603,2026-06-12 12:06:41.410044,0.3598641286036149,baseline_fallback
USR-000115,EVT-0002604,2026-06-12 12:07:15.391762,0.5334166251458823,lstm
USR-000199,EVT-0002605,2026-06-12 12:07:51.887762,0.40275825207028565,baseline_fallback
USR-000049,EVT-0002606,2026-06-12 12:08:43.182057,0.6985802737537234,baseline_fallback
SVC-000008,EVT-0002607,2026-06-12 12:09:31.866275,0.4179882816066982,lstm
DEV-000008,EVT-0002608,2026-06-12 12:09:52.219479,0.44351250010252574,baseline_fallback
USR-000050,EVT-0002609,2026-06-12 12:10:01.656711,0.7115199828495944,baseline_fallback
USR-000151,EVT-0002610,2026-06-12 12:10:43.455733,0.37614005597088196,baseline_fallback
USR-000013,EVT-0002611,2026-06-12 12:10:44.305322,0.3712563324073298,baseline_fallback
SVC-000016,EVT-0002612,2026-06-12 12:11:35.624927,0.8188141472040302,lstm
USR-000022,EVT-0002613,2026-06-12 12:11:42.513453,0.3092692038746409,baseline_fallback
USR-000213,EVT-0002614,2026-06-12 12:13:46.190587,0.6424898436543923,baseline_fallback
SVC-000053,EVT-0002615,2026-06-12 12:16:08.011743,0.5696629854215793,lstm
SVC-000016,EVT-0002616,2026-06-12 12:18:19.293812,0.9092901110086878,lstm
DEV-000014,EVT-0002617,2026-06-12 12:18:20.038100,0.3191020307146852,baseline_fallback
USR-000040,EVT-0002618,2026-06-12 12:18:41.163639,0.7223628056387993,baseline_fallback
SVC-000021,EVT-0002619,2026-06-12 12:20:09.076736,0.381503826006406,baseline_fallback
USR-000042,EVT-0002620,2026-06-12 12:22:05.347645,0.509515393261461,lstm
USR-000151,EVT-0002621,2026-06-12 12:23:09.662196,0.3392206732338501,baseline_fallback
SVC-000001,EVT-0002622,2026-06-12 12:23:51.274890,0.6034174568523398,baseline_fallback
USR-000188,EVT-0002623,2026-06-12 12:24:07.570643,0.6921002072437491,baseline_fallback
DEV-000010,EVT-0002624,2026-06-12 12:24:17.203710,0.4516874318176773,lstm
USR-000154,EVT-0002625,2026-06-12 12:24:40.307276,0.5398463690596018,baseline_fallback
USR-000169,EVT-0002626,2026-06-12 12:26:00.975966,0.3977267748949208,baseline_fallback
SVC-000017,EVT-0002627,2026-06-12 12:26:03.635336,0.999950699851662,lstm
USR-000029,EVT-0002628,2026-06-12 12:26:29.669434,0.365272753732977,baseline_fallback
SVC-000053,EVT-0002629,2026-06-12 12:27:11.110535,0.4520437164186303,lstm
USR-000125,EVT-0002630,2026-06-12 12:27:15.359925,0.3647433076314367,baseline_fallback
USR-000031,EVT-0002631,2026-06-12 12:27:21.559690,0.3304724635027422,lstm
USR-000170,EVT-0002632,2026-06-12 12:27:28.066895,0.3071801463855457,baseline_fallback
USR-000090,EVT-0002633,2026-06-12 12:27:56.904927,0.7303149100308979,baseline_fallback
SVC-000034,EVT-0002634,2026-06-12 12:28:55.602597,0.7382901124506671,baseline_fallback
USR-000171,EVT-0002635,2026-06-12 12:29:10.364818,0.3707001857625391,baseline_fallback
USR-000038,EVT-0002636,2026-06-12 12:30:59.390246,0.4031807260438955,baseline_fallback
USR-000129,EVT-0002637,2026-06-12 12:32:08.562930,0.3355806906486807,baseline_fallback
USR-000162,EVT-0002638,2026-06-12 12:32:45.117149,0.3583614632522653,baseline_fallback
USR-000090,EVT-0002639,2026-06-12 12:32:46.871087,0.6337984658872875,baseline_fallback
USR-000021,EVT-0002640,2026-06-12 12:33:54.460379,0.30718082198206526,baseline_fallback
SVC-000001,EVT-0002641,2026-06-12 12:35:30.866938,0.9642666520639479,lstm
SVC-000050,EVT-0002642,2026-06-12 12:35:32.955467,0.543026796281666,lstm
SVC-000039,EVT-0002643,2026-06-12 12:36:16.649997,0.42065942424309477,lstm
USR-000099,EVT-0002644,2026-06-12 12:36:19.427182,0.6351729593753895,baseline_fallback
SVC-000008,EVT-0002645,2026-06-12 12:37:11.102602,0.3614638735745066,lstm
DEV-000024,EVT-0002646,2026-06-12 12:38:29.649642,0.9816723006937167,baseline_fallback
USR-000011,EVT-0002647,2026-06-12 12:39:41.766427,0.6262379537314978,baseline_fallback
USR-000159,EVT-0002648,2026-06-12 12:40:06.110473,0.33220622874890154,baseline_fallback
SVC-000021,EVT-0002649,2026-06-12 12:40:22.439402,0.37311613954725115,baseline_fallback
USR-000022,EVT-0002650,2026-06-12 12:40:44.533098,0.4071990359747775,baseline_fallback
SVC-000021,EVT-0002651,2026-06-12 12:40:59.706732,0.5457701925571804,baseline_fallback
USR-000111,EVT-0002652,2026-06-12 12:41:17.898732,0.354200867262738,baseline_fallback
SVC-000034,EVT-0002653,2026-06-12 12:43:08.151597,0.8258561179203603,baseline_fallback
SVC-000034,EVT-0002654,2026-06-12 12:43:17.803796,0.9962715481072303,lstm
USR-000213,EVT-0002655,2026-06-12 12:43:23.133007,0.3080351720204766,baseline_fallback
USR-000064,EVT-0002656,2026-06-12 12:43:33.740282,0.30897540577416893,baseline_fallback
USR-000135,EVT-0002657,2026-06-12 12:43:58.267286,0.3187584126432966,baseline_fallback
DEV-000010,EVT-0002658,2026-06-12 12:44:14.846378,0.6279205456505986,lstm
USR-000147,EVT-0002659,2026-06-12 12:44:52.481279,0.62567435137274,baseline_fallback
USR-000046,EVT-0002660,2026-06-12 12:45:16.883911,0.7587770895537326,baseline_fallback
USR-000077,EVT-0002661,2026-06-12 12:45:53.908147,0.6942757783136612,baseline_fallback
SVC-000021,EVT-0002662,2026-06-12 12:45:56.950311,0.9925630527230844,lstm
USR-000166,EVT-0002663,2026-06-12 12:48:02.251246,0.297959377020158,baseline_fallback
SVC-000008,EVT-0002664,2026-06-12 12:48:21.436580,0.44014188431836904,lstm
USR-000035,EVT-0002665,2026-06-12 12:49:40.041031,0.9055945059586372,baseline_fallback
USR-000184,EVT-0002666,2026-06-12 12:50:54.286907,0.32950699627714936,baseline_fallback
SVC-000008,EVT-0002667,2026-06-12 12:50:54.338099,0.5430463652740977,lstm
USR-000162,EVT-0002668,2026-06-12 12:51:08.350277,0.3315009645322761,baseline_fallback
SVC-000021,EVT-0002669,2026-06-12 12:51:14.061704,0.7423449283321516,lstm
USR-000171,EVT-0002670,2026-06-12 12:51:38.845043,0.7193589945557584,baseline_fallback
USR-000046,EVT-0002671,2026-06-12 12:54:13.418968,0.35104240010833027,baseline_fallback
USR-000010,EVT-0002672,2026-06-12 12:54:29.871697,0.3470544451331834,baseline_fallback
USR-000042,EVT-0002673,2026-06-12 12:55:36.467775,0.41118509269520304,lstm
SVC-000050,EVT-0002674,2026-06-12 12:58:42.969994,0.38786056445086725,lstm
USR-000033,EVT-0002675,2026-06-12 13:01:33.577856,0.9961146444979172,baseline_fallback
USR-000021,EVT-0002676,2026-06-12 13:02:09.082082,0.6243938483010149,baseline_fallback
SVC-000034,EVT-0002677,2026-06-12 13:02:13.015866,0.7471854466780289,lstm
USR-000017,EVT-0002678,2026-06-12 13:02:35.086448,0.2943756489018405,baseline_fallback
SVC-000001,EVT-0002679,2026-06-12 13:03:40.485384,0.4122566962323525,lstm
USR-000188,EVT-0002680,2026-06-12 13:04:15.241450,0.39091271765876456,baseline_fallback
USR-000045,EVT-0002681,2026-06-12 13:05:04.675870,0.7158366399308062,lstm
USR-000108,EVT-0002682,2026-06-12 13:05:12.039448,0.34453245701440305,baseline_fallback
USR-000036,EVT-0002683,2026-06-12 13:05:28.576496,0.6783685210223608,baseline_fallback
SVC-000053,EVT-0002684,2026-06-12 13:07:10.686977,0.4862951398784676,lstm
USR-000035,EVT-0002685,2026-06-12 13:07:11.114519,0.8955844190257262,baseline_fallback
USR-000183,EVT-0002686,2026-06-12 13:08:30.237131,0.3666174759560683,baseline_fallback
USR-000066,EVT-0002687,2026-06-12 13:09:21.002499,0.31237762245667183,baseline_fallback
SVC-000021,EVT-0002688,2026-06-12 13:09:44.181341,1.0,lstm
SVC-000001,EVT-0002689,2026-06-12 13:09:52.423712,0.5674441324466908,lstm
USR-000001,EVT-0002690,2026-06-12 13:10:48.281312,0.3834631666597976,baseline_fallback
USR-000154,EVT-0002691,2026-06-12 13:11:50.697739,0.40435061971695807,baseline_fallback
SVC-000017,EVT-0002692,2026-06-12 13:12:28.207317,0.8775250766586804,lstm
SVC-000043,EVT-0002693,2026-06-12 13:14:18.292457,0.37216156391934424,baseline_fallback
USR-000111,EVT-0002694,2026-06-12 13:14:20.463608,0.39556821455750074,baseline_fallback
USR-000038,EVT-0002695,2026-06-12 13:14:41.475946,0.9435097220413395,baseline_fallback
SVC-000053,EVT-0002696,2026-06-12 13:15:06.594132,0.6242485217934953,lstm
USR-000196,EVT-0002697,2026-06-12 13:16:18.980454,0.6584989547580513,baseline_fallback
USR-000077,EVT-0002698,2026-06-12 13:17:20.757459,0.7116291826004009,baseline_fallback
USR-000115,EVT-0002699,2026-06-12 13:19:46.604356,0.2871197585870251,lstm
SVC-000021,EVT-0002700,2026-06-12 13:19:57.497392,0.9795744138135971,lstm
SVC-000001,EVT-0002701,2026-06-12 13:20:08.748352,0.4107624723134256,lstm
SVC-000043,EVT-0002702,2026-06-12 13:22:39.292935,0.373519263231581,baseline_fallback
USR-000155,EVT-0002703,2026-06-12 13:22:50.017949,0.7214990517451111,baseline_fallback
USR-000146,EVT-0002704,2026-06-12 13:25:36.751861,0.317024095008923,baseline_fallback
USR-000038,EVT-0002705,2026-06-12 13:26:40.738325,0.42084193970255923,baseline_fallback
SVC-000017,EVT-0002706,2026-06-12 13:28:07.621521,0.5176714988211131,lstm
USR-000029,EVT-0002707,2026-06-12 13:28:54.188858,0.4277101806908381,baseline_fallback
USR-000194,EVT-0002708,2026-06-12 13:32:34.453775,0.6225257794801494,baseline_fallback
USR-000065,EVT-0002709,2026-06-12 13:34:29.197399,0.3512435076346034,baseline_fallback
SVC-000008,EVT-0002710,2026-06-12 13:36:15.259924,0.5614353678152733,lstm
USR-000140,EVT-0002711,2026-06-12 13:36:58.249153,0.4777525040038122,baseline_fallback
USR-000093,EVT-0002712,2026-06-12 13:37:59.657271,0.6739429563331762,baseline_fallback
DEV-000016,EVT-0002713,2026-06-12 13:39:52.811378,0.25592353295272363,lstm
SVC-000022,EVT-0002714,2026-06-12 13:43:06.674879,0.9556586606269201,baseline_fallback
USR-000118,EVT-0002715,2026-06-12 13:44:14.567485,0.3541809604352626,baseline_fallback
SVC-000017,EVT-0002716,2026-06-12 13:46:23.154361,0.7386437570701929,lstm
SVC-000049,EVT-0002717,2026-06-12 13:46:44.133853,0.4889145689318578,baseline_fallback
USR-000183,EVT-0002718,2026-06-12 13:50:33.911227,0.34316835842545845,baseline_fallback
USR-000050,EVT-0002719,2026-06-12 13:50:59.184447,0.699026444413711,baseline_fallback
USR-000194,EVT-0002720,2026-06-12 13:53:31.084268,0.6856717146278839,baseline_fallback
SVC-000001,EVT-0002721,2026-06-12 13:53:58.111238,0.3484797786898697,lstm
USR-000026,EVT-0002722,2026-06-12 13:54:04.177439,0.34580743590510726,baseline_fallback
SVC-000021,EVT-0002723,2026-06-12 13:54:30.633924,0.7870232494662898,lstm
USR-000043,EVT-0002724,2026-06-12 13:55:22.389518,0.41301977814305024,baseline_fallback
USR-000066,EVT-0002725,2026-06-12 13:55:28.858685,0.36080260956559085,baseline_fallback
DEV-000003,EVT-0002726,2026-06-12 13:55:36.114472,0.2406118356517441,lstm
USR-000121,EVT-0002727,2026-06-12 13:56:03.633409,0.320716937584235,baseline_fallback
USR-000133,EVT-0002728,2026-06-12 13:57:35.164504,0.3171388045241244,baseline_fallback
USR-000115,EVT-0002729,2026-06-12 13:59:05.681996,0.25123105426441683,lstm
USR-000200,EVT-0002730,2026-06-12 14:00:28.743987,0.8841792498114008,baseline_fallback
SVC-000027,EVT-0002731,2026-06-12 14:01:04.762258,0.9793443992482985,lstm
SVC-000001,EVT-0002732,2026-06-12 14:01:22.668205,0.4099841845475623,lstm
SVC-000043,EVT-0002733,2026-06-12 14:03:22.583309,0.4393870069750825,baseline_fallback
SVC-000027,EVT-0002734,2026-06-12 14:04:38.986997,0.7758192836173613,lstm
DEV-000006,EVT-0002735,2026-06-12 14:05:41.478587,0.867196513094645,baseline_fallback
USR-000146,EVT-0002736,2026-06-12 14:07:28.653851,0.39369647101969746,baseline_fallback
USR-000066,EVT-0002737,2026-06-12 14:08:16.502190,0.3637892182285631,baseline_fallback
SVC-000022,EVT-0002738,2026-06-12 14:08:28.678696,0.9336017988173475,baseline_fallback
USR-000099,EVT-0002739,2026-06-12 14:09:31.470292,0.6557267350522643,baseline_fallback
SVC-000043,EVT-0002740,2026-06-12 14:10:15.547746,0.28896757804962164,baseline_fallback
DEV-000011,EVT-0002741,2026-06-12 14:10:20.093361,0.5223682421942806,lstm
SVC-000050,EVT-0002742,2026-06-12 14:10:39.776672,0.46886984714395624,lstm
SVC-000022,EVT-0002743,2026-06-12 14:11:13.229704,0.2929701602379098,baseline_fallback
USR-000002,EVT-0002744,2026-06-12 14:11:52.163244,0.38538129505962515,baseline_fallback
USR-000064,EVT-0002745,2026-06-12 14:11:56.228466,0.3101617847371344,baseline_fallback
SVC-000026,EVT-0002746,2026-06-12 14:11:58.820736,0.9973739889679527,lstm
SVC-000017,EVT-0002747,2026-06-12 14:12:21.303178,0.4136304084484313,lstm
SVC-000017,EVT-0002748,2026-06-12 14:13:07.735426,0.8128449042454894,lstm
DEV-000008,EVT-0002749,2026-06-12 14:13:59.120428,0.5622832740585726,baseline_fallback
SVC-000027,EVT-0002750,2026-06-12 14:14:08.659806,0.7879789503357396,lstm
USR-000115,EVT-0002751,2026-06-12 14:14:39.709071,0.2582863227101028,lstm
USR-000037,EVT-0002752,2026-06-12 14:14:46.304565,0.3618410881352045,baseline_fallback
USR-000111,EVT-0002753,2026-06-12 14:14:46.936509,0.34553297896884,baseline_fallback
USR-000204,EVT-0002754,2026-06-12 14:16:31.250867,0.33900824666876916,baseline_fallback
USR-000183,EVT-0002755,2026-06-12 14:18:14.328328,0.34616808956193484,baseline_fallback
USR-000003,EVT-0002756,2026-06-12 14:18:41.306607,0.6603587253872131,baseline_fallback
SVC-000050,EVT-0002757,2026-06-12 14:20:23.236520,0.3431525153123839,lstm
USR-000154,EVT-0002758,2026-06-12 14:20:31.207578,0.34498211727349337,baseline_fallback
SVC-000017,EVT-0002759,2026-06-12 14:22:07.921181,0.28765165507980717,lstm
USR-000003,EVT-0002760,2026-06-12 14:26:12.698536,0.34358166738622087,baseline_fallback
USR-000052,EVT-0002761,2026-06-12 14:27:00.851983,0.37099453363727936,baseline_fallback
SVC-000049,EVT-0002762,2026-06-12 14:27:08.032829,0.3365406369708711,baseline_fallback
USR-000152,EVT-0002763,2026-06-12 14:28:04.000000,0.7132932020462105,baseline_fallback
SVC-000017,EVT-0002764,2026-06-12 14:28:57.003080,0.5290440200825495,lstm
SVC-000022,EVT-0002765,2026-06-12 14:30:29.376340,0.3116987528343131,baseline_fallback
SVC-000027,EVT-0002766,2026-06-12 14:33:18.948112,0.7598102648637761,lstm
USR-000092,EVT-0002767,2026-06-12 14:33:53.711432,0.644551797020943,baseline_fallback
USR-000012,EVT-0002768,2026-06-12 14:34:47.156152,0.4030639384404722,baseline_fallback
SVC-000012,EVT-0002769,2026-06-12 14:35:50.401143,0.9939082743744955,lstm
USR-000073,EVT-0002770,2026-06-12 14:37:37.717382,0.7096148278619666,baseline_fallback
SVC-000022,EVT-0002771,2026-06-12 14:38:03.080214,0.26832210925073663,baseline_fallback
SVC-000012,EVT-0002772,2026-06-12 14:39:04.465774,0.8686804594365036,lstm
USR-000058,EVT-0002773,2026-06-12 14:40:00.518867,0.9180393432626544,lstm
USR-000040,EVT-0002774,2026-06-12 14:40:52.683419,0.44513534198079896,baseline_fallback
USR-000155,EVT-0002775,2026-06-12 14:41:07.498246,0.3014550857202063,baseline_fallback
USR-000027,EVT-0002776,2026-06-12 14:41:10.210516,0.31536396329404554,baseline_fallback
DEV-000020,EVT-0002777,2026-06-12 14:41:39.384843,0.3293687432385856,lstm
USR-000115,EVT-0002778,2026-06-12 14:42:22.646203,0.3108606748519704,lstm
SVC-000027,EVT-0002779,2026-06-12 14:42:27.981347,0.8082274245684496,lstm
SVC-000017,EVT-0002780,2026-06-12 14:42:52.389142,0.7543498425583669,lstm
USR-000044,EVT-0002781,2026-06-12 14:43:52.451564,0.4060052643908863,baseline_fallback
SVC-000012,EVT-0002782,2026-06-12 14:44:11.147560,0.39049791945484624,lstm
USR-000003,EVT-0002783,2026-06-12 14:44:29.267788,0.42278122496368686,baseline_fallback
SVC-000050,EVT-0002784,2026-06-12 14:45:21.028953,0.40923397095481495,lstm
USR-000004,EVT-0002785,2026-06-12 14:45:22.657856,0.295187849381026,baseline_fallback
USR-000066,EVT-0002786,2026-06-12 14:45:25.317340,0.35685662018863307,baseline_fallback
USR-000044,EVT-0002787,2026-06-12 14:45:38.182877,0.3884055647049862,baseline_fallback
SVC-000027,EVT-0002788,2026-06-12 14:45:53.715286,0.6812509126647194,lstm
USR-000108,EVT-0002789,2026-06-12 14:46:26.350117,0.33945564906724557,baseline_fallback
SVC-000049,EVT-0002790,2026-06-12 14:46:27.937358,0.8758137258417699,lstm
USR-000077,EVT-0002791,2026-06-12 14:46:37.979938,0.7101762788832992,baseline_fallback
USR-000077,EVT-0002792,2026-06-12 14:46:57.745820,0.6605209651476931,baseline_fallback
SVC-000027,EVT-0002793,2026-06-12 14:47:40.339211,0.6163216153842896,lstm
USR-000210,EVT-0002794,2026-06-12 14:47:45.874154,0.6800463333707885,baseline_fallback
USR-000012,EVT-0002795,2026-06-12 14:48:22.580205,0.35214556812038916,baseline_fallback
SVC-000022,EVT-0002796,2026-06-12 14:49:07.472035,0.8677571751169242,lstm
SVC-000017,EVT-0002797,2026-06-12 14:49:48.992777,0.3351936582965903,lstm
USR-000161,EVT-0002798,2026-06-12 14:50:05.509198,0.6605545611327301,baseline_fallback
SVC-000027,EVT-0002799,2026-06-12 14:51:28.678239,0.6334069212922498,lstm
SVC-000027,EVT-0002800,2026-06-12 14:51:44.182831,0.9059495356249733,lstm
USR-000185,EVT-0002801,2026-06-12 14:52:11.327412,0.37532310735736624,baseline_fallback
USR-000115,EVT-0002802,2026-06-12 14:52:22.142041,0.30002416833759854,lstm
USR-000064,EVT-0002803,2026-06-12 14:52:28.917174,0.6918405475091425,baseline_fallback
USR-000043,EVT-0002804,2026-06-12 14:55:36.083466,0.3980544478543457,baseline_fallback
SVC-000027,EVT-0002805,2026-06-12 14:56:20.107704,0.593162399680774,lstm
USR-000018,EVT-0002806,2026-06-12 14:59:26.315297,0.3815186639071278,baseline_fallback
USR-000002,EVT-0002807,2026-06-12 15:01:06.514523,0.4381866458693376,baseline_fallback
USR-000017,EVT-0002808,2026-06-12 15:04:18.406623,0.3514003237037722,baseline_fallback
USR-000044,EVT-0002809,2026-06-12 15:05:16.293893,0.4631498009728244,lstm
USR-000184,EVT-0002810,2026-06-12 15:06:19.793870,0.3460620517582319,baseline_fallback
SVC-000026,EVT-0002811,2026-06-12 15:06:37.771486,0.8361240380354782,lstm
USR-000109,EVT-0002812,2026-06-12 15:06:38.884420,0.3711703631041178,baseline_fallback
USR-000017,EVT-0002813,2026-06-12 15:06:42.459762,0.3923603296703919,baseline_fallback
USR-000184,EVT-0002814,2026-06-12 15:06:48.224535,0.33412599724621395,baseline_fallback
USR-000065,EVT-0002815,2026-06-12 15:07:00.758584,0.7302783402341991,baseline_fallback
USR-000107,EVT-0002816,2026-06-12 15:08:59.267657,0.7491266753612745,baseline_fallback
DEV-000006,EVT-0002817,2026-06-12 15:10:41.026790,0.9212124952066747,baseline_fallback
USR-000210,EVT-0002818,2026-06-12 15:11:18.122153,0.7030159648713571,baseline_fallback
USR-000200,EVT-0002819,2026-06-12 15:12:28.271396,0.9294111086133591,baseline_fallback
SVC-000027,EVT-0002820,2026-06-12 15:12:55.837271,0.46334318377944506,lstm
USR-000035,EVT-0002821,2026-06-12 15:12:57.268286,0.6836643942353037,baseline_fallback
SVC-000017,EVT-0002822,2026-06-12 15:13:35.171469,0.5270021063279811,lstm
USR-000035,EVT-0002823,2026-06-12 15:16:05.880708,0.8911315298513348,baseline_fallback
SVC-000049,EVT-0002824,2026-06-12 15:16:16.951570,0.5663343032501627,lstm
USR-000210,EVT-0002825,2026-06-12 15:17:20.963047,0.7568153115009449,baseline_fallback
SVC-000012,EVT-0002826,2026-06-12 15:19:46.772856,0.48503466591826827,lstm
USR-000129,EVT-0002827,2026-06-12 15:20:04.632001,0.9534025918958109,baseline_fallback
USR-000185,EVT-0002828,2026-06-12 15:22:20.059540,0.38469739758012833,baseline_fallback
SVC-000012,EVT-0002829,2026-06-12 15:24:14.623239,0.40892993399826083,lstm
USR-000147,EVT-0002830,2026-06-12 15:24:55.480741,0.7359425070509741,baseline_fallback
USR-000003,EVT-0002831,2026-06-12 15:24:58.406223,0.6827608790608466,baseline_fallback
SVC-000027,EVT-0002832,2026-06-12 15:25:01.515360,0.5337670350426291,lstm
DEV-000020,EVT-0002833,2026-06-12 15:25:19.306171,0.3676354466547137,lstm
DEV-000017,EVT-0002834,2026-06-12 15:25:52.735568,0.9082170931692087,baseline_fallback
SVC-000049,EVT-0002835,2026-06-12 15:26:56.397162,0.42453082668094017,lstm
SVC-000026,EVT-0002836,2026-06-12 15:27:32.990818,0.5225452704950567,lstm
USR-000175,EVT-0002837,2026-06-12 15:27:56.836879,0.7460059473914534,baseline_fallback
USR-000037,EVT-0002838,2026-06-12 15:29:02.725533,0.4077512841185916,lstm
USR-000074,EVT-0002839,2026-06-12 15:29:02.809912,0.4194832873034373,baseline_fallback
SVC-000023,EVT-0002840,2026-06-12 15:29:04.920599,0.9295171095054792,lstm
USR-000040,EVT-0002841,2026-06-12 15:31:55.697959,0.4755681814076427,baseline_fallback
SVC-000026,EVT-0002842,2026-06-12 15:32:43.045942,0.4963243960177855,lstm
SVC-000026,EVT-0002843,2026-06-12 15:35:10.221311,0.54775049438606,lstm
SVC-000026,EVT-0002844,2026-06-12 15:36:14.232202,0.5927637027609433,lstm
SVC-000026,EVT-0002845,2026-06-12 15:36:16.603832,0.7174298297840178,lstm
USR-000090,EVT-0002846,2026-06-12 15:39:06.442518,0.6989637548459153,baseline_fallback
USR-000033,EVT-0002847,2026-06-12 15:40:48.672356,0.7193736067183145,baseline_fallback
USR-000138,EVT-0002848,2026-06-12 15:41:01.950902,0.7639721785970099,baseline_fallback
SVC-000012,EVT-0002849,2026-06-12 15:41:50.782902,0.353882883348438,lstm
DEV-000010,EVT-0002850,2026-06-12 15:42:44.138153,0.4758477300617621,lstm
USR-000077,EVT-0002851,2026-06-12 15:43:13.051537,0.7397920202166102,baseline_fallback
USR-000181,EVT-0002852,2026-06-12 15:43:59.258604,0.4031392207858964,baseline_fallback
USR-000045,EVT-0002853,2026-06-12 15:44:27.421646,0.3030642366819051,lstm
USR-000002,EVT-0002854,2026-06-12 15:45:17.755197,0.400715201584833,baseline_fallback
USR-000002,EVT-0002855,2026-06-12 15:49:13.053808,0.43700983692674283,baseline_fallback
USR-000017,EVT-0002856,2026-06-12 15:51:39.900444,0.4116360978718168,baseline_fallback
SVC-000026,EVT-0002857,2026-06-12 15:52:21.567907,0.37327118704955203,lstm
USR-000002,EVT-0002858,2026-06-12 15:54:42.603954,0.4555073143104034,baseline_fallback
USR-000184,EVT-0002859,2026-06-12 15:56:01.121581,0.38915306217773266,baseline_fallback
USR-000181,EVT-0002860,2026-06-12 15:57:24.489371,0.36157973941171584,baseline_fallback
USR-000152,EVT-0002861,2026-06-12 15:58:03.364630,0.3671223575521996,baseline_fallback
SVC-000027,EVT-0002862,2026-06-12 15:59:03.386417,0.5552184493641975,lstm
USR-000035,EVT-0002863,2026-06-12 15:59:26.537824,0.920530229700773,baseline_fallback
DEV-000011,EVT-0002864,2026-06-12 16:02:46.679175,0.4576569843491035,lstm
SVC-000049,EVT-0002865,2026-06-12 16:03:06.701800,0.3793516959453032,lstm
SVC-000012,EVT-0002866,2026-06-12 16:03:22.191698,0.27809821521598815,lstm
USR-000011,EVT-0002867,2026-06-12 16:06:20.576424,0.7409102495411269,baseline_fallback
SVC-000029,EVT-0002868,2026-06-12 16:07:01.741740,0.7273825114138927,baseline_fallback
USR-000052,EVT-0002869,2026-06-12 16:07:04.735209,0.4753327962995284,baseline_fallback
USR-000040,EVT-0002870,2026-06-12 16:07:45.920337,0.4161311576074281,baseline_fallback
USR-000185,EVT-0002871,2026-06-12 16:08:12.678879,0.44124132779645936,baseline_fallback
USR-000045,EVT-0002872,2026-06-12 16:08:24.932197,0.23882750793211335,lstm
USR-000052,EVT-0002873,2026-06-12 16:10:30.061640,0.525755638980115,lstm
USR-000108,EVT-0002874,2026-06-12 16:11:26.015290,0.3753593912264525,baseline_fallback
USR-000004,EVT-0002875,2026-06-12 16:13:05.822738,0.4421062030121158,baseline_fallback
USR-000052,EVT-0002876,2026-06-12 16:13:42.890605,0.3939662417464336,lstm
USR-000011,EVT-0002877,2026-06-12 16:14:15.699729,0.7595423591487083,baseline_fallback
DEV-000026,EVT-0002878,2026-06-12 16:18:36.529558,0.4915953564395617,baseline_fallback
SVC-000038,EVT-0002879,2026-06-12 16:20:27.615826,0.993834012210511,lstm
USR-000175,EVT-0002880,2026-06-12 16:20:35.745420,0.7078028729037567,baseline_fallback
SVC-000029,EVT-0002881,2026-06-12 16:21:24.431125,0.7390074897673093,baseline_fallback
SVC-000023,EVT-0002882,2026-06-12 16:21:29.181777,0.32100823294904474,lstm
SVC-000029,EVT-0002883,2026-06-12 16:22:00.207749,0.8530582520793916,baseline_fallback
USR-000074,EVT-0002884,2026-06-12 16:23:28.777498,0.42060436686612784,baseline_fallback
USR-000128,EVT-0002885,2026-06-12 16:23:45.659042,0.4750701131951702,baseline_fallback
SVC-000038,EVT-0002886,2026-06-12 16:24:03.192805,0.988888783119548,lstm
SVC-000029,EVT-0002887,2026-06-12 16:24:44.314157,0.9417100181286701,baseline_fallback
USR-000147,EVT-0002888,2026-06-12 16:26:59.185508,0.3878881478768396,baseline_fallback
USR-000074,EVT-0002889,2026-06-12 16:27:28.862110,0.463977659627346,baseline_fallback
USR-000154,EVT-0002890,2026-06-12 16:29:25.146618,0.4154409455780502,baseline_fallback
USR-000181,EVT-0002891,2026-06-12 16:29:59.804654,0.46636486307708674,baseline_fallback
SVC-000008,EVT-0002892,2026-06-12 16:30:18.250919,0.9430720561702439,lstm
SVC-000049,EVT-0002893,2026-06-12 16:32:27.357335,0.4625334759642988,lstm
USR-000149,EVT-0002894,2026-06-12 16:34:03.974895,0.4502258655813201,baseline_fallback
DEV-000025,EVT-0002895,2026-06-12 16:34:15.230420,0.5800229367149631,baseline_fallback
USR-000171,EVT-0002896,2026-06-12 16:34:27.456409,0.4272916095423167,baseline_fallback
USR-000146,EVT-0002897,2026-06-12 16:34:35.706080,0.7539394080800326,baseline_fallback
SVC-000038,EVT-0002898,2026-06-12 16:34:46.431648,0.8198149415638055,lstm
USR-000212,EVT-0002899,2026-06-12 16:36:00.333526,0.688419467052795,baseline_fallback
SVC-000005,EVT-0002900,2026-06-12 16:36:32.614156,0.42709160383791,baseline_fallback
DEV-000015,EVT-0002901,2026-06-12 16:37:22.117645,0.40336230146045593,baseline_fallback
SVC-000038,EVT-0002902,2026-06-12 16:42:14.978612,0.6629297935242421,lstm
SVC-000038,EVT-0002903,2026-06-12 16:42:59.835796,0.9212146323539215,lstm
USR-000018,EVT-0002904,2026-06-12 16:43:09.765285,0.4716386374489608,baseline_fallback
USR-000077,EVT-0002905,2026-06-12 16:43:13.255044,0.739580407852609,baseline_fallback
DEV-000018,EVT-0002906,2026-06-12 16:45:48.381462,0.4286546068457973,lstm
SVC-000026,EVT-0002907,2026-06-12 16:47:58.985170,0.6921868086126015,lstm
SVC-000005,EVT-0002908,2026-06-12 16:48:27.982189,0.8593194657093369,baseline_fallback
USR-000152,EVT-0002909,2026-06-12 16:49:03.070380,0.7355746593911804,baseline_fallback
SVC-000026,EVT-0002910,2026-06-12 16:51:10.077168,0.45332420054087047,lstm
USR-000109,EVT-0002911,2026-06-12 16:51:44.447144,0.3765364073488219,baseline_fallback
USR-000066,EVT-0002912,2026-06-12 16:52:01.827885,0.3938232363988565,baseline_fallback
USR-000198,EVT-0002913,2026-06-12 16:54:03.499275,0.6860060177338156,baseline_fallback
DEV-000004,EVT-0002914,2026-06-12 16:54:25.613037,0.9380068652670881,baseline_fallback
USR-000003,EVT-0002915,2026-06-12 16:55:10.450115,0.3696305656187919,baseline_fallback
USR-000019,EVT-0002916,2026-06-12 16:56:10.133898,0.8154170679307224,baseline_fallback
USR-000152,EVT-0002917,2026-06-12 16:56:25.409227,0.939118870704183,baseline_fallback
USR-000004,EVT-0002918,2026-06-12 16:56:58.053993,0.3814887163248476,baseline_fallback
SVC-000005,EVT-0002919,2026-06-12 16:58:12.746377,0.31182488156946364,baseline_fallback
SVC-000005,EVT-0002920,2026-06-12 16:58:23.702248,0.7624649853331654,baseline_fallback
SVC-000038,EVT-0002921,2026-06-12 16:59:19.125884,0.7662756473453511,lstm
SVC-000029,EVT-0002922,2026-06-12 17:02:38.429479,0.9837324154606323,baseline_fallback
SVC-000038,EVT-0002923,2026-06-12 17:03:09.403809,0.5326796868233044,lstm
SVC-000044,EVT-0002924,2026-06-12 17:05:10.322682,0.4466282031348244,baseline_fallback
USR-000045,EVT-0002925,2026-06-12 17:05:38.155397,0.23309605579907705,lstm
USR-000109,EVT-0002926,2026-06-12 17:08:33.625036,0.4443686379041125,baseline_fallback
DEV-000006,EVT-0002927,2026-06-12 17:09:51.198363,0.85278681728903,baseline_fallback
USR-000044,EVT-0002928,2026-06-12 17:13:13.217102,0.42646812545875235,lstm
USR-000185,EVT-0002929,2026-06-12 17:18:25.550084,0.5097495045092085,baseline_fallback
USR-000045,EVT-0002930,2026-06-12 17:19:58.673326,0.31255476970649876,lstm
USR-000040,EVT-0002931,2026-06-12 17:22:17.286175,0.5666096903748314,baseline_fallback
USR-000052,EVT-0002932,2026-06-12 17:22:54.499723,0.3078390668183383,lstm
USR-000140,EVT-0002933,2026-06-12 17:24:33.527035,0.49917926683504515,baseline_fallback
USR-000146,EVT-0002934,2026-06-12 17:25:09.213508,0.5296383923473544,baseline_fallback
USR-000184,EVT-0002935,2026-06-12 17:25:49.420490,0.43696539330531475,baseline_fallback
USR-000002,EVT-0002936,2026-06-12 17:35:00.573406,0.9999999979315795,lstm
SVC-000005,EVT-0002937,2026-06-12 17:35:05.580948,0.9438427258656039,lstm
USR-000012,EVT-0002938,2026-06-12 17:39:17.381725,0.5251881521810051,baseline_fallback
USR-000185,EVT-0002939,2026-06-12 17:39:48.621890,0.5030191135394448,baseline_fallback
USR-000073,EVT-0002940,2026-06-12 17:46:23.242873,0.9275677715073842,baseline_fallback
USR-000011,EVT-0002941,2026-06-12 17:47:39.224365,0.8276723600168104,baseline_fallback
USR-000147,EVT-0002942,2026-06-12 17:52:34.475247,0.7519780023073221,baseline_fallback
SVC-000038,EVT-0002943,2026-06-12 17:53:48.284683,0.5605371122913498,lstm
USR-000125,EVT-0002944,2026-06-12 17:55:15.184443,0.45463311109283666,baseline_fallback
DEV-000011,EVT-0002945,2026-06-12 17:56:11.202942,0.3947155380715862,lstm
SVC-000026,EVT-0002946,2026-06-12 17:57:31.573592,0.651008084218,lstm
USR-000033,EVT-0002947,2026-06-12 17:59:19.393070,0.7936964250446462,baseline_fallback
DEV-000009,EVT-0002948,2026-06-12 18:01:57.490457,0.49182595418151154,lstm
SVC-000023,EVT-0002949,2026-06-12 18:02:21.745783,0.298905842726077,lstm
USR-000074,EVT-0002950,2026-06-12 18:03:42.291295,0.5252611809135173,baseline_fallback
SVC-000052,EVT-0002951,2026-06-12 18:03:45.562273,0.9851096109063036,lstm
USR-000125,EVT-0002952,2026-06-12 18:11:05.245292,0.8184891799755316,baseline_fallback
USR-000040,EVT-0002953,2026-06-12 18:14:47.073528,0.5901189882354158,baseline_fallback
USR-000045,EVT-0002954,2026-06-12 18:17:34.641471,0.24115030509826402,lstm
USR-000185,EVT-0002955,2026-06-12 18:19:55.530337,0.5247776300685163,baseline_fallback
USR-000012,EVT-0002956,2026-06-12 18:21:13.182558,0.6505820378506748,baseline_fallback
SVC-000060,EVT-0002957,2026-06-12 18:24:05.741256,0.8097018458144871,baseline_fallback
USR-000113,EVT-0002958,2026-06-12 18:24:21.302018,0.5521679126599109,baseline_fallback
DEV-000009,EVT-0002959,2026-06-12 18:30:14.046265,0.2459445769737023,lstm
DEV-000017,EVT-0002960,2026-06-12 18:39:27.152143,0.91723157055157,baseline_fallback
SVC-000052,EVT-0002961,2026-06-12 18:40:17.115573,0.8920035282535559,lstm
SVC-000057,EVT-0002962,2026-06-12 18:42:28.405152,0.5509852625191181,baseline_fallback
USR-000002,EVT-0002963,2026-06-12 18:45:01.979645,0.9999612729516972,lstm
USR-000012,EVT-0002964,2026-06-12 18:45:51.325546,0.4924745000013353,baseline_fallback
SVC-000044,EVT-0002965,2026-06-12 18:47:33.050653,0.4085389894429663,baseline_fallback
SVC-000023,EVT-0002966,2026-06-12 18:47:47.770633,0.26719863617901374,lstm
SVC-000052,EVT-0002967,2026-06-12 18:50:23.452179,0.5329256374429606,lstm
SVC-000044,EVT-0002968,2026-06-12 18:58:37.844407,0.9988929523599179,lstm
USR-000113,EVT-0002969,2026-06-12 19:06:14.990633,0.6604512412334739,baseline_fallback
USR-000040,EVT-0002970,2026-06-12 19:06:25.445937,0.5762240093093308,baseline_fallback
SVC-000044,EVT-0002971,2026-06-12 19:07:25.768522,0.985248131451662,lstm
USR-000002,EVT-0002972,2026-06-12 19:09:10.765450,0.8551926916742794,lstm
DEV-000001,EVT-0002973,2026-06-12 19:09:33.012907,0.7657942350388108,lstm
SVC-000052,EVT-0002974,2026-06-12 19:10:07.289991,0.5557694982593773,lstm
USR-000017,EVT-0002975,2026-06-12 19:10:42.730726,0.608274423076636,baseline_fallback
USR-000184,EVT-0002976,2026-06-12 19:11:47.265056,0.6745382331823163,baseline_fallback
SVC-000057,EVT-0002977,2026-06-12 19:14:27.266218,0.35097251436450144,baseline_fallback
USR-000066,EVT-0002978,2026-06-12 19:18:02.124299,0.6421222129961834,baseline_fallback
SVC-000044,EVT-0002979,2026-06-12 19:24:01.171022,0.8584629487184283,lstm
SVC-000023,EVT-0002980,2026-06-12 19:25:15.030600,0.2638724317693775,lstm
DEV-000008,EVT-0002981,2026-06-12 19:25:51.438147,0.47152113639982085,baseline_fallback
SVC-000052,EVT-0002982,2026-06-12 19:26:00.367261,0.6516527457335282,lstm
SVC-000057,EVT-0002983,2026-06-12 19:27:15.339542,0.7877414374797765,baseline_fallback
SVC-000061,EVT-0002984,2026-06-12 19:27:45.285297,0.9946384774528658,lstm
SVC-000052,EVT-0002985,2026-06-12 19:30:46.838318,0.5575890596044679,lstm
SVC-000060,EVT-0002986,2026-06-12 19:32:10.580979,0.9628320918950632,baseline_fallback
USR-000033,EVT-0002987,2026-06-12 19:33:20.907941,0.8714581708663329,baseline_fallback
SVC-000057,EVT-0002988,2026-06-12 19:34:59.979021,0.42104946306015395,baseline_fallback
SVC-000057,EVT-0002989,2026-06-12 19:35:27.110701,0.39446568022530254,baseline_fallback
SVC-000060,EVT-0002990,2026-06-12 19:39:15.800487,0.8015132887051544,baseline_fallback
SVC-000060,EVT-0002991,2026-06-12 19:42:55.260449,0.9224021947405938,baseline_fallback
SVC-000057,EVT-0002992,2026-06-12 19:44:07.315029,0.7967688057529169,baseline_fallback
SVC-000061,EVT-0002993,2026-06-12 19:45:10.824908,0.3845922918066216,lstm
DEV-000020,EVT-0002994,2026-06-12 19:50:02.042715,0.5969666662057479,lstm
DEV-000026,EVT-0002995,2026-06-12 19:50:38.484661,0.646743140207512,baseline_fallback
SVC-000052,EVT-0002996,2026-06-12 19:52:27.693273,0.45398090590506346,lstm
USR-000073,EVT-0002997,2026-06-12 19:53:19.923507,0.8803563687602944,baseline_fallback
SVC-000048,EVT-0002998,2026-06-12 19:55:29.392002,0.357028107688994,baseline_fallback
SVC-000044,EVT-0002999,2026-06-12 19:56:56.284539,0.8151827572925603,lstm
SVC-000048,EVT-0003000,2026-06-12 19:57:00.166922,0.3457325023324141,baseline_fallback
SVC-000060,EVT-0003001,2026-06-12 19:57:43.018278,0.9118026303320728,baseline_fallback
SVC-000061,EVT-0003002,2026-06-12 19:58:59.470825,0.33339422789540873,lstm
USR-000152,EVT-0003003,2026-06-12 19:59:17.726128,0.9035921872986133,baseline_fallback
SVC-000023,EVT-0003004,2026-06-12 20:00:44.132792,0.39507070563882485,lstm
SVC-000060,EVT-0003005,2026-06-12 20:06:16.057314,0.7661568816096088,baseline_fallback
SVC-000044,EVT-0003006,2026-06-12 20:08:38.717291,0.7621283699540593,lstm
SVC-000023,EVT-0003007,2026-06-12 20:09:30.211560,0.44512135134803055,lstm
USR-000149,EVT-0003008,2026-06-12 20:11:56.107228,0.7172076704110343,baseline_fallback
DEV-000002,EVT-0003009,2026-06-12 20:12:40.946552,0.49676201517120067,lstm
SVC-000060,EVT-0003010,2026-06-12 20:18:36.417036,0.7820252851925562,baseline_fallback
SVC-000058,EVT-0003011,2026-06-12 20:19:26.026966,0.9998045622226411,lstm
SVC-000061,EVT-0003012,2026-06-12 20:21:52.903117,0.34498625127920424,lstm
SVC-000052,EVT-0003013,2026-06-12 20:22:06.587500,0.3356878261106909,lstm
DEV-000020,EVT-0003014,2026-06-12 20:22:53.917927,0.6129553575075364,lstm
SVC-000058,EVT-0003015,2026-06-12 20:26:28.482524,0.6283674191584616,lstm
SVC-000052,EVT-0003016,2026-06-12 20:27:20.244111,0.4002255153910757,lstm
SVC-000061,EVT-0003017,2026-06-12 20:29:25.921492,0.5036665024501538,lstm
USR-000003,EVT-0003018,2026-06-12 20:29:37.815769,0.677952916252233,baseline_fallback
DEV-000003,EVT-0003019,2026-06-12 20:34:42.595061,0.5241531232476904,lstm
SVC-000054,EVT-0003020,2026-06-12 20:39:49.326141,0.9728785348534664,lstm
DEV-000017,EVT-0003021,2026-06-12 20:43:06.134373,0.8953514643996174,baseline_fallback
SVC-000058,EVT-0003022,2026-06-12 20:43:33.185584,0.4840032419949285,lstm
SVC-000057,EVT-0003023,2026-06-12 20:43:33.383273,0.4210087774436701,baseline_fallback
DEV-000001,EVT-0003024,2026-06-12 20:45:58.100503,0.7656795266910611,lstm
SVC-000058,EVT-0003025,2026-06-12 20:49:37.956679,0.40767274972603645,lstm
SVC-000057,EVT-0003026,2026-06-12 20:55:26.680393,0.44048979969400154,baseline_fallback
SVC-000054,EVT-0003027,2026-06-12 20:56:03.132538,0.319150643933482,lstm
SVC-000054,EVT-0003028,2026-06-12 21:01:28.087670,0.4106865615677066,lstm
DEV-000006,EVT-0003029,2026-06-12 21:05:57.384276,0.9206234179035763,baseline_fallback
SVC-000047,EVT-0003030,2026-06-12 21:07:36.199383,0.9998443434268119,lstm
SVC-000048,EVT-0003031,2026-06-12 21:11:02.726391,0.2785076450062207,baseline_fallback
SVC-000047,EVT-0003032,2026-06-12 21:12:34.650747,0.5644428413949234,lstm
SVC-000048,EVT-0003033,2026-06-12 21:17:18.287620,0.3930415044075533,baseline_fallback
SVC-000003,EVT-0003034,2026-06-12 21:18:08.444758,0.9971070377849783,lstm
USR-000040,EVT-0003035,2026-06-12 21:19:39.632196,0.7367366321736074,baseline_fallback
SVC-000035,EVT-0003036,2026-06-12 21:21:20.816958,0.9973400297898262,lstm
SVC-000052,EVT-0003037,2026-06-12 21:22:52.343021,0.4285142003436486,lstm
SVC-000054,EVT-0003038,2026-06-12 21:23:02.431828,0.3978123451158307,lstm
SVC-000054,EVT-0003039,2026-06-12 21:24:50.088932,0.6415914172501942,lstm
SVC-000048,EVT-0003040,2026-06-12 21:25:56.879034,0.8788226430645691,lstm
DEV-000011,EVT-0003041,2026-06-12 21:26:15.265562,0.37113812229467735,lstm
SVC-000054,EVT-0003042,2026-06-12 21:26:31.364296,0.5261429418468401,lstm
USR-000113,EVT-0003043,2026-06-12 21:26:55.955170,0.7869688195176805,baseline_fallback
SVC-000054,EVT-0003044,2026-06-12 21:27:16.825890,0.5395477482240774,lstm
DEV-000004,EVT-0003045,2026-06-12 21:28:22.273764,0.9715468491796989,baseline_fallback
DEV-000016,EVT-0003046,2026-06-12 21:28:35.797049,0.9320359340399714,lstm
SVC-000048,EVT-0003047,2026-06-12 21:31:39.078081,0.47949281711779823,lstm
USR-000113,EVT-0003048,2026-06-12 21:32:13.765489,0.8004835070426644,baseline_fallback
SVC-000047,EVT-0003049,2026-06-12 21:33:16.474600,0.3865813869635036,lstm
SVC-000045,EVT-0003050,2026-06-12 21:33:51.745041,0.9996890005999086,lstm
SVC-000025,EVT-0003051,2026-06-12 21:35:12.098740,0.7065347701278177,baseline_fallback
SVC-000035,EVT-0003052,2026-06-12 21:35:46.256799,0.5759838739438494,lstm
SVC-000058,EVT-0003053,2026-06-12 21:37:47.220554,0.38887997359200216,lstm
SVC-000058,EVT-0003054,2026-06-12 21:38:47.812517,0.5541594997995895,lstm
USR-000018,EVT-0003055,2026-06-12 21:39:16.006874,0.7451264001819506,baseline_fallback
SVC-000048,EVT-0003056,2026-06-12 21:45:49.789707,0.27892328141362865,lstm
SVC-000023,EVT-0003057,2026-06-12 21:46:27.873439,0.611301558919382,lstm
SVC-000047,EVT-0003058,2026-06-12 21:46:33.978904,0.3985562292113866,lstm
SVC-000044,EVT-0003059,2026-06-12 21:47:01.542990,0.8908930913588345,lstm
SVC-000054,EVT-0003060,2026-06-12 21:48:00.850131,0.28989267903306737,lstm
DEV-000018,EVT-0003061,2026-06-12 21:51:03.832155,0.3959132599379673,lstm
SVC-000035,EVT-0003062,2026-06-12 21:51:16.136781,0.4836051857781914,lstm
SVC-000054,EVT-0003063,2026-06-12 21:51:45.064713,0.3234130374661998,lstm
USR-000113,EVT-0003064,2026-06-12 21:51:45.607069,0.7923052097334852,baseline_fallback
SVC-000048,EVT-0003065,2026-06-12 21:53:22.960638,0.38440584890800183,lstm
SVC-000003,EVT-0003066,2026-06-12 21:54:38.564986,0.7965460666834491,lstm
SVC-000054,EVT-0003067,2026-06-12 21:56:17.200463,0.4650054907544055,lstm
SVC-000003,EVT-0003068,2026-06-12 21:58:28.299379,0.8281847011660746,lstm
SVC-000053,EVT-0003069,2026-06-12 21:59:16.000000,0.9999998754081438,lstm
SVC-000047,EVT-0003070,2026-06-12 21:59:34.686480,0.27607433827582567,lstm
SVC-000054,EVT-0003071,2026-06-12 22:01:34.907463,0.41033081824722656,lstm
SVC-000054,EVT-0003072,2026-06-12 22:02:23.088869,0.3669624454084889,lstm
SVC-000047,EVT-0003073,2026-06-12 22:04:25.729667,0.33252543069095064,lstm
SVC-000002,EVT-0003074,2026-06-12 22:04:26.089974,0.9831608076378582,lstm
SVC-000047,EVT-0003075,2026-06-12 22:05:26.654874,0.3700798632679657,lstm
DEV-000003,EVT-0003076,2026-06-12 22:05:37.528041,0.46984700258733825,lstm
DEV-000025,EVT-0003077,2026-06-12 22:06:50.446062,0.5856145985277085,baseline_fallback
SVC-000002,EVT-0003078,2026-06-12 22:06:57.119452,0.4849632811518339,lstm
SVC-000003,EVT-0003079,2026-06-12 22:08:02.304094,0.7825675981331386,lstm
DEV-000021,EVT-0003080,2026-06-12 22:09:03.740940,0.9549099355465338,lstm
SVC-000035,EVT-0003081,2026-06-12 22:12:23.316131,0.2579880125348629,lstm
SVC-000058,EVT-0003082,2026-06-12 22:12:35.625513,0.31898260827763264,lstm
SVC-000045,EVT-0003083,2026-06-12 22:15:05.128780,0.9414301583255049,lstm
SVC-000045,EVT-0003084,2026-06-12 22:17:02.767132,0.584523211506981,lstm
SVC-000054,EVT-0003085,2026-06-12 22:17:29.824956,0.30497630995890707,lstm
USR-000109,EVT-0003086,2026-06-12 22:18:24.209099,0.8550884524662541,lstm
SVC-000025,EVT-0003087,2026-06-12 22:20:41.354634,0.3103685765257902,baseline_fallback
SVC-000002,EVT-0003088,2026-06-12 22:21:47.739974,0.3485092989091593,lstm
SVC-000035,EVT-0003089,2026-06-12 22:24:42.495558,0.2735805625329337,lstm
SVC-000054,EVT-0003090,2026-06-12 22:25:18.508803,0.6630939636350451,lstm
SVC-000032,EVT-0003091,2026-06-12 22:25:50.368742,0.9861191460083404,lstm
SVC-000058,EVT-0003092,2026-06-12 22:26:13.362917,0.41530443388050114,lstm
SVC-000002,EVT-0003093,2026-06-12 22:26:42.957400,0.3363881748121669,lstm
DEV-000011,EVT-0003094,2026-06-12 22:28:27.221380,0.34795419969499797,lstm
SVC-000045,EVT-0003095,2026-06-12 22:28:35.950025,0.41768445669027177,lstm
SVC-000003,EVT-0003096,2026-06-12 22:29:20.120918,0.48277090274613427,lstm
SVC-000032,EVT-0003097,2026-06-12 22:29:34.125436,0.7159155126359713,lstm
USR-000198,EVT-0003098,2026-06-12 22:30:20.367494,0.9103252250092059,baseline_fallback
SVC-000002,EVT-0003099,2026-06-12 22:32:03.171010,0.3306756100016359,lstm
SVC-000045,EVT-0003100,2026-06-12 22:38:05.553621,0.29723195120142554,lstm
SVC-000002,EVT-0003101,2026-06-12 22:40:38.259536,0.39556106829689386,lstm
SVC-000045,EVT-0003102,2026-06-12 22:40:51.318001,0.55335256045832,lstm
USR-000106,EVT-0003103,2026-06-12 22:41:31.451802,0.7699347105831932,baseline_fallback
DEV-000006,EVT-0003104,2026-06-12 22:42:00.984646,0.908914397147185,baseline_fallback
SVC-000032,EVT-0003105,2026-06-12 22:42:34.283754,0.2640401614664212,lstm
USR-000088,EVT-0003106,2026-06-12 22:46:40.683676,0.7803555457298191,baseline_fallback
SVC-000032,EVT-0003107,2026-06-12 22:50:20.054733,0.33705789074562387,lstm
SVC-000053,EVT-0003108,2026-06-12 22:52:12.339518,1.0,lstm
SVC-000032,EVT-0003109,2026-06-12 22:52:12.467070,0.2999150863958252,lstm
SVC-000025,EVT-0003110,2026-06-12 22:54:32.445628,0.7690951521118324,baseline_fallback
SVC-000058,EVT-0003111,2026-06-12 22:56:47.317937,0.2997363784415382,lstm
SVC-000059,EVT-0003112,2026-06-12 22:57:53.450761,0.9784133047153092,lstm
SVC-000032,EVT-0003113,2026-06-12 22:58:20.041961,0.27052496143481464,lstm
SVC-000045,EVT-0003114,2026-06-12 22:59:34.454048,0.3522484825853597,lstm
SVC-000047,EVT-0003115,2026-06-12 22:59:46.021318,0.4113217024462902,lstm
SVC-000032,EVT-0003116,2026-06-12 23:00:48.853278,0.2982935787165364,lstm
SVC-000032,EVT-0003117,2026-06-12 23:02:17.233267,0.37636327937929676,lstm
SVC-000035,EVT-0003118,2026-06-12 23:06:52.698758,0.3406691661812945,lstm
SVC-000041,EVT-0003119,2026-06-12 23:09:34.131436,0.9448680885338409,lstm
SVC-000032,EVT-0003120,2026-06-12 23:11:46.008181,0.26015907667102167,lstm
SVC-000047,EVT-0003121,2026-06-12 23:13:55.504758,0.2684081215565738,lstm
SVC-000059,EVT-0003122,2026-06-12 23:16:38.344944,0.21974277031107753,lstm
DEV-000025,EVT-0003123,2026-06-12 23:18:08.230143,0.5047186992730611,baseline_fallback
SVC-000045,EVT-0003124,2026-06-12 23:19:39.477211,0.6625041058576616,lstm
DEV-000013,EVT-0003125,2026-06-12 23:21:17.187377,0.27733026963120944,baseline_fallback
SVC-000047,EVT-0003126,2026-06-12 23:21:43.734054,0.38829291293950713,lstm
DEV-000008,EVT-0003127,2026-06-12 23:22:00.181806,0.28370718188074345,baseline_fallback
SVC-000059,EVT-0003128,2026-06-12 23:25:10.928873,0.20791134843430942,lstm
SVC-000059,EVT-0003129,2026-06-12 23:25:18.224171,0.37845776576371526,lstm
SVC-000002,EVT-0003130,2026-06-12 23:25:27.076656,0.38164775954582897,lstm
DEV-000009,EVT-0003131,2026-06-12 23:28:37.380399,0.30544099127329266,lstm
USR-000113,EVT-0003132,2026-06-12 23:29:07.084286,0.7537002186662983,baseline_fallback
SVC-000045,EVT-0003133,2026-06-12 23:30:16.213471,0.4714356745426814,lstm
SVC-000047,EVT-0003134,2026-06-12 23:31:11.999031,0.41985466269449295,lstm
SVC-000059,EVT-0003135,2026-06-12 23:36:22.549385,0.21639894300286103,lstm
SVC-000025,EVT-0003136,2026-06-12 23:37:57.342107,0.8132614593320134,lstm
SVC-000002,EVT-0003137,2026-06-12 23:38:05.333180,0.46300455037473603,lstm
SVC-000041,EVT-0003138,2026-06-12 23:38:17.999060,0.3293169004193776,lstm
SVC-000059,EVT-0003139,2026-06-12 23:41:07.500070,0.43305785924521095,lstm
DEV-000022,EVT-0003140,2026-06-12 23:41:17.849069,0.8932194913081124,baseline_fallback
USR-000113,EVT-0003141,2026-06-12 23:41:38.962444,0.7564541234573624,baseline_fallback
DEV-000004,EVT-0003142,2026-06-12 23:41:46.685549,0.8432054102590242,baseline_fallback
SVC-000045,EVT-0003143,2026-06-12 23:42:00.601533,0.34054704376428324,lstm
SVC-000035,EVT-0003144,2026-06-12 23:42:02.352887,0.7382383984988967,lstm
USR-000106,EVT-0003145,2026-06-12 23:45:47.461643,0.751253540295825,baseline_fallback
USR-000113,EVT-0003146,2026-06-12 23:47:44.492262,0.761227352503153,baseline_fallback
USR-000163,EVT-0003147,2026-06-12 23:49:08.018789,0.9075903376628398,baseline_fallback
SVC-000059,EVT-0003148,2026-06-12 23:51:00.801041,0.22484925180739232,lstm
SVC-000032,EVT-0003149,2026-06-12 23:51:49.442431,0.3073072842527709,lstm
SVC-000056,EVT-0003150,2026-06-12 23:53:52.057499,0.9855398934202461,lstm
SVC-000059,EVT-0003151,2026-06-12 23:56:35.469424,0.22476138439090812,lstm
USR-000106,EVT-0003152,2026-06-12 23:57:08.971555,0.7052547177496644,lstm
SVC-000032,EVT-0003153,2026-06-12 23:59:12.964080,0.5697131147607227,lstm
SVC-000032,EVT-0003154,2026-06-12 23:59:40.661414,0.45319788570748043,lstm
USR-000165,EVT-0003155,2026-06-12 23:59:49.156369,0.9437979601400427,baseline_fallback
DEV-000001,EVT-0003156,2026-06-13 00:01:17.417826,0.5855713750103932,lstm
SVC-000041,EVT-0003157,2026-06-13 00:02:25.096741,0.618813590901817,lstm
USR-000109,EVT-0003158,2026-06-13 00:04:04.172099,0.8234163393213064,lstm
DEV-000016,EVT-0003159,2026-06-13 00:04:20.729249,0.86868696720633,lstm
SVC-000002,EVT-0003160,2026-06-13 00:05:24.744929,0.5561444018005358,lstm
DEV-000023,EVT-0003161,2026-06-13 00:05:49.144423,0.9696208777208207,lstm
DEV-000026,EVT-0003162,2026-06-13 00:10:43.625072,0.9940737399206095,lstm
DEV-000010,EVT-0003163,2026-06-13 00:15:47.437495,0.501133432999829,lstm
SVC-000059,EVT-0003164,2026-06-13 00:21:10.291921,0.32315543251684065,lstm
SVC-000041,EVT-0003165,2026-06-13 00:23:09.873316,0.5292775372075856,lstm
DEV-000006,EVT-0003166,2026-06-13 00:24:42.386738,0.879622263190428,baseline_fallback
SVC-000041,EVT-0003167,2026-06-13 00:39:47.941956,0.298978073746787,lstm
DEV-000021,EVT-0003168,2026-06-13 00:41:31.574752,0.7900427596249961,lstm
DEV-000012,EVT-0003169,2026-06-13 00:43:10.058633,0.9204477950244275,baseline_fallback
USR-000150,EVT-0003170,2026-06-13 00:44:34.182412,0.9131558474361364,baseline_fallback
SVC-000041,EVT-0003171,2026-06-13 00:46:45.512398,0.4269206102004138,lstm
DEV-000016,EVT-0003172,2026-06-13 00:47:21.088565,0.7265181540836887,lstm
DEV-000007,EVT-0003173,2026-06-13 01:01:07.375789,0.9410102330163236,baseline_fallback
DEV-000006,EVT-0003174,2026-06-13 01:09:17.597044,0.9641794162624248,lstm
DEV-000013,EVT-0003175,2026-06-13 01:12:00.630491,0.42593948607768994,baseline_fallback
SVC-000056,EVT-0003176,2026-06-13 01:14:00.841124,0.8969834998495813,lstm
SVC-000018,EVT-0003177,2026-06-13 01:15:13.805127,0.9903858744195301,lstm
DEV-000009,EVT-0003178,2026-06-13 01:16:12.117828,0.5389429460837554,lstm
DEV-000002,EVT-0003179,2026-06-13 01:23:03.359245,0.4169119507853725,lstm
SVC-000041,EVT-0003180,2026-06-13 01:23:32.501464,0.5441295928412031,lstm
DEV-000016,EVT-0003181,2026-06-13 01:27:07.358750,0.7029350775867383,lstm
DEV-000003,EVT-0003182,2026-06-13 01:31:28.176737,0.46474955586410727,lstm
DEV-000003,EVT-0003183,2026-06-13 01:39:48.158015,0.8171342327743889,lstm
SVC-000041,EVT-0003184,2026-06-13 01:52:20.666372,0.670222003708507,lstm
SVC-000041,EVT-0003185,2026-06-13 01:52:41.444917,0.9739216690440551,lstm
SVC-000018,EVT-0003186,2026-06-13 01:56:01.277090,0.5115007692505305,lstm
SVC-000018,EVT-0003187,2026-06-13 02:01:15.031662,0.6268508413191723,lstm
SVC-000041,EVT-0003188,2026-06-13 02:06:47.381883,0.31623677235047193,lstm
USR-000124,EVT-0003189,2026-06-13 02:28:26.763113,0.915577565625324,baseline_fallback
DEV-000004,EVT-0003190,2026-06-13 02:36:43.895256,0.8857146809698015,baseline_fallback
SVC-000018,EVT-0003191,2026-06-13 02:41:27.988307,0.5909516946620388,lstm
SVC-000041,EVT-0003192,2026-06-13 02:42:09.310007,0.3677197147416795,lstm
SVC-000018,EVT-0003193,2026-06-13 02:46:24.533534,0.6446395080726173,lstm
DEV-000011,EVT-0003194,2026-06-13 02:48:13.245147,0.4631673423508482,lstm
USR-000122,EVT-0003195,2026-06-13 02:51:04.535507,0.94505076926323,baseline_fallback
DEV-000003,EVT-0003196,2026-06-13 02:52:22.885769,0.3765427844817207,lstm
SVC-000018,EVT-0003197,2026-06-13 02:52:54.443510,0.44244200234358966,lstm
SVC-000014,EVT-0003198,2026-06-13 03:03:28.686574,0.9958356406563134,lstm
SVC-000018,EVT-0003199,2026-06-13 03:03:36.731851,0.3315265867708924,lstm
SVC-000041,EVT-0003200,2026-06-13 03:04:18.805780,0.8075365918516916,lstm
DEV-000023,EVT-0003201,2026-06-13 03:09:35.649177,0.6499169100186454,lstm
SVC-000018,EVT-0003202,2026-06-13 03:17:33.384414,0.3941453375374687,lstm
SVC-000018,EVT-0003203,2026-06-13 03:25:39.935593,0.3456126135171665,lstm
DEV-000008,EVT-0003204,2026-06-13 03:29:43.052002,0.9937153174536892,lstm
DEV-000018,EVT-0003205,2026-06-13 03:35:55.643632,0.6259795602310688,lstm
DEV-000007,EVT-0003206,2026-06-13 03:44:33.199960,0.9548436650203266,baseline_fallback
DEV-000005,EVT-0003207,2026-06-13 03:45:41.391548,0.34297166442611265,baseline_fallback
SVC-000014,EVT-0003208,2026-06-13 03:47:01.550708,0.42756665737683724,lstm
DEV-000010,EVT-0003209,2026-06-13 03:49:30.575558,0.22951850773164098,lstm
SVC-000014,EVT-0003210,2026-06-13 03:52:07.526748,0.3400864918590731,lstm
DEV-000009,EVT-0003211,2026-06-13 03:57:48.499990,0.4586180937367967,lstm
SVC-000014,EVT-0003212,2026-06-13 03:58:08.643603,0.58053471538032,lstm
DEV-000001,EVT-0003213,2026-06-13 04:02:18.139217,0.4739866182358964,lstm
SVC-000014,EVT-0003214,2026-06-13 04:03:17.973978,0.6502364182494522,lstm
SVC-000020,EVT-0003215,2026-06-13 04:05:09.154248,0.9919271504195214,lstm
SVC-000020,EVT-0003216,2026-06-13 04:06:11.827491,0.945221059027243,lstm
DEV-000026,EVT-0003217,2026-06-13 04:07:05.936095,0.5928179671882045,lstm
SVC-000014,EVT-0003218,2026-06-13 04:07:21.430704,0.3365381630864878,lstm
SVC-000014,EVT-0003219,2026-06-13 04:08:30.691096,0.39106407897481826,lstm
SVC-000014,EVT-0003220,2026-06-13 04:08:59.282274,0.48185720440288593,lstm
USR-000054,EVT-0003221,2026-06-13 04:10:46.927981,0.9293060794058811,baseline_fallback
USR-000124,EVT-0003222,2026-06-13 04:11:56.618696,0.6791849494381406,baseline_fallback
DEV-000002,EVT-0003223,2026-06-13 04:13:02.104505,0.452903621674669,lstm
SVC-000014,EVT-0003224,2026-06-13 04:15:16.214246,0.355917314660755,lstm
DEV-000013,EVT-0003225,2026-06-13 04:15:39.984495,0.996885239140225,lstm
DEV-000018,EVT-0003226,2026-06-13 04:16:45.943405,0.5227379134436884,lstm
SVC-000007,EVT-0003227,2026-06-13 04:19:36.623452,0.9621138655275963,lstm
SVC-000019,EVT-0003228,2026-06-13 04:22:09.791003,0.9751632923143156,lstm
DEV-000018,EVT-0003229,2026-06-13 04:25:52.248221,0.9299713649294338,lstm
DEV-000026,EVT-0003230,2026-06-13 04:29:53.314780,0.6625016894076023,lstm
DEV-000005,EVT-0003231,2026-06-13 04:32:48.190235,0.28987044544383894,baseline_fallback
SVC-000014,EVT-0003232,2026-06-13 04:34:19.588455,0.3326901185977217,lstm
SVC-000020,EVT-0003233,2026-06-13 04:34:54.074662,0.6274418692975251,lstm
SVC-000008,EVT-0003234,2026-06-13 04:36:34.426919,1.0,lstm
SVC-000008,EVT-0003235,2026-06-13 04:36:42.733304,0.9999995925729815,lstm
SVC-000008,EVT-0003236,2026-06-13 04:36:52.185015,0.9999954544144348,lstm
USR-000163,EVT-0003237,2026-06-13 04:36:54.699694,0.706508227667399,baseline_fallback
SVC-000008,EVT-0003238,2026-06-13 04:36:55.690616,0.9999917693931085,lstm
SVC-000019,EVT-0003239,2026-06-13 04:37:00.632344,0.31132693963463925,lstm
SVC-000008,EVT-0003240,2026-06-13 04:37:03.861479,0.9990694622819474,lstm
SVC-000008,EVT-0003241,2026-06-13 04:37:06.053140,0.9975803036070489,lstm
SVC-000008,EVT-0003242,2026-06-13 04:37:17.238298,0.9965363991528826,lstm
SVC-000008,EVT-0003243,2026-06-13 04:37:30.975463,0.9983826001084424,lstm
SVC-000008,EVT-0003244,2026-06-13 04:37:39.558060,0.9959084742871646,lstm
SVC-000008,EVT-0003245,2026-06-13 04:37:50.701648,0.9503240856500348,lstm
SVC-000008,EVT-0003246,2026-06-13 04:37:57.014119,0.9769004976876892,lstm
SVC-000008,EVT-0003247,2026-06-13 04:38:08.763778,0.995902911604559,lstm
SVC-000008,EVT-0003248,2026-06-13 04:38:20.183290,0.8464896251337922,lstm
SVC-000008,EVT-0003249,2026-06-13 04:38:23.178513,0.5203382682748665,lstm
SVC-000007,EVT-0003250,2026-06-13 04:41:50.396825,0.3862482416034177,lstm
SVC-000007,EVT-0003251,2026-06-13 04:44:04.537852,0.46190784158805975,lstm
SVC-000007,EVT-0003252,2026-06-13 04:48:00.334936,0.39190106737833824,lstm
SVC-000019,EVT-0003253,2026-06-13 04:48:16.418249,0.26515838772368483,lstm
SVC-000020,EVT-0003254,2026-06-13 04:48:35.876090,0.7490401725847575,lstm
SVC-000020,EVT-0003255,2026-06-13 04:49:00.239758,0.8693456118181777,lstm
USR-000054,EVT-0003256,2026-06-13 04:54:16.439856,0.639172831215279,baseline_fallback
USR-000121,EVT-0003257,2026-06-13 04:54:24.379635,0.7260119331679501,baseline_fallback
SVC-000014,EVT-0003258,2026-06-13 04:58:33.035176,0.26904289685541255,lstm
SVC-000007,EVT-0003259,2026-06-13 05:00:55.403366,0.7954184457314011,lstm
SVC-000020,EVT-0003260,2026-06-13 05:02:31.115616,0.5588659340571699,lstm
DEV-000011,EVT-0003261,2026-06-13 05:06:11.957446,0.4550579215681614,lstm
SVC-000019,EVT-0003262,2026-06-13 05:07:19.866949,0.27552787756220926,lstm
DEV-000025,EVT-0003263,2026-06-13 05:11:11.232067,0.9891108774497271,baseline_fallback
SVC-000031,EVT-0003264,2026-06-13 05:11:48.295622,0.9832286299442894,lstm
DEV-000009,EVT-0003265,2026-06-13 05:13:16.137991,0.358750575113322,lstm
DEV-000003,EVT-0003266,2026-06-13 05:15:15.124560,0.38086771042482565,lstm
SVC-000019,EVT-0003267,2026-06-13 05:19:55.760189,0.5794948781990984,lstm
SVC-000020,EVT-0003268,2026-06-13 05:25:01.101925,0.5735793014038673,lstm
SVC-000007,EVT-0003269,2026-06-13 05:30:13.994105,0.3223622153233154,lstm
SVC-000009,EVT-0003270,2026-06-13 05:32:15.535180,0.9839524601309716,lstm
SVC-000019,EVT-0003271,2026-06-13 05:33:21.144469,0.25566979536455486,lstm
SVC-000014,EVT-0003272,2026-06-13 05:39:26.580266,0.4203983991864799,lstm
DEV-000012,EVT-0003273,2026-06-13 05:41:40.335969,0.973278508728493,baseline_fallback
USR-000155,EVT-0003274,2026-06-13 05:45:15.973380,0.7096249647669088,baseline_fallback
USR-000103,EVT-0003275,2026-06-13 05:50:48.000000,0.8827175668081896,baseline_fallback
SVC-000031,EVT-0003276,2026-06-13 05:53:06.700573,0.5984549513097205,lstm
SVC-000009,EVT-0003277,2026-06-13 05:57:24.676970,0.5675684255774703,lstm
USR-000102,EVT-0003278,2026-06-13 05:58:02.073916,0.6407396771283825,baseline_fallback
DEV-000013,EVT-0003279,2026-06-13 05:58:21.622362,0.6510487953556381,lstm
DEV-000011,EVT-0003280,2026-06-13 05:58:28.051846,0.6357075434269333,lstm
SVC-000019,EVT-0003281,2026-06-13 06:02:32.534098,0.2608972171086033,lstm
USR-000067,EVT-0003282,2026-06-13 06:04:55.598997,0.6458230859863604,baseline_fallback
SVC-000009,EVT-0003283,2026-06-13 06:06:16.849032,0.4088503879888057,lstm
SVC-000031,EVT-0003284,2026-06-13 06:06:32.238766,0.35571963662628403,lstm
DEV-000001,EVT-0003285,2026-06-13 06:11:25.810009,0.29550666372173856,lstm
DEV-000018,EVT-0003286,2026-06-13 06:17:04.812405,0.6310523108545772,lstm
SVC-000031,EVT-0003287,2026-06-13 06:18:30.735822,0.3213700992356195,lstm
SVC-000019,EVT-0003288,2026-06-13 06:23:27.081704,0.29207994970482937,lstm
SVC-000031,EVT-0003289,2026-06-13 06:23:35.678650,0.3369346330880868,lstm
USR-000191,EVT-0003290,2026-06-13 06:25:27.763282,0.6846496175410072,baseline_fallback
SVC-000009,EVT-0003291,2026-06-13 06:26:17.543546,0.43497600989892904,lstm
SVC-000031,EVT-0003292,2026-06-13 06:29:26.491179,0.7734827341015057,lstm
USR-000096,EVT-0003293,2026-06-13 06:32:26.710143,0.904592362125879,baseline_fallback
SVC-000031,EVT-0003294,2026-06-13 06:34:11.855137,0.3083359795735763,lstm
USR-000155,EVT-0003295,2026-06-13 06:38:37.508549,0.6990569715704028,baseline_fallback
SVC-000009,EVT-0003296,2026-06-13 06:41:39.310510,0.5358614105639884,lstm
USR-000067,EVT-0003297,2026-06-13 06:46:32.565876,0.6396075288100408,baseline_fallback
SVC-000040,EVT-0003298,2026-06-13 06:47:03.300558,0.9969535419626568,lstm
SVC-000055,EVT-0003299,2026-06-13 06:57:56.696172,0.9768183400699325,lstm
USR-000076,EVT-0003300,2026-06-13 07:00:52.814192,0.60811193097313,baseline_fallback
DEV-000007,EVT-0003301,2026-06-13 07:02:09.271650,0.9313898787717199,baseline_fallback
SVC-000055,EVT-0003302,2026-06-13 07:03:10.450909,0.44588323682525266,lstm
SVC-000031,EVT-0003303,2026-06-13 07:06:51.589869,0.2599934744154822,lstm
SVC-000009,EVT-0003304,2026-06-13 07:09:07.221848,0.3654983015823992,lstm
USR-000095,EVT-0003305,2026-06-13 07:10:46.837981,0.7894024919917562,baseline_fallback
USR-000182,EVT-0003306,2026-06-13 07:11:45.483068,0.48287280196673243,baseline_fallback
SVC-000011,EVT-0003307,2026-06-13 07:17:57.142832,0.9712669454931226,lstm
DEV-000001,EVT-0003308,2026-06-13 07:19:39.257123,0.34977451202102255,lstm
SVC-000040,EVT-0003309,2026-06-13 07:20:50.076027,0.3647340152101075,lstm
DEV-000017,EVT-0003310,2026-06-13 07:20:50.514816,0.8523717461840533,baseline_fallback
USR-000059,EVT-0003311,2026-06-13 07:20:51.038544,0.5629497599358647,baseline_fallback
SVC-000031,EVT-0003312,2026-06-13 07:23:09.693173,0.24458497038498175,lstm
USR-000129,EVT-0003313,2026-06-13 07:24:08.687881,0.4989747680170923,baseline_fallback
SVC-000051,EVT-0003314,2026-06-13 07:27:57.632948,0.9684328289179741,lstm
SVC-000051,EVT-0003315,2026-06-13 07:28:41.167390,0.973705555131395,lstm
USR-000191,EVT-0003316,2026-06-13 07:32:00.447211,0.4715087501291332,baseline_fallback
SVC-000051,EVT-0003317,2026-06-13 07:37:19.252123,0.4331445647897579,lstm
SVC-000055,EVT-0003318,2026-06-13 07:38:24.654648,0.4908403246784007,lstm
DEV-000008,EVT-0003319,2026-06-13 07:40:06.386167,0.53165653280346,lstm
DEV-000013,EVT-0003320,2026-06-13 07:40:07.680314,0.623413843885788,lstm
DEV-000001,EVT-0003321,2026-06-13 07:41:19.537853,0.49099103428299595,lstm
DEV-000002,EVT-0003322,2026-06-13 07:41:51.945111,0.32745558761632104,lstm
SVC-000055,EVT-0003323,2026-06-13 07:43:40.440985,0.37080284785495277,lstm
USR-000103,EVT-0003324,2026-06-13 07:44:19.248302,0.9101403971596886,baseline_fallback
DEV-000017,EVT-0003325,2026-06-13 07:44:21.935988,0.8189338874119474,baseline_fallback
SVC-000011,EVT-0003326,2026-06-13 07:45:05.743193,0.5019608822328264,lstm
SVC-000055,EVT-0003327,2026-06-13 07:45:41.384162,0.4249878232922088,lstm
SVC-000055,EVT-0003328,2026-06-13 07:49:13.390562,0.33239551089520725,lstm
SVC-000039,EVT-0003329,2026-06-13 07:51:00.379119,0.9812126703376451,lstm
DEV-000010,EVT-0003330,2026-06-13 07:51:00.621826,0.1923698364069273,lstm
USR-000042,EVT-0003331,2026-06-13 07:52:07.199406,0.5583378829411255,lstm
USR-000025,EVT-0003332,2026-06-13 07:53:10.583430,0.46734559715479246,baseline_fallback
SVC-000031,EVT-0003333,2026-06-13 07:54:39.266984,0.26419770660853553,lstm
SVC-000055,EVT-0003334,2026-06-13 07:55:51.405092,0.32170671273856405,lstm
USR-000191,EVT-0003335,2026-06-13 07:56:45.567922,0.5049882791396088,baseline_fallback
USR-000047,EVT-0003336,2026-06-13 07:57:16.125508,0.8478225342184706,baseline_fallback
USR-000009,EVT-0003337,2026-06-13 07:58:01.295030,0.8404288354014584,baseline_fallback
SVC-000051,EVT-0003338,2026-06-13 08:00:31.321914,0.2775250537532112,lstm
USR-000095,EVT-0003339,2026-06-13 08:00:57.536386,0.3879492318546049,baseline_fallback
SVC-000011,EVT-0003340,2026-06-13 08:01:25.374757,0.3489599736076061,lstm
SVC-000011,EVT-0003341,2026-06-13 08:04:01.398205,0.48084120852271545,lstm
USR-000132,EVT-0003342,2026-06-13 08:05:59.824709,0.8119464007571111,baseline_fallback
SVC-000055,EVT-0003343,2026-06-13 08:06:44.175270,0.29144196126282595,lstm
SVC-000031,EVT-0003344,2026-06-13 08:07:53.242694,0.2939260849939529,lstm
SVC-000055,EVT-0003345,2026-06-13 08:08:10.583449,0.40741540158696804,lstm
USR-000095,EVT-0003346,2026-06-13 08:10:03.660615,0.7641501258431946,baseline_fallback
USR-000111,EVT-0003347,2026-06-13 08:11:58.403583,0.3783323395714742,baseline_fallback
DEV-000008,EVT-0003348,2026-06-13 08:12:10.671369,0.6614555415308054,lstm
SVC-000046,EVT-0003349,2026-06-13 08:13:08.171915,0.9949655321008298,lstm
DEV-000004,EVT-0003350,2026-06-13 08:13:47.524933,0.8561428237365788,baseline_fallback
DEV-000012,EVT-0003351,2026-06-13 08:14:19.520124,0.8157236126856264,baseline_fallback
SVC-000030,EVT-0003352,2026-06-13 08:15:28.374764,0.9943340118965089,lstm
SVC-000024,EVT-0003353,2026-06-13 08:16:27.232395,0.99683439052399,lstm
SVC-000040,EVT-0003354,2026-06-13 08:17:27.162549,0.3295888697886685,lstm
USR-000111,EVT-0003355,2026-06-13 08:17:27.534027,0.4881420007883783,baseline_fallback
SVC-000011,EVT-0003356,2026-06-13 08:18:05.835993,0.37451307071865686,lstm
USR-000138,EVT-0003357,2026-06-13 08:20:06.589077,0.3877377408720926,baseline_fallback
SVC-000053,EVT-0003358,2026-06-13 08:23:58.389354,0.9999520245231166,lstm
SVC-000024,EVT-0003359,2026-06-13 08:24:46.433721,0.5796607710628915,lstm
DEV-000018,EVT-0003360,2026-06-13 08:25:04.706767,0.8860643105702058,lstm
USR-000060,EVT-0003361,2026-06-13 08:27:49.412859,0.42658480342204774,baseline_fallback
USR-000094,EVT-0003362,2026-06-13 08:28:05.622932,0.4537052410328723,baseline_fallback
USR-000177,EVT-0003363,2026-06-13 08:28:06.241188,0.800230717235385,baseline_fallback
USR-000207,EVT-0003364,2026-06-13 08:28:46.370069,0.7891595632368389,lstm
USR-000182,EVT-0003365,2026-06-13 08:29:16.315021,0.39431969432170105,baseline_fallback
USR-000129,EVT-0003366,2026-06-13 08:32:33.205316,0.44129498464811356,baseline_fallback
DEV-000018,EVT-0003367,2026-06-13 08:33:05.281677,0.789284252695756,lstm
USR-000090,EVT-0003368,2026-06-13 08:34:11.561093,0.76280273840041,baseline_fallback
SVC-000051,EVT-0003369,2026-06-13 08:34:34.040170,0.27359301040220874,lstm
USR-000172,EVT-0003370,2026-06-13 08:37:14.159085,0.39587838527865465,baseline_fallback
USR-000059,EVT-0003371,2026-06-13 08:38:41.116775,0.7598231865562451,baseline_fallback
SVC-000011,EVT-0003372,2026-06-13 08:39:42.480171,0.35412410654346105,lstm
SVC-000051,EVT-0003373,2026-06-13 08:41:20.395223,0.34829271910482035,lstm
SVC-000011,EVT-0003374,2026-06-13 08:41:36.844123,0.49133987779590144,lstm
SVC-000011,EVT-0003375,2026-06-13 08:41:56.420202,0.6398365510119328,lstm
USR-000102,EVT-0003376,2026-06-13 08:42:07.810378,0.43151428176535295,baseline_fallback
SVC-000030,EVT-0003377,2026-06-13 08:43:45.022019,0.8884701943078175,lstm
USR-000102,EVT-0003378,2026-06-13 08:44:40.863707,0.423790450618658,baseline_fallback
SVC-000011,EVT-0003379,2026-06-13 08:46:34.640780,0.24741990656427928,lstm
SVC-000046,EVT-0003380,2026-06-13 08:49:37.900697,0.4620621822798002,lstm
USR-000125,EVT-0003381,2026-06-13 08:50:30.613949,0.48257537822495306,baseline_fallback
SVC-000042,EVT-0003382,2026-06-13 08:50:43.612385,0.9951847777811607,lstm
SVC-000039,EVT-0003383,2026-06-13 08:53:38.412580,0.581958084436655,lstm
SVC-000040,EVT-0003384,2026-06-13 08:54:22.086722,0.4768714048594701,lstm
USR-000094,EVT-0003385,2026-06-13 08:55:04.823741,0.45272509693473567,baseline_fallback
SVC-000011,EVT-0003386,2026-06-13 08:57:01.578522,0.304870322239906,lstm
USR-000102,EVT-0003387,2026-06-13 08:58:51.822593,0.7165256743975617,baseline_fallback
USR-000010,EVT-0003388,2026-06-13 08:59:10.944876,0.46809526815614155,baseline_fallback
DEV-000007,EVT-0003389,2026-06-13 09:01:04.695284,0.9375473083969473,baseline_fallback
SVC-000016,EVT-0003390,2026-06-13 09:01:55.849717,0.991734765392071,lstm
SVC-000030,EVT-0003391,2026-06-13 09:03:08.647093,0.8311775509398854,lstm
USR-000114,EVT-0003392,2026-06-13 09:04:31.302231,0.35517669034788063,baseline_fallback
SVC-000046,EVT-0003393,2026-06-13 09:05:25.135408,0.3564928657837387,lstm
SVC-000046,EVT-0003394,2026-06-13 09:07:31.542519,0.42914400169394495,lstm
USR-000001,EVT-0003395,2026-06-13 09:07:37.465745,0.33133858695373813,baseline_fallback
USR-000111,EVT-0003396,2026-06-13 09:08:31.674063,0.4498364612746157,baseline_fallback
SVC-000016,EVT-0003397,2026-06-13 09:10:50.317682,0.9655503793370167,lstm
USR-000009,EVT-0003398,2026-06-13 09:11:38.618208,0.4302176624793062,baseline_fallback
SVC-000046,EVT-0003399,2026-06-13 09:12:02.424628,0.35319518084244644,lstm
SVC-000024,EVT-0003400,2026-06-13 09:13:41.906056,0.4826859920124123,lstm
SVC-000046,EVT-0003401,2026-06-13 09:14:36.600070,0.3703238024758482,lstm
USR-000172,EVT-0003402,2026-06-13 09:15:08.867858,0.6994965801959026,baseline_fallback
SVC-000024,EVT-0003403,2026-06-13 09:15:41.514211,0.7031807384542977,lstm
USR-000025,EVT-0003404,2026-06-13 09:16:12.577975,0.336368041036093,baseline_fallback
USR-000191,EVT-0003405,2026-06-13 09:17:11.287422,0.36175787238627216,baseline_fallback
USR-000172,EVT-0003406,2026-06-13 09:18:30.029535,0.7623827397118074,baseline_fallback
SVC-000046,EVT-0003407,2026-06-13 09:19:56.246500,0.3082334537599683,lstm
SVC-000051,EVT-0003408,2026-06-13 09:21:06.965777,0.7833545367486124,lstm
SVC-000042,EVT-0003409,2026-06-13 09:21:57.560773,0.3986738991033547,lstm
SVC-000039,EVT-0003410,2026-06-13 09:23:04.555952,0.465870311791446,lstm
SVC-000024,EVT-0003411,2026-06-13 09:24:08.404994,0.5108254338612933,lstm
SVC-000042,EVT-0003412,2026-06-13 09:24:58.607496,0.34636009482345287,lstm
USR-000028,EVT-0003413,2026-06-13 09:25:00.682342,0.7314337935371721,baseline_fallback
USR-000059,EVT-0003414,2026-06-13 09:26:48.812745,0.7318569445339438,baseline_fallback
SVC-000042,EVT-0003415,2026-06-13 09:26:53.756118,0.35464835626374863,lstm
SVC-000053,EVT-0003416,2026-06-13 09:30:53.167440,0.9955609736717841,lstm
SVC-000030,EVT-0003417,2026-06-13 09:31:06.702453,0.8260572761752486,lstm
USR-000125,EVT-0003418,2026-06-13 09:31:55.099850,0.42958673764201355,baseline_fallback
SVC-000013,EVT-0003419,2026-06-13 09:31:56.724744,0.9970461963123501,lstm
SVC-000039,EVT-0003420,2026-06-13 09:33:06.861259,0.5436949946689777,lstm
USR-000094,EVT-0003421,2026-06-13 09:33:29.218095,0.414899096369528,baseline_fallback
USR-000038,EVT-0003422,2026-06-13 09:36:29.191934,0.4103253545138787,baseline_fallback
SVC-000039,EVT-0003423,2026-06-13 09:36:34.435504,0.8772983161848668,lstm
USR-000090,EVT-0003424,2026-06-13 09:38:25.960236,0.6394020151040581,lstm
USR-000063,EVT-0003425,2026-06-13 09:39:35.034951,0.740953409192266,baseline_fallback
SVC-000024,EVT-0003426,2026-06-13 09:39:40.347941,0.3509013490807106,lstm
SVC-000024,EVT-0003427,2026-06-13 09:39:51.676644,0.9211943678218858,lstm
USR-000121,EVT-0003428,2026-06-13 09:40:40.428833,0.33806343959648205,baseline_fallback
SVC-000053,EVT-0003429,2026-06-13 09:41:25.266765,0.9759486746566548,lstm
DEV-000007,EVT-0003430,2026-06-13 09:41:52.674599,0.960910198204192,baseline_fallback
DEV-000015,EVT-0003431,2026-06-13 09:42:05.997339,0.4986288417079431,baseline_fallback
USR-000111,EVT-0003432,2026-06-13 09:42:35.937768,0.40839676031027794,baseline_fallback
SVC-000013,EVT-0003433,2026-06-13 09:45:16.149141,0.6364429935035361,lstm
DEV-000009,EVT-0003434,2026-06-13 09:45:36.813468,0.34007702841040754,lstm
SVC-000053,EVT-0003435,2026-06-13 09:46:17.368740,0.9743442049491291,lstm
USR-000125,EVT-0003436,2026-06-13 09:46:58.029933,0.4211343221213137,baseline_fallback
USR-000048,EVT-0003437,2026-06-13 09:47:21.656609,0.4497463465814666,baseline_fallback
USR-000063,EVT-0003438,2026-06-13 09:47:23.029359,0.7219150997363427,baseline_fallback
DEV-000002,EVT-0003439,2026-06-13 09:49:24.625734,0.46956075260929925,lstm
USR-000207,EVT-0003440,2026-06-13 09:50:19.853382,0.9059304886187329,lstm
USR-000120,EVT-0003441,2026-06-13 09:51:04.537707,0.6559782549278934,baseline_fallback
SVC-000039,EVT-0003442,2026-06-13 09:51:44.969779,0.4501089762446806,lstm
USR-000076,EVT-0003443,2026-06-13 09:51:54.021900,0.4420567719098659,baseline_fallback
SVC-000024,EVT-0003444,2026-06-13 09:55:26.010657,0.4598917930975868,lstm
USR-000200,EVT-0003445,2026-06-13 09:55:47.769871,0.8885710566598414,baseline_fallback
SVC-000024,EVT-0003446,2026-06-13 09:56:07.139183,0.6633802829272276,lstm
SVC-000024,EVT-0003447,2026-06-13 09:57:35.890324,0.5244272400322012,lstm
DEV-000006,EVT-0003448,2026-06-13 09:57:57.877855,0.9555816891428129,lstm
USR-000049,EVT-0003449,2026-06-13 09:59:06.170031,0.7140447542181121,baseline_fallback
SVC-000030,EVT-0003450,2026-06-13 09:59:50.885486,0.6023173031743646,lstm
SVC-000013,EVT-0003451,2026-06-13 10:00:49.386408,0.5338260532261488,lstm
SVC-000039,EVT-0003452,2026-06-13 10:01:45.735284,0.31976609675752865,lstm
DEV-000016,EVT-0003453,2026-06-13 10:02:16.871936,0.3012957608779996,lstm
SVC-000039,EVT-0003454,2026-06-13 10:02:21.022703,0.6036177795968901,lstm
USR-000042,EVT-0003455,2026-06-13 10:02:51.838011,0.49970090003545714,lstm
SVC-000024,EVT-0003456,2026-06-13 10:02:53.188371,0.37884241796462237,lstm
SVC-000013,EVT-0003457,2026-06-13 10:02:57.234503,0.6986044918435955,lstm
SVC-000030,EVT-0003458,2026-06-13 10:04:32.279767,0.7580574065831475,lstm
USR-000006,EVT-0003459,2026-06-13 10:05:24.613497,0.3071259982535019,baseline_fallback
USR-000155,EVT-0003460,2026-06-13 10:05:40.885528,0.3556598532472782,baseline_fallback
USR-000181,EVT-0003461,2026-06-13 10:07:10.444299,0.945082763756627,baseline_fallback
SVC-000013,EVT-0003462,2026-06-13 10:07:27.098306,0.3644094459011543,lstm
USR-000059,EVT-0003463,2026-06-13 10:08:04.545777,0.9221411566433241,baseline_fallback
SVC-000042,EVT-0003464,2026-06-13 10:08:45.611067,0.36445017698865306,lstm
USR-000042,EVT-0003465,2026-06-13 10:09:11.553666,0.5535567366501079,lstm
USR-000151,EVT-0003466,2026-06-13 10:10:00.701032,0.6838026734775312,baseline_fallback
USR-000139,EVT-0003467,2026-06-13 10:10:02.396454,0.6820832572272024,baseline_fallback
SVC-000016,EVT-0003468,2026-06-13 10:10:10.233820,0.9101220111459197,lstm
SVC-000039,EVT-0003469,2026-06-13 10:10:13.686201,0.3352974534972839,lstm
USR-000096,EVT-0003470,2026-06-13 10:10:40.778651,0.6477549559279573,baseline_fallback
USR-000057,EVT-0003471,2026-06-13 10:11:07.809531,0.33780960499347795,baseline_fallback
SVC-000013,EVT-0003472,2026-06-13 10:11:41.116523,0.5551351476897454,lstm
SVC-000042,EVT-0003473,2026-06-13 10:11:47.338918,0.2858935034269352,lstm
DEV-000026,EVT-0003474,2026-06-13 10:11:49.000487,0.17682739362510203,lstm
SVC-000016,EVT-0003475,2026-06-13 10:12:29.247857,0.8797355761285163,lstm
SVC-000042,EVT-0003476,2026-06-13 10:13:07.222967,0.34851852932153327,lstm
USR-000006,EVT-0003477,2026-06-13 10:15:24.728887,0.44203040445019626,baseline_fallback
SVC-000024,EVT-0003478,2026-06-13 10:15:53.951734,0.36892302679850736,lstm
USR-000067,EVT-0003479,2026-06-13 10:16:51.407155,0.3678949505854039,baseline_fallback
SVC-000013,EVT-0003480,2026-06-13 10:17:30.361139,0.5588272275142964,lstm
SVC-000039,EVT-0003481,2026-06-13 10:18:29.613698,0.4886340716093289,lstm
SVC-000042,EVT-0003482,2026-06-13 10:20:03.568913,0.29769650788540586,lstm
SVC-000042,EVT-0003483,2026-06-13 10:20:13.526198,0.5085767537454225,lstm
DEV-000009,EVT-0003484,2026-06-13 10:22:02.406841,0.331905120590356,lstm
SVC-000042,EVT-0003485,2026-06-13 10:26:26.206687,0.23473300154294044,lstm
SVC-000021,EVT-0003486,2026-06-13 10:26:27.065997,0.9833267414456659,lstm
USR-000090,EVT-0003487,2026-06-13 10:27:29.053418,0.579459423366906,lstm
USR-000030,EVT-0003488,2026-06-13 10:29:33.197546,0.4056738055080653,baseline_fallback
SVC-000042,EVT-0003489,2026-06-13 10:29:35.227856,0.31813665874846997,lstm
USR-000007,EVT-0003490,2026-06-13 10:29:46.646657,0.6251612106518826,baseline_fallback
SVC-000053,EVT-0003491,2026-06-13 10:32:16.073606,0.9509631761432983,lstm
SVC-000042,EVT-0003492,2026-06-13 10:32:26.956347,0.2686694404731476,lstm
USR-000112,EVT-0003493,2026-06-13 10:34:08.636667,0.7345338897243632,baseline_fallback
SVC-000053,EVT-0003494,2026-06-13 10:37:33.327322,0.9328933360424468,lstm
USR-000138,EVT-0003495,2026-06-13 10:37:33.646379,0.37824109619924495,baseline_fallback
USR-000082,EVT-0003496,2026-06-13 10:38:38.031280,0.3359149969706495,baseline_fallback
SVC-000042,EVT-0003497,2026-06-13 10:39:26.608476,0.23856373661185212,lstm
USR-000054,EVT-0003498,2026-06-13 10:39:32.436580,0.33022374572007734,baseline_fallback
SVC-000039,EVT-0003499,2026-06-13 10:40:31.498058,0.37149901049340467,lstm
USR-000190,EVT-0003500,2026-06-13 10:41:10.295141,0.3680945024331269,baseline_fallback
SVC-000024,EVT-0003501,2026-06-13 10:41:57.709758,0.4026713823579115,lstm
DEV-000013,EVT-0003502,2026-06-13 10:42:15.429515,0.6170657487208943,lstm
SVC-000013,EVT-0003503,2026-06-13 10:42:59.510903,0.3974859766875645,lstm
SVC-000024,EVT-0003504,2026-06-13 10:42:59.766616,0.6300063660724664,lstm
SVC-000016,EVT-0003505,2026-06-13 10:45:09.079097,0.7445591973689716,lstm
USR-000086,EVT-0003506,2026-06-13 10:45:10.098578,0.6737886298803797,baseline_fallback
SVC-000021,EVT-0003507,2026-06-13 10:48:52.739594,0.7303977561761799,lstm
SVC-000024,EVT-0003508,2026-06-13 10:50:04.768712,0.36257199612956276,lstm
SVC-000013,EVT-0003509,2026-06-13 10:50:16.978605,0.40070385199301983,lstm
USR-000038,EVT-0003510,2026-06-13 10:50:24.754726,0.7007500894178234,baseline_fallback
SVC-000013,EVT-0003511,2026-06-13 10:50:33.202563,0.6096218491509056,lstm
USR-000095,EVT-0003512,2026-06-13 10:51:04.304073,0.3147068856906498,baseline_fallback
USR-000006,EVT-0003513,2026-06-13 10:51:17.059581,0.34941532418692367,baseline_fallback
DEV-000010,EVT-0003514,2026-06-13 10:51:25.348183,0.22743051953055654,lstm
USR-000092,EVT-0003515,2026-06-13 10:52:56.545264,0.8527173183870648,baseline_fallback
USR-000007,EVT-0003516,2026-06-13 10:54:14.121087,0.6732849276368341,baseline_fallback
USR-000038,EVT-0003517,2026-06-13 10:55:41.978002,0.3540077876311841,baseline_fallback
USR-000094,EVT-0003518,2026-06-13 10:56:14.161469,0.3839132962806735,baseline_fallback
SVC-000039,EVT-0003519,2026-06-13 10:56:25.666975,0.5491256141379951,lstm
DEV-000006,EVT-0003520,2026-06-13 10:57:41.983860,0.8614573136392312,lstm
SVC-000053,EVT-0003521,2026-06-13 10:59:39.788153,0.6206387832550299,lstm
SVC-000021,EVT-0003522,2026-06-13 11:00:45.912033,0.756181948981835,lstm
SVC-000013,EVT-0003523,2026-06-13 11:01:59.452403,0.7237049992988331,lstm
USR-000059,EVT-0003524,2026-06-13 11:02:27.666945,0.31655121649578144,baseline_fallback
SVC-000013,EVT-0003525,2026-06-13 11:02:34.150159,0.7188810834881687,lstm
SVC-000016,EVT-0003526,2026-06-13 11:04:10.502102,0.5800116079311688,lstm
SVC-000013,EVT-0003527,2026-06-13 11:05:38.552374,0.5505717357497767,lstm
SVC-000021,EVT-0003528,2026-06-13 11:08:54.092839,0.8494877746626289,lstm
USR-000148,EVT-0003529,2026-06-13 11:11:24.424373,0.3309476539294518,baseline_fallback
SVC-000024,EVT-0003530,2026-06-13 11:11:34.797167,0.4337974253745033,lstm
USR-000001,EVT-0003531,2026-06-13 11:11:45.388412,0.6505375370811805,baseline_fallback
USR-000196,EVT-0003532,2026-06-13 11:12:14.823724,0.6714730615689678,baseline_fallback
USR-000006,EVT-0003533,2026-06-13 11:12:22.852238,0.41996774099649087,baseline_fallback
USR-000155,EVT-0003534,2026-06-13 11:12:39.710890,0.28959091642659035,baseline_fallback
SVC-000021,EVT-0003535,2026-06-13 11:14:19.200040,0.7851580758447149,lstm
USR-000086,EVT-0003536,2026-06-13 11:14:48.499146,0.6734105600657213,baseline_fallback
USR-000132,EVT-0003537,2026-06-13 11:15:38.667288,0.627384162082083,baseline_fallback
USR-000023,EVT-0003538,2026-06-13 11:16:55.124561,0.42031156316625373,baseline_fallback
USR-000111,EVT-0003539,2026-06-13 11:17:22.779770,0.4377136752989171,lstm
USR-000111,EVT-0003540,2026-06-13 11:18:00.848527,0.791248696219078,lstm
SVC-000024,EVT-0003541,2026-06-13 11:18:13.164494,0.39426288532212656,lstm
SVC-000016,EVT-0003542,2026-06-13 11:19:37.058605,0.7799423888915807,lstm
SVC-000053,EVT-0003543,2026-06-13 11:19:44.486676,0.668446559732504,lstm
USR-000129,EVT-0003544,2026-06-13 11:20:11.540782,0.3268958972873051,baseline_fallback
USR-000103,EVT-0003545,2026-06-13 11:21:32.670445,0.775194615904219,baseline_fallback
SVC-000021,EVT-0003546,2026-06-13 11:22:05.470742,0.47410939493467663,lstm
USR-000038,EVT-0003547,2026-06-13 11:22:34.611069,0.3158723820769184,baseline_fallback
SVC-000021,EVT-0003548,2026-06-13 11:29:45.589786,0.7179815169076368,lstm
USR-000030,EVT-0003549,2026-06-13 11:30:08.844123,0.36791846282135765,baseline_fallback
USR-000200,EVT-0003550,2026-06-13 11:36:54.733808,0.8680162470143862,baseline_fallback
USR-000009,EVT-0003551,2026-06-13 11:36:56.995335,0.3555409575678675,baseline_fallback
USR-000049,EVT-0003552,2026-06-13 11:37:25.166016,0.7232149057180052,baseline_fallback
SVC-000016,EVT-0003553,2026-06-13 11:38:00.778661,0.3312407543288003,lstm
USR-000031,EVT-0003554,2026-06-13 11:38:50.428158,0.5173686229806341,lstm
USR-000181,EVT-0003555,2026-06-13 11:38:53.816834,0.31078409526676126,baseline_fallback
SVC-000021,EVT-0003556,2026-06-13 11:39:35.288017,0.6330335263404474,lstm
USR-000125,EVT-0003557,2026-06-13 11:40:04.705975,0.31913960858197044,baseline_fallback
SVC-000001,EVT-0003558,2026-06-13 11:40:31.004697,0.8940044932868996,lstm
USR-000031,EVT-0003559,2026-06-13 11:40:51.551185,0.33613412097589307,lstm
USR-000172,EVT-0003560,2026-06-13 11:46:36.958816,0.9399394991801439,baseline_fallback
USR-000111,EVT-0003561,2026-06-13 11:47:23.530275,0.417463864768011,lstm
USR-000191,EVT-0003562,2026-06-13 11:47:40.294018,0.7332674057544033,baseline_fallback
USR-000111,EVT-0003563,2026-06-13 11:48:23.742450,0.6260448867503635,lstm
USR-000078,EVT-0003564,2026-06-13 11:49:12.567753,0.29845837241118206,baseline_fallback
USR-000112,EVT-0003565,2026-06-13 11:49:33.291240,0.36807701721935115,baseline_fallback
USR-000081,EVT-0003566,2026-06-13 11:52:39.787146,0.9399394991801439,baseline_fallback
SVC-000021,EVT-0003567,2026-06-13 11:53:16.565709,0.5111332071655968,lstm
DEV-000008,EVT-0003568,2026-06-13 11:54:30.705169,0.4297274403541722,lstm
USR-000151,EVT-0003569,2026-06-13 11:54:34.757419,0.3361396960842426,baseline_fallback
USR-000003,EVT-0003570,2026-06-13 11:55:00.585432,0.3309476539294518,baseline_fallback
SVC-000021,EVT-0003571,2026-06-13 11:55:29.189019,0.7835612239857553,lstm
SVC-000016,EVT-0003572,2026-06-13 11:57:10.546425,0.4765966379195956,lstm
USR-000132,EVT-0003573,2026-06-13 12:00:28.190459,0.33481553129582836,baseline_fallback
DEV-000015,EVT-0003574,2026-06-13 12:01:10.472498,0.5202248203984092,baseline_fallback
USR-000111,EVT-0003575,2026-06-13 12:01:18.740008,0.5255136927955378,lstm
USR-000054,EVT-0003576,2026-06-13 12:04:41.504952,0.645863332545537,baseline_fallback
SVC-000039,EVT-0003577,2026-06-13 12:04:46.856628,0.6347621521658321,lstm
USR-000133,EVT-0003578,2026-06-13 12:06:35.584056,0.37963765462763244,baseline_fallback
USR-000200,EVT-0003579,2026-06-13 12:07:21.071926,0.6894161333359379,baseline_fallback
SVC-000021,EVT-0003580,2026-06-13 12:07:32.905523,0.43433500461729835,lstm
SVC-000021,EVT-0003581,2026-06-13 12:14:21.774425,0.7784045567558975,lstm
USR-000031,EVT-0003582,2026-06-13 12:14:25.001384,0.22213946809671947,lstm
USR-000211,EVT-0003583,2026-06-13 12:15:31.564020,0.3657407297468866,baseline_fallback
SVC-000034,EVT-0003584,2026-06-13 12:17:06.111971,0.9595543535206514,lstm
USR-000001,EVT-0003585,2026-06-13 12:17:22.355537,0.6481163339373115,baseline_fallback
USR-000198,EVT-0003586,2026-06-13 12:18:20.212798,0.3059770092364373,baseline_fallback
USR-000037,EVT-0003587,2026-06-13 12:19:05.872027,0.5515357656314642,lstm
USR-000177,EVT-0003588,2026-06-13 12:19:54.378492,0.3628336925695302,baseline_fallback
USR-000097,EVT-0003589,2026-06-13 12:20:06.166687,0.39171471607284003,baseline_fallback
DEV-000003,EVT-0003590,2026-06-13 12:21:04.133084,0.4344825234552046,lstm
USR-000212,EVT-0003591,2026-06-13 12:24:45.298266,0.37601534054220287,baseline_fallback
USR-000077,EVT-0003592,2026-06-13 12:25:50.646493,0.6875763993465865,baseline_fallback
USR-000054,EVT-0003593,2026-06-13 12:26:03.814729,0.4959899011855676,baseline_fallback
USR-000195,EVT-0003594,2026-06-13 12:26:58.329411,0.6187313972168274,baseline_fallback
USR-000110,EVT-0003595,2026-06-13 12:27:13.471828,0.32155910036930757,baseline_fallback
USR-000111,EVT-0003596,2026-06-13 12:27:23.908738,0.349805665255533,lstm
DEV-000008,EVT-0003597,2026-06-13 12:28:39.572420,0.5824325338870286,lstm
SVC-000021,EVT-0003598,2026-06-13 12:31:02.461064,0.4636997085384567,lstm
DEV-000011,EVT-0003599,2026-06-13 12:32:26.071597,0.43124683961281174,lstm
SVC-000034,EVT-0003600,2026-06-13 12:32:36.357365,0.36147887005754725,lstm
USR-000115,EVT-0003601,2026-06-13 12:34:12.517221,0.4247156134031948,lstm
USR-000139,EVT-0003602,2026-06-13 12:35:15.397970,0.7056040756832149,baseline_fallback
USR-000155,EVT-0003603,2026-06-13 12:35:52.809155,0.9999999713745528,lstm
SVC-000034,EVT-0003604,2026-06-13 12:36:38.405981,0.41286858119267505,lstm
SVC-000043,EVT-0003605,2026-06-13 12:38:54.512421,0.37588129768820966,baseline_fallback
SVC-000017,EVT-0003606,2026-06-13 12:41:14.304433,0.9924000067611638,lstm
USR-000182,EVT-0003607,2026-06-13 12:41:54.608200,0.29405226434338727,baseline_fallback
SVC-000016,EVT-0003608,2026-06-13 12:41:55.611659,0.46756162243369187,lstm
USR-000148,EVT-0003609,2026-06-13 12:41:59.275315,0.33584921715769767,baseline_fallback
USR-000064,EVT-0003610,2026-06-13 12:42:51.787426,0.962215784986051,lstm
USR-000210,EVT-0003611,2026-06-13 12:43:00.169401,0.7259187988730645,baseline_fallback
USR-000209,EVT-0003612,2026-06-13 12:45:09.543831,0.3268187017559097,baseline_fallback
DEV-000005,EVT-0003613,2026-06-13 12:45:26.826737,0.5208754721170169,baseline_fallback
SVC-000021,EVT-0003614,2026-06-13 12:45:36.703652,0.6047479827611233,lstm
USR-000056,EVT-0003615,2026-06-13 12:46:16.927690,0.3297201030025259,baseline_fallback
USR-000009,EVT-0003616,2026-06-13 12:47:19.763209,0.3607238519237388,baseline_fallback
SVC-000001,EVT-0003617,2026-06-13 12:50:18.875841,0.3942989029969747,lstm
USR-000200,EVT-0003618,2026-06-13 12:50:26.578712,0.8820969384822723,baseline_fallback
USR-000148,EVT-0003619,2026-06-13 12:50:28.911984,0.36008802166109016,baseline_fallback
USR-000047,EVT-0003620,2026-06-13 12:50:36.109244,0.4084581442186559,baseline_fallback
USR-000132,EVT-0003621,2026-06-13 12:51:52.385011,0.33528466130089196,baseline_fallback
USR-000090,EVT-0003622,2026-06-13 12:54:14.609074,0.4852636258173803,lstm
SVC-000034,EVT-0003623,2026-06-13 12:55:21.772239,0.44557496089043086,lstm
SVC-000021,EVT-0003624,2026-06-13 12:56:41.902142,0.5825291932367054,lstm
USR-000060,EVT-0003625,2026-06-13 12:56:44.902933,0.2973914992258517,baseline_fallback
USR-000120,EVT-0003626,2026-06-13 12:56:59.517592,0.3625656746396318,baseline_fallback
SVC-000001,EVT-0003627,2026-06-13 12:57:07.758347,0.5560165872104369,lstm
DEV-000013,EVT-0003628,2026-06-13 12:59:12.153566,0.5115723121708244,lstm
USR-000033,EVT-0003629,2026-06-13 12:59:44.457500,0.8807562564595194,baseline_fallback
SVC-000043,EVT-0003630,2026-06-13 12:59:59.848040,0.866124403117331,lstm
USR-000064,EVT-0003631,2026-06-13 13:01:05.082136,0.8847050244134194,lstm
USR-000077,EVT-0003632,2026-06-13 13:01:42.962349,0.7085347053812197,baseline_fallback
USR-000061,EVT-0003633,2026-06-13 13:02:22.876792,0.6713945220395214,baseline_fallback
USR-000085,EVT-0003634,2026-06-13 13:03:27.194937,0.9599114242486871,baseline_fallback
SVC-000017,EVT-0003635,2026-06-13 13:04:28.925252,0.3282212032248957,lstm
USR-000023,EVT-0003636,2026-06-13 13:04:30.978653,0.37073770231234016,lstm
SVC-000039,EVT-0003637,2026-06-13 13:06:44.179334,0.5808857005677842,lstm
DEV-000008,EVT-0003638,2026-06-13 13:08:58.838699,0.5796230593583692,lstm
SVC-000021,EVT-0003639,2026-06-13 13:10:14.336425,0.36772590454996884,lstm
USR-000060,EVT-0003640,2026-06-13 13:11:33.242199,0.32561132235002815,baseline_fallback
USR-000047,EVT-0003641,2026-06-13 13:12:08.208567,0.7309875126357227,baseline_fallback
USR-000009,EVT-0003642,2026-06-13 13:13:34.677505,0.3313807529706946,baseline_fallback
USR-000038,EVT-0003643,2026-06-13 13:16:18.410838,0.3100139384470797,baseline_fallback
SVC-000034,EVT-0003644,2026-06-13 13:17:02.825827,0.4033088961498762,lstm
USR-000196,EVT-0003645,2026-06-13 13:17:16.266487,0.33688240364397626,baseline_fallback
USR-000115,EVT-0003646,2026-06-13 13:17:33.443714,0.2862709643764016,lstm
USR-000063,EVT-0003647,2026-06-13 13:18:56.486377,0.7048499941924264,baseline_fallback
USR-000132,EVT-0003648,2026-06-13 13:19:19.114214,0.3141917223468805,baseline_fallback
USR-000207,EVT-0003649,2026-06-13 13:23:00.114142,0.7847168021954264,lstm
USR-000112,EVT-0003650,2026-06-13 13:23:54.010525,0.35071652739930836,baseline_fallback
USR-000115,EVT-0003651,2026-06-13 13:24:40.722290,0.3183952941078592,lstm
USR-000085,EVT-0003652,2026-06-13 13:25:08.226508,0.7172905647340332,baseline_fallback
SVC-000043,EVT-0003653,2026-06-13 13:25:50.999752,0.2988952275701726,lstm
SVC-000001,EVT-0003654,2026-06-13 13:26:34.851127,0.30126047735789274,lstm
USR-000129,EVT-0003655,2026-06-13 13:27:03.411132,0.32834953751877316,baseline_fallback
SVC-000027,EVT-0003656,2026-06-13 13:27:38.183879,0.9892339161902053,lstm
USR-000128,EVT-0003657,2026-06-13 13:29:14.681683,0.4455034099605209,baseline_fallback
USR-000086,EVT-0003658,2026-06-13 13:29:45.260435,0.36966528850764496,baseline_fallback
USR-000115,EVT-0003659,2026-06-13 13:31:18.758431,0.28362196777311877,lstm
SVC-000001,EVT-0003660,2026-06-13 13:32:57.331101,0.4337054582269035,lstm
USR-000003,EVT-0003661,2026-06-13 13:33:28.180640,0.3177684642534546,baseline_fallback
USR-000129,EVT-0003662,2026-06-13 13:33:31.760922,0.2926868385911248,baseline_fallback
USR-000115,EVT-0003663,2026-06-13 13:33:53.979702,0.3405196911919692,lstm
SVC-000027,EVT-0003664,2026-06-13 13:34:59.209405,0.5321715440865818,lstm
USR-000006,EVT-0003665,2026-06-13 13:36:04.000203,0.37304884764420143,baseline_fallback
USR-000002,EVT-0003666,2026-06-13 13:36:48.180585,0.9999999999999936,lstm
DEV-000002,EVT-0003667,2026-06-13 13:39:29.161536,0.38135180500676014,lstm
USR-000078,EVT-0003668,2026-06-13 13:39:45.110296,0.6693451054250832,baseline_fallback
USR-000077,EVT-0003669,2026-06-13 13:41:05.242391,0.7006319902196476,baseline_fallback
USR-000047,EVT-0003670,2026-06-13 13:41:47.559096,0.6973580544918652,baseline_fallback
USR-000176,EVT-0003671,2026-06-13 13:43:28.878587,0.8713827881071556,baseline_fallback
USR-000151,EVT-0003672,2026-06-13 13:44:12.282401,0.33344302233620726,baseline_fallback
SVC-000043,EVT-0003673,2026-06-13 13:44:19.142580,0.3057924505687722,lstm
USR-000211,EVT-0003674,2026-06-13 13:44:24.304784,0.3910812661894833,baseline_fallback
SVC-000022,EVT-0003675,2026-06-13 13:45:06.870621,0.9247163884078357,lstm
USR-000129,EVT-0003676,2026-06-13 13:45:17.820147,0.3246230000174703,baseline_fallback
USR-000144,EVT-0003677,2026-06-13 13:46:03.168825,0.9199666276208447,baseline_fallback
USR-000092,EVT-0003678,2026-06-13 13:46:17.133685,0.6820807417337276,baseline_fallback
USR-000125,EVT-0003679,2026-06-13 13:48:30.120786,0.7551957597239034,baseline_fallback
SVC-000017,EVT-0003680,2026-06-13 13:50:08.410510,0.599430517398518,lstm
DEV-000015,EVT-0003681,2026-06-13 13:50:57.444346,0.6603476839512378,baseline_fallback
DEV-000023,EVT-0003682,2026-06-13 13:52:49.217395,0.5869728253796274,lstm
USR-000083,EVT-0003683,2026-06-13 13:53:20.226885,0.6624168720076269,baseline_fallback
SVC-000026,EVT-0003684,2026-06-13 13:54:27.701910,0.9891207147993174,lstm
SVC-000021,EVT-0003685,2026-06-13 13:55:06.751534,0.9158469338020011,lstm
USR-000144,EVT-0003686,2026-06-13 13:55:13.254728,0.6372699962356234,baseline_fallback
USR-000181,EVT-0003687,2026-06-13 13:55:14.108548,0.32245301891121464,baseline_fallback
USR-000198,EVT-0003688,2026-06-13 13:55:39.547948,0.35521073723922264,baseline_fallback
DEV-000009,EVT-0003689,2026-06-13 13:55:51.114406,0.30115775777544673,lstm
USR-000086,EVT-0003690,2026-06-13 13:56:26.503127,0.7141016415374853,baseline_fallback
USR-000195,EVT-0003691,2026-06-13 13:56:36.306214,0.8862421693524533,baseline_fallback
DEV-000026,EVT-0003692,2026-06-13 13:57:28.395756,0.2689280876258144,lstm
SVC-000053,EVT-0003693,2026-06-13 14:01:18.507910,0.7163353734313969,lstm
DEV-000026,EVT-0003694,2026-06-13 14:01:34.897109,0.8025498399606522,lstm
USR-000076,EVT-0003695,2026-06-13 14:01:51.820173,0.46760337079471986,baseline_fallback
SVC-000001,EVT-0003696,2026-06-13 14:01:54.165491,0.3350924921534368,lstm
USR-000042,EVT-0003697,2026-06-13 14:02:02.708263,0.556532855068807,lstm
USR-000080,EVT-0003698,2026-06-13 14:04:38.321063,0.7086251239681183,baseline_fallback
USR-000176,EVT-0003699,2026-06-13 14:04:52.825645,0.7248779162906658,baseline_fallback
SVC-000043,EVT-0003700,2026-06-13 14:04:57.027276,0.24698004366551696,lstm
SVC-000043,EVT-0003701,2026-06-13 14:06:46.831713,0.5348843862941149,lstm
SVC-000012,EVT-0003702,2026-06-13 14:08:17.080875,0.9496915333858165,lstm
USR-000129,EVT-0003703,2026-06-13 14:09:05.108897,0.36257998877955633,baseline_fallback
SVC-000028,EVT-0003704,2026-06-13 14:09:35.490385,0.70539082517825,baseline_fallback
USR-000097,EVT-0003705,2026-06-13 14:09:42.343285,0.38425447403737356,baseline_fallback
DEV-000025,EVT-0003706,2026-06-13 14:10:48.101425,0.9992604128504324,lstm
USR-000154,EVT-0003707,2026-06-13 14:11:27.738144,0.7467272933219744,baseline_fallback
USR-000040,EVT-0003708,2026-06-13 14:11:31.811196,0.30022991961926204,baseline_fallback
USR-000196,EVT-0003709,2026-06-13 14:12:46.476680,0.3713843656908843,baseline_fallback
USR-000023,EVT-0003710,2026-06-13 14:13:05.961812,0.6327981029151258,lstm
SVC-000021,EVT-0003711,2026-06-13 14:14:09.078436,0.4528461831248618,lstm
USR-000056,EVT-0003712,2026-06-13 14:16:51.264927,0.3185440234630296,baseline_fallback
SVC-000036,EVT-0003713,2026-06-13 14:18:02.951033,0.9999393457136543,lstm
USR-000131,EVT-0003714,2026-06-13 14:19:14.775245,0.6925418476601418,baseline_fallback
USR-000085,EVT-0003715,2026-06-13 14:19:15.677943,0.6821752401362776,baseline_fallback
USR-000196,EVT-0003716,2026-06-13 14:19:47.777087,0.34237292116181967,baseline_fallback
SVC-000027,EVT-0003717,2026-06-13 14:21:01.112225,0.7202181917366437,lstm
USR-000070,EVT-0003718,2026-06-13 14:23:39.509457,0.3321426536163951,baseline_fallback
SVC-000028,EVT-0003719,2026-06-13 14:24:32.791309,0.8952009067323773,baseline_fallback
SVC-000043,EVT-0003720,2026-06-13 14:25:27.069104,0.24714224054007364,lstm
USR-000210,EVT-0003721,2026-06-13 14:25:28.973337,0.8943592771729459,baseline_fallback
SVC-000027,EVT-0003722,2026-06-13 14:25:40.662390,0.43973866412301527,lstm
USR-000195,EVT-0003723,2026-06-13 14:26:59.343405,0.6707526880133144,baseline_fallback
USR-000212,EVT-0003724,2026-06-13 14:27:06.803779,0.6312464536457151,baseline_fallback
SVC-000017,EVT-0003725,2026-06-13 14:27:58.655612,0.660743726997073,lstm
USR-000213,EVT-0003726,2026-06-13 14:29:15.728805,0.686835322741601,baseline_fallback
USR-000160,EVT-0003727,2026-06-13 14:29:36.391770,0.306714073585359,baseline_fallback
USR-000140,EVT-0003728,2026-06-13 14:29:40.086651,0.3205247050255215,baseline_fallback
USR-000200,EVT-0003729,2026-06-13 14:30:55.906014,0.7490676333392866,baseline_fallback
USR-000151,EVT-0003730,2026-06-13 14:32:52.764645,0.3517357594192027,baseline_fallback
SVC-000043,EVT-0003731,2026-06-13 14:34:38.405271,0.3125508771014729,lstm
USR-000006,EVT-0003732,2026-06-13 14:38:22.985657,0.32587637525853197,baseline_fallback
USR-000065,EVT-0003733,2026-06-13 14:38:40.421134,0.37064732901802866,baseline_fallback
USR-000005,EVT-0003734,2026-06-13 14:39:07.983713,0.3022551592490391,baseline_fallback
SVC-000022,EVT-0003735,2026-06-13 14:40:58.617979,0.32869945733834943,lstm
SVC-000017,EVT-0003736,2026-06-13 14:41:45.714864,0.6925360205731341,lstm
SVC-000027,EVT-0003737,2026-06-13 14:41:47.566366,0.42945585040228057,lstm
SVC-000027,EVT-0003738,2026-06-13 14:41:50.253389,0.8052604403828645,lstm
DEV-000016,EVT-0003739,2026-06-13 14:43:46.616841,0.4868581524502596,lstm
USR-000012,EVT-0003740,2026-06-13 14:45:25.724733,0.3655117448982316,baseline_fallback
SVC-000012,EVT-0003741,2026-06-13 14:45:37.718602,0.3615419313125764,lstm
USR-000089,EVT-0003742,2026-06-13 14:45:40.602728,0.6219376474294704,baseline_fallback
SVC-000010,EVT-0003743,2026-06-13 14:46:06.726911,0.9997565453180234,lstm
USR-000117,EVT-0003744,2026-06-13 14:46:50.580363,0.4112006699747322,baseline_fallback
SVC-000028,EVT-0003745,2026-06-13 14:48:01.472664,0.9336017988173475,baseline_fallback
SVC-000001,EVT-0003746,2026-06-13 14:48:07.019983,0.3552721155856088,lstm
SVC-000001,EVT-0003747,2026-06-13 14:48:11.578480,0.8202427130906785,lstm
DEV-000023,EVT-0003748,2026-06-13 14:48:47.054083,0.3872487564451394,lstm
SVC-000022,EVT-0003749,2026-06-13 14:48:56.279793,0.33749978747086995,lstm
SVC-000036,EVT-0003750,2026-06-13 14:49:49.674396,0.8272759178522212,lstm
SVC-000038,EVT-0003751,2026-06-13 14:52:11.333115,0.9989576242931115,lstm
USR-000092,EVT-0003752,2026-06-13 14:52:23.749206,0.7055634533574602,baseline_fallback
USR-000199,EVT-0003753,2026-06-13 14:53:09.058722,0.39075856939025694,baseline_fallback
SVC-000012,EVT-0003754,2026-06-13 14:53:16.377532,0.5822157337541767,lstm
SVC-000017,EVT-0003755,2026-06-13 14:54:26.124803,0.8806793471463391,lstm
SVC-000027,EVT-0003756,2026-06-13 14:54:43.727584,0.4773967101917008,lstm
USR-000212,EVT-0003757,2026-06-13 14:54:45.830273,0.37506876342342116,baseline_fallback
SVC-000027,EVT-0003758,2026-06-13 14:58:04.825010,0.49157308049580345,lstm
SVC-000017,EVT-0003759,2026-06-13 14:58:40.784444,0.711235345653674,lstm
SVC-000036,EVT-0003760,2026-06-13 14:59:17.209083,0.5415836854770211,lstm
SVC-000026,EVT-0003761,2026-06-13 14:59:45.024304,0.4127587536954831,lstm
SVC-000028,EVT-0003762,2026-06-13 14:59:59.960171,0.7879491659124204,baseline_fallback
USR-000101,EVT-0003763,2026-06-13 15:00:05.158943,0.9876789342337571,baseline_fallback
USR-000125,EVT-0003764,2026-06-13 15:00:38.269285,0.39986664339498723,baseline_fallback
USR-000109,EVT-0003765,2026-06-13 15:02:14.506325,0.7892887169742494,lstm
SVC-000027,EVT-0003766,2026-06-13 15:05:10.998389,0.3932330545378925,lstm
USR-000213,EVT-0003767,2026-06-13 15:05:18.799314,0.3471562163579941,baseline_fallback
USR-000129,EVT-0003768,2026-06-13 15:05:55.618866,0.3509388801615365,baseline_fallback
DEV-000025,EVT-0003769,2026-06-13 15:06:23.080117,0.6204081080741751,lstm
SVC-000036,EVT-0003770,2026-06-13 15:07:04.579234,0.4922443316392672,lstm
USR-000207,EVT-0003771,2026-06-13 15:08:40.782019,0.7249702323118843,lstm
SVC-000036,EVT-0003772,2026-06-13 15:10:55.862696,0.7374811866470496,lstm
USR-000146,EVT-0003773,2026-06-13 15:10:56.578672,0.9999999999999496,lstm
SVC-000029,EVT-0003774,2026-06-13 15:12:10.729389,0.775576605829118,baseline_fallback
USR-000125,EVT-0003775,2026-06-13 15:12:11.425015,0.42255550864956193,baseline_fallback
SVC-000012,EVT-0003776,2026-06-13 15:13:46.817635,0.3363519878689795,lstm
USR-000061,EVT-0003777,2026-06-13 15:15:16.164836,0.6723377256237726,baseline_fallback
USR-000086,EVT-0003778,2026-06-13 15:16:23.959423,0.6989637548459153,baseline_fallback
SVC-000036,EVT-0003779,2026-06-13 15:16:59.623433,0.5742845751809563,lstm
SVC-000036,EVT-0003780,2026-06-13 15:18:31.087952,0.724210171113634,lstm
SVC-000028,EVT-0003781,2026-06-13 15:18:34.063669,0.30361218170911924,baseline_fallback
USR-000012,EVT-0003782,2026-06-13 15:18:44.059432,0.33645530732050005,baseline_fallback
SVC-000012,EVT-0003783,2026-06-13 15:19:49.823083,0.4616947454043229,lstm
SVC-000036,EVT-0003784,2026-06-13 15:20:12.565404,0.6874384708795481,lstm
SVC-000017,EVT-0003785,2026-06-13 15:20:25.190408,0.5442789057812933,lstm
DEV-000006,EVT-0003786,2026-06-13 15:20:42.505078,0.4124584553807115,lstm
SVC-000027,EVT-0003787,2026-06-13 15:20:43.848676,0.5790933790034499,lstm
SVC-000027,EVT-0003788,2026-06-13 15:21:44.332007,0.6623261485902671,lstm
SVC-000012,EVT-0003789,2026-06-13 15:21:50.116582,0.6085714990095243,lstm
SVC-000026,EVT-0003790,2026-06-13 15:22:33.422101,0.39284086934650847,lstm
DEV-000018,EVT-0003791,2026-06-13 15:22:59.260193,0.9483030040688932,lstm
SVC-000033,EVT-0003792,2026-06-13 15:23:47.556150,0.999787119994978,lstm
SVC-000017,EVT-0003793,2026-06-13 15:24:04.726778,0.7602627918957433,lstm
SVC-000010,EVT-0003794,2026-06-13 15:26:44.936610,0.7652626362015309,lstm
SVC-000036,EVT-0003795,2026-06-13 15:28:27.329076,0.6121349426150842,lstm
USR-000005,EVT-0003796,2026-06-13 15:31:26.674151,0.3560211561557912,baseline_fallback
USR-000212,EVT-0003797,2026-06-13 15:31:46.522784,0.439315508871435,baseline_fallback
USR-000186,EVT-0003798,2026-06-13 15:32:31.106824,0.662839224347488,baseline_fallback
SVC-000036,EVT-0003799,2026-06-13 15:32:50.247826,0.4179027058538139,lstm
SVC-000036,EVT-0003800,2026-06-13 15:34:29.726737,0.5960860924807804,lstm
SVC-000010,EVT-0003801,2026-06-13 15:34:41.322533,0.6656093368898434,lstm
SVC-000036,EVT-0003802,2026-06-13 15:36:36.903447,0.5697459926223142,lstm
SVC-000033,EVT-0003803,2026-06-13 15:37:59.072958,0.9181423761777595,lstm
SVC-000036,EVT-0003804,2026-06-13 15:38:30.005073,0.5133042318949712,lstm
USR-000101,EVT-0003805,2026-06-13 15:43:12.913694,0.712025752367156,baseline_fallback
SVC-000036,EVT-0003806,2026-06-13 15:43:54.306849,0.6027523351424189,lstm
SVC-000036,EVT-0003807,2026-06-13 15:44:03.166816,0.7460448638883304,lstm
USR-000125,EVT-0003808,2026-06-13 15:47:09.174379,0.7642162365358156,baseline_fallback
SVC-000036,EVT-0003809,2026-06-13 15:47:51.667097,0.8020045268497275,lstm
USR-000117,EVT-0003810,2026-06-13 15:49:08.032593,0.45355399938032914,baseline_fallback
USR-000092,EVT-0003811,2026-06-13 15:51:20.420013,0.6644031710339346,baseline_fallback
DEV-000013,EVT-0003812,2026-06-13 15:53:04.204477,0.7208582729096985,lstm
SVC-000036,EVT-0003813,2026-06-13 15:53:09.856451,0.390042376085306,lstm
SVC-000010,EVT-0003814,2026-06-13 15:53:30.936345,0.6250019988517838,lstm
USR-000139,EVT-0003815,2026-06-13 15:54:13.885641,0.7671718986544857,baseline_fallback
USR-000195,EVT-0003816,2026-06-13 15:54:56.249952,0.9968260584863371,baseline_fallback
SVC-000036,EVT-0003817,2026-06-13 15:55:09.425617,0.4580507014113124,lstm
SVC-000026,EVT-0003818,2026-06-13 15:55:46.512222,0.7901452566915621,lstm
SVC-000036,EVT-0003819,2026-06-13 15:57:18.090327,0.3267291279016878,lstm
SVC-000036,EVT-0003820,2026-06-13 15:58:37.189969,0.4844385897872619,lstm
SVC-000026,EVT-0003821,2026-06-13 15:59:28.274914,0.3582634571142638,lstm
DEV-000022,EVT-0003822,2026-06-13 15:59:51.270977,0.9142977965596479,baseline_fallback
USR-000117,EVT-0003823,2026-06-13 16:01:12.220663,0.4422877435889466,baseline_fallback
SVC-000026,EVT-0003824,2026-06-13 16:01:47.487551,0.6782689817584837,lstm
SVC-000012,EVT-0003825,2026-06-13 16:04:40.308084,0.39295400665651103,lstm
SVC-000033,EVT-0003826,2026-06-13 16:04:57.347036,0.7620166933909994,lstm
USR-000101,EVT-0003827,2026-06-13 16:05:02.216728,0.7681276196788676,baseline_fallback
DEV-000017,EVT-0003828,2026-06-13 16:05:15.542456,0.8478335322173449,baseline_fallback
SVC-000029,EVT-0003829,2026-06-13 16:05:53.605645,0.7795201400412721,baseline_fallback
SVC-000010,EVT-0003830,2026-06-13 16:06:55.070563,0.5217023788049046,lstm
DEV-000023,EVT-0003831,2026-06-13 16:07:08.941875,0.5051332838772941,lstm
SVC-000036,EVT-0003832,2026-06-13 16:08:27.274202,0.6174594578668643,lstm
USR-000086,EVT-0003833,2026-06-13 16:08:30.181089,0.3731155681236464,baseline_fallback
SVC-000036,EVT-0003834,2026-06-13 16:08:39.414773,0.44862535753696464,lstm
SVC-000036,EVT-0003835,2026-06-13 16:17:03.079672,0.3287848961435947,lstm
USR-000196,EVT-0003836,2026-06-13 16:17:23.098620,0.41572349614986465,baseline_fallback
SVC-000027,EVT-0003837,2026-06-13 16:17:47.903053,0.7894146312970679,lstm
SVC-000038,EVT-0003838,2026-06-13 16:18:18.468193,0.8892830478503552,lstm
USR-000146,EVT-0003839,2026-06-13 16:18:20.516563,0.9846002480233844,lstm
DEV-000024,EVT-0003840,2026-06-13 16:18:44.893922,0.8799074029476225,baseline_fallback
SVC-000027,EVT-0003841,2026-06-13 16:19:20.335577,0.6857605678767995,lstm
SVC-000026,EVT-0003842,2026-06-13 16:20:32.696327,0.31639506944567686,lstm
USR-000110,EVT-0003843,2026-06-13 16:20:34.480591,0.45835864704037027,baseline_fallback
USR-000109,EVT-0003844,2026-06-13 16:21:25.284185,0.7930699486081039,lstm
DEV-000006,EVT-0003845,2026-06-13 16:23:03.010488,0.28273025768837196,lstm
SVC-000029,EVT-0003846,2026-06-13 16:23:40.135865,0.7819745172542221,baseline_fallback
SVC-000029,EVT-0003847,2026-06-13 16:24:09.993416,0.7645205821290882,baseline_fallback
USR-000117,EVT-0003848,2026-06-13 16:24:25.340338,0.3848220302420898,baseline_fallback
SVC-000023,EVT-0003849,2026-06-13 16:24:46.996494,0.8930681018267358,lstm
SVC-000036,EVT-0003850,2026-06-13 16:25:04.205324,0.6139189221786363,lstm
USR-000003,EVT-0003851,2026-06-13 16:25:35.440035,0.3630201771643125,baseline_fallback
DEV-000002,EVT-0003852,2026-06-13 16:26:41.811099,0.3465778716497191,lstm
DEV-000001,EVT-0003853,2026-06-13 16:28:34.443624,0.6641732456430499,lstm
DEV-000011,EVT-0003854,2026-06-13 16:29:02.082304,0.35692746554980775,lstm
SVC-000012,EVT-0003855,2026-06-13 16:30:10.656240,0.40191400193593085,lstm
USR-000048,EVT-0003856,2026-06-13 16:33:16.590298,0.38940584193907857,baseline_fallback
SVC-000026,EVT-0003857,2026-06-13 16:33:20.852100,0.35944983836934147,lstm
SVC-000036,EVT-0003858,2026-06-13 16:33:41.839398,0.6773506966983661,lstm
USR-000185,EVT-0003859,2026-06-13 16:34:37.508631,0.43708610087173877,baseline_fallback
USR-000192,EVT-0003860,2026-06-13 16:34:50.387504,0.39026698777340185,baseline_fallback
DEV-000007,EVT-0003861,2026-06-13 16:36:05.754381,0.9622765357773869,baseline_fallback
SVC-000023,EVT-0003862,2026-06-13 16:36:40.133889,0.436021419565355,lstm
SVC-000029,EVT-0003863,2026-06-13 16:36:43.989451,0.9999642405368429,lstm
USR-000185,EVT-0003864,2026-06-13 16:36:54.208311,0.43764579454085883,baseline_fallback
SVC-000036,EVT-0003865,2026-06-13 16:37:27.323187,0.6065467100347266,lstm
SVC-000007,EVT-0003866,2026-06-13 16:39:03.087124,1.0,lstm
SVC-000023,EVT-0003867,2026-06-13 16:39:17.520938,0.632703581299025,lstm
SVC-000007,EVT-0003868,2026-06-13 16:39:52.035430,1.0,lstm
USR-000101,EVT-0003869,2026-06-13 16:39:53.892651,0.7362787240117836,baseline_fallback
USR-000054,EVT-0003870,2026-06-13 16:40:00.764224,0.3551463790806816,baseline_fallback
USR-000061,EVT-0003871,2026-06-13 16:40:04.304776,0.7119874180779975,baseline_fallback
SVC-000007,EVT-0003872,2026-06-13 16:41:10.484642,1.0,lstm
DEV-000011,EVT-0003873,2026-06-13 16:43:28.689877,0.7075192707065119,lstm
SVC-000038,EVT-0003874,2026-06-13 16:44:36.628175,0.45630089964741,lstm
USR-000070,EVT-0003875,2026-06-13 16:45:27.592164,0.483721252095877,baseline_fallback
SVC-000007,EVT-0003876,2026-06-13 16:45:45.160472,1.0,lstm
USR-000129,EVT-0003877,2026-06-13 16:48:01.162409,0.35890929921142906,baseline_fallback
USR-000109,EVT-0003878,2026-06-13 16:53:17.977827,0.7118627615565091,lstm
SVC-000023,EVT-0003879,2026-06-13 16:55:06.874124,0.25153076176571254,lstm
USR-000211,EVT-0003880,2026-06-13 16:57:22.139972,0.35819198999181406,baseline_fallback
DEV-000004,EVT-0003881,2026-06-13 16:57:22.268267,0.9838441538858964,lstm
SVC-000026,EVT-0003882,2026-06-13 17:00:02.228570,0.3337889214783985,lstm
USR-000146,EVT-0003883,2026-06-13 17:00:20.925061,0.9473345856678536,lstm
DEV-000018,EVT-0003884,2026-06-13 17:00:50.520472,0.7181317822511746,lstm
USR-000077,EVT-0003885,2026-06-13 17:01:30.963113,0.7907081791836995,baseline_fallback
SVC-000005,EVT-0003886,2026-06-13 17:02:51.739343,0.9984823488125049,lstm
USR-000040,EVT-0003887,2026-06-13 17:03:09.111411,0.8311674025147548,baseline_fallback
USR-000128,EVT-0003888,2026-06-13 17:04:53.438726,0.56309512361528,baseline_fallback
USR-000065,EVT-0003889,2026-06-13 17:05:23.544864,0.5609475471387138,baseline_fallback
USR-000065,EVT-0003890,2026-06-13 17:05:37.021458,0.8137947002296021,baseline_fallback
SVC-000005,EVT-0003891,2026-06-13 17:06:04.722081,0.7446746795110162,lstm
SVC-000026,EVT-0003892,2026-06-13 17:06:15.901650,0.3255403618990442,lstm
SVC-000026,EVT-0003893,2026-06-13 17:07:12.277652,0.5614981190849319,lstm
DEV-000013,EVT-0003894,2026-06-13 17:07:41.072159,0.729741422958807,lstm
USR-000209,EVT-0003895,2026-06-13 17:08:58.558255,0.5685506003432516,baseline_fallback
SVC-000033,EVT-0003896,2026-06-13 17:11:57.439172,0.6039917118704621,lstm
DEV-000002,EVT-0003897,2026-06-13 17:12:36.937836,0.5684466216425785,lstm
SVC-000033,EVT-0003898,2026-06-13 17:17:09.876891,0.8293560822387988,lstm
USR-000001,EVT-0003899,2026-06-13 17:18:14.609307,0.4757812159087349,baseline_fallback
SVC-000033,EVT-0003900,2026-06-13 17:23:34.737830,0.6688133563307072,lstm
SVC-000037,EVT-0003901,2026-06-13 17:25:56.886359,0.9998828480836846,lstm
DEV-000026,EVT-0003902,2026-06-13 17:26:11.497474,0.33876032928628935,lstm
USR-000192,EVT-0003903,2026-06-13 17:26:41.347739,0.7610875066160409,baseline_fallback
DEV-000011,EVT-0003904,2026-06-13 17:27:25.576459,0.3524760323093202,lstm
USR-000129,EVT-0003905,2026-06-13 17:28:20.522105,0.41933117294258754,baseline_fallback
USR-000101,EVT-0003906,2026-06-13 17:30:05.544245,0.7885575328302088,baseline_fallback
SVC-000029,EVT-0003907,2026-06-13 17:32:42.132644,0.9721861890764684,lstm
USR-000065,EVT-0003908,2026-06-13 17:32:42.480191,0.4669655951939665,baseline_fallback
SVC-000023,EVT-0003909,2026-06-13 17:35:11.051898,0.253882496405364,lstm
SVC-000010,EVT-0003910,2026-06-13 17:36:20.684086,0.5632997319625291,lstm
SVC-000023,EVT-0003911,2026-06-13 17:41:42.599203,0.41576192489215885,lstm
SVC-000010,EVT-0003912,2026-06-13 17:41:55.106321,0.48124898943851324,lstm
SVC-000037,EVT-0003913,2026-06-13 17:42:12.655096,0.9662633910108009,lstm
SVC-000029,EVT-0003914,2026-06-13 17:43:08.381245,0.9266228007770841,lstm
SVC-000033,EVT-0003915,2026-06-13 17:44:55.560528,0.3997826418742421,lstm
USR-000109,EVT-0003916,2026-06-13 17:45:40.338997,1.0,lstm
SVC-000010,EVT-0003917,2026-06-13 17:45:51.032146,0.5058537002464876,lstm
SVC-000029,EVT-0003918,2026-06-13 17:46:45.120461,0.9629952958368475,lstm
DEV-000026,EVT-0003919,2026-06-13 17:52:32.322080,0.46666671815697597,lstm
SVC-000010,EVT-0003920,2026-06-13 17:56:03.166718,0.522641023576485,lstm
DEV-000023,EVT-0003921,2026-06-13 17:56:25.870675,0.45221266961434664,lstm
USR-000185,EVT-0003922,2026-06-13 17:57:11.665193,0.9056423175616867,lstm
SVC-000033,EVT-0003923,2026-06-13 17:57:14.974853,0.41898679541575773,lstm
USR-000134,EVT-0003924,2026-06-13 18:00:17.057080,0.809746332299474,baseline_fallback
SVC-000037,EVT-0003925,2026-06-13 18:01:37.749755,0.8617305253870903,lstm
USR-000192,EVT-0003926,2026-06-13 18:04:07.830340,0.8089272324882886,baseline_fallback
DEV-000017,EVT-0003927,2026-06-13 18:05:12.075816,0.9582182302544061,lstm
USR-000117,EVT-0003928,2026-06-13 18:05:18.579349,0.5288679888975214,baseline_fallback
SVC-000044,EVT-0003929,2026-06-13 18:06:50.427159,0.9920042438623773,lstm
USR-000092,EVT-0003930,2026-06-13 18:08:29.154395,0.8593527521733281,baseline_fallback
USR-000005,EVT-0003931,2026-06-13 18:11:50.031378,0.5063859174827835,baseline_fallback
SVC-000028,EVT-0003932,2026-06-13 18:11:55.019224,0.8374524364464586,baseline_fallback
USR-000092,EVT-0003933,2026-06-13 18:17:18.383801,0.7723326817755662,baseline_fallback
DEV-000005,EVT-0003934,2026-06-13 18:17:20.707419,0.32428275270986623,baseline_fallback
SVC-000044,EVT-0003935,2026-06-13 18:18:09.402791,0.9261464994430937,lstm
USR-000061,EVT-0003936,2026-06-13 18:18:50.163592,0.7834285331702652,baseline_fallback
USR-000146,EVT-0003937,2026-06-13 18:19:52.750654,0.8817330591662715,lstm
USR-000140,EVT-0003938,2026-06-13 18:20:02.070551,0.5329880964494761,baseline_fallback
USR-000211,EVT-0003939,2026-06-13 18:22:10.215792,0.6690886339721046,baseline_fallback
SVC-000010,EVT-0003940,2026-06-13 18:22:49.300740,0.45404076354411127,lstm
SVC-000057,EVT-0003941,2026-06-13 18:23:46.153300,0.5028321138445132,baseline_fallback
SVC-000023,EVT-0003942,2026-06-13 18:24:10.290642,0.27524772184704727,lstm
SVC-000010,EVT-0003943,2026-06-13 18:30:57.456646,0.5074355884992767,lstm
DEV-000013,EVT-0003944,2026-06-13 18:31:49.648480,0.7328281479554771,lstm
USR-000089,EVT-0003945,2026-06-13 18:33:25.646859,0.8476004714243379,baseline_fallback
SVC-000033,EVT-0003946,2026-06-13 18:35:07.351981,0.6728455431721094,lstm
USR-000211,EVT-0003947,2026-06-13 18:35:54.924132,0.5812370861990254,baseline_fallback
USR-000201,EVT-0003948,2026-06-13 18:36:16.694508,0.9572707142401988,baseline_fallback
SVC-000057,EVT-0003949,2026-06-13 18:40:29.344599,0.8695134081099376,baseline_fallback
SVC-000048,EVT-0003950,2026-06-13 18:43:05.503581,0.9734367085828344,lstm
SVC-000010,EVT-0003951,2026-06-13 18:43:44.530255,0.5312615646707902,lstm
SVC-000057,EVT-0003952,2026-06-13 18:43:57.852791,0.9999183816233294,lstm
USR-000200,EVT-0003953,2026-06-13 18:44:04.894390,0.9583766402034213,baseline_fallback
USR-000033,EVT-0003954,2026-06-13 18:44:59.231648,0.9404365823233947,baseline_fallback
USR-000192,EVT-0003955,2026-06-13 18:47:01.482144,0.48671432472232723,baseline_fallback
USR-000109,EVT-0003956,2026-06-13 18:49:08.324562,0.8692612737244694,lstm
DEV-000020,EVT-0003957,2026-06-13 18:50:05.450921,0.5851866891244889,lstm
SVC-000052,EVT-0003958,2026-06-13 18:50:50.126169,0.9675779755270768,lstm
SVC-000004,EVT-0003959,2026-06-13 18:51:01.927741,0.9992669156826275,lstm
SVC-000023,EVT-0003960,2026-06-13 18:51:07.820079,0.2805744592252767,lstm
SVC-000057,EVT-0003961,2026-06-13 18:52:12.466783,0.9974056515518759,lstm
SVC-000033,EVT-0003962,2026-06-13 18:52:29.220070,0.5062114691634446,lstm
SVC-000033,EVT-0003963,2026-06-13 18:52:53.818633,0.9192643801615525,lstm
SVC-000037,EVT-0003964,2026-06-13 18:57:09.141626,0.7482644141402813,lstm
SVC-000044,EVT-0003965,2026-06-13 19:05:18.899658,0.842566054891612,lstm
DEV-000026,EVT-0003966,2026-06-13 19:05:55.977373,0.33756107508836863,lstm
SVC-000006,EVT-0003967,2026-06-13 19:07:58.749160,0.9998799385224616,lstm
SVC-000006,EVT-0003968,2026-06-13 19:09:29.034387,0.8596184618222653,lstm
SVC-000004,EVT-0003969,2026-06-13 19:11:43.304971,0.7556043096560818,lstm
SVC-000057,EVT-0003970,2026-06-13 19:16:34.984350,0.9612438533077315,lstm
USR-000134,EVT-0003971,2026-06-13 19:16:52.187540,0.8716785265260041,baseline_fallback
SVC-000006,EVT-0003972,2026-06-13 19:17:39.759269,0.7751334571019859,lstm
SVC-000033,EVT-0003973,2026-06-13 19:18:43.562967,0.47273611127102977,lstm
USR-000209,EVT-0003974,2026-06-13 19:18:53.170650,0.589827106397273,baseline_fallback
SVC-000057,EVT-0003975,2026-06-13 19:19:28.844211,0.7407325041860943,lstm
SVC-000044,EVT-0003976,2026-06-13 19:20:37.045343,0.8175787629297534,lstm
DEV-000017,EVT-0003977,2026-06-13 19:22:35.723660,0.48463422747725937,lstm
SVC-000006,EVT-0003978,2026-06-13 19:24:08.507714,0.8703355836497729,lstm
SVC-000006,EVT-0003979,2026-06-13 19:25:00.657058,0.6804967177326298,lstm
SVC-000006,EVT-0003980,2026-06-13 19:25:20.169173,0.7449389551307286,lstm
SVC-000052,EVT-0003981,2026-06-13 19:26:07.643993,0.2831734300059869,lstm
SVC-000006,EVT-0003982,2026-06-13 19:26:09.958292,0.46909211386707117,lstm
SVC-000006,EVT-0003983,2026-06-13 19:28:53.311045,0.5649628026010135,lstm
SVC-000052,EVT-0003984,2026-06-13 19:29:24.379110,0.8486527831073647,lstm
DEV-000026,EVT-0003985,2026-06-13 19:31:26.427294,0.3584387853414778,lstm
SVC-000006,EVT-0003986,2026-06-13 19:31:46.108818,0.4098469344297426,lstm
SVC-000006,EVT-0003987,2026-06-13 19:31:47.245718,0.5116262236839092,lstm
SVC-000057,EVT-0003988,2026-06-13 19:32:30.934440,0.36624117061637473,lstm
SVC-000006,EVT-0003989,2026-06-13 19:33:24.214333,0.5205286246102728,lstm
SVC-000006,EVT-0003990,2026-06-13 19:36:23.456184,0.4631566163295998,lstm
SVC-000057,EVT-0003991,2026-06-13 19:36:39.501135,0.7649022427917928,lstm
SVC-000044,EVT-0003992,2026-06-13 19:39:04.612651,0.7726185716703033,lstm
SVC-000033,EVT-0003993,2026-06-13 19:41:59.905425,0.6067904825213667,lstm
SVC-000057,EVT-0003994,2026-06-13 19:43:58.697456,0.339051319265848,lstm
SVC-000033,EVT-0003995,2026-06-13 19:44:33.634574,0.7482643057133559,lstm
USR-000109,EVT-0003996,2026-06-13 19:45:36.869405,0.7255432992412223,lstm
SVC-000061,EVT-0003997,2026-06-13 19:46:44.921778,0.9972891077885899,lstm
SVC-000044,EVT-0003998,2026-06-13 19:46:51.324016,0.6520259682531866,lstm
SVC-000057,EVT-0003999,2026-06-13 19:49:08.260689,0.2894998049277326,lstm
SVC-000057,EVT-0004000,2026-06-13 19:50:27.668171,0.5264056693371759,lstm
SVC-000057,EVT-0004001,2026-06-13 19:54:18.721283,0.8439173445395165,lstm
SVC-000006,EVT-0004002,2026-06-13 19:54:51.042291,0.6734151592456854,lstm
SVC-000061,EVT-0004003,2026-06-13 19:57:14.973390,0.42687008772256047,lstm
SVC-000006,EVT-0004004,2026-06-13 19:57:41.944030,0.44209221763165274,lstm
SVC-000052,EVT-0004005,2026-06-13 20:00:15.004616,0.4073332894954225,lstm
SVC-000048,EVT-0004006,2026-06-13 20:01:07.411449,0.5218136943725377,lstm
SVC-000048,EVT-0004007,2026-06-13 20:03:58.834035,0.7881669941209624,lstm
SVC-000006,EVT-0004008,2026-06-13 20:07:33.208046,0.5174084039772998,lstm
SVC-000004,EVT-0004009,2026-06-13 20:08:57.673725,0.5474482152653948,lstm
SVC-000048,EVT-0004010,2026-06-13 20:14:03.388675,0.6562679419906874,lstm
DEV-000011,EVT-0004011,2026-06-13 20:14:37.236497,0.30295558383266913,lstm
DEV-000018,EVT-0004012,2026-06-13 20:15:43.000718,0.7945763390681554,lstm
SVC-000057,EVT-0004013,2026-06-13 20:16:25.028182,0.31104886167732143,lstm
DEV-000002,EVT-0004014,2026-06-13 20:16:25.709472,0.4176557425020387,lstm
SVC-000048,EVT-0004015,2026-06-13 20:17:54.158101,0.5591658766033366,lstm
SVC-000048,EVT-0004016,2026-06-13 20:20:36.902304,0.765635557715486,lstm
SVC-000061,EVT-0004017,2026-06-13 20:21:43.606092,0.3181702333665631,lstm
SVC-000006,EVT-0004018,2026-06-13 20:28:08.411618,0.5791754549743459,lstm
SVC-000004,EVT-0004019,2026-06-13 20:29:05.006690,0.3635764523603174,lstm
SVC-000044,EVT-0004020,2026-06-13 20:29:25.302471,0.5239450284420502,lstm
SVC-000061,EVT-0004021,2026-06-13 20:30:36.609593,0.29627380463866315,lstm
SVC-000061,EVT-0004022,2026-06-13 20:33:45.687513,0.42056187874707485,lstm
DEV-000013,EVT-0004023,2026-06-13 20:37:15.115700,0.8415437575370038,lstm
DEV-000018,EVT-0004024,2026-06-13 20:38:41.329448,0.7362733274701447,lstm
SVC-000061,EVT-0004025,2026-06-13 20:42:03.722458,0.27450238557833,lstm
SVC-000052,EVT-0004026,2026-06-13 20:45:49.737711,0.5524712987270767,lstm
SVC-000052,EVT-0004027,2026-06-13 20:46:42.850670,0.9633268587446631,lstm
SVC-000035,EVT-0004028,2026-06-13 20:46:50.665146,0.9450749072869391,lstm
SVC-000048,EVT-0004029,2026-06-13 20:47:47.060538,0.40303852687996017,lstm
SVC-000023,EVT-0004030,2026-06-13 20:50:04.711995,0.5357374272660151,lstm
SVC-000061,EVT-0004031,2026-06-13 20:50:09.363181,0.3355660992808311,lstm
SVC-000061,EVT-0004032,2026-06-13 20:51:39.288641,0.5820420704324589,lstm
SVC-000003,EVT-0004033,2026-06-13 20:53:33.615076,0.9912266487991783,lstm
SVC-000061,EVT-0004034,2026-06-13 20:57:40.341349,0.34030518852628366,lstm
SVC-000058,EVT-0004035,2026-06-13 20:58:19.527120,0.9526466041673856,lstm
DEV-000022,EVT-0004036,2026-06-13 20:59:39.710386,0.9400665980945194,baseline_fallback
SVC-000048,EVT-0004037,2026-06-13 21:00:32.435790,0.37061631143965135,lstm
USR-000088,EVT-0004038,2026-06-13 21:02:32.955008,0.7657494255728676,baseline_fallback
DEV-000023,EVT-0004039,2026-06-13 21:02:34.716770,0.7826498403883461,lstm
SVC-000048,EVT-0004040,2026-06-13 21:07:42.140414,0.4514443016117387,lstm
DEV-000019,EVT-0004041,2026-06-13 21:09:26.900447,0.6219485250986071,baseline_fallback
DEV-000001,EVT-0004042,2026-06-13 21:09:44.372562,0.6364960190712138,lstm
SVC-000054,EVT-0004043,2026-06-13 21:10:51.805509,0.9876844452160071,lstm
SVC-000048,EVT-0004044,2026-06-13 21:12:09.572185,0.4631746142367053,lstm
SVC-000048,EVT-0004045,2026-06-13 21:12:59.357671,0.7661331951314636,lstm
SVC-000004,EVT-0004046,2026-06-13 21:16:20.439260,0.3887308571698058,lstm
SVC-000058,EVT-0004047,2026-06-13 21:16:33.119148,0.41854360225137394,lstm
SVC-000025,EVT-0004048,2026-06-13 21:16:54.793251,0.9968224870278161,lstm
SVC-000058,EVT-0004049,2026-06-13 21:20:59.893050,0.8248702358873351,lstm
SVC-000047,EVT-0004050,2026-06-13 21:21:32.513126,0.959439303634175,lstm
DEV-000001,EVT-0004051,2026-06-13 21:21:39.831706,0.8622237224791258,lstm
SVC-000048,EVT-0004052,2026-06-13 21:22:36.207716,0.6212059385698525,lstm
DEV-000007,EVT-0004053,2026-06-13 21:23:34.084857,0.9499275100113389,baseline_fallback
DEV-000017,EVT-0004054,2026-06-13 21:23:45.294395,0.3655914777963972,lstm
SVC-000047,EVT-0004055,2026-06-13 21:24:13.292396,0.5381170167753798,lstm
DEV-000003,EVT-0004056,2026-06-13 21:25:45.480531,0.4165793140963456,lstm
DEV-000023,EVT-0004057,2026-06-13 21:26:21.648037,0.7231041576958878,lstm
SVC-000004,EVT-0004058,2026-06-13 21:26:45.796889,0.39527618168449413,lstm
SVC-000044,EVT-0004059,2026-06-13 21:27:40.899823,0.5472336503479251,lstm
SVC-000052,EVT-0004060,2026-06-13 21:28:05.778835,0.4438986166782117,lstm
SVC-000058,EVT-0004061,2026-06-13 21:30:04.499978,0.3455394693161034,lstm
SVC-000045,EVT-0004062,2026-06-13 21:32:05.840028,0.9729968582622464,lstm
SVC-000058,EVT-0004063,2026-06-13 21:34:23.459910,0.37389339502081664,lstm
SVC-000045,EVT-0004064,2026-06-13 21:42:07.712444,0.6582773974679654,lstm
SVC-000002,EVT-0004065,2026-06-13 21:42:40.869409,0.999073310525695,lstm
USR-000106,EVT-0004066,2026-06-13 21:47:03.909978,0.9256952647076361,lstm
SVC-000044,EVT-0004067,2026-06-13 21:48:46.494410,0.6532223627670319,lstm
SVC-000058,EVT-0004068,2026-06-13 21:50:36.390864,0.3560674944032511,lstm
SVC-000047,EVT-0004069,2026-06-13 21:51:07.783948,0.6098789799101861,lstm
SVC-000044,EVT-0004070,2026-06-13 21:51:31.137035,0.7248872244889504,lstm
USR-000106,EVT-0004071,2026-06-13 21:52:41.267453,0.7411169693628252,lstm
SVC-000054,EVT-0004072,2026-06-13 21:54:47.094716,0.874276326646935,lstm
DEV-000011,EVT-0004073,2026-06-13 21:55:09.355120,0.2742121758574269,lstm
SVC-000058,EVT-0004074,2026-06-13 21:57:16.604024,0.28476660742384247,lstm
SVC-000035,EVT-0004075,2026-06-13 21:58:13.901713,0.45564692259106393,lstm
SVC-000003,EVT-0004076,2026-06-13 22:00:43.434214,0.6791291029302879,lstm
SVC-000048,EVT-0004077,2026-06-13 22:01:05.602112,0.573496022548054,lstm
DEV-000010,EVT-0004078,2026-06-13 22:07:53.684921,0.5776245756439382,lstm
SVC-000054,EVT-0004079,2026-06-13 22:08:20.622510,0.2750957863483474,lstm
SVC-000058,EVT-0004080,2026-06-13 22:09:19.733577,0.26882920554163187,lstm
SVC-000054,EVT-0004081,2026-06-13 22:09:28.097543,0.47675469719211677,lstm
DEV-000010,EVT-0004082,2026-06-13 22:10:26.178462,0.9573506689451997,lstm
SVC-000047,EVT-0004083,2026-06-13 22:12:30.292266,0.23828684176851492,lstm
SVC-000054,EVT-0004084,2026-06-13 22:13:30.133716,0.25581086365208966,lstm
SVC-000054,EVT-0004085,2026-06-13 22:13:59.604535,0.5671021147933364,lstm
DEV-000018,EVT-0004086,2026-06-13 22:14:03.715428,0.3815063482759157,lstm
DEV-000010,EVT-0004087,2026-06-13 22:14:39.289801,0.8349044000083741,lstm
SVC-000047,EVT-0004088,2026-06-13 22:17:22.800017,0.3169010866938598,lstm
SVC-000002,EVT-0004089,2026-06-13 22:18:58.295391,0.6865999129739566,lstm
SVC-000047,EVT-0004090,2026-06-13 22:20:10.901864,0.30439041894615404,lstm
SVC-000054,EVT-0004091,2026-06-13 22:21:41.788488,0.27622977303985946,lstm
SVC-000003,EVT-0004092,2026-06-13 22:26:06.207834,0.33315933010452103,lstm
SVC-000025,EVT-0004093,2026-06-13 22:26:36.392838,0.7331220881759235,lstm
USR-000106,EVT-0004094,2026-06-13 22:31:08.381589,0.3959641106643853,lstm
SVC-000035,EVT-0004095,2026-06-13 22:32:21.974402,0.32350885008098446,lstm
USR-000002,EVT-0004096,2026-06-13 22:34:46.674381,0.9999999998477935,lstm
SVC-000032,EVT-0004097,2026-06-13 22:36:32.511033,0.9879318587855843,lstm
SVC-000032,EVT-0004098,2026-06-13 22:37:49.236333,0.5191448890476233,lstm
SVC-000045,EVT-0004099,2026-06-13 22:38:01.812246,0.36878361122846565,lstm
SVC-000032,EVT-0004100,2026-06-13 22:38:31.995763,0.4226179989768938,lstm
DEV-000009,EVT-0004101,2026-06-13 22:38:37.848073,0.4251005169120386,lstm
SVC-000045,EVT-0004102,2026-06-13 22:38:41.269452,0.6403898123796719,lstm
DEV-000017,EVT-0004103,2026-06-13 22:39:31.648581,0.40180365557614617,lstm
SVC-000002,EVT-0004104,2026-06-13 22:40:23.839597,0.31922902662577773,lstm
SVC-000047,EVT-0004105,2026-06-13 22:41:25.580654,0.45551143417051954,lstm
SVC-000032,EVT-0004106,2026-06-13 22:43:49.660023,0.2764839326450921,lstm
SVC-000003,EVT-0004107,2026-06-13 22:46:00.321987,0.5831241136066073,lstm
USR-000088,EVT-0004108,2026-06-13 22:47:09.276775,0.7129858143629579,baseline_fallback
SVC-000035,EVT-0004109,2026-06-13 22:48:46.984516,0.3255452909634364,lstm
SVC-000047,EVT-0004110,2026-06-13 22:55:55.785024,0.3507989924441094,lstm
SVC-000059,EVT-0004111,2026-06-13 22:58:20.995074,0.969127968467873,lstm
SVC-000047,EVT-0004112,2026-06-13 22:59:13.352097,0.3794524483327177,lstm
SVC-000002,EVT-0004113,2026-06-13 22:59:33.965639,0.32360251984657623,lstm
SVC-000002,EVT-0004114,2026-06-13 23:02:11.803671,0.651798000694838,lstm
SVC-000002,EVT-0004115,2026-06-13 23:02:44.430578,0.612802488979105,lstm
SVC-000025,EVT-0004116,2026-06-13 23:03:04.026335,0.6123650656286393,lstm
SVC-000025,EVT-0004117,2026-06-13 23:04:50.383332,0.7437722962460831,lstm
SVC-000002,EVT-0004118,2026-06-13 23:05:52.321272,0.39316524305605505,lstm
SVC-000041,EVT-0004119,2026-06-13 23:05:58.392642,0.9269867744729768,lstm
SVC-000002,EVT-0004120,2026-06-13 23:06:08.041329,0.7210478108412991,lstm
SVC-000059,EVT-0004121,2026-06-13 23:07:40.077151,0.23810327511874435,lstm
DEV-000002,EVT-0004122,2026-06-13 23:08:21.088264,0.5581233006272166,lstm
SVC-000032,EVT-0004123,2026-06-13 23:08:38.474159,0.3508516930908225,lstm
SVC-000059,EVT-0004124,2026-06-13 23:08:46.018071,0.41573556890225266,lstm
SVC-000035,EVT-0004125,2026-06-13 23:10:24.362115,0.30919439473440924,lstm
SVC-000047,EVT-0004126,2026-06-13 23:12:11.018883,0.33146315691496475,lstm
SVC-000054,EVT-0004127,2026-06-13 23:13:54.282198,0.5168369427225946,lstm
SVC-000059,EVT-0004128,2026-06-13 23:14:28.676499,0.6124390523768642,lstm
SVC-000002,EVT-0004129,2026-06-13 23:17:27.311778,0.2899548334009305,lstm
DEV-000018,EVT-0004130,2026-06-13 23:19:28.522459,0.5134141089972099,lstm
SVC-000059,EVT-0004131,2026-06-13 23:19:42.080171,0.2433207416180438,lstm
SVC-000054,EVT-0004132,2026-06-13 23:19:59.987455,0.5983605057327293,lstm
SVC-000048,EVT-0004133,2026-06-13 23:23:51.691689,0.7221428615276316,lstm
SVC-000059,EVT-0004134,2026-06-13 23:23:56.539665,0.24531220220851316,lstm
SVC-000045,EVT-0004135,2026-06-13 23:25:42.759512,0.6882349234546086,lstm
USR-000124,EVT-0004136,2026-06-13 23:27:22.661797,0.71735632605481,baseline_fallback
USR-000122,EVT-0004137,2026-06-13 23:28:11.879463,0.7158255784690412,baseline_fallback
SVC-000032,EVT-0004138,2026-06-13 23:28:52.864007,0.24903692389540974,lstm
USR-000088,EVT-0004139,2026-06-13 23:29:57.553357,0.6792377258514065,baseline_fallback
SVC-000002,EVT-0004140,2026-06-13 23:30:00.278529,0.292060207500222,lstm
SVC-000032,EVT-0004141,2026-06-13 23:30:20.296524,0.3691001126033995,lstm
SVC-000002,EVT-0004142,2026-06-13 23:30:43.441941,0.5555170873366153,lstm
SVC-000002,EVT-0004143,2026-06-13 23:30:46.692707,0.8239542026169918,lstm
USR-000106,EVT-0004144,2026-06-13 23:31:09.190025,0.37914322268728246,lstm
SVC-000059,EVT-0004145,2026-06-13 23:31:22.373075,0.21479124296549404,lstm
SVC-000032,EVT-0004146,2026-06-13 23:35:35.394482,0.2868160289796874,lstm
SVC-000032,EVT-0004147,2026-06-13 23:35:54.737579,0.4267065954786853,lstm
SVC-000059,EVT-0004148,2026-06-13 23:38:40.119753,0.21759934381463975,lstm
SVC-000059,EVT-0004149,2026-06-13 23:39:44.444722,0.35249443829147403,lstm
SVC-000002,EVT-0004150,2026-06-13 23:40:58.125521,0.6237139984022007,lstm
SVC-000047,EVT-0004151,2026-06-13 23:41:03.809622,0.28967755488823044,lstm
SVC-000059,EVT-0004152,2026-06-13 23:41:29.088193,0.31040480964896605,lstm
DEV-000018,EVT-0004153,2026-06-13 23:42:16.347877,0.32017436592686327,lstm
SVC-000002,EVT-0004154,2026-06-13 23:46:21.191545,0.41175499553734746,lstm
SVC-000059,EVT-0004155,2026-06-13 23:47:18.199705,0.24731882703364347,lstm
DEV-000022,EVT-0004156,2026-06-13 23:51:22.738454,0.8857146809698015,baseline_fallback
SVC-000047,EVT-0004157,2026-06-13 23:52:29.304215,0.5098325863503023,lstm
SVC-000032,EVT-0004158,2026-06-13 23:54:19.536266,0.29111470710755355,lstm
SVC-000041,EVT-0004159,2026-06-13 23:54:37.404852,0.6261792331698638,lstm
SVC-000025,EVT-0004160,2026-06-13 23:55:25.928202,0.431859596846453,lstm
SVC-000032,EVT-0004161,2026-06-13 23:56:39.738697,0.29221580089058957,lstm
SVC-000002,EVT-0004162,2026-06-13 23:58:05.964236,0.41506899994529384,lstm
SVC-000041,EVT-0004163,2026-06-14 00:00:21.639546,0.8231635223062348,lstm
USR-000122,EVT-0004164,2026-06-14 00:04:57.895988,0.7862682373430867,baseline_fallback
SVC-000041,EVT-0004165,2026-06-14 00:06:03.154408,0.6316615409211037,lstm
SVC-000056,EVT-0004166,2026-06-14 00:07:37.885202,0.9968300044618047,lstm
USR-000124,EVT-0004167,2026-06-14 00:08:56.622623,0.9252473379493231,baseline_fallback
DEV-000011,EVT-0004168,2026-06-14 00:10:13.037156,0.2651283425898616,lstm
SVC-000041,EVT-0004169,2026-06-14 00:10:40.882380,0.8852315537825615,lstm
DEV-000011,EVT-0004170,2026-06-14 00:11:46.339149,0.8323891421380084,lstm
DEV-000010,EVT-0004171,2026-06-14 00:13:14.340197,0.12431338328471414,lstm
DEV-000025,EVT-0004172,2026-06-14 00:19:11.206466,0.7159735026051098,lstm
USR-000165,EVT-0004173,2026-06-14 00:24:42.335980,0.727443555082282,lstm
SVC-000041,EVT-0004174,2026-06-14 00:25:13.657227,0.2755069444908171,lstm
SVC-000047,EVT-0004175,2026-06-14 00:26:11.861140,0.33875912790365126,lstm
DEV-000011,EVT-0004176,2026-06-14 00:28:53.184165,0.26373292318026953,lstm
SVC-000025,EVT-0004177,2026-06-14 00:29:54.427586,0.4196547916511573,lstm
DEV-000005,EVT-0004178,2026-06-14 00:38:28.828326,0.549054131567908,baseline_fallback
USR-000163,EVT-0004179,2026-06-14 00:38:45.028107,0.7454492199084262,baseline_fallback
SVC-000041,EVT-0004180,2026-06-14 00:38:48.109232,0.44214765969126935,lstm
DEV-000005,EVT-0004181,2026-06-14 00:40:16.999026,0.9979317458266848,lstm
DEV-000008,EVT-0004182,2026-06-14 00:42:37.997405,0.8486671771539834,lstm
SVC-000041,EVT-0004183,2026-06-14 00:43:05.751255,0.7679649305864491,lstm
SVC-000056,EVT-0004184,2026-06-14 00:47:14.777448,0.7456797814175173,lstm
DEV-000026,EVT-0004185,2026-06-14 00:54:24.314068,0.6306185215830306,lstm
USR-000163,EVT-0004186,2026-06-14 00:56:31.821548,0.7193897463039894,baseline_fallback
SVC-000041,EVT-0004187,2026-06-14 00:57:02.847677,0.6291882884816915,lstm
DEV-000009,EVT-0004188,2026-06-14 00:57:26.382647,0.24420517844987435,lstm
SVC-000041,EVT-0004189,2026-06-14 00:57:59.348175,0.7067777186233861,lstm
USR-000106,EVT-0004190,2026-06-14 00:59:59.843521,0.6284601256475258,lstm
SVC-000041,EVT-0004191,2026-06-14 01:01:24.708087,0.4914446818803354,lstm
SVC-000059,EVT-0004192,2026-06-14 01:04:57.035890,0.5509078909020031,lstm
DEV-000001,EVT-0004193,2026-06-14 01:05:22.461985,0.2972802322504437,lstm
DEV-000002,EVT-0004194,2026-06-14 01:07:52.394953,0.3227910032680864,lstm
USR-000122,EVT-0004195,2026-06-14 01:09:07.413561,0.9401201901067218,baseline_fallback
SVC-000041,EVT-0004196,2026-06-14 01:15:44.747956,0.6482961043523021,lstm
DEV-000026,EVT-0004197,2026-06-14 01:21:25.341522,0.555622976942014,lstm
SVC-000056,EVT-0004198,2026-06-14 01:22:19.365279,0.4778533055178716,lstm
SVC-000041,EVT-0004199,2026-06-14 01:34:16.950574,0.5432251939913786,lstm
SVC-000041,EVT-0004200,2026-06-14 01:37:19.998424,0.6237163625707612,lstm
USR-000113,EVT-0004201,2026-06-14 01:45:14.740371,0.7657553206255381,baseline_fallback
SVC-000041,EVT-0004202,2026-06-14 01:47:12.685179,0.7515083076502134,lstm
SVC-000018,EVT-0004203,2026-06-14 01:48:37.541340,0.9732574223764112,lstm
SVC-000018,EVT-0004204,2026-06-14 01:49:19.749919,0.6546952912566195,lstm
USR-000106,EVT-0004205,2026-06-14 01:50:54.563328,0.5241896170794548,lstm
SVC-000056,EVT-0004206,2026-06-14 01:54:53.949879,0.6346894512697945,lstm
DEV-000002,EVT-0004207,2026-06-14 01:55:44.746726,0.448901294366863,lstm
SVC-000014,EVT-0004208,2026-06-14 01:56:04.730658,0.9776057198301019,lstm
SVC-000041,EVT-0004209,2026-06-14 01:56:46.596324,0.6704670275696818,lstm
USR-000113,EVT-0004210,2026-06-14 02:03:05.203945,0.7329382321671887,lstm
DEV-000007,EVT-0004211,2026-06-14 02:07:19.237036,0.961616730250289,lstm
USR-000165,EVT-0004212,2026-06-14 02:11:07.254129,0.42648168129554664,lstm
SVC-000018,EVT-0004213,2026-06-14 02:14:47.782296,0.48906744325690377,lstm
SVC-000018,EVT-0004214,2026-06-14 02:24:41.932591,0.37370782714456546,lstm
DEV-000012,EVT-0004215,2026-06-14 02:24:45.843703,0.9987445697282247,lstm
DEV-000013,EVT-0004216,2026-06-14 02:25:13.538489,0.4780681938284619,lstm
DEV-000011,EVT-0004217,2026-06-14 02:28:53.338826,0.22766474417059138,lstm
SVC-000018,EVT-0004218,2026-06-14 02:31:23.273142,0.5127182860672275,lstm
SVC-000018,EVT-0004219,2026-06-14 02:32:18.081509,0.5081040838256851,lstm
DEV-000022,EVT-0004220,2026-06-14 02:36:38.041310,0.9883606069056214,lstm
SVC-000014,EVT-0004221,2026-06-14 02:41:07.022781,0.4466777781763801,lstm
DEV-000013,EVT-0004222,2026-06-14 02:47:04.809967,0.6783932274802457,lstm
SVC-000018,EVT-0004223,2026-06-14 02:49:23.999682,0.8026400264579688,lstm
SVC-000018,EVT-0004224,2026-06-14 02:51:07.811630,0.5479504733714096,lstm
DEV-000021,EVT-0004225,2026-06-14 02:51:09.438117,0.8408302685587048,lstm
SVC-000018,EVT-0004226,2026-06-14 02:56:29.807514,0.47834142984886013,lstm
USR-000068,EVT-0004227,2026-06-14 02:58:55.509555,0.934780369449148,baseline_fallback
SVC-000018,EVT-0004228,2026-06-14 03:02:18.270553,0.4189257535659074,lstm
SVC-000018,EVT-0004229,2026-06-14 03:06:29.768807,0.44361153490936617,lstm
SVC-000041,EVT-0004230,2026-06-14 03:09:23.561073,0.6639703814083094,lstm
SVC-000018,EVT-0004231,2026-06-14 03:12:24.600244,0.4926844385383308,lstm
DEV-000026,EVT-0004232,2026-06-14 03:15:37.777270,0.49098473817239385,lstm
SVC-000018,EVT-0004233,2026-06-14 03:18:40.940636,0.5805013190074577,lstm
SVC-000018,EVT-0004234,2026-06-14 03:20:42.787103,0.8232519040514944,lstm
SVC-000014,EVT-0004235,2026-06-14 03:30:33.827538,0.2925098752753568,lstm
SVC-000015,EVT-0004236,2026-06-14 03:31:30.815820,0.9994348552710498,lstm
DEV-000025,EVT-0004237,2026-06-14 03:36:08.687225,0.672178610379955,lstm
DEV-000005,EVT-0004238,2026-06-14 03:42:47.673768,0.2350486288813703,lstm
DEV-000012,EVT-0004239,2026-06-14 03:43:02.156533,0.41004560168092574,lstm
SVC-000015,EVT-0004240,2026-06-14 03:45:46.472580,0.7369910492533317,lstm
SVC-000015,EVT-0004241,2026-06-14 03:50:53.594361,0.6904410813573864,lstm
DEV-000008,EVT-0004242,2026-06-14 03:51:06.551655,0.6484907969749478,lstm
SVC-000019,EVT-0004243,2026-06-14 03:54:21.085077,0.9542963385512163,lstm
SVC-000014,EVT-0004244,2026-06-14 03:55:28.170184,0.30796887971752535,lstm
SVC-000007,EVT-0004245,2026-06-14 03:55:33.534269,0.9999997936614483,lstm
DEV-000025,EVT-0004246,2026-06-14 03:57:07.210422,0.8531942127642594,lstm
SVC-000015,EVT-0004247,2026-06-14 03:57:12.516394,0.7160755205197679,lstm
SVC-000007,EVT-0004248,2026-06-14 04:04:25.843056,0.9916618664160479,lstm
SVC-000014,EVT-0004249,2026-06-14 04:04:51.971866,0.22444437121444347,lstm
DEV-000007,EVT-0004250,2026-06-14 04:08:25.836259,0.31405779199881645,lstm
DEV-000009,EVT-0004251,2026-06-14 04:12:11.825556,0.28212152826665704,lstm
DEV-000026,EVT-0004252,2026-06-14 04:14:38.951042,0.35797670404665854,lstm
SVC-000019,EVT-0004253,2026-06-14 04:14:57.208937,0.30888761366110695,lstm
SVC-000007,EVT-0004254,2026-06-14 04:17:24.060433,0.8948565787514609,lstm
SVC-000007,EVT-0004255,2026-06-14 04:18:41.965484,0.9769010822051369,lstm
SVC-000007,EVT-0004256,2026-06-14 04:19:12.633670,0.9603667375317416,lstm
DEV-000016,EVT-0004257,2026-06-14 04:19:17.378397,0.4347229560276435,lstm
SVC-000019,EVT-0004258,2026-06-14 04:20:54.070474,0.35511874129255533,lstm
SVC-000019,EVT-0004259,2026-06-14 04:23:16.223011,0.8287021913802162,lstm
SVC-000014,EVT-0004260,2026-06-14 04:23:16.919594,0.42198160413909436,lstm
SVC-000019,EVT-0004261,2026-06-14 04:24:05.491065,0.6076340203916449,lstm
SVC-000014,EVT-0004262,2026-06-14 04:24:10.922433,0.39024742053835604,lstm
SVC-000015,EVT-0004263,2026-06-14 04:27:05.550340,0.6016999580607884,lstm
USR-000088,EVT-0004264,2026-06-14 04:30:39.680846,0.64758689855875,baseline_fallback
SVC-000019,EVT-0004265,2026-06-14 04:30:42.443645,0.29541388878129526,lstm
SVC-000015,EVT-0004266,2026-06-14 04:31:16.670325,0.6627770986939977,lstm
SVC-000015,EVT-0004267,2026-06-14 04:33:09.707960,0.5833669037837723,lstm
DEV-000011,EVT-0004268,2026-06-14 04:36:47.822828,0.34998034642080744,lstm
SVC-000014,EVT-0004269,2026-06-14 04:37:35.287317,0.2292898239625852,lstm
DEV-000020,EVT-0004270,2026-06-14 04:38:50.851932,0.8830756811176765,lstm
SVC-000014,EVT-0004271,2026-06-14 04:44:17.251745,0.34116698884061686,lstm
SVC-000019,EVT-0004272,2026-06-14 04:45:01.957227,0.2518053785482256,lstm
DEV-000023,EVT-0004273,2026-06-14 04:47:22.669934,0.7355200902400848,lstm
SVC-000014,EVT-0004274,2026-06-14 04:50:23.141178,0.3280432701007015,lstm
SVC-000019,EVT-0004275,2026-06-14 04:51:11.885319,0.3304592217264999,lstm
SVC-000015,EVT-0004276,2026-06-14 04:55:31.592003,0.9171365547543718,lstm
SVC-000014,EVT-0004277,2026-06-14 04:58:36.931963,0.2560770472373534,lstm
SVC-000007,EVT-0004278,2026-06-14 05:01:46.948411,0.8642795023367931,lstm
SVC-000015,EVT-0004279,2026-06-14 05:01:55.516626,0.6499067399560309,lstm
SVC-000007,EVT-0004280,2026-06-14 05:09:17.530376,0.8716322133033764,lstm
SVC-000015,EVT-0004281,2026-06-14 05:11:25.409341,0.7172659646620652,lstm
SVC-000014,EVT-0004282,2026-06-14 05:13:30.263348,0.29328907533916254,lstm
USR-000113,EVT-0004283,2026-06-14 05:15:47.301232,0.6559803348571402,lstm
SVC-000019,EVT-0004284,2026-06-14 05:17:00.928521,0.2845092340346255,lstm
DEV-000026,EVT-0004285,2026-06-14 05:17:14.822239,0.3546600386906726,lstm
SVC-000019,EVT-0004286,2026-06-14 05:18:37.395418,0.48903108858918526,lstm
DEV-000002,EVT-0004287,2026-06-14 05:20:18.946991,0.2740110185295287,lstm
SVC-000009,EVT-0004288,2026-06-14 05:21:52.153875,0.9827159810758882,lstm
DEV-000014,EVT-0004289,2026-06-14 05:22:40.584882,0.3467497768155417,baseline_fallback
DEV-000016,EVT-0004290,2026-06-14 05:27:43.821858,0.2721084782921163,lstm
SVC-000007,EVT-0004291,2026-06-14 05:28:49.783791,0.9470716050445896,lstm
SVC-000009,EVT-0004292,2026-06-14 05:31:05.655444,0.7327271596541588,lstm
SVC-000007,EVT-0004293,2026-06-14 05:31:52.934090,0.9805783405653674,lstm
SVC-000007,EVT-0004294,2026-06-14 05:31:55.340489,0.9960191250184134,lstm
SVC-000041,EVT-0004295,2026-06-14 05:33:31.746920,0.9654573964473263,lstm
USR-000182,EVT-0004296,2026-06-14 05:34:31.765827,0.6555109903664986,baseline_fallback
SVC-000007,EVT-0004297,2026-06-14 05:36:12.868675,0.948631582007117,lstm
SVC-000019,EVT-0004298,2026-06-14 05:36:51.105629,0.3038311858452177,lstm
SVC-000007,EVT-0004299,2026-06-14 05:38:47.696346,0.9318402749534616,lstm
SVC-000015,EVT-0004300,2026-06-14 05:39:12.723298,0.5207283846025358,lstm
SVC-000007,EVT-0004301,2026-06-14 05:40:12.459203,0.7300210426756528,lstm
DEV-000004,EVT-0004302,2026-06-14 05:40:59.464911,0.8987198636066036,lstm
SVC-000014,EVT-0004303,2026-06-14 05:45:47.210948,0.33685791169188495,lstm
USR-000051,EVT-0004304,2026-06-14 05:47:29.511132,0.646236785437448,baseline_fallback
SVC-000007,EVT-0004305,2026-06-14 05:48:08.031010,0.34965905482462456,lstm
USR-000157,EVT-0004306,2026-06-14 05:48:48.264303,0.6065449448716309,baseline_fallback
SVC-000014,EVT-0004307,2026-06-14 05:50:26.402812,0.3611711890191127,lstm
DEV-000001,EVT-0004308,2026-06-14 05:51:17.288972,0.31239179125430117,lstm
SVC-000019,EVT-0004309,2026-06-14 05:52:02.550791,0.27844071776997303,lstm
USR-000016,EVT-0004310,2026-06-14 05:55:16.446047,0.8977148230687,baseline_fallback
SVC-000031,EVT-0004311,2026-06-14 05:56:23.829954,0.9654501777778756,lstm
USR-000076,EVT-0004312,2026-06-14 05:56:50.202981,0.8839450640171437,baseline_fallback
USR-000001,EVT-0004313,2026-06-14 06:03:36.299660,0.6259848869670224,baseline_fallback
SVC-000019,EVT-0004314,2026-06-14 06:07:01.149704,0.2708501049031401,lstm
SVC-000009,EVT-0004315,2026-06-14 06:07:25.713328,0.6932703524604775,lstm
USR-000016,EVT-0004316,2026-06-14 06:07:41.318595,0.9137644951373327,baseline_fallback
SVC-000019,EVT-0004317,2026-06-14 06:08:51.506575,0.43562462707817745,lstm
USR-000019,EVT-0004318,2026-06-14 06:10:24.775864,0.7164519793599776,baseline_fallback
SVC-000009,EVT-0004319,2026-06-14 06:11:57.506269,0.5654597079535518,lstm
DEV-000018,EVT-0004320,2026-06-14 06:13:08.174939,0.6944833552155277,lstm
SVC-000009,EVT-0004321,2026-06-14 06:15:01.353268,0.5169801446210067,lstm
DEV-000002,EVT-0004322,2026-06-14 06:15:21.886900,0.3944149301170319,lstm
SVC-000014,EVT-0004323,2026-06-14 06:15:28.910197,0.36027262686812367,lstm
USR-000076,EVT-0004324,2026-06-14 06:16:48.708654,0.7243990044325398,baseline_fallback
SVC-000019,EVT-0004325,2026-06-14 06:21:53.675207,0.6486556029954887,lstm
DEV-000001,EVT-0004326,2026-06-14 06:22:49.698561,0.4543248519035037,lstm
SVC-000031,EVT-0004327,2026-06-14 06:23:49.495001,0.5235262020948925,lstm
SVC-000009,EVT-0004328,2026-06-14 06:26:46.037406,0.4156527289428991,lstm
USR-000157,EVT-0004329,2026-06-14 06:34:00.439855,0.7560716123532943,baseline_fallback
DEV-000003,EVT-0004330,2026-06-14 06:42:44.859097,0.4499072998731459,lstm
DEV-000013,EVT-0004331,2026-06-14 06:43:18.902381,0.32050326188886813,lstm
USR-000036,EVT-0004332,2026-06-14 06:43:19.364572,0.8866902797811083,baseline_fallback
DEV-000002,EVT-0004333,2026-06-14 06:44:10.901477,0.3582382973052316,lstm
DEV-000003,EVT-0004334,2026-06-14 06:50:55.546252,0.7619208275808546,lstm
SVC-000009,EVT-0004335,2026-06-14 06:52:23.468934,0.44794527503054804,lstm
SVC-000019,EVT-0004336,2026-06-14 06:52:46.344886,0.4186698427254842,lstm
SVC-000031,EVT-0004337,2026-06-14 06:53:28.909983,0.4629796479933458,lstm
SVC-000031,EVT-0004338,2026-06-14 06:53:43.383147,0.8172123254154791,lstm
SVC-000030,EVT-0004339,2026-06-14 06:58:01.875690,0.9700221797016424,lstm
SVC-000055,EVT-0004340,2026-06-14 06:59:28.003491,0.9945483654930621,lstm
USR-000025,EVT-0004341,2026-06-14 07:00:25.068732,0.5200285524755345,baseline_fallback
SVC-000055,EVT-0004342,2026-06-14 07:02:26.546968,0.6065798502789649,lstm
SVC-000031,EVT-0004343,2026-06-14 07:05:16.238049,0.38857054733174295,lstm
USR-000167,EVT-0004344,2026-06-14 07:06:27.491252,0.9876076837255173,lstm
DEV-000003,EVT-0004345,2026-06-14 07:08:54.331722,0.37629106366009185,lstm
USR-000093,EVT-0004346,2026-06-14 07:15:52.442266,0.4962712849728356,baseline_fallback
SVC-000031,EVT-0004347,2026-06-14 07:16:14.248559,0.38707119820875174,lstm
SVC-000024,EVT-0004348,2026-06-14 07:16:16.076608,0.9961467933413433,lstm
USR-000116,EVT-0004349,2026-06-14 07:18:32.413203,0.509415159885381,baseline_fallback
DEV-000009,EVT-0004350,2026-06-14 07:20:59.592466,0.3053426211178529,lstm
USR-000036,EVT-0004351,2026-06-14 07:24:32.984161,0.8048970631750657,baseline_fallback
SVC-000040,EVT-0004352,2026-06-14 07:27:24.419288,0.9120209123187952,lstm
SVC-000009,EVT-0004353,2026-06-14 07:29:40.077645,0.5891531309864106,lstm
SVC-000011,EVT-0004354,2026-06-14 07:31:26.286185,0.987901865673536,lstm
USR-000042,EVT-0004355,2026-06-14 07:31:55.250851,0.576845040347544,lstm
USR-000167,EVT-0004356,2026-06-14 07:33:00.432516,0.7519110239385963,lstm
USR-000058,EVT-0004357,2026-06-14 07:36:03.523095,0.7965921491501946,lstm
SVC-000031,EVT-0004358,2026-06-14 07:36:41.473590,0.615503292301323,lstm
DEV-000008,EVT-0004359,2026-06-14 07:38:01.888270,0.30749449750086016,lstm
USR-000076,EVT-0004360,2026-06-14 07:38:53.943921,0.5390255689295499,baseline_fallback
USR-000036,EVT-0004361,2026-06-14 07:40:40.281189,0.7826452143439765,baseline_fallback
SVC-000030,EVT-0004362,2026-06-14 07:43:07.478535,0.4647669266093987,lstm
SVC-000055,EVT-0004363,2026-06-14 07:44:11.699905,0.4463661236798851,lstm
USR-000058,EVT-0004364,2026-06-14 07:44:46.157690,0.9999999999999807,lstm
SVC-000011,EVT-0004365,2026-06-14 07:44:53.839350,0.3415324790108023,lstm
DEV-000007,EVT-0004366,2026-06-14 07:45:09.729878,0.2702463094100736,lstm
SVC-000040,EVT-0004367,2026-06-14 07:45:26.417121,0.6172775218530178,lstm
USR-000069,EVT-0004368,2026-06-14 07:45:31.747074,0.813789456037795,baseline_fallback
USR-000051,EVT-0004369,2026-06-14 07:51:03.792707,0.8435977367816441,baseline_fallback
SVC-000011,EVT-0004370,2026-06-14 07:51:08.213806,0.3660188106115311,lstm
SVC-000040,EVT-0004371,2026-06-14 07:51:49.951605,0.5003273849601191,lstm
USR-000051,EVT-0004372,2026-06-14 07:52:22.245058,0.8104788574983453,baseline_fallback
SVC-000055,EVT-0004373,2026-06-14 07:54:18.324386,0.3445881231749374,lstm
SVC-000030,EVT-0004374,2026-06-14 07:57:32.448101,0.4828425907463868,lstm
USR-000042,EVT-0004375,2026-06-14 08:01:07.767617,1.0,lstm
SVC-000030,EVT-0004376,2026-06-14 08:03:54.764536,0.5296616132238435,lstm
DEV-000003,EVT-0004377,2026-06-14 08:09:12.916174,0.26317318815148033,lstm
SVC-000011,EVT-0004378,2026-06-14 08:10:01.195144,0.3273831908058846,lstm
SVC-000055,EVT-0004379,2026-06-14 08:10:04.265649,0.37448819284962753,lstm
SVC-000011,EVT-0004380,2026-06-14 08:10:32.779440,0.5090488688627588,lstm
USR-000162,EVT-0004381,2026-06-14 08:12:15.598772,0.8958614387673216,lstm
USR-000051,EVT-0004382,2026-06-14 08:13:19.714717,0.7891868160545258,baseline_fallback
USR-000058,EVT-0004383,2026-06-14 08:18:10.787700,0.9147403619093601,lstm
USR-000022,EVT-0004384,2026-06-14 08:18:57.264457,0.459662080170937,baseline_fallback
USR-000042,EVT-0004385,2026-06-14 08:20:27.121250,0.40033207749740807,lstm
SVC-000055,EVT-0004386,2026-06-14 08:21:34.252554,0.33046761160565347,lstm
SVC-000040,EVT-0004387,2026-06-14 08:21:39.295594,0.3633825963794262,lstm
SVC-000011,EVT-0004388,2026-06-14 08:23:47.462177,0.23467853301375152,lstm
DEV-000001,EVT-0004389,2026-06-14 08:23:55.870798,0.40181957870836105,lstm
USR-000203,EVT-0004390,2026-06-14 08:24:17.147376,0.46876855683911456,baseline_fallback
SVC-000040,EVT-0004391,2026-06-14 08:25:25.225317,0.5147875883986395,lstm
USR-000076,EVT-0004392,2026-06-14 08:26:34.327586,0.43982260989760413,lstm
SVC-000046,EVT-0004393,2026-06-14 08:27:35.543084,0.9978576061228904,lstm
SVC-000040,EVT-0004394,2026-06-14 08:28:53.430868,0.5139915516120102,lstm
DEV-000012,EVT-0004395,2026-06-14 08:30:58.682315,0.19523032043204155,lstm
DEV-000011,EVT-0004396,2026-06-14 08:33:58.296304,0.530325524482179,lstm
SVC-000011,EVT-0004397,2026-06-14 08:34:01.747323,0.3121469269063997,lstm
SVC-000016,EVT-0004398,2026-06-14 08:35:18.966579,0.9542609390787542,lstm
SVC-000011,EVT-0004399,2026-06-14 08:35:43.357684,0.3705056969400823,lstm
USR-000194,EVT-0004400,2026-06-14 08:35:58.142453,0.812240142506202,baseline_fallback
USR-000036,EVT-0004401,2026-06-14 08:36:51.180117,0.6843370660357153,lstm
USR-000179,EVT-0004402,2026-06-14 08:37:11.572033,0.7744005127119672,baseline_fallback
DEV-000001,EVT-0004403,2026-06-14 08:39:28.990959,0.5275544821371876,lstm
USR-000050,EVT-0004404,2026-06-14 08:43:00.666568,0.7637419074214099,baseline_fallback
USR-000058,EVT-0004405,2026-06-14 08:43:53.946758,0.8895475516050348,lstm
USR-000182,EVT-0004406,2026-06-14 08:44:08.321267,0.4575716346791351,baseline_fallback
DEV-000001,EVT-0004407,2026-06-14 08:44:25.859098,0.7445510561832944,lstm
SVC-000013,EVT-0004408,2026-06-14 08:44:43.930071,0.9980041993195891,lstm
SVC-000011,EVT-0004409,2026-06-14 08:45:21.175851,0.6594523745197238,lstm
USR-000057,EVT-0004410,2026-06-14 08:46:06.042804,0.4432092875922242,baseline_fallback
USR-000199,EVT-0004411,2026-06-14 08:47:49.492990,0.4846283728468008,baseline_fallback
DEV-000012,EVT-0004412,2026-06-14 08:48:12.315332,0.6115734601060265,lstm
SVC-000024,EVT-0004413,2026-06-14 08:48:49.123975,0.5448115913025176,lstm
USR-000206,EVT-0004414,2026-06-14 08:49:04.376378,0.3891431166359181,baseline_fallback
USR-000167,EVT-0004415,2026-06-14 08:51:45.836936,0.7752398922500745,lstm
SVC-000046,EVT-0004416,2026-06-14 08:53:16.962710,0.3732325065172581,lstm
SVC-000046,EVT-0004417,2026-06-14 08:53:52.003195,0.5244420986806391,lstm
USR-000135,EVT-0004418,2026-06-14 08:54:44.675220,0.38352836447046196,baseline_fallback
SVC-000046,EVT-0004419,2026-06-14 08:56:03.936570,0.4724761372284065,lstm
USR-000133,EVT-0004420,2026-06-14 08:59:40.141025,0.44161792487180107,baseline_fallback
SVC-000046,EVT-0004421,2026-06-14 09:01:23.738492,0.38660641810136015,lstm
SVC-000046,EVT-0004422,2026-06-14 09:01:47.457978,0.5035706664089153,lstm
SVC-000013,EVT-0004423,2026-06-14 09:01:54.506427,0.6514591701865555,lstm
USR-000042,EVT-0004424,2026-06-14 09:02:34.335039,0.3457303140046035,lstm
USR-000051,EVT-0004425,2026-06-14 09:02:36.162956,0.7395940028450887,baseline_fallback
USR-000050,EVT-0004426,2026-06-14 09:05:25.633507,0.7266377569144216,baseline_fallback
SVC-000046,EVT-0004427,2026-06-14 09:05:57.922587,0.4446215305750456,lstm
SVC-000053,EVT-0004428,2026-06-14 09:08:04.813357,0.9973735622768525,lstm
USR-000082,EVT-0004429,2026-06-14 09:09:13.169077,0.6834022225099947,baseline_fallback
USR-000023,EVT-0004430,2026-06-14 09:10:17.911409,0.7550874134608148,lstm
USR-000054,EVT-0004431,2026-06-14 09:11:28.126396,0.8461675120529226,baseline_fallback
SVC-000046,EVT-0004432,2026-06-14 09:11:35.827305,0.29596258130596903,lstm
DEV-000018,EVT-0004433,2026-06-14 09:13:06.197118,0.5894019606590065,lstm
SVC-000053,EVT-0004434,2026-06-14 09:13:20.595200,0.9412794046972158,lstm
DEV-000011,EVT-0004435,2026-06-14 09:13:56.400665,0.40724952746318005,lstm
SVC-000046,EVT-0004436,2026-06-14 09:14:30.255756,0.38697448075686564,lstm
SVC-000011,EVT-0004437,2026-06-14 09:14:44.148408,0.3280432859613096,lstm
USR-000093,EVT-0004438,2026-06-14 09:14:59.385430,0.3997529128822254,baseline_fallback
SVC-000013,EVT-0004439,2026-06-14 09:15:27.670007,0.4079767925820667,lstm
SVC-000013,EVT-0004440,2026-06-14 09:15:42.564339,0.7261691038667369,lstm
SVC-000024,EVT-0004441,2026-06-14 09:15:43.829843,0.370326822563364,lstm
USR-000031,EVT-0004442,2026-06-14 09:15:46.852782,0.4817606015794972,lstm
USR-000058,EVT-0004443,2026-06-14 09:16:19.457191,0.7556395920494356,lstm
SVC-000024,EVT-0004444,2026-06-14 09:17:55.637643,0.3548661431824127,lstm
SVC-000042,EVT-0004445,2026-06-14 09:19:27.085344,0.987199411477883,lstm
SVC-000024,EVT-0004446,2026-06-14 09:19:49.115189,0.5188870600859512,lstm
SVC-000039,EVT-0004447,2026-06-14 09:20:32.066161,0.9682483133710891,lstm
SVC-000024,EVT-0004448,2026-06-14 09:21:02.056924,0.5265238435148374,lstm
SVC-000042,EVT-0004449,2026-06-14 09:22:37.516015,0.33591542254824963,lstm
USR-000138,EVT-0004450,2026-06-14 09:23:46.026182,0.3456339287825308,baseline_fallback
SVC-000030,EVT-0004451,2026-06-14 09:24:35.760957,0.4573942190842116,lstm
USR-000058,EVT-0004452,2026-06-14 09:25:38.118435,0.7663567199661961,lstm
SVC-000053,EVT-0004453,2026-06-14 09:27:29.054504,0.8516466748113903,lstm
SVC-000039,EVT-0004454,2026-06-14 09:28:32.734915,0.39221813390969884,lstm
USR-000022,EVT-0004455,2026-06-14 09:28:47.258496,0.3845079892424359,baseline_fallback
USR-000133,EVT-0004456,2026-06-14 09:29:03.311536,0.9839240683508685,lstm
USR-000093,EVT-0004457,2026-06-14 09:29:24.644452,0.3581760927499411,baseline_fallback
USR-000162,EVT-0004458,2026-06-14 09:29:33.736329,0.6369709474319802,lstm
DEV-000023,EVT-0004459,2026-06-14 09:30:00.352652,0.24987063522631195,lstm
USR-000031,EVT-0004460,2026-06-14 09:30:30.293167,0.2789209275443522,lstm
DEV-000002,EVT-0004461,2026-06-14 09:32:30.435940,0.27438277202948175,lstm
SVC-000053,EVT-0004462,2026-06-14 09:32:56.221326,0.7445838291401483,lstm
USR-000038,EVT-0004463,2026-06-14 09:33:00.410776,1.0,lstm
USR-000036,EVT-0004464,2026-06-14 09:34:32.398467,0.7599300252232322,lstm
USR-000121,EVT-0004465,2026-06-14 09:34:47.490873,0.37817475624644603,baseline_fallback
USR-000203,EVT-0004466,2026-06-14 09:37:06.431130,0.49109793972557236,baseline_fallback
SVC-000039,EVT-0004467,2026-06-14 09:37:15.158977,0.362466490129595,lstm
SVC-000024,EVT-0004468,2026-06-14 09:37:21.925696,0.3807809522037891,lstm
USR-000087,EVT-0004469,2026-06-14 09:37:45.297022,0.43655904327814443,baseline_fallback
USR-000065,EVT-0004470,2026-06-14 09:37:58.947791,0.736587589369556,baseline_fallback
SVC-000013,EVT-0004471,2026-06-14 09:42:26.754482,0.46913082006690454,lstm
SVC-000008,EVT-0004472,2026-06-14 09:43:12.193435,0.9999999974687321,lstm
USR-000076,EVT-0004473,2026-06-14 09:43:52.715392,0.4332158769494902,lstm
SVC-000021,EVT-0004474,2026-06-14 09:44:20.996068,0.9965195798995446,lstm
DEV-000015,EVT-0004475,2026-06-14 09:44:41.660321,0.3621543557792648,baseline_fallback
SVC-000024,EVT-0004476,2026-06-14 09:44:43.922805,0.2639429695843476,lstm
DEV-000013,EVT-0004477,2026-06-14 09:45:25.077539,0.3590480616476916,lstm
USR-000060,EVT-0004478,2026-06-14 09:46:33.541328,0.3485140780290509,baseline_fallback
SVC-000042,EVT-0004479,2026-06-14 09:46:47.145990,0.290532048073556,lstm
SVC-000053,EVT-0004480,2026-06-14 09:46:52.090816,0.6103418940623933,lstm
SVC-000039,EVT-0004481,2026-06-14 09:47:04.360890,0.31437513499860165,lstm
SVC-000013,EVT-0004482,2026-06-14 09:47:07.845317,0.4555393451038497,lstm
USR-000111,EVT-0004483,2026-06-14 09:47:09.040491,0.4162126417742714,lstm
USR-000044,EVT-0004484,2026-06-14 09:47:17.894583,0.999999999999831,lstm
SVC-000039,EVT-0004485,2026-06-14 09:47:24.701631,0.6612498333769397,lstm
SVC-000024,EVT-0004486,2026-06-14 09:48:19.498586,0.2987228369691796,lstm
SVC-000024,EVT-0004487,2026-06-14 09:48:27.777162,0.6737159090452403,lstm
USR-000046,EVT-0004488,2026-06-14 09:48:32.490930,0.7175037136822097,baseline_fallback
USR-000087,EVT-0004489,2026-06-14 09:48:55.573996,0.456879829330092,baseline_fallback
USR-000007,EVT-0004490,2026-06-14 09:49:49.879032,0.762998075322878,baseline_fallback
DEV-000012,EVT-0004491,2026-06-14 09:50:01.884431,0.4366840837454209,lstm
USR-000108,EVT-0004492,2026-06-14 09:50:07.818635,0.4412540518435886,baseline_fallback
DEV-000007,EVT-0004493,2026-06-14 09:52:39.169601,0.4510714276827462,lstm
DEV-000021,EVT-0004494,2026-06-14 09:53:37.850498,0.4355848977214562,lstm
SVC-000013,EVT-0004495,2026-06-14 09:54:36.362050,0.5864056108633348,lstm
SVC-000051,EVT-0004496,2026-06-14 09:54:51.116916,0.987640600085506,lstm
SVC-000030,EVT-0004497,2026-06-14 09:55:13.553352,0.382728070684752,lstm
USR-000135,EVT-0004498,2026-06-14 09:57:48.582382,0.37869782423131787,baseline_fallback
USR-000118,EVT-0004499,2026-06-14 09:58:33.689277,0.4483271574818748,baseline_fallback
USR-000151,EVT-0004500,2026-06-14 09:59:09.471346,0.3896493035472541,baseline_fallback
USR-000129,EVT-0004501,2026-06-14 09:59:12.098902,0.800089486927356,lstm
DEV-000011,EVT-0004502,2026-06-14 09:59:25.505593,0.4359964739624955,lstm
USR-000194,EVT-0004503,2026-06-14 10:00:01.956611,0.6521854021159404,baseline_fallback
USR-000194,EVT-0004504,2026-06-14 10:00:17.566677,0.917453937279757,baseline_fallback
USR-000042,EVT-0004505,2026-06-14 10:01:02.895606,0.31505807058693197,lstm
USR-000166,EVT-0004506,2026-06-14 10:02:56.812842,0.7540228873796969,baseline_fallback
SVC-000030,EVT-0004507,2026-06-14 10:03:12.356541,0.6827297726255065,lstm
SVC-000016,EVT-0004508,2026-06-14 10:03:14.908684,0.5104706159808003,lstm
USR-000049,EVT-0004509,2026-06-14 10:03:17.856772,0.9853852317920198,baseline_fallback
SVC-000042,EVT-0004510,2026-06-14 10:03:23.672484,0.23675372752331938,lstm
SVC-000013,EVT-0004511,2026-06-14 10:03:56.119509,0.6885491384172923,lstm
SVC-000013,EVT-0004512,2026-06-14 10:03:59.099613,0.736469881724081,lstm
SVC-000053,EVT-0004513,2026-06-14 10:04:15.461003,0.3874158243280807,lstm
SVC-000013,EVT-0004514,2026-06-14 10:06:19.310867,0.5808099182297651,lstm
USR-000182,EVT-0004515,2026-06-14 10:06:19.713169,0.5556689736880531,lstm
SVC-000042,EVT-0004516,2026-06-14 10:06:27.762503,0.26103392627354755,lstm
USR-000134,EVT-0004517,2026-06-14 10:06:44.773925,0.3178837156679393,baseline_fallback
USR-000058,EVT-0004518,2026-06-14 10:07:01.143044,0.7068244596027334,lstm
USR-000211,EVT-0004519,2026-06-14 10:07:21.130937,0.7436074898695694,baseline_fallback
SVC-000016,EVT-0004520,2026-06-14 10:07:39.123158,0.5361285107682694,lstm
SVC-000042,EVT-0004521,2026-06-14 10:08:10.683816,0.2939530390741506,lstm
SVC-000013,EVT-0004522,2026-06-14 10:09:24.847236,0.5268820071502319,lstm
USR-000111,EVT-0004523,2026-06-14 10:10:11.701621,0.28839126760299266,lstm
USR-000069,EVT-0004524,2026-06-14 10:10:44.898442,0.709955597902499,baseline_fallback
SVC-000016,EVT-0004525,2026-06-14 10:10:53.517295,0.45144975409306404,lstm
SVC-000013,EVT-0004526,2026-06-14 10:11:36.020502,0.40809120268016463,lstm
USR-000031,EVT-0004527,2026-06-14 10:11:50.636598,0.3041480533098809,lstm
SVC-000053,EVT-0004528,2026-06-14 10:12:19.028092,0.306506152585629,lstm
DEV-000021,EVT-0004529,2026-06-14 10:12:35.527477,0.6127786971953019,lstm
USR-000162,EVT-0004530,2026-06-14 10:13:55.359257,0.5881361061712164,lstm
USR-000159,EVT-0004531,2026-06-14 10:14:07.777026,0.4388082255836208,baseline_fallback
USR-000189,EVT-0004532,2026-06-14 10:15:30.430780,0.6306729711449551,baseline_fallback
USR-000132,EVT-0004533,2026-06-14 10:15:40.075632,0.3675906911561774,baseline_fallback
USR-000189,EVT-0004534,2026-06-14 10:17:01.563197,0.6311699344351414,baseline_fallback
USR-000031,EVT-0004535,2026-06-14 10:17:15.716712,0.2787134162848951,lstm
USR-000054,EVT-0004536,2026-06-14 10:17:41.040021,0.4009818976806243,baseline_fallback
SVC-000013,EVT-0004537,2026-06-14 10:19:23.714791,0.6054039933458327,lstm
USR-000087,EVT-0004538,2026-06-14 10:20:54.373159,0.3903922890217795,baseline_fallback
SVC-000042,EVT-0004539,2026-06-14 10:21:45.293783,0.2302559612677316,lstm
USR-000118,EVT-0004540,2026-06-14 10:22:12.499621,0.7614455840046994,baseline_fallback
USR-000096,EVT-0004541,2026-06-14 10:22:17.724883,0.6719080607124157,baseline_fallback
USR-000031,EVT-0004542,2026-06-14 10:22:48.218181,0.3171743356953414,lstm
SVC-000024,EVT-0004543,2026-06-14 10:23:40.932811,0.4450660826945111,lstm
SVC-000013,EVT-0004544,2026-06-14 10:23:53.863081,0.41324898929553594,lstm
DEV-000004,EVT-0004545,2026-06-14 10:24:51.657648,0.8235575861022671,lstm
SVC-000053,EVT-0004546,2026-06-14 10:25:55.661728,0.37503451217995204,lstm
USR-000076,EVT-0004547,2026-06-14 10:28:13.414301,0.5395928733555149,lstm
USR-000087,EVT-0004548,2026-06-14 10:28:26.701389,0.4359310023382507,baseline_fallback
USR-000132,EVT-0004549,2026-06-14 10:28:37.236171,0.7514285777052518,baseline_fallback
USR-000016,EVT-0004550,2026-06-14 10:30:13.611820,0.7341606863783094,baseline_fallback
SVC-000013,EVT-0004551,2026-06-14 10:30:49.111082,0.5011119559463266,lstm
USR-000098,EVT-0004552,2026-06-14 10:31:17.532033,0.6926253136480881,baseline_fallback
USR-000058,EVT-0004553,2026-06-14 10:31:27.658873,0.7354719333822163,lstm
USR-000028,EVT-0004554,2026-06-14 10:34:44.188933,0.7058878759525025,baseline_fallback
SVC-000013,EVT-0004555,2026-06-14 10:34:44.888412,0.42951191507583525,lstm
USR-000062,EVT-0004556,2026-06-14 10:34:50.292243,0.659667145850636,baseline_fallback
SVC-000053,EVT-0004557,2026-06-14 10:34:57.088525,0.6382180368909776,lstm
USR-000029,EVT-0004558,2026-06-14 10:35:15.646128,0.400413542640327,baseline_fallback
USR-000080,EVT-0004559,2026-06-14 10:35:23.507528,0.35702373832582046,baseline_fallback
USR-000051,EVT-0004560,2026-06-14 10:38:11.727657,0.7262616976953108,baseline_fallback
SVC-000013,EVT-0004561,2026-06-14 10:39:00.821345,0.8163358091250963,lstm
USR-000194,EVT-0004562,2026-06-14 10:40:07.490711,0.6997293020434012,baseline_fallback
DEV-000020,EVT-0004563,2026-06-14 10:40:09.103698,0.5138563614094371,lstm
SVC-000042,EVT-0004564,2026-06-14 10:41:35.638128,0.25374925475780946,lstm
SVC-000016,EVT-0004565,2026-06-14 10:42:09.822606,0.27318678887102343,lstm
USR-000176,EVT-0004566,2026-06-14 10:43:14.812707,0.6572123794079082,baseline_fallback
SVC-000013,EVT-0004567,2026-06-14 10:43:32.916105,0.4551250999730182,lstm
SVC-000053,EVT-0004568,2026-06-14 10:44:18.927482,0.6356210844750861,lstm
SVC-000050,EVT-0004569,2026-06-14 10:44:55.290697,0.9984196611878986,lstm
DEV-000017,EVT-0004570,2026-06-14 10:47:03.129953,0.8484319526466871,lstm
USR-000042,EVT-0004571,2026-06-14 10:48:01.889229,0.31038772108886115,lstm
USR-000031,EVT-0004572,2026-06-14 10:49:04.066840,0.24510912297274398,lstm
SVC-000053,EVT-0004573,2026-06-14 10:49:29.265837,0.7324938029440091,lstm
SVC-000042,EVT-0004574,2026-06-14 10:50:58.689392,0.29682283579552354,lstm
SVC-000050,EVT-0004575,2026-06-14 10:52:59.946834,0.8777221034816233,lstm
SVC-000013,EVT-0004576,2026-06-14 10:53:16.035714,0.6172165972152829,lstm
USR-000178,EVT-0004577,2026-06-14 10:55:47.499819,0.6656773199660422,baseline_fallback
USR-000200,EVT-0004578,2026-06-14 10:56:11.997955,0.6885303990661386,baseline_fallback
USR-000023,EVT-0004579,2026-06-14 10:56:39.656423,0.395740328360011,lstm
DEV-000001,EVT-0004580,2026-06-14 10:56:45.489130,0.313287083304185,lstm
USR-000205,EVT-0004581,2026-06-14 10:57:00.730402,0.7495611179270546,baseline_fallback
SVC-000013,EVT-0004582,2026-06-14 10:57:08.121214,0.5709998634257846,lstm
USR-000210,EVT-0004583,2026-06-14 10:57:17.334922,0.7249897893719377,baseline_fallback
SVC-000016,EVT-0004584,2026-06-14 10:58:59.780282,0.32580298309823624,lstm
USR-000044,EVT-0004585,2026-06-14 10:59:25.725955,0.7514135214066133,lstm
USR-000189,EVT-0004586,2026-06-14 11:00:10.695516,0.9150424458983667,baseline_fallback
USR-000069,EVT-0004587,2026-06-14 11:00:53.747987,0.6103301699705224,baseline_fallback
USR-000079,EVT-0004588,2026-06-14 11:00:54.510955,0.3700346384773165,baseline_fallback
SVC-000024,EVT-0004589,2026-06-14 11:01:11.990420,0.5484654280305551,lstm
SVC-000024,EVT-0004590,2026-06-14 11:02:18.440259,0.5233960389741849,lstm
SVC-000053,EVT-0004591,2026-06-14 11:02:35.012460,0.3401998289903418,lstm
USR-000183,EVT-0004592,2026-06-14 11:03:04.022930,0.2882037539969054,baseline_fallback
SVC-000039,EVT-0004593,2026-06-14 11:03:26.530836,0.45111802929333233,lstm
USR-000127,EVT-0004594,2026-06-14 11:04:17.879573,0.35220640551759785,baseline_fallback
USR-000121,EVT-0004595,2026-06-14 11:04:33.831807,0.3070922351646795,baseline_fallback
USR-000138,EVT-0004596,2026-06-14 11:05:54.124551,0.3612387219379633,baseline_fallback
DEV-000022,EVT-0004597,2026-06-14 11:07:13.784312,0.5703077725289475,lstm
SVC-000053,EVT-0004598,2026-06-14 11:08:14.173160,0.7279840080470742,lstm
DEV-000012,EVT-0004599,2026-06-14 11:10:03.522796,0.4424403204496217,lstm
USR-000182,EVT-0004600,2026-06-14 11:10:27.827705,0.6922926550641502,lstm
DEV-000008,EVT-0004601,2026-06-14 11:10:31.549635,0.32018225273514905,lstm
USR-000151,EVT-0004602,2026-06-14 11:11:38.828508,0.6830086021971572,baseline_fallback
SVC-000050,EVT-0004603,2026-06-14 11:11:53.098455,0.8696109289274396,lstm
USR-000195,EVT-0004604,2026-06-14 11:12:17.677998,0.6472467831079555,baseline_fallback
SVC-000021,EVT-0004605,2026-06-14 11:13:02.904834,0.9199143752080494,lstm
SVC-000021,EVT-0004606,2026-06-14 11:13:38.071758,0.6808360975543898,lstm
USR-000049,EVT-0004607,2026-06-14 11:13:42.908936,0.6978466658418857,baseline_fallback
USR-000019,EVT-0004608,2026-06-14 11:13:46.335120,0.6460643228562858,baseline_fallback
SVC-000024,EVT-0004609,2026-06-14 11:15:26.672465,0.3876717588860704,lstm
SVC-000013,EVT-0004610,2026-06-14 11:15:55.891606,0.7411251393767246,lstm
SVC-000021,EVT-0004611,2026-06-14 11:16:31.591056,0.7298272838267436,lstm
DEV-000019,EVT-0004612,2026-06-14 11:18:15.066053,0.5730181763049962,baseline_fallback
USR-000194,EVT-0004613,2026-06-14 11:18:56.845858,0.46954377868020103,lstm
USR-000206,EVT-0004614,2026-06-14 11:19:44.402342,0.6255952879426969,baseline_fallback
SVC-000039,EVT-0004615,2026-06-14 11:20:43.720458,0.3303589336123995,lstm
SVC-000021,EVT-0004616,2026-06-14 11:20:50.709689,0.3289052219513926,lstm
USR-000115,EVT-0004617,2026-06-14 11:20:56.290573,0.4962742348741036,lstm
SVC-000016,EVT-0004618,2026-06-14 11:20:57.274873,0.28312271544033246,lstm
DEV-000009,EVT-0004619,2026-06-14 11:21:05.741800,0.46461532398752764,lstm
SVC-000021,EVT-0004620,2026-06-14 11:21:08.473726,0.7777717849039185,lstm
USR-000008,EVT-0004621,2026-06-14 11:24:18.551611,0.7333311862180594,baseline_fallback
USR-000031,EVT-0004622,2026-06-14 11:24:47.696509,0.27931072049595124,lstm
SVC-000039,EVT-0004623,2026-06-14 11:25:21.816360,0.44450483653155476,lstm
USR-000097,EVT-0004624,2026-06-14 11:25:47.065189,0.37461716837250053,baseline_fallback
USR-000206,EVT-0004625,2026-06-14 11:26:38.007221,0.675488610121699,baseline_fallback
USR-000121,EVT-0004626,2026-06-14 11:29:02.653656,0.36138099851623623,baseline_fallback
SVC-000042,EVT-0004627,2026-06-14 11:29:18.104554,0.4188297556095593,lstm
DEV-000015,EVT-0004628,2026-06-14 11:29:35.453014,0.9417794489852819,lstm
SVC-000021,EVT-0004629,2026-06-14 11:30:04.278470,0.42610791222570354,lstm
USR-000076,EVT-0004630,2026-06-14 11:30:38.761164,0.44122142325772223,lstm
SVC-000021,EVT-0004631,2026-06-14 11:31:39.952568,0.6402661905019391,lstm
USR-000008,EVT-0004632,2026-06-14 11:31:41.601855,0.8132755301885153,baseline_fallback
SVC-000053,EVT-0004633,2026-06-14 11:32:30.468562,0.5441228462645733,lstm
SVC-000053,EVT-0004634,2026-06-14 11:33:55.633797,0.6391708789629374,lstm
USR-000132,EVT-0004635,2026-06-14 11:35:07.053461,0.3009790158805479,baseline_fallback
SVC-000001,EVT-0004636,2026-06-14 11:35:24.423279,0.9763644310283391,lstm
USR-000172,EVT-0004637,2026-06-14 11:35:52.397586,0.32260382317345715,baseline_fallback
SVC-000008,EVT-0004638,2026-06-14 11:36:04.625831,0.9999917912804595,lstm
SVC-000050,EVT-0004639,2026-06-14 11:38:18.569218,0.36804808564465064,lstm
USR-000033,EVT-0004640,2026-06-14 11:38:25.025518,0.6810612673234898,baseline_fallback
SVC-000001,EVT-0004641,2026-06-14 11:39:17.155686,0.5719236480583532,lstm
USR-000167,EVT-0004642,2026-06-14 11:39:56.054151,0.4551620088340587,lstm
USR-000179,EVT-0004643,2026-06-14 11:41:02.521262,0.9150424458983667,baseline_fallback
USR-000035,EVT-0004644,2026-06-14 11:41:23.127680,0.8872004183028319,baseline_fallback
USR-000189,EVT-0004645,2026-06-14 11:42:30.543310,0.891954570364227,baseline_fallback
USR-000204,EVT-0004646,2026-06-14 11:44:36.585872,0.3816726974519338,baseline_fallback
SVC-000039,EVT-0004647,2026-06-14 11:46:04.988251,0.7267174302064866,lstm
USR-000031,EVT-0004648,2026-06-14 11:48:03.640489,0.26863107607865483,lstm
USR-000096,EVT-0004649,2026-06-14 11:48:11.587224,0.656153682556604,baseline_fallback
USR-000197,EVT-0004650,2026-06-14 11:49:15.262289,0.6949882555774607,baseline_fallback
USR-000008,EVT-0004651,2026-06-14 11:49:25.195405,0.9270521976393519,baseline_fallback
USR-000167,EVT-0004652,2026-06-14 11:49:33.915253,0.6007976525011803,lstm
USR-000063,EVT-0004653,2026-06-14 11:49:57.064107,0.6315947832028669,baseline_fallback
USR-000151,EVT-0004654,2026-06-14 11:51:35.729361,0.9399394991801439,baseline_fallback
USR-000006,EVT-0004655,2026-06-14 11:53:55.265385,0.3401834810807692,baseline_fallback
USR-000108,EVT-0004656,2026-06-14 11:54:32.969493,0.2897833337990972,baseline_fallback
USR-000049,EVT-0004657,2026-06-14 11:56:35.928448,0.7135214768002779,baseline_fallback
USR-000127,EVT-0004658,2026-06-14 11:56:50.966942,0.3209431286249083,baseline_fallback
SVC-000053,EVT-0004659,2026-06-14 11:57:21.887732,0.5435754631229568,lstm
USR-000064,EVT-0004660,2026-06-14 11:58:44.622808,0.7013495930164853,lstm
USR-000179,EVT-0004661,2026-06-14 11:59:37.305156,0.6586579680748745,baseline_fallback
USR-000054,EVT-0004662,2026-06-14 12:00:25.408984,0.3634993140216022,baseline_fallback
USR-000212,EVT-0004663,2026-06-14 12:00:27.562732,0.3569387861471971,baseline_fallback
USR-000119,EVT-0004664,2026-06-14 12:02:15.743777,0.32563097094685406,baseline_fallback
USR-000203,EVT-0004665,2026-06-14 12:04:16.783698,0.37467980107949295,baseline_fallback
USR-000053,EVT-0004666,2026-06-14 12:04:41.577179,0.6299025049396026,baseline_fallback
USR-000132,EVT-0004667,2026-06-14 12:04:41.940042,0.5906136508005968,baseline_fallback
SVC-000053,EVT-0004668,2026-06-14 12:05:08.547264,0.6969107145986972,lstm
USR-000196,EVT-0004669,2026-06-14 12:05:32.878516,0.33408856141190213,baseline_fallback
USR-000126,EVT-0004670,2026-06-14 12:06:23.953232,0.635433128951868,baseline_fallback
SVC-000050,EVT-0004671,2026-06-14 12:08:30.139189,0.34390461548242846,lstm
USR-000136,EVT-0004672,2026-06-14 12:10:27.011541,0.872266812753959,baseline_fallback
SVC-000001,EVT-0004673,2026-06-14 12:10:57.578755,0.3593425918807214,lstm
DEV-000009,EVT-0004674,2026-06-14 12:11:19.919532,0.3954863671005899,lstm
USR-000127,EVT-0004675,2026-06-14 12:12:36.679456,0.3029334669091718,baseline_fallback
SVC-000039,EVT-0004676,2026-06-14 12:14:08.429187,0.5013120913383555,lstm
SVC-000050,EVT-0004677,2026-06-14 12:16:43.044230,0.4133693940849949,lstm
USR-000022,EVT-0004678,2026-06-14 12:19:28.255176,0.3803718424361876,baseline_fallback
SVC-000050,EVT-0004679,2026-06-14 12:20:07.093802,0.5315642934398453,lstm
USR-000060,EVT-0004680,2026-06-14 12:20:40.090291,0.3202199544754504,baseline_fallback
SVC-000039,EVT-0004681,2026-06-14 12:20:56.721566,0.4750837036067937,lstm
USR-000013,EVT-0004682,2026-06-14 12:22:20.725255,0.3606906000329683,baseline_fallback
USR-000053,EVT-0004683,2026-06-14 12:22:24.340992,0.6185765881954859,baseline_fallback
SVC-000053,EVT-0004684,2026-06-14 12:22:47.799863,0.8328155738326027,lstm
USR-000151,EVT-0004685,2026-06-14 12:23:04.674314,0.34233370938274604,baseline_fallback
USR-000213,EVT-0004686,2026-06-14 12:23:24.011447,0.7169617211826297,baseline_fallback
USR-000157,EVT-0004687,2026-06-14 12:24:08.031539,0.7448781206232391,baseline_fallback
SVC-000008,EVT-0004688,2026-06-14 12:25:11.286405,0.999944601890945,lstm
DEV-000018,EVT-0004689,2026-06-14 12:26:42.331535,0.45342347733017724,lstm
SVC-000053,EVT-0004690,2026-06-14 12:27:43.141344,0.7227209727308563,lstm
USR-000133,EVT-0004691,2026-06-14 12:28:56.580307,0.9564356856134861,lstm
SVC-000021,EVT-0004692,2026-06-14 12:29:03.644170,0.4303824885219037,lstm
SVC-000039,EVT-0004693,2026-06-14 12:30:40.251641,0.8272845129019355,lstm
USR-000111,EVT-0004694,2026-06-14 12:33:55.262865,0.28105810813546905,lstm
USR-000050,EVT-0004695,2026-06-14 12:34:00.698367,0.6681687394397565,baseline_fallback
SVC-000021,EVT-0004696,2026-06-14 12:34:02.853513,0.6025360973301292,lstm
SVC-000034,EVT-0004697,2026-06-14 12:34:12.349786,0.864600883505065,lstm
USR-000079,EVT-0004698,2026-06-14 12:34:12.921251,0.38621301725424934,baseline_fallback
USR-000025,EVT-0004699,2026-06-14 12:34:57.759179,0.8879300738007057,baseline_fallback
DEV-000026,EVT-0004700,2026-06-14 12:35:04.799869,0.41615697500069543,lstm
USR-000035,EVT-0004701,2026-06-14 12:37:11.518282,0.9094933922085112,baseline_fallback
USR-000019,EVT-0004702,2026-06-14 12:38:15.570259,0.4131219896862442,baseline_fallback
USR-000195,EVT-0004703,2026-06-14 12:39:00.633764,0.6732000333711756,baseline_fallback
SVC-000008,EVT-0004704,2026-06-14 12:39:28.949576,0.9993210205992364,lstm
USR-000028,EVT-0004705,2026-06-14 12:39:41.542050,0.6695110153330269,baseline_fallback
USR-000048,EVT-0004706,2026-06-14 12:40:44.191402,0.37524595161386975,baseline_fallback
SVC-000021,EVT-0004707,2026-06-14 12:40:44.724452,0.6823598716554125,lstm
SVC-000050,EVT-0004708,2026-06-14 12:40:57.036116,0.43752511524703125,lstm
SVC-000008,EVT-0004709,2026-06-14 12:41:47.696254,0.9975257875733625,lstm
USR-000120,EVT-0004710,2026-06-14 12:41:48.704358,0.29073656864610925,baseline_fallback
DEV-000009,EVT-0004711,2026-06-14 12:41:58.246505,0.5318683346127347,lstm
SVC-000053,EVT-0004712,2026-06-14 12:43:46.397356,0.7554234514037055,lstm
USR-000022,EVT-0004713,2026-06-14 12:44:49.006064,0.37430244281783576,baseline_fallback
SVC-000050,EVT-0004714,2026-06-14 12:44:59.746025,0.43804790532593285,lstm
USR-000031,EVT-0004715,2026-06-14 12:45:46.602579,0.30674388205798914,lstm
USR-000200,EVT-0004716,2026-06-14 12:46:43.226849,0.7046928760472619,baseline_fallback
USR-000083,EVT-0004717,2026-06-14 12:48:36.349171,0.6744021381375738,baseline_fallback
SVC-000021,EVT-0004718,2026-06-14 12:48:36.935525,0.32755842049784617,lstm
USR-000120,EVT-0004719,2026-06-14 12:48:42.432986,0.29726055157368947,baseline_fallback
DEV-000006,EVT-0004720,2026-06-14 12:48:55.162105,0.6118722019855511,lstm
USR-000178,EVT-0004721,2026-06-14 12:49:51.585269,0.6254333301504528,baseline_fallback
SVC-000001,EVT-0004722,2026-06-14 12:52:19.779897,0.6133516743033901,lstm
USR-000053,EVT-0004723,2026-06-14 12:53:45.819896,0.6371130873090992,baseline_fallback
USR-000192,EVT-0004724,2026-06-14 12:53:55.862096,0.37714959038062656,baseline_fallback
SVC-000008,EVT-0004725,2026-06-14 12:57:03.830562,0.9933716833489551,lstm
SVC-000021,EVT-0004726,2026-06-14 12:58:51.339041,0.5918616608678055,lstm
DEV-000004,EVT-0004727,2026-06-14 13:00:18.219157,0.5206312264474409,lstm
USR-000048,EVT-0004728,2026-06-14 13:01:32.541609,0.4919394526504077,lstm
USR-000028,EVT-0004729,2026-06-14 13:02:27.995802,0.752966245370256,baseline_fallback
SVC-000021,EVT-0004730,2026-06-14 13:03:33.797172,0.3079457398945506,lstm
USR-000115,EVT-0004731,2026-06-14 13:03:51.461956,0.2580331209517935,lstm
USR-000091,EVT-0004732,2026-06-14 13:04:36.701371,0.3323353743313022,baseline_fallback
USR-000008,EVT-0004733,2026-06-14 13:05:15.225755,0.6486814093950924,baseline_fallback
SVC-000001,EVT-0004734,2026-06-14 13:05:21.830275,0.30435423690867935,lstm
SVC-000050,EVT-0004735,2026-06-14 13:05:28.445816,0.40153465701057744,lstm
USR-000135,EVT-0004736,2026-06-14 13:05:45.191583,0.36279215484249194,baseline_fallback
USR-000211,EVT-0004737,2026-06-14 13:05:51.061587,0.3577636227294513,baseline_fallback
USR-000133,EVT-0004738,2026-06-14 13:08:22.679137,0.8945475719986407,lstm
USR-000069,EVT-0004739,2026-06-14 13:09:13.685660,0.7334229813743437,baseline_fallback
SVC-000022,EVT-0004740,2026-06-14 13:09:15.413618,0.9532697354170482,lstm
DEV-000002,EVT-0004741,2026-06-14 13:09:30.744894,0.3076445268066589,lstm
USR-000052,EVT-0004742,2026-06-14 13:09:46.894663,0.6532917528598318,lstm
SVC-000043,EVT-0004743,2026-06-14 13:11:31.443122,0.8954145972693033,lstm
USR-000052,EVT-0004744,2026-06-14 13:13:58.953927,0.6533169709232598,lstm
SVC-000021,EVT-0004745,2026-06-14 13:15:04.620209,0.6296634795314708,lstm
USR-000075,EVT-0004746,2026-06-14 13:16:37.898115,0.3628820870564839,baseline_fallback
SVC-000001,EVT-0004747,2026-06-14 13:17:23.273119,0.266569502145417,lstm
USR-000062,EVT-0004748,2026-06-14 13:19:54.787640,0.6675361907247838,baseline_fallback
USR-000020,EVT-0004749,2026-06-14 13:20:26.610122,0.6701403722777574,baseline_fallback
USR-000131,EVT-0004750,2026-06-14 13:20:28.565274,0.6894195679439581,baseline_fallback
SVC-000043,EVT-0004751,2026-06-14 13:21:49.958759,0.34845478461550417,lstm
USR-000111,EVT-0004752,2026-06-14 13:23:46.208136,0.2850535946923017,lstm
DEV-000011,EVT-0004753,2026-06-14 13:24:12.155286,0.4304498419371485,lstm
USR-000170,EVT-0004754,2026-06-14 13:29:00.693283,0.315422044101661,baseline_fallback
USR-000057,EVT-0004755,2026-06-14 13:30:01.946823,0.43922602691215795,baseline_fallback
SVC-000017,EVT-0004756,2026-06-14 13:30:50.452872,0.977289518017827,lstm
USR-000196,EVT-0004757,2026-06-14 13:30:53.143462,0.3425788812740454,baseline_fallback
USR-000147,EVT-0004758,2026-06-14 13:31:29.070118,0.37869037696060415,baseline_fallback
USR-000212,EVT-0004759,2026-06-14 13:31:42.297486,0.9435097220413395,baseline_fallback
USR-000051,EVT-0004760,2026-06-14 13:31:55.611940,0.5971581820724248,lstm
USR-000194,EVT-0004761,2026-06-14 13:32:18.703698,0.4563431180337971,lstm
USR-000138,EVT-0004762,2026-06-14 13:33:22.984343,0.3555004058581766,baseline_fallback
USR-000162,EVT-0004763,2026-06-14 13:34:48.045195,1.0,lstm
DEV-000014,EVT-0004764,2026-06-14 13:35:22.077784,0.3578040295594856,baseline_fallback
SVC-000021,EVT-0004765,2026-06-14 13:35:33.920162,0.3684575618903314,lstm
USR-000115,EVT-0004766,2026-06-14 13:35:39.257653,0.6438123410993631,lstm
USR-000198,EVT-0004767,2026-06-14 13:37:22.945636,0.6260914817417109,baseline_fallback
USR-000127,EVT-0004768,2026-06-14 13:38:02.866528,0.34698326119924294,baseline_fallback
SVC-000027,EVT-0004769,2026-06-14 13:38:11.526454,0.9953204690764272,lstm
SVC-000049,EVT-0004770,2026-06-14 13:39:59.171628,0.9929503369096152,lstm
USR-000139,EVT-0004771,2026-06-14 13:40:35.247201,0.7107344422574979,baseline_fallback
USR-000126,EVT-0004772,2026-06-14 13:41:36.006420,0.8771532800111982,baseline_fallback
USR-000023,EVT-0004773,2026-06-14 13:42:40.625492,0.2962729936966706,lstm
USR-000131,EVT-0004774,2026-06-14 13:42:40.690016,0.3603474699462645,baseline_fallback
DEV-000024,EVT-0004775,2026-06-14 13:44:22.455317,0.9705484173520476,baseline_fallback
USR-000138,EVT-0004776,2026-06-14 13:44:37.550061,0.7930673460753046,lstm
USR-000111,EVT-0004777,2026-06-14 13:46:27.005975,0.43986302508180264,lstm
USR-000136,EVT-0004778,2026-06-14 13:46:57.724084,0.9126003655312946,baseline_fallback
USR-000140,EVT-0004779,2026-06-14 13:47:52.070561,0.31850991054319955,baseline_fallback
SVC-000027,EVT-0004780,2026-06-14 13:48:17.197505,0.4485930716764409,lstm
SVC-000050,EVT-0004781,2026-06-14 13:48:18.767461,0.42945750763397433,lstm
USR-000210,EVT-0004782,2026-06-14 13:48:23.827404,0.780021374248861,baseline_fallback
USR-000002,EVT-0004783,2026-06-14 13:48:40.077909,0.9999198765069988,lstm
USR-000064,EVT-0004784,2026-06-14 13:49:40.351532,0.5466230238249364,lstm
DEV-000002,EVT-0004785,2026-06-14 13:50:17.611724,0.41921683877603205,lstm
USR-000054,EVT-0004786,2026-06-14 13:50:17.832868,0.33315412287643764,baseline_fallback
SVC-000027,EVT-0004787,2026-06-14 13:51:18.685339,0.48999411173570945,lstm
SVC-000027,EVT-0004788,2026-06-14 13:52:59.869966,0.4895207894394981,lstm
USR-000129,EVT-0004789,2026-06-14 13:53:07.831503,0.42973479089821504,lstm
USR-000062,EVT-0004790,2026-06-14 13:54:32.840855,0.6578975737286867,baseline_fallback
USR-000050,EVT-0004791,2026-06-14 13:55:12.366016,0.6971624105203871,baseline_fallback
USR-000023,EVT-0004792,2026-06-14 13:55:26.608923,0.4071952860599201,lstm
USR-000057,EVT-0004793,2026-06-14 13:56:00.489555,0.3963009511498635,baseline_fallback
USR-000040,EVT-0004794,2026-06-14 13:56:58.299717,0.4053482776182828,baseline_fallback
USR-000108,EVT-0004795,2026-06-14 13:58:16.379010,0.3155047341675083,baseline_fallback
USR-000048,EVT-0004796,2026-06-14 14:00:55.265252,0.6478496161095617,lstm
USR-000212,EVT-0004797,2026-06-14 14:01:24.433998,0.4484597602950931,lstm
USR-000052,EVT-0004798,2026-06-14 14:04:46.883526,0.4005707367091211,lstm
USR-000052,EVT-0004799,2026-06-14 14:06:25.793897,0.4182216333911679,lstm
DEV-000005,EVT-0004800,2026-06-14 14:06:28.688347,0.6529572578197721,lstm
SVC-000012,EVT-0004801,2026-06-14 14:08:02.304943,0.9476640876786252,lstm
SVC-000027,EVT-0004802,2026-06-14 14:09:47.440491,0.6389478179663343,lstm
SVC-000017,EVT-0004803,2026-06-14 14:10:07.655904,0.5452425186884404,lstm
USR-000064,EVT-0004804,2026-06-14 14:12:23.721165,1.0,lstm
USR-000020,EVT-0004805,2026-06-14 14:14:07.227479,0.6726470404979434,baseline_fallback
SVC-000027,EVT-0004806,2026-06-14 14:14:28.916509,0.5326939084041992,lstm
USR-000019,EVT-0004807,2026-06-14 14:16:23.219519,0.8655615641558955,lstm
SVC-000043,EVT-0004808,2026-06-14 14:16:35.697011,0.25511624697519586,lstm
USR-000170,EVT-0004809,2026-06-14 14:17:13.807540,0.3165265547048169,baseline_fallback
SVC-000049,EVT-0004810,2026-06-14 14:17:39.682573,0.6099470105602822,lstm
SVC-000049,EVT-0004811,2026-06-14 14:17:44.593842,0.9821511417457303,lstm
USR-000056,EVT-0004812,2026-06-14 14:18:18.121589,0.3422718406731151,baseline_fallback
USR-000185,EVT-0004813,2026-06-14 14:18:35.745286,0.7095121437091316,lstm
USR-000065,EVT-0004814,2026-06-14 14:18:56.501129,0.6941343267233132,baseline_fallback
USR-000205,EVT-0004815,2026-06-14 14:19:20.362071,0.38277919978940983,baseline_fallback
USR-000170,EVT-0004816,2026-06-14 14:20:35.130358,0.34483256726556727,baseline_fallback
USR-000131,EVT-0004817,2026-06-14 14:20:50.957454,0.32217826580800313,baseline_fallback
USR-000173,EVT-0004818,2026-06-14 14:21:38.251516,0.2933558456208238,baseline_fallback
DEV-000024,EVT-0004819,2026-06-14 14:22:24.491630,0.8709322801040772,baseline_fallback
USR-000035,EVT-0004820,2026-06-14 14:22:28.029376,0.7200258607031049,baseline_fallback
USR-000061,EVT-0004821,2026-06-14 14:23:58.727776,0.3071043876007389,baseline_fallback
SVC-000022,EVT-0004822,2026-06-14 14:24:15.156995,0.44815517308207564,lstm
USR-000202,EVT-0004823,2026-06-14 14:25:06.368934,0.3649125741491742,baseline_fallback
SVC-000012,EVT-0004824,2026-06-14 14:28:14.531023,0.3420229744330869,lstm
SVC-000027,EVT-0004825,2026-06-14 14:29:39.749321,0.5229207336512915,lstm
USR-000204,EVT-0004826,2026-06-14 14:29:54.631425,0.4100822822463139,baseline_fallback
SVC-000027,EVT-0004827,2026-06-14 14:30:11.322382,0.6609454397445578,lstm
SVC-000036,EVT-0004828,2026-06-14 14:32:33.940619,0.9986267436967634,lstm
USR-000037,EVT-0004829,2026-06-14 14:35:12.037932,0.6391262901221926,lstm
SVC-000022,EVT-0004830,2026-06-14 14:35:48.529258,0.3989805477718994,lstm
USR-000029,EVT-0004831,2026-06-14 14:35:58.171809,0.3891539415803568,baseline_fallback
DEV-000014,EVT-0004832,2026-06-14 14:36:04.069764,0.3252019702661258,baseline_fallback
SVC-000036,EVT-0004833,2026-06-14 14:36:45.626715,0.4615130274043349,lstm
USR-000138,EVT-0004834,2026-06-14 14:37:13.350007,0.724998162248016,lstm
USR-000184,EVT-0004835,2026-06-14 14:37:16.285010,0.3445331097249624,baseline_fallback
DEV-000002,EVT-0004836,2026-06-14 14:37:19.485628,0.344976712555796,lstm
USR-000097,EVT-0004837,2026-06-14 14:37:41.547375,0.3893896406936438,baseline_fallback
USR-000008,EVT-0004838,2026-06-14 14:40:30.046255,0.6207637392291028,baseline_fallback
SVC-000049,EVT-0004839,2026-06-14 14:40:52.102851,0.4730957520261721,lstm
USR-000151,EVT-0004840,2026-06-14 14:40:55.962614,0.6359937455268294,baseline_fallback
USR-000052,EVT-0004841,2026-06-14 14:41:25.835052,0.2631157538389841,lstm
SVC-000001,EVT-0004842,2026-06-14 14:42:14.021790,0.35240078560475696,lstm
DEV-000013,EVT-0004843,2026-06-14 14:43:25.083685,0.5500465919202946,lstm
USR-000173,EVT-0004844,2026-06-14 14:43:46.204879,0.35405215252423616,baseline_fallback
SVC-000036,EVT-0004845,2026-06-14 14:43:49.223202,0.42258528999926587,lstm
SVC-000043,EVT-0004846,2026-06-14 14:45:16.850805,0.2654896430495365,lstm
USR-000176,EVT-0004847,2026-06-14 14:45:35.207745,0.9850206117387961,baseline_fallback
SVC-000049,EVT-0004848,2026-06-14 14:46:43.288809,0.5686773253496706,lstm
USR-000089,EVT-0004849,2026-06-14 14:46:57.569673,0.8985875300703323,baseline_fallback
USR-000184,EVT-0004850,2026-06-14 14:47:06.810117,0.47870446236795633,baseline_fallback
SVC-000022,EVT-0004851,2026-06-14 14:49:35.437647,0.3181585577387835,lstm
USR-000008,EVT-0004852,2026-06-14 14:49:59.554739,0.901624701899955,baseline_fallback
SVC-000017,EVT-0004853,2026-06-14 14:50:27.808298,0.3849599640422085,lstm
USR-000147,EVT-0004854,2026-06-14 14:50:29.515067,0.3042438567723104,baseline_fallback
SVC-000028,EVT-0004855,2026-06-14 14:51:58.467034,0.35565011969184873,baseline_fallback
USR-000061,EVT-0004856,2026-06-14 14:52:36.571034,0.3134560983380771,baseline_fallback
USR-000184,EVT-0004857,2026-06-14 14:53:21.469265,0.2963635882550947,baseline_fallback
SVC-000012,EVT-0004858,2026-06-14 14:54:34.873701,0.335137670344012,lstm
USR-000040,EVT-0004859,2026-06-14 14:56:12.572133,0.9831252339452777,lstm
DEV-000019,EVT-0004860,2026-06-14 14:57:00.632207,0.7051575087452254,baseline_fallback
USR-000002,EVT-0004861,2026-06-14 14:57:29.825865,0.9022682859656787,lstm
SVC-000012,EVT-0004862,2026-06-14 14:57:53.585840,0.4475380588757992,lstm
SVC-000008,EVT-0004863,2026-06-14 14:58:42.658299,0.9990539666589676,lstm
DEV-000006,EVT-0004864,2026-06-14 14:59:40.839294,0.13352459181964813,lstm
SVC-000036,EVT-0004865,2026-06-14 14:59:46.242988,0.36725356361674616,lstm
USR-000079,EVT-0004866,2026-06-14 15:00:25.384178,0.3965635611224233,baseline_fallback
USR-000151,EVT-0004867,2026-06-14 15:00:45.813781,0.3976012717130276,baseline_fallback
SVC-000027,EVT-0004868,2026-06-14 15:01:15.348062,0.41050522194166544,lstm
USR-000035,EVT-0004869,2026-06-14 15:02:02.765171,0.9216712567930989,baseline_fallback
SVC-000010,EVT-0004870,2026-06-14 15:02:44.163885,0.9597689827912985,lstm
SVC-000036,EVT-0004871,2026-06-14 15:03:04.702647,0.6247028869658341,lstm
SVC-000022,EVT-0004872,2026-06-14 15:05:07.439771,0.32800939273750784,lstm
USR-000192,EVT-0004873,2026-06-14 15:05:11.722566,0.41713462170031135,baseline_fallback
USR-000052,EVT-0004874,2026-06-14 15:06:00.863870,0.2994073376543497,lstm
SVC-000027,EVT-0004875,2026-06-14 15:06:43.827609,0.3547232399758775,lstm
USR-000196,EVT-0004876,2026-06-14 15:07:02.894253,0.41713286597836935,baseline_fallback
USR-000151,EVT-0004877,2026-06-14 15:07:43.739278,0.6184239734916283,lstm
USR-000138,EVT-0004878,2026-06-14 15:08:42.073866,0.5368157997331129,lstm
USR-000002,EVT-0004879,2026-06-14 15:09:25.438218,0.9937644812291941,lstm
SVC-000036,EVT-0004880,2026-06-14 15:09:31.288569,0.3016488935162351,lstm
USR-000049,EVT-0004881,2026-06-14 15:11:49.152664,0.7537725364368508,baseline_fallback
USR-000052,EVT-0004882,2026-06-14 15:12:51.313035,0.32757566268435573,lstm
USR-000045,EVT-0004883,2026-06-14 15:13:02.631669,0.7042984184223314,lstm
USR-000144,EVT-0004884,2026-06-14 15:14:08.512359,0.8311142978869435,baseline_fallback
USR-000040,EVT-0004885,2026-06-14 15:16:17.499668,0.9999999999999996,lstm
USR-000134,EVT-0004886,2026-06-14 15:17:22.039486,0.38925910966913385,baseline_fallback
SVC-000012,EVT-0004887,2026-06-14 15:19:45.729398,0.29005451014754485,lstm
SVC-000028,EVT-0004888,2026-06-14 15:20:01.674702,0.5028280180319726,baseline_fallback
USR-000128,EVT-0004889,2026-06-14 15:23:05.271259,0.41247833297953745,baseline_fallback
SVC-000036,EVT-0004890,2026-06-14 15:24:24.248630,0.2543104760160521,lstm
USR-000042,EVT-0004891,2026-06-14 15:24:42.549470,0.513115700297801,lstm
USR-000107,EVT-0004892,2026-06-14 15:26:45.701136,0.6731201340224096,baseline_fallback
SVC-000028,EVT-0004893,2026-06-14 15:27:17.068215,0.9892518575485703,lstm
SVC-000010,EVT-0004894,2026-06-14 15:29:20.463982,0.4426892004793827,lstm
SVC-000010,EVT-0004895,2026-06-14 15:30:10.045885,0.6687496343864099,lstm
USR-000002,EVT-0004896,2026-06-14 15:30:12.091950,0.9992476534711727,lstm
SVC-000036,EVT-0004897,2026-06-14 15:30:39.104973,0.35352529909037456,lstm
SVC-000027,EVT-0004898,2026-06-14 15:31:19.376067,0.5797863621899264,lstm
USR-000002,EVT-0004899,2026-06-14 15:33:36.504309,0.8661696743959462,lstm
USR-000210,EVT-0004900,2026-06-14 15:34:05.950652,0.7650290081304447,baseline_fallback
USR-000109,EVT-0004901,2026-06-14 15:35:14.842939,0.8332390044724541,lstm
SVC-000012,EVT-0004902,2026-06-14 15:35:20.510841,0.39396844614701104,lstm
USR-000185,EVT-0004903,2026-06-14 15:35:50.642221,0.4201637766894759,lstm
SVC-000036,EVT-0004904,2026-06-14 15:38:27.093668,0.5460826601668356,lstm
SVC-000027,EVT-0004905,2026-06-14 15:40:09.978232,0.5394424231220774,lstm
DEV-000005,EVT-0004906,2026-06-14 15:42:40.873875,0.6982911935734543,lstm
SVC-000036,EVT-0004907,2026-06-14 15:43:49.715494,0.2601891998140611,lstm
USR-000212,EVT-0004908,2026-06-14 15:46:01.014972,0.42406688989072666,lstm
USR-000127,EVT-0004909,2026-06-14 15:46:06.954128,0.7308981724254151,baseline_fallback
USR-000144,EVT-0004910,2026-06-14 15:46:29.812150,0.9080429215828513,baseline_fallback
SVC-000005,EVT-0004911,2026-06-14 15:48:05.988692,0.9962244949858986,lstm
USR-000075,EVT-0004912,2026-06-14 15:48:24.208536,0.4155793340554474,baseline_fallback
SVC-000049,EVT-0004913,2026-06-14 15:49:45.904290,0.5121037568195614,lstm
USR-000157,EVT-0004914,2026-06-14 15:50:27.918438,0.9534025918958109,baseline_fallback
SVC-000036,EVT-0004915,2026-06-14 15:50:39.160720,0.3427183430176361,lstm
USR-000184,EVT-0004916,2026-06-14 15:50:39.378115,0.9961379870100643,lstm
SVC-000036,EVT-0004917,2026-06-14 15:52:26.385910,0.7165045924660993,lstm
USR-000182,EVT-0004918,2026-06-14 15:54:38.037832,0.6483420640175034,lstm
DEV-000023,EVT-0004919,2026-06-14 15:55:38.758712,0.6174871411415489,lstm
USR-000210,EVT-0004920,2026-06-14 15:56:48.993847,0.8323804474771316,baseline_fallback
SVC-000036,EVT-0004921,2026-06-14 15:59:50.621627,0.6943748240623179,lstm
SVC-000036,EVT-0004922,2026-06-14 15:59:58.661630,0.5815096820720781,lstm
SVC-000028,EVT-0004923,2026-06-14 16:00:17.009126,0.9243470120166511,lstm
SVC-000036,EVT-0004924,2026-06-14 16:00:19.354571,0.4391559934723672,lstm
SVC-000036,EVT-0004925,2026-06-14 16:00:23.091821,0.4127338313698274,lstm
USR-000028,EVT-0004926,2026-06-14 16:01:20.192786,0.788871515451938,baseline_fallback
SVC-000038,EVT-0004927,2026-06-14 16:01:25.940487,0.9882936577974479,lstm
SVC-000036,EVT-0004928,2026-06-14 16:02:29.048282,0.92309619886787,lstm
DEV-000001,EVT-0004929,2026-06-14 16:03:08.898195,0.8110741693855994,lstm
SVC-000029,EVT-0004930,2026-06-14 16:03:35.281567,0.956367539615282,lstm
SVC-000036,EVT-0004931,2026-06-14 16:03:51.560493,0.29261444709184703,lstm
USR-000008,EVT-0004932,2026-06-14 16:04:04.292548,0.8635627819297089,baseline_fallback
SVC-000038,EVT-0004933,2026-06-14 16:04:05.546126,0.8277108378497411,lstm
SVC-000036,EVT-0004934,2026-06-14 16:04:13.280309,0.8418872908790113,lstm
SVC-000010,EVT-0004935,2026-06-14 16:04:39.708767,0.38028899017730383,lstm
USR-000064,EVT-0004936,2026-06-14 16:05:10.551805,0.684016887246347,lstm
SVC-000038,EVT-0004937,2026-06-14 16:05:21.961204,0.6834753264924243,lstm
SVC-000036,EVT-0004938,2026-06-14 16:06:47.288742,0.26847348035735474,lstm
SVC-000029,EVT-0004939,2026-06-14 16:07:07.116883,0.7053132869490655,lstm
USR-000040,EVT-0004940,2026-06-14 16:07:15.627218,0.999569146049176,lstm
SVC-000036,EVT-0004941,2026-06-14 16:08:48.631005,0.278799501791463,lstm
USR-000192,EVT-0004942,2026-06-14 16:09:10.732616,0.4235836600325871,baseline_fallback
SVC-000036,EVT-0004943,2026-06-14 16:10:31.852100,0.306067229242268,lstm
DEV-000017,EVT-0004944,2026-06-14 16:12:01.958688,0.30897775837606234,lstm
SVC-000023,EVT-0004945,2026-06-14 16:14:12.078130,0.9100306934609106,lstm
SVC-000036,EVT-0004946,2026-06-14 16:14:42.415599,0.27645500270823137,lstm
SVC-000029,EVT-0004947,2026-06-14 16:14:56.698007,0.6487476238333972,lstm
USR-000052,EVT-0004948,2026-06-14 16:17:28.358167,0.2959442073224595,lstm
SVC-000028,EVT-0004949,2026-06-14 16:17:47.754417,0.8364680633790049,lstm
USR-000147,EVT-0004950,2026-06-14 16:18:46.043643,0.733078764579189,baseline_fallback
USR-000115,EVT-0004951,2026-06-14 16:21:27.535999,0.7199380547622825,lstm
USR-000040,EVT-0004952,2026-06-14 16:21:42.924351,0.9939100462809516,lstm
SVC-000038,EVT-0004953,2026-06-14 16:22:44.544589,0.39460998122824376,lstm
USR-000149,EVT-0004954,2026-06-14 16:23:13.617148,0.715447169057128,baseline_fallback
SVC-000005,EVT-0004955,2026-06-14 16:24:40.070235,0.5508823275069934,lstm
USR-000052,EVT-0004956,2026-06-14 16:25:53.832796,0.363288557287689,lstm
SVC-000038,EVT-0004957,2026-06-14 16:26:31.743210,0.6262450517664182,lstm
USR-000052,EVT-0004958,2026-06-14 16:29:05.346358,0.33675186038793054,lstm
USR-000170,EVT-0004959,2026-06-14 16:31:40.186151,0.3717160158106261,baseline_fallback
USR-000002,EVT-0004960,2026-06-14 16:31:41.680051,0.7566176334108858,lstm
SVC-000036,EVT-0004961,2026-06-14 16:32:09.371693,0.8432974135906882,lstm
SVC-000060,EVT-0004962,2026-06-14 16:33:05.592914,0.9999975815683246,lstm
USR-000198,EVT-0004963,2026-06-14 16:33:08.550851,0.35658101535015685,baseline_fallback
USR-000068,EVT-0004964,2026-06-14 16:36:42.650141,0.7697182081932704,baseline_fallback
USR-000035,EVT-0004965,2026-06-14 16:37:01.137030,0.9240618188666828,baseline_fallback
USR-000035,EVT-0004966,2026-06-14 16:38:00.294700,0.802884949181156,lstm
SVC-000038,EVT-0004967,2026-06-14 16:38:28.028346,0.7978573919969699,lstm
USR-000128,EVT-0004968,2026-06-14 16:38:28.309470,0.9572895884690749,baseline_fallback
SVC-000036,EVT-0004969,2026-06-14 16:39:05.212165,0.27157711639134907,lstm
SVC-000038,EVT-0004970,2026-06-14 16:39:26.558148,0.9349715297788298,lstm
USR-000160,EVT-0004971,2026-06-14 16:40:01.508840,0.40643665652237,baseline_fallback
USR-000040,EVT-0004972,2026-06-14 16:40:32.451226,0.7842311608705638,lstm
USR-000136,EVT-0004973,2026-06-14 16:41:11.606988,0.720926920537127,baseline_fallback
DEV-000016,EVT-0004974,2026-06-14 16:42:23.167748,0.5972883213931698,lstm
USR-000146,EVT-0004975,2026-06-14 16:45:25.177261,0.6190682410361539,lstm
USR-000044,EVT-0004976,2026-06-14 16:45:33.460481,0.9893507302204197,lstm
SVC-000036,EVT-0004977,2026-06-14 16:46:00.815094,0.24393805523561468,lstm
SVC-000038,EVT-0004978,2026-06-14 16:46:25.339049,0.6566685771363134,lstm
SVC-000038,EVT-0004979,2026-06-14 16:46:51.154881,0.9824647713956827,lstm
DEV-000001,EVT-0004980,2026-06-14 16:46:58.722876,0.6233660159712248,lstm
DEV-000025,EVT-0004981,2026-06-14 16:47:13.575432,0.714290018090474,lstm
SVC-000038,EVT-0004982,2026-06-14 16:51:45.478728,0.746663762974947,lstm
SVC-000038,EVT-0004983,2026-06-14 16:52:11.564649,0.9121142349892596,lstm
DEV-000003,EVT-0004984,2026-06-14 16:52:50.857881,0.7780670883770557,lstm
USR-000117,EVT-0004985,2026-06-14 16:55:58.474795,0.3875443142367878,baseline_fallback
DEV-000017,EVT-0004986,2026-06-14 16:58:12.302938,0.31215283519368875,lstm
USR-000138,EVT-0004987,2026-06-14 16:58:45.625015,0.6589582060380681,lstm
DEV-000025,EVT-0004988,2026-06-14 17:04:23.146061,0.7597601401517788,lstm
USR-000027,EVT-0004989,2026-06-14 17:04:43.924013,0.4638427316215181,baseline_fallback
USR-000056,EVT-0004990,2026-06-14 17:07:38.878365,0.5769408104232222,baseline_fallback
USR-000149,EVT-0004991,2026-06-14 17:07:49.362258,0.4761764475895231,baseline_fallback
USR-000097,EVT-0004992,2026-06-14 17:09:05.325014,0.5331043391468048,baseline_fallback
USR-000101,EVT-0004993,2026-06-14 17:10:21.544800,0.7721819459101895,baseline_fallback
USR-000200,EVT-0004994,2026-06-14 17:11:17.942883,0.8140967293746396,baseline_fallback
USR-000146,EVT-0004995,2026-06-14 17:11:55.721226,0.48935387640981703,lstm
DEV-000001,EVT-0004996,2026-06-14 17:12:18.245099,0.6444366036329523,lstm
USR-000136,EVT-0004997,2026-06-14 17:13:11.705925,0.7996104776535116,baseline_fallback
USR-000002,EVT-0004998,2026-06-14 17:15:12.202244,0.6957032612947844,lstm
SVC-000004,EVT-0004999,2026-06-14 17:15:44.881627,0.9760912663988686,lstm
SVC-000010,EVT-0005000,2026-06-14 17:15:48.176217,0.4783030793042581,lstm
DEV-000013,EVT-0005001,2026-06-14 17:15:50.970866,0.5738675476638692,lstm
USR-000101,EVT-0005002,2026-06-14 17:18:44.424741,0.7716228409250807,baseline_fallback
USR-000107,EVT-0005003,2026-06-14 17:19:30.380415,0.8184393022354558,baseline_fallback
DEV-000019,EVT-0005004,2026-06-14 17:23:06.641897,0.49056665688068324,baseline_fallback
DEV-000011,EVT-0005005,2026-06-14 17:23:20.473893,0.4025001306196861,lstm
USR-000127,EVT-0005006,2026-06-14 17:25:35.155722,0.4879348673892392,baseline_fallback
SVC-000010,EVT-0005007,2026-06-14 17:26:20.903469,0.3447528226063303,lstm
SVC-000029,EVT-0005008,2026-06-14 17:26:38.688073,0.4022569418642083,lstm
DEV-000016,EVT-0005009,2026-06-14 17:28:39.708766,0.5182434892691213,lstm
USR-000147,EVT-0005010,2026-06-14 17:28:49.514698,0.4645276985716684,baseline_fallback
SVC-000029,EVT-0005011,2026-06-14 17:28:59.219636,0.8110572824363519,lstm
USR-000100,EVT-0005012,2026-06-14 17:33:28.759723,0.49878539828575424,baseline_fallback
SVC-000052,EVT-0005013,2026-06-14 17:33:47.032251,0.9520637455066204,lstm
USR-000056,EVT-0005014,2026-06-14 17:35:11.096042,0.4243780227642496,baseline_fallback
DEV-000016,EVT-0005015,2026-06-14 17:35:35.415745,0.8300461744870523,lstm
DEV-000018,EVT-0005016,2026-06-14 17:39:51.647625,0.4912258579132841,lstm
SVC-000005,EVT-0005017,2026-06-14 17:41:20.714957,0.525769114155869,lstm
SVC-000004,EVT-0005018,2026-06-14 17:41:28.440293,0.5031361633319501,lstm
SVC-000029,EVT-0005019,2026-06-14 17:45:57.246484,0.4383919380642651,lstm
SVC-000029,EVT-0005020,2026-06-14 17:50:12.720964,0.471711402764328,lstm
SVC-000037,EVT-0005021,2026-06-14 17:51:06.793538,0.9946285994453244,lstm
SVC-000010,EVT-0005022,2026-06-14 17:56:14.441246,0.37492779940516313,lstm
DEV-000022,EVT-0005023,2026-06-14 17:58:51.235617,0.40402942864446395,lstm
SVC-000023,EVT-0005024,2026-06-14 17:59:29.225342,0.3043849495903441,lstm
USR-000089,EVT-0005025,2026-06-14 18:00:04.936750,0.9255052624484095,baseline_fallback
USR-000198,EVT-0005026,2026-06-14 18:02:29.334121,0.8123747163624692,baseline_fallback
USR-000204,EVT-0005027,2026-06-14 18:06:07.588713,0.6140711819304066,baseline_fallback
SVC-000029,EVT-0005028,2026-06-14 18:08:00.599808,0.4747053968591548,lstm
SVC-000037,EVT-0005029,2026-06-14 18:08:51.583275,0.8273797760215215,lstm
USR-000198,EVT-0005030,2026-06-14 18:09:24.613494,0.46972199889953564,baseline_fallback
SVC-000004,EVT-0005031,2026-06-14 18:10:45.159590,0.39951048178733467,lstm
USR-000028,EVT-0005032,2026-06-14 18:11:33.901048,0.8297529548626924,baseline_fallback
DEV-000023,EVT-0005033,2026-06-14 18:14:10.932093,0.28244894252153163,lstm
DEV-000020,EVT-0005034,2026-06-14 18:19:18.672987,0.2347213376707885,lstm
USR-000211,EVT-0005035,2026-06-14 18:20:01.853796,0.5610010322823404,baseline_fallback
SVC-000023,EVT-0005036,2026-06-14 18:20:04.511767,0.2996493802491437,lstm
DEV-000023,EVT-0005037,2026-06-14 18:23:39.380666,0.7336116214445928,lstm
USR-000192,EVT-0005038,2026-06-14 18:24:09.398205,0.52063325471366,baseline_fallback
USR-000173,EVT-0005039,2026-06-14 18:24:11.690224,0.468579468839216,baseline_fallback
SVC-000023,EVT-0005040,2026-06-14 18:24:32.641741,0.432582924245471,lstm
USR-000126,EVT-0005041,2026-06-14 18:26:24.710812,0.9926956415827785,baseline_fallback
USR-000198,EVT-0005042,2026-06-14 18:28:12.472039,0.9719794916860588,baseline_fallback
USR-000109,EVT-0005043,2026-06-14 18:29:42.755286,0.4672680170713692,lstm
SVC-000004,EVT-0005044,2026-06-14 18:31:38.599480,0.3305891575496639,lstm
USR-000065,EVT-0005045,2026-06-14 18:31:42.573534,0.5044452495090392,baseline_fallback
USR-000149,EVT-0005046,2026-06-14 18:32:15.048304,0.5113733005639727,baseline_fallback
USR-000117,EVT-0005047,2026-06-14 18:34:48.183885,0.5275514443803629,baseline_fallback
USR-000146,EVT-0005048,2026-06-14 18:37:46.312232,0.412711145026476,lstm
SVC-000010,EVT-0005049,2026-06-14 18:39:54.061922,0.4286134065898924,lstm
SVC-000060,EVT-0005050,2026-06-14 18:40:10.897097,0.9294696343031768,lstm
USR-000211,EVT-0005051,2026-06-14 18:41:15.573937,0.9719794916860588,baseline_fallback
SVC-000052,EVT-0005052,2026-06-14 18:42:48.677964,0.4737432544284274,lstm
SVC-000052,EVT-0005053,2026-06-14 18:44:30.691976,0.7326365723952943,lstm
SVC-000044,EVT-0005054,2026-06-14 18:44:44.761939,0.9096721304847568,lstm
USR-000052,EVT-0005055,2026-06-14 18:46:33.680486,0.3519352406223457,lstm
DEV-000011,EVT-0005056,2026-06-14 18:50:47.562023,0.3140271060533582,lstm
USR-000023,EVT-0005057,2026-06-14 18:52:43.982914,0.46345562809520685,lstm
USR-000117,EVT-0005058,2026-06-14 18:53:04.900767,0.5358943552041245,baseline_fallback
SVC-000060,EVT-0005059,2026-06-14 18:54:16.206698,0.674040008185532,lstm
SVC-000023,EVT-0005060,2026-06-14 18:57:18.621196,0.33472293973023903,lstm
USR-000027,EVT-0005061,2026-06-14 18:59:39.200929,0.600244040002031,baseline_fallback
SVC-000004,EVT-0005062,2026-06-14 19:00:04.029117,0.2771682381283416,lstm
USR-000126,EVT-0005063,2026-06-14 19:00:50.359478,0.8739230378550048,baseline_fallback
SVC-000023,EVT-0005064,2026-06-14 19:01:24.793202,0.3957545708674037,lstm
SVC-000023,EVT-0005065,2026-06-14 19:02:58.991790,0.5131922801182656,lstm
DEV-000003,EVT-0005066,2026-06-14 19:04:32.930377,0.47248830848643764,lstm
SVC-000023,EVT-0005067,2026-06-14 19:05:07.728489,0.42912073428552044,lstm
SVC-000006,EVT-0005068,2026-06-14 19:05:09.169944,0.999051063559849,lstm
SVC-000037,EVT-0005069,2026-06-14 19:05:42.093776,0.9062795111363837,lstm
USR-000211,EVT-0005070,2026-06-14 19:06:17.067928,0.6951558032887362,baseline_fallback
DEV-000007,EVT-0005071,2026-06-14 19:07:45.849505,0.787070769026064,lstm
SVC-000057,EVT-0005072,2026-06-14 19:11:43.760988,0.977626125921234,lstm
SVC-000037,EVT-0005073,2026-06-14 19:12:06.342886,0.9315840373272284,lstm
USR-000186,EVT-0005074,2026-06-14 19:13:41.405615,0.8517301779708104,baseline_fallback
SVC-000006,EVT-0005075,2026-06-14 19:15:04.753039,0.4121027605585148,lstm
SVC-000010,EVT-0005076,2026-06-14 19:15:21.366999,0.8114868880736343,lstm
SVC-000052,EVT-0005077,2026-06-14 19:17:46.257306,0.30562285494833513,lstm
SVC-000044,EVT-0005078,2026-06-14 19:17:52.675092,0.5078751526760221,lstm
SVC-000006,EVT-0005079,2026-06-14 19:19:49.643576,0.33772816488814,lstm
SVC-000004,EVT-0005080,2026-06-14 19:23:39.129097,0.3989550640138718,lstm
SVC-000006,EVT-0005081,2026-06-14 19:25:07.159168,0.41396954829235455,lstm
SVC-000006,EVT-0005082,2026-06-14 19:25:26.857123,0.577042142214678,lstm
USR-000185,EVT-0005083,2026-06-14 19:28:08.826661,0.4740520772043775,lstm
USR-000061,EVT-0005084,2026-06-14 19:29:45.180407,0.8463704191506337,baseline_fallback
USR-000062,EVT-0005085,2026-06-14 19:32:11.617414,0.8551102975092622,baseline_fallback
SVC-000057,EVT-0005086,2026-06-14 19:33:57.722965,0.3208912806603498,lstm
SVC-000061,EVT-0005087,2026-06-14 19:34:41.707776,0.964266999155665,lstm
SVC-000057,EVT-0005088,2026-06-14 19:34:51.060051,0.545094363786578,lstm
SVC-000006,EVT-0005089,2026-06-14 19:34:56.166507,0.6865141317358219,lstm
SVC-000006,EVT-0005090,2026-06-14 19:35:38.909144,0.5033194553183753,lstm
USR-000075,EVT-0005091,2026-06-14 19:36:58.126837,0.5882924065318361,baseline_fallback
SVC-000006,EVT-0005092,2026-06-14 19:37:25.439674,0.43703903787170845,lstm
SVC-000005,EVT-0005093,2026-06-14 19:38:17.596937,0.7291338020033268,lstm
USR-000068,EVT-0005094,2026-06-14 19:39:47.924671,0.8448701077497601,baseline_fallback
SVC-000006,EVT-0005095,2026-06-14 19:41:02.124085,0.41265074855558004,lstm
SVC-000044,EVT-0005096,2026-06-14 19:42:04.688444,0.5032350223953876,lstm
USR-000068,EVT-0005097,2026-06-14 19:42:43.779222,0.8553107768329739,baseline_fallback
SVC-000060,EVT-0005098,2026-06-14 19:43:15.806910,1.0,lstm
DEV-000019,EVT-0005099,2026-06-14 19:43:28.861031,0.6410082510452136,baseline_fallback
SVC-000006,EVT-0005100,2026-06-14 19:43:35.265972,0.42059657919364635,lstm
SVC-000004,EVT-0005101,2026-06-14 19:43:59.805485,0.3054779195585012,lstm
USR-000141,EVT-0005102,2026-06-14 19:47:03.845979,0.6271328504995752,baseline_fallback
SVC-000052,EVT-0005103,2026-06-14 19:47:58.102793,0.30718750653089616,lstm
SVC-000004,EVT-0005104,2026-06-14 19:48:05.802126,0.6338988213105015,lstm
SVC-000037,EVT-0005105,2026-06-14 19:49:39.240952,0.49694424078182325,lstm
USR-000212,EVT-0005106,2026-06-14 19:52:37.760226,0.5384062154549435,lstm
USR-000170,EVT-0005107,2026-06-14 19:57:15.861781,0.6003021475993857,baseline_fallback
DEV-000011,EVT-0005108,2026-06-14 19:58:34.535377,0.30144991120793335,lstm
DEV-000009,EVT-0005109,2026-06-14 20:01:39.907469,0.7256055243448418,lstm
SVC-000057,EVT-0005110,2026-06-14 20:05:17.497172,0.3731667802630755,lstm
SVC-000061,EVT-0005111,2026-06-14 20:05:29.373840,0.2909379356614086,lstm
SVC-000052,EVT-0005112,2026-06-14 20:06:30.783210,0.38955530111503933,lstm
USR-000045,EVT-0005113,2026-06-14 20:06:38.514394,0.47914329240629494,lstm
SVC-000006,EVT-0005114,2026-06-14 20:07:53.554582,0.7676021378944312,lstm
SVC-000061,EVT-0005115,2026-06-14 20:08:46.977027,0.3662081536641538,lstm
DEV-000012,EVT-0005116,2026-06-14 20:09:58.788962,0.87401446474499,lstm
USR-000146,EVT-0005117,2026-06-14 20:10:16.351596,0.49994794400429204,lstm
SVC-000052,EVT-0005118,2026-06-14 20:10:19.121493,0.5263912112729633,lstm
USR-000198,EVT-0005119,2026-06-14 20:17:02.277920,0.6770436497035499,baseline_fallback
SVC-000044,EVT-0005120,2026-06-14 20:19:16.278350,0.44285099697356944,lstm
SVC-000061,EVT-0005121,2026-06-14 20:19:16.711428,0.2937200422408157,lstm
SVC-000061,EVT-0005122,2026-06-14 20:20:30.031306,0.455204646512493,lstm
USR-000198,EVT-0005123,2026-06-14 20:22:14.115346,0.9616320577561612,lstm
SVC-000006,EVT-0005124,2026-06-14 20:22:14.569339,0.7166518931347908,lstm
DEV-000002,EVT-0005125,2026-06-14 20:25:34.719788,0.6569954503677709,lstm
SVC-000054,EVT-0005126,2026-06-14 20:27:37.103203,0.9897465408782002,lstm
SVC-000060,EVT-0005127,2026-06-14 20:28:16.941496,0.9955300788135601,lstm
SVC-000061,EVT-0005128,2026-06-14 20:28:17.332618,0.26359310405461406,lstm
SVC-000061,EVT-0005129,2026-06-14 20:28:57.866181,0.3818132125910434,lstm
SVC-000035,EVT-0005130,2026-06-14 20:29:04.163835,0.9691301383666815,lstm
USR-000109,EVT-0005131,2026-06-14 20:29:05.412395,0.42859043004651204,lstm
USR-000192,EVT-0005132,2026-06-14 20:31:42.764458,0.6775390701847137,baseline_fallback
SVC-000061,EVT-0005133,2026-06-14 20:33:55.983468,0.6687695581204086,lstm
USR-000068,EVT-0005134,2026-06-14 20:35:02.030949,0.9122730881920867,baseline_fallback
DEV-000003,EVT-0005135,2026-06-14 20:38:59.574086,0.4330975450076463,lstm
SVC-000058,EVT-0005136,2026-06-14 20:39:26.378131,0.9722782784666368,lstm
USR-000202,EVT-0005137,2026-06-14 20:41:10.342096,0.6945248981195645,baseline_fallback
SVC-000054,EVT-0005138,2026-06-14 20:41:51.281168,0.3822026099784285,lstm
SVC-000058,EVT-0005139,2026-06-14 20:44:29.371769,0.427103595301371,lstm
SVC-000058,EVT-0005140,2026-06-14 20:44:43.498744,0.7801047653405965,lstm
SVC-000061,EVT-0005141,2026-06-14 20:46:28.013179,0.393874960579848,lstm
SVC-000058,EVT-0005142,2026-06-14 20:49:14.860948,0.31229442268418317,lstm
SVC-000061,EVT-0005143,2026-06-14 20:50:02.323432,0.3121727428731928,lstm
SVC-000048,EVT-0005144,2026-06-14 20:52:10.813407,0.9399121280397311,lstm
SVC-000052,EVT-0005145,2026-06-14 20:52:58.272656,0.3156120140242509,lstm
SVC-000058,EVT-0005146,2026-06-14 20:54:12.510940,0.3073661029240372,lstm
SVC-000052,EVT-0005147,2026-06-14 20:54:28.244103,0.5975803855288512,lstm
DEV-000002,EVT-0005148,2026-06-14 20:54:31.096123,0.6430739622192737,lstm
SVC-000061,EVT-0005149,2026-06-14 20:55:08.492407,0.2820902132181611,lstm
SVC-000061,EVT-0005150,2026-06-14 20:57:31.851591,0.291170259098411,lstm
DEV-000013,EVT-0005151,2026-06-14 21:00:53.824301,0.7495175728841286,lstm
SVC-000044,EVT-0005152,2026-06-14 21:01:48.191397,0.4374498958713371,lstm
SVC-000035,EVT-0005153,2026-06-14 21:03:10.505476,0.38636157551736994,lstm
SVC-000048,EVT-0005154,2026-06-14 21:13:15.197023,0.31697520173777405,lstm
SVC-000061,EVT-0005155,2026-06-14 21:14:03.332446,0.4391590770711544,lstm
SVC-000052,EVT-0005156,2026-06-14 21:17:30.468270,0.3522549182415744,lstm
SVC-000052,EVT-0005157,2026-06-14 21:17:40.032849,0.8741811682186073,lstm
SVC-000058,EVT-0005158,2026-06-14 21:18:36.143591,0.2630336446176188,lstm
DEV-000007,EVT-0005159,2026-06-14 21:18:55.887151,0.5692082937638848,lstm
SVC-000061,EVT-0005160,2026-06-14 21:18:57.549765,0.24790715918254883,lstm
SVC-000045,EVT-0005161,2026-06-14 21:21:07.175752,0.9895058958879405,lstm
DEV-000020,EVT-0005162,2026-06-14 21:22:23.122293,0.2029894214109896,lstm
DEV-000014,EVT-0005163,2026-06-14 21:22:43.262496,0.28183202972382265,baseline_fallback
SVC-000044,EVT-0005164,2026-06-14 21:23:18.255949,0.7453989698166904,lstm
SVC-000054,EVT-0005165,2026-06-14 21:23:42.637604,0.33799730099644354,lstm
USR-000141,EVT-0005166,2026-06-14 21:24:13.215653,0.9189083102822724,baseline_fallback
SVC-000035,EVT-0005167,2026-06-14 21:26:24.338873,0.5259011896274798,lstm
SVC-000045,EVT-0005168,2026-06-14 21:27:05.472107,0.6160647643649575,lstm
SVC-000047,EVT-0005169,2026-06-14 21:27:09.528561,0.9328307146362231,lstm
SVC-000054,EVT-0005170,2026-06-14 21:27:26.058984,0.41989315031051194,lstm
SVC-000054,EVT-0005171,2026-06-14 21:28:18.210062,0.5701232678382795,lstm
DEV-000012,EVT-0005172,2026-06-14 21:32:26.533044,0.8225448079952509,lstm
SVC-000003,EVT-0005173,2026-06-14 21:36:30.774707,0.9729406616600984,lstm
USR-000136,EVT-0005174,2026-06-14 21:37:17.487656,0.9011320072014295,baseline_fallback
SVC-000035,EVT-0005175,2026-06-14 21:40:49.906377,0.35530034813361455,lstm
SVC-000045,EVT-0005176,2026-06-14 21:40:56.659133,0.43069057098201463,lstm
SVC-000004,EVT-0005177,2026-06-14 21:41:25.868122,0.5282668652859243,lstm
USR-000088,EVT-0005178,2026-06-14 21:42:21.294570,0.7842575467083647,baseline_fallback
SVC-000058,EVT-0005179,2026-06-14 21:42:24.848868,0.25210268671509434,lstm
DEV-000013,EVT-0005180,2026-06-14 21:42:36.826883,0.7155586053119228,lstm
SVC-000003,EVT-0005181,2026-06-14 21:42:41.029884,0.45327338145551005,lstm
SVC-000058,EVT-0005182,2026-06-14 21:44:48.326090,0.46213407926953837,lstm
SVC-000054,EVT-0005183,2026-06-14 21:45:49.349968,0.2820857980642471,lstm
SVC-000061,EVT-0005184,2026-06-14 21:49:10.796645,0.31129830812710435,lstm
SVC-000003,EVT-0005185,2026-06-14 21:49:46.705878,0.7268153326888709,lstm
SVC-000047,EVT-0005186,2026-06-14 21:51:12.865135,0.23361022948365034,lstm
SVC-000048,EVT-0005187,2026-06-14 21:54:12.951104,0.3991988988735602,lstm
SVC-000048,EVT-0005188,2026-06-14 21:55:54.565916,0.6207856846076688,lstm
SVC-000035,EVT-0005189,2026-06-14 21:56:30.183082,0.34108368678408113,lstm
USR-000126,EVT-0005190,2026-06-14 22:04:12.499348,0.9780632957134124,baseline_fallback
SVC-000054,EVT-0005191,2026-06-14 22:04:15.265985,0.2628601844774206,lstm
SVC-000003,EVT-0005192,2026-06-14 22:06:30.809372,0.3343595791439866,lstm
SVC-000058,EVT-0005193,2026-06-14 22:07:21.389518,0.26867948544213205,lstm
DEV-000025,EVT-0005194,2026-06-14 22:08:00.139786,0.5193549784580711,lstm
SVC-000060,EVT-0005195,2026-06-14 22:08:20.320724,0.9868138058649,lstm
SVC-000003,EVT-0005196,2026-06-14 22:08:36.761769,0.87578561257942,lstm
SVC-000041,EVT-0005197,2026-06-14 22:09:14.079368,0.9917102791200819,lstm
SVC-000054,EVT-0005198,2026-06-14 22:09:21.241872,0.25296229785752855,lstm
DEV-000019,EVT-0005199,2026-06-14 22:12:54.932540,0.6559596224882845,baseline_fallback
SVC-000058,EVT-0005200,2026-06-14 22:13:48.052786,0.3198235694350636,lstm
SVC-000047,EVT-0005201,2026-06-14 22:18:10.513622,0.3531095791235165,lstm
SVC-000058,EVT-0005202,2026-06-14 22:22:09.872442,0.3052032083904233,lstm
SVC-000048,EVT-0005203,2026-06-14 22:22:24.527275,0.3440841806762191,lstm
DEV-000001,EVT-0005204,2026-06-14 22:23:40.913265,0.609605547052729,lstm
SVC-000035,EVT-0005205,2026-06-14 22:26:22.000012,0.5822705134608117,lstm
SVC-000045,EVT-0005206,2026-06-14 22:28:04.569551,0.40574630260423933,lstm
SVC-000045,EVT-0005207,2026-06-14 22:28:13.510927,0.7702994871805805,lstm
SVC-000058,EVT-0005208,2026-06-14 22:32:59.546408,0.280909515352819,lstm
SVC-000045,EVT-0005209,2026-06-14 22:33:07.941581,0.5885735328716108,lstm
DEV-000016,EVT-0005210,2026-06-14 22:34:27.701835,0.3371328256129424,lstm
SVC-000032,EVT-0005211,2026-06-14 22:35:44.378457,0.9866619856000065,lstm
SVC-000048,EVT-0005212,2026-06-14 22:35:48.219501,0.4791151736856076,lstm
DEV-000013,EVT-0005213,2026-06-14 22:36:25.599933,0.7907515066855609,lstm
DEV-000003,EVT-0005214,2026-06-14 22:37:38.441367,0.3402040769480469,lstm
SVC-000054,EVT-0005215,2026-06-14 22:38:23.739942,0.31843533781512107,lstm
DEV-000016,EVT-0005216,2026-06-14 22:38:54.589226,0.7496052078890343,lstm
SVC-000047,EVT-0005217,2026-06-14 22:39:31.639452,0.27508695482373247,lstm
SVC-000003,EVT-0005218,2026-06-14 22:40:09.920165,0.6395001160901775,lstm
SVC-000002,EVT-0005219,2026-06-14 22:41:07.905940,0.9947446504031411,lstm
DEV-000009,EVT-0005220,2026-06-14 22:43:32.695558,0.6435549041831986,lstm
SVC-000058,EVT-0005221,2026-06-14 22:43:45.912635,0.3145823248672872,lstm
SVC-000047,EVT-0005222,2026-06-14 22:44:06.509185,0.31649480305710453,lstm
USR-000146,EVT-0005223,2026-06-14 22:47:03.201199,0.6850997563429418,lstm
SVC-000032,EVT-0005224,2026-06-14 22:50:28.856217,0.25400215680688576,lstm
SVC-000002,EVT-0005225,2026-06-14 22:50:56.728046,0.43334187578541267,lstm
SVC-000032,EVT-0005226,2026-06-14 22:51:20.512558,0.4196445052701529,lstm
SVC-000032,EVT-0005227,2026-06-14 22:53:30.621756,0.31142273300372725,lstm
SVC-000035,EVT-0005228,2026-06-14 22:53:34.985762,0.36273675829010077,lstm
SVC-000056,EVT-0005229,2026-06-14 22:54:42.921120,0.9384644374030386,lstm
SVC-000002,EVT-0005230,2026-06-14 22:55:32.357430,0.7466013679849629,lstm
DEV-000011,EVT-0005231,2026-06-14 22:58:52.715633,0.17834523899441365,lstm
SVC-000035,EVT-0005232,2026-06-14 22:59:06.489806,0.6821590002988218,lstm
SVC-000032,EVT-0005233,2026-06-14 23:00:09.131920,0.2311169803260475,lstm
SVC-000054,EVT-0005234,2026-06-14 23:00:47.336910,0.25047499613027113,lstm
SVC-000059,EVT-0005235,2026-06-14 23:03:12.274425,0.9681646611191065,lstm
SVC-000002,EVT-0005236,2026-06-14 23:04:37.577766,0.3349797362126169,lstm
SVC-000032,EVT-0005237,2026-06-14 23:04:40.897243,0.2895876948568724,lstm
SVC-000047,EVT-0005238,2026-06-14 23:04:59.526173,0.28396585157913573,lstm
SVC-000032,EVT-0005239,2026-06-14 23:06:18.934453,0.3779534060804095,lstm
SVC-000045,EVT-0005240,2026-06-14 23:06:50.046254,0.4310905725155268,lstm
SVC-000045,EVT-0005241,2026-06-14 23:10:44.248800,0.5960932298993248,lstm
SVC-000047,EVT-0005242,2026-06-14 23:11:17.739393,0.38655229563065974,lstm
SVC-000032,EVT-0005243,2026-06-14 23:11:58.144367,0.22769145836507085,lstm
DEV-000026,EVT-0005244,2026-06-14 23:12:30.442708,0.6325424799638594,lstm
SVC-000045,EVT-0005245,2026-06-14 23:13:07.033191,0.9199443519581657,lstm
SVC-000045,EVT-0005246,2026-06-14 23:13:07.280305,0.8409391980530031,lstm
SVC-000032,EVT-0005247,2026-06-14 23:16:14.042029,0.23822983358574729,lstm
SVC-000035,EVT-0005248,2026-06-14 23:16:52.965101,0.3639203248195962,lstm
DEV-000025,EVT-0005249,2026-06-14 23:21:11.719068,0.4884031304323016,lstm
SVC-000059,EVT-0005250,2026-06-14 23:22:38.307852,0.22854510070508735,lstm
SVC-000032,EVT-0005251,2026-06-14 23:22:55.621509,0.27917616156887337,lstm
SVC-000032,EVT-0005252,2026-06-14 23:24:27.488778,0.664145151035719,lstm
DEV-000003,EVT-0005253,2026-06-14 23:27:13.652191,0.2873179775065644,lstm
SVC-000056,EVT-0005254,2026-06-14 23:28:30.723304,0.5621965410261802,lstm
SVC-000059,EVT-0005255,2026-06-14 23:28:52.112462,0.22782547247264115,lstm
DEV-000026,EVT-0005256,2026-06-14 23:30:14.257571,0.4305611712499221,lstm
SVC-000045,EVT-0005257,2026-06-14 23:31:05.332157,0.41749539181595746,lstm
SVC-000047,EVT-0005258,2026-06-14 23:32:15.971832,0.28569691421659116,lstm
SVC-000032,EVT-0005259,2026-06-14 23:34:23.366106,0.2621596619646285,lstm
DEV-000006,EVT-0005260,2026-06-14 23:37:05.704940,0.527786567689676,lstm
SVC-000032,EVT-0005261,2026-06-14 23:39:23.635212,0.3368271323202531,lstm
SVC-000059,EVT-0005262,2026-06-14 23:39:41.403437,0.21194296868482104,lstm
USR-000106,EVT-0005263,2026-06-14 23:41:12.020121,0.6021693569562268,lstm
SVC-000032,EVT-0005264,2026-06-14 23:44:03.294385,0.30583855057996323,lstm
SVC-000059,EVT-0005265,2026-06-14 23:44:30.908040,0.21409774232607026,lstm
SVC-000059,EVT-0005266,2026-06-14 23:45:22.330825,0.330907506799172,lstm
USR-000165,EVT-0005267,2026-06-14 23:48:25.959801,0.8704492943963409,lstm
SVC-000032,EVT-0005268,2026-06-14 23:48:39.344104,0.27134872956101863,lstm
SVC-000059,EVT-0005269,2026-06-14 23:51:06.413318,0.20839693113095198,lstm
USR-000165,EVT-0005270,2026-06-14 23:56:16.123097,0.5677682766138348,lstm
SVC-000059,EVT-0005271,2026-06-14 23:57:23.615403,0.23696866520986676,lstm
SVC-000032,EVT-0005272,2026-06-15 00:03:02.065078,0.3832649966456106,lstm
USR-000122,EVT-0005273,2026-06-15 00:03:29.362868,0.9252473379493231,baseline_fallback
DEV-000001,EVT-0005274,2026-06-15 00:09:26.245761,0.33054983682417255,lstm
SVC-000059,EVT-0005275,2026-06-15 00:11:08.099968,0.4031608055914316,lstm
SVC-000032,EVT-0005276,2026-06-15 00:12:37.062447,0.27754276309462783,lstm
DEV-000017,EVT-0005277,2026-06-15 00:14:56.552455,0.7940233506422577,lstm
USR-000113,EVT-0005278,2026-06-15 00:20:45.241516,0.4079080895726958,lstm
DEV-000021,EVT-0005279,2026-06-15 00:21:39.448159,0.7437665893796559,lstm
SVC-000041,EVT-0005280,2026-06-15 00:23:22.539254,0.7676073234307534,lstm
SVC-000041,EVT-0005281,2026-06-15 00:28:14.448522,0.6133731743380745,lstm
DEV-000025,EVT-0005282,2026-06-15 00:34:03.001374,0.34904518680979635,lstm
DEV-000021,EVT-0005283,2026-06-15 00:43:52.612020,0.8070898143697025,lstm
SVC-000056,EVT-0005284,2026-06-15 00:48:42.208562,0.41011248414149515,lstm
SVC-000056,EVT-0005285,2026-06-15 00:49:12.653069,0.9220138863929699,lstm
USR-000165,EVT-0005286,2026-06-15 00:52:59.491211,0.3476533460956349,lstm
DEV-000021,EVT-0005287,2026-06-15 00:54:22.643093,0.7269410700934635,lstm
SVC-000056,EVT-0005288,2026-06-15 00:55:15.168227,0.6311149490704732,lstm
SVC-000047,EVT-0005289,2026-06-15 00:56:28.748093,0.4458392913557759,lstm
USR-000106,EVT-0005290,2026-06-15 01:03:02.322299,0.512406128209642,lstm
DEV-000018,EVT-0005291,2026-06-15 01:07:33.664177,0.7700660281959415,lstm
SVC-000056,EVT-0005292,2026-06-15 01:07:37.245253,0.524823276335798,lstm
USR-000124,EVT-0005293,2026-06-15 01:07:49.083873,0.7198421550290958,baseline_fallback
SVC-000041,EVT-0005294,2026-06-15 01:10:43.912757,0.3054275760041808,lstm
SVC-000041,EVT-0005295,2026-06-15 01:10:59.685768,0.8987665120413808,lstm
DEV-000024,EVT-0005296,2026-06-15 01:17:47.116055,0.8828364484852523,baseline_fallback
SVC-000056,EVT-0005297,2026-06-15 01:26:07.078398,0.4730571895609577,lstm
DEV-000009,EVT-0005298,2026-06-15 01:34:11.112338,0.5054038413002092,lstm
USR-000113,EVT-0005299,2026-06-15 01:35:05.478282,0.31306108093570284,lstm
USR-000141,EVT-0005300,2026-06-15 01:37:15.659979,0.7308984718999121,baseline_fallback
SVC-000018,EVT-0005301,2026-06-15 01:39:19.396468,0.9909249363920309,lstm
SVC-000041,EVT-0005302,2026-06-15 01:46:30.002770,0.9254669722802826,lstm
DEV-000017,EVT-0005303,2026-06-15 01:48:48.455404,0.8291240365428539,lstm
DEV-000017,EVT-0005304,2026-06-15 01:56:54.714916,0.9053193533380836,lstm
DEV-000015,EVT-0005305,2026-06-15 02:01:50.692074,1.0,lstm
SVC-000041,EVT-0005306,2026-06-15 02:05:28.594169,0.5496342034267636,lstm
DEV-000015,EVT-0005307,2026-06-15 02:06:03.236545,1.0,lstm
DEV-000015,EVT-0005308,2026-06-15 02:07:48.071646,1.0,lstm
DEV-000015,EVT-0005309,2026-06-15 02:10:28.052803,0.9999999999999996,lstm
SVC-000041,EVT-0005310,2026-06-15 02:11:10.183966,0.6502318362755323,lstm
SVC-000018,EVT-0005311,2026-06-15 02:11:42.795408,0.43638544806947727,lstm
DEV-000023,EVT-0005312,2026-06-15 02:12:00.032084,0.8747399479574786,lstm
DEV-000015,EVT-0005313,2026-06-15 02:13:34.204241,0.9999999999673472,lstm
SVC-000041,EVT-0005314,2026-06-15 02:14:49.412955,0.909794746823549,lstm
SVC-000018,EVT-0005315,2026-06-15 02:16:18.180071,0.32231683998330213,lstm
DEV-000015,EVT-0005316,2026-06-15 02:18:29.380731,0.9999999778579811,lstm
USR-000165,EVT-0005317,2026-06-15 02:19:23.634346,0.29809224214469865,lstm
DEV-000024,EVT-0005318,2026-06-15 02:19:32.385611,0.9958676147986156,lstm
DEV-000015,EVT-0005319,2026-06-15 02:21:18.719899,1.0,lstm
SVC-000018,EVT-0005320,2026-06-15 02:22:50.772929,0.4166786534614631,lstm
DEV-000013,EVT-0005321,2026-06-15 02:23:46.428496,0.6424146341898348,lstm
DEV-000015,EVT-0005322,2026-06-15 02:24:04.784503,0.999999994310242,lstm
DEV-000015,EVT-0005323,2026-06-15 02:24:45.733181,0.9999981824391238,lstm
DEV-000015,EVT-0005324,2026-06-15 02:25:19.603331,0.9999035168309636,lstm
SVC-000018,EVT-0005325,2026-06-15 02:28:08.360073,0.3448980341147137,lstm
SVC-000018,EVT-0005326,2026-06-15 02:28:57.799803,0.5377905523942567,lstm
DEV-000012,EVT-0005327,2026-06-15 02:33:01.974579,0.23329384119857097,lstm
DEV-000020,EVT-0005328,2026-06-15 02:34:21.255667,0.46010977922019153,lstm
SVC-000018,EVT-0005329,2026-06-15 02:34:58.321380,0.5218307505990227,lstm
SVC-000041,EVT-0005330,2026-06-15 02:39:05.423414,0.5437467258483789,lstm
SVC-000041,EVT-0005331,2026-06-15 02:41:33.757284,0.9222678260085486,lstm
DEV-000011,EVT-0005332,2026-06-15 02:49:54.111786,0.30823254951960893,lstm
DEV-000007,EVT-0005333,2026-06-15 02:50:39.636977,0.1823289727603435,lstm
SVC-000018,EVT-0005334,2026-06-15 02:56:10.396310,0.48706905367919645,lstm
DEV-000023,EVT-0005335,2026-06-15 02:58:53.021745,0.8545724381936711,lstm
DEV-000020,EVT-0005336,2026-06-15 03:08:15.180316,0.5971965246308568,lstm
SVC-000041,EVT-0005337,2026-06-15 03:08:16.864047,0.3859737087428148,lstm
SVC-000041,EVT-0005338,2026-06-15 03:12:42.849499,0.8727587178385915,lstm
SVC-000018,EVT-0005339,2026-06-15 03:13:04.887501,0.5085989086543385,lstm
SVC-000041,EVT-0005340,2026-06-15 03:16:29.342005,0.5184385567857653,lstm
SVC-000018,EVT-0005341,2026-06-15 03:22:01.414610,0.37554028115700655,lstm
SVC-000018,EVT-0005342,2026-06-15 03:23:19.979618,0.45914867532429615,lstm
DEV-000016,EVT-0005343,2026-06-15 03:24:51.382562,0.3924620445653184,lstm
DEV-000017,EVT-0005344,2026-06-15 03:25:21.796179,0.5760721249682506,lstm
SVC-000019,EVT-0005345,2026-06-15 03:34:26.739806,0.9964416631941531,lstm
SVC-000015,EVT-0005346,2026-06-15 03:39:33.909597,0.959747573510634,lstm
DEV-000002,EVT-0005347,2026-06-15 03:40:32.774237,0.35316916739979465,lstm
SVC-000018,EVT-0005348,2026-06-15 03:51:28.646400,0.5019122788801985,lstm
DEV-000023,EVT-0005349,2026-06-15 03:58:29.421546,0.78626737429995,lstm
USR-000113,EVT-0005350,2026-06-15 04:07:29.434417,0.44061117498886754,lstm
SVC-000020,EVT-0005351,2026-06-15 04:08:32.328586,0.9965015436255303,lstm
USR-000111,EVT-0005352,2026-06-15 04:09:55.622493,0.7662465230058514,lstm
USR-000207,EVT-0005353,2026-06-15 04:10:24.618835,0.6792986730777096,lstm
USR-000163,EVT-0005354,2026-06-15 04:17:58.928940,0.9045730314789808,baseline_fallback
SVC-000020,EVT-0005355,2026-06-15 04:21:07.293235,0.7556431063650396,lstm
DEV-000005,EVT-0005356,2026-06-15 04:23:25.540817,0.32804238357454385,lstm
SVC-000019,EVT-0005357,2026-06-15 04:24:03.990186,0.3573800790581864,lstm
DEV-000023,EVT-0005358,2026-06-15 04:28:09.784718,0.7398864811848613,lstm
USR-000113,EVT-0005359,2026-06-15 04:29:53.437019,0.3798139479891811,lstm
SVC-000007,EVT-0005360,2026-06-15 04:32:29.778706,0.9876943768104862,lstm
DEV-000012,EVT-0005361,2026-06-15 04:32:50.924449,0.23151595408922554,lstm
DEV-000018,EVT-0005362,2026-06-15 04:34:44.224012,0.6418559403367629,lstm
USR-000067,EVT-0005363,2026-06-15 04:35:40.149740,0.7235152468358816,baseline_fallback
SVC-000015,EVT-0005364,2026-06-15 04:38:05.806018,0.4288683030637328,lstm
DEV-000003,EVT-0005365,2026-06-15 04:44:31.436326,0.3069629334761937,lstm
SVC-000019,EVT-0005366,2026-06-15 04:45:12.579286,0.25287012075392534,lstm
SVC-000007,EVT-0005367,2026-06-15 04:47:41.812050,0.49674191772089077,lstm
DEV-000009,EVT-0005368,2026-06-15 04:51:12.661782,0.22812945919528316,lstm
SVC-000020,EVT-0005369,2026-06-15 04:54:07.560859,0.6047573732189947,lstm
SVC-000015,EVT-0005370,2026-06-15 04:55:09.106026,0.32958793176706613,lstm
USR-000067,EVT-0005371,2026-06-15 04:56:27.650234,0.7167119959283591,baseline_fallback
SVC-000007,EVT-0005372,2026-06-15 04:58:53.019837,0.24784501695087743,lstm
USR-000067,EVT-0005373,2026-06-15 04:59:50.536597,0.6743574900698435,baseline_fallback
SVC-000007,EVT-0005374,2026-06-15 05:01:25.345972,0.49776688933739355,lstm
SVC-000019,EVT-0005375,2026-06-15 05:01:42.720427,0.22360191527819534,lstm
SVC-000019,EVT-0005376,2026-06-15 05:03:04.072689,0.47255364724948273,lstm
DEV-000023,EVT-0005377,2026-06-15 05:07:06.335972,0.8055217519108162,lstm
SVC-000019,EVT-0005378,2026-06-15 05:09:00.248468,0.31245676452750804,lstm
USR-000076,EVT-0005379,2026-06-15 05:11:10.408536,0.5296860446987536,lstm
USR-000082,EVT-0005380,2026-06-15 05:12:17.828606,0.720602983178127,baseline_fallback
SVC-000015,EVT-0005381,2026-06-15 05:12:33.441292,0.482256602743196,lstm
SVC-000031,EVT-0005382,2026-06-15 05:13:26.627069,0.9799509620622342,lstm
SVC-000015,EVT-0005383,2026-06-15 05:21:46.101246,0.3957627266678076,lstm
SVC-000015,EVT-0005384,2026-06-15 05:24:39.785257,0.40723457770659255,lstm
SVC-000007,EVT-0005385,2026-06-15 05:24:56.600417,0.27713578292373076,lstm
SVC-000019,EVT-0005386,2026-06-15 05:26:40.332155,0.2909188029513741,lstm
SVC-000007,EVT-0005387,2026-06-15 05:28:19.926299,0.28008495449918297,lstm
USR-000039,EVT-0005388,2026-06-15 05:28:55.513616,0.6573479737971174,baseline_fallback
DEV-000026,EVT-0005389,2026-06-15 05:29:01.357429,0.5997481115739853,lstm
SVC-000007,EVT-0005390,2026-06-15 05:30:13.953805,0.3798703588409576,lstm
SVC-000019,EVT-0005391,2026-06-15 05:33:48.741109,0.2985528088977579,lstm
DEV-000023,EVT-0005392,2026-06-15 05:34:33.314454,0.6309008816559963,lstm
SVC-000019,EVT-0005393,2026-06-15 05:38:06.053305,0.32115855699836465,lstm
SVC-000031,EVT-0005394,2026-06-15 05:43:15.378366,0.4011361398574356,lstm
SVC-000009,EVT-0005395,2026-06-15 05:43:46.211215,0.9531651846073396,lstm
SVC-000009,EVT-0005396,2026-06-15 05:44:43.813769,0.8484669312550603,lstm
SVC-000019,EVT-0005397,2026-06-15 05:44:58.967778,0.2860416506152373,lstm
DEV-000022,EVT-0005398,2026-06-15 05:46:55.619202,0.7664137992777574,lstm
SVC-000019,EVT-0005399,2026-06-15 05:47:15.736839,0.7384424626426238,lstm
SVC-000019,EVT-0005400,2026-06-15 05:48:53.853356,0.45247196024286734,lstm
SVC-000015,EVT-0005401,2026-06-15 05:50:33.129524,0.33115097610796806,lstm
USR-000103,EVT-0005402,2026-06-15 05:50:47.183352,0.6318791200514094,baseline_fallback
SVC-000007,EVT-0005403,2026-06-15 05:50:47.633604,0.35810517536908676,lstm
SVC-000031,EVT-0005404,2026-06-15 05:52:17.205282,0.40234727250967706,lstm
SVC-000009,EVT-0005405,2026-06-15 05:53:50.016564,0.39554266084621037,lstm
SVC-000009,EVT-0005406,2026-06-15 05:58:29.645962,0.6865663761965756,lstm
SVC-000009,EVT-0005407,2026-06-15 05:59:54.800868,0.6480980277736862,lstm
SVC-000009,EVT-0005408,2026-06-15 06:03:21.388808,0.6480848996252181,lstm
SVC-000031,EVT-0005409,2026-06-15 06:06:02.360475,0.47491220241343357,lstm
SVC-000009,EVT-0005410,2026-06-15 06:06:28.768976,0.6231696101914099,lstm
USR-000162,EVT-0005411,2026-06-15 06:06:50.063959,0.46393942949502237,lstm
SVC-000009,EVT-0005412,2026-06-15 06:09:24.060752,0.6930680426028059,lstm
SVC-000009,EVT-0005413,2026-06-15 06:09:43.452220,0.7002311351065438,lstm
DEV-000026,EVT-0005414,2026-06-15 06:21:48.312477,0.48742072631099753,lstm
USR-000090,EVT-0005415,2026-06-15 06:23:14.914500,0.9999999999999996,lstm
SVC-000009,EVT-0005416,2026-06-15 06:24:00.988442,0.38804564469236014,lstm
SVC-000009,EVT-0005417,2026-06-15 06:25:05.905911,0.5344516662071086,lstm
SVC-000009,EVT-0005418,2026-06-15 06:25:09.667996,0.6906704834291564,lstm
SVC-000031,EVT-0005419,2026-06-15 06:27:35.188377,0.315877451565886,lstm
SVC-000031,EVT-0005420,2026-06-15 06:28:19.039562,0.6789460338186419,lstm
SVC-000031,EVT-0005421,2026-06-15 06:28:47.674614,0.6986051887478006,lstm
USR-000119,EVT-0005422,2026-06-15 06:30:21.323029,0.6221950530629367,baseline_fallback
SVC-000040,EVT-0005423,2026-06-15 06:35:40.452483,0.9269497933613764,lstm
USR-000099,EVT-0005424,2026-06-15 06:37:54.441846,0.9678263876755852,baseline_fallback
SVC-000009,EVT-0005425,2026-06-15 06:40:45.898969,0.5191619168256054,lstm
SVC-000009,EVT-0005426,2026-06-15 06:41:15.564454,0.48195536314699183,lstm
SVC-000031,EVT-0005427,2026-06-15 06:44:21.026712,0.5495176103705021,lstm
SVC-000031,EVT-0005428,2026-06-15 06:44:50.838926,0.5474271802675161,lstm
SVC-000031,EVT-0005429,2026-06-15 06:49:43.576887,0.40263258159490883,lstm
USR-000039,EVT-0005430,2026-06-15 06:51:23.939343,0.8722520372199627,baseline_fallback
DEV-000011,EVT-0005431,2026-06-15 06:52:24.298342,0.36507200103507254,lstm
SVC-000031,EVT-0005432,2026-06-15 06:53:46.710312,0.7057554661173289,lstm
SVC-000055,EVT-0005433,2026-06-15 06:57:56.904026,0.9857500249434098,lstm
USR-000026,EVT-0005434,2026-06-15 07:02:45.445321,0.497794537755575,baseline_fallback
SVC-000016,EVT-0005435,2026-06-15 07:05:16.888955,0.9891918967131688,lstm
USR-000167,EVT-0005436,2026-06-15 07:08:25.122334,0.5749924448714582,lstm
USR-000058,EVT-0005437,2026-06-15 07:08:50.642479,0.7775641929465201,lstm
SVC-000009,EVT-0005438,2026-06-15 07:09:07.769160,0.7149192475395084,lstm
DEV-000010,EVT-0005439,2026-06-15 07:10:42.322187,0.8937674586424819,lstm
DEV-000024,EVT-0005440,2026-06-15 07:10:43.645186,0.5905460171549928,lstm
SVC-000031,EVT-0005441,2026-06-15 07:12:04.166520,0.36541752596729704,lstm
SVC-000055,EVT-0005442,2026-06-15 07:12:15.430076,0.5057298861820226,lstm
SVC-000009,EVT-0005443,2026-06-15 07:12:22.358100,0.4874537510016663,lstm
USR-000051,EVT-0005444,2026-06-15 07:17:47.974768,0.6011016934245865,lstm
SVC-000051,EVT-0005445,2026-06-15 07:18:01.169961,0.9747878005342546,lstm
USR-000167,EVT-0005446,2026-06-15 07:18:35.406011,0.3460582033617657,lstm
USR-000172,EVT-0005447,2026-06-15 07:19:43.267363,0.46914218608610647,baseline_fallback
SVC-000011,EVT-0005448,2026-06-15 07:23:22.722248,0.9943735745760026,lstm
USR-000177,EVT-0005449,2026-06-15 07:24:16.197947,0.8414618535440005,baseline_fallback
SVC-000055,EVT-0005450,2026-06-15 07:24:32.964340,0.3433866774707073,lstm
USR-000058,EVT-0005451,2026-06-15 07:25:20.127955,0.5852863820469036,lstm
SVC-000040,EVT-0005452,2026-06-15 07:34:01.235179,0.24653948360903244,lstm
SVC-000055,EVT-0005453,2026-06-15 07:34:39.172849,0.3191779899353366,lstm
DEV-000004,EVT-0005454,2026-06-15 07:37:32.681748,0.82299294106198,lstm
SVC-000011,EVT-0005455,2026-06-15 07:37:40.695483,0.76704810511665,lstm
SVC-000055,EVT-0005456,2026-06-15 07:38:53.680837,0.4044718257784951,lstm
SVC-000011,EVT-0005457,2026-06-15 07:39:31.511145,0.5548144215725822,lstm
SVC-000040,EVT-0005458,2026-06-15 07:40:26.815448,0.48443061077232596,lstm
SVC-000009,EVT-0005459,2026-06-15 07:41:55.496071,0.5621581811312795,lstm
SVC-000011,EVT-0005460,2026-06-15 07:42:37.211260,0.5061841313200487,lstm
USR-000182,EVT-0005461,2026-06-15 07:44:34.100907,0.3946073536345181,lstm
SVC-000031,EVT-0005462,2026-06-15 07:45:11.048040,0.4087814716821976,lstm
USR-000128,EVT-0005463,2026-06-15 07:45:35.254983,0.5935725451345711,baseline_fallback
USR-000155,EVT-0005464,2026-06-15 07:45:47.610647,0.9852229033365573,lstm
DEV-000016,EVT-0005465,2026-06-15 07:45:47.639293,0.6197785778298313,lstm
SVC-000055,EVT-0005466,2026-06-15 07:45:50.122062,0.31411732512363016,lstm
DEV-000011,EVT-0005467,2026-06-15 07:47:40.016636,0.31236186200932065,lstm
USR-000048,EVT-0005468,2026-06-15 07:49:23.020756,0.5596766008259442,lstm
SVC-000031,EVT-0005469,2026-06-15 07:49:40.234896,0.44145104777945726,lstm
SVC-000040,EVT-0005470,2026-06-15 07:49:55.168291,0.365308813713005,lstm
SVC-000055,EVT-0005471,2026-06-15 07:51:02.177467,0.854210359957873,lstm
SVC-000031,EVT-0005472,2026-06-15 07:52:45.485960,0.46038128624228214,lstm
SVC-000011,EVT-0005473,2026-06-15 07:53:55.826629,0.36299493441167735,lstm
USR-000019,EVT-0005474,2026-06-15 07:55:50.974480,0.7018470865942908,lstm
USR-000051,EVT-0005475,2026-06-15 07:59:13.184221,0.399407713184076,lstm
SVC-000031,EVT-0005476,2026-06-15 08:00:35.492456,0.3774644934653781,lstm
USR-000162,EVT-0005477,2026-06-15 08:01:53.425331,0.4637171566416989,lstm
SVC-000040,EVT-0005478,2026-06-15 08:02:51.723550,0.3894790936224722,lstm
USR-000090,EVT-0005479,2026-06-15 08:04:55.139580,0.7435884412541381,lstm
SVC-000011,EVT-0005480,2026-06-15 08:06:58.727109,0.31453122244169557,lstm
DEV-000026,EVT-0005481,2026-06-15 08:07:05.962200,0.44293225799829156,lstm
SVC-000040,EVT-0005482,2026-06-15 08:07:21.982884,0.5082024530456687,lstm
USR-000019,EVT-0005483,2026-06-15 08:07:22.676846,0.6957174943433962,lstm
SVC-000030,EVT-0005484,2026-06-15 08:07:30.442630,0.9452619366666932,lstm
SVC-000031,EVT-0005485,2026-06-15 08:08:17.533337,0.3577457861234359,lstm
SVC-000011,EVT-0005486,2026-06-15 08:09:14.576767,0.41024937837902975,lstm
SVC-000040,EVT-0005487,2026-06-15 08:09:23.369714,0.5387179589202703,lstm
SVC-000040,EVT-0005488,2026-06-15 08:10:20.743518,0.5807971998770178,lstm
SVC-000030,EVT-0005489,2026-06-15 08:10:36.751811,0.9122308604655398,lstm
USR-000118,EVT-0005490,2026-06-15 08:10:39.060780,0.4749084647341107,baseline_fallback
USR-000155,EVT-0005491,2026-06-15 08:11:33.256131,0.9263464436309797,lstm
DEV-000005,EVT-0005492,2026-06-15 08:13:27.582337,0.3021177141667049,lstm
USR-000026,EVT-0005493,2026-06-15 08:13:39.560907,0.5830016502650863,baseline_fallback
SVC-000011,EVT-0005494,2026-06-15 08:16:19.269546,0.2962032708764117,lstm
USR-000208,EVT-0005495,2026-06-15 08:17:38.202285,0.7428670830953547,baseline_fallback
USR-000039,EVT-0005496,2026-06-15 08:18:59.118895,0.5538156875711172,baseline_fallback
DEV-000018,EVT-0005497,2026-06-15 08:20:32.861525,0.5942988094692302,lstm
SVC-000042,EVT-0005498,2026-06-15 08:21:53.916448,0.9790584534766267,lstm
SVC-000024,EVT-0005499,2026-06-15 08:23:46.142170,0.9864591212713385,lstm
SVC-000046,EVT-0005500,2026-06-15 08:24:19.563307,0.9981666045831783,lstm
USR-000047,EVT-0005501,2026-06-15 08:24:30.132477,0.767056263493818,baseline_fallback
DEV-000023,EVT-0005502,2026-06-15 08:24:37.819480,0.49724096883819496,lstm
USR-000182,EVT-0005503,2026-06-15 08:25:14.935337,0.42523884483392443,lstm
USR-000048,EVT-0005504,2026-06-15 08:26:30.333323,0.3783770811370609,lstm
SVC-000031,EVT-0005505,2026-06-15 08:28:26.643326,0.40316930651296357,lstm
USR-000172,EVT-0005506,2026-06-15 08:29:25.018814,0.4832350573583386,baseline_fallback
SVC-000046,EVT-0005507,2026-06-15 08:29:44.871057,0.3079592188391029,lstm
SVC-000046,EVT-0005508,2026-06-15 08:31:35.965347,0.5700039495799376,lstm
SVC-000042,EVT-0005509,2026-06-15 08:33:32.554479,0.33439615620165,lstm
SVC-000046,EVT-0005510,2026-06-15 08:36:33.256828,0.27353093901186165,lstm
SVC-000011,EVT-0005511,2026-06-15 08:37:04.092407,0.2881267613554869,lstm
USR-000162,EVT-0005512,2026-06-15 08:38:26.245336,0.43080083203197106,lstm
USR-000158,EVT-0005513,2026-06-15 08:38:51.134793,0.41916014033437726,baseline_fallback
USR-000112,EVT-0005514,2026-06-15 08:41:43.083155,0.49138768377687975,baseline_fallback
USR-000050,EVT-0005515,2026-06-15 08:42:10.390989,0.7700490548089433,baseline_fallback
SVC-000053,EVT-0005516,2026-06-15 08:42:51.808049,0.9966795724831098,lstm
USR-000093,EVT-0005517,2026-06-15 08:43:15.648566,0.40553865126823563,baseline_fallback
USR-000162,EVT-0005518,2026-06-15 08:43:38.818448,0.5153112994319168,lstm
SVC-000016,EVT-0005519,2026-06-15 08:44:52.090691,0.4003553725508152,lstm
USR-000001,EVT-0005520,2026-06-15 08:45:28.572438,0.45998897104758907,baseline_fallback
SVC-000055,EVT-0005521,2026-06-15 08:45:40.603136,0.42125643986707156,lstm
SVC-000051,EVT-0005522,2026-06-15 08:46:38.476930,0.5327236410087084,lstm
USR-000059,EVT-0005523,2026-06-15 08:47:39.982745,0.44662434462057105,baseline_fallback
SVC-000011,EVT-0005524,2026-06-15 08:48:37.963741,0.36228908036938123,lstm
USR-000018,EVT-0005525,2026-06-15 08:50:50.628252,0.45732634429456515,baseline_fallback
DEV-000003,EVT-0005526,2026-06-15 08:51:04.874203,0.4328976377992074,lstm
USR-000019,EVT-0005527,2026-06-15 08:53:01.115138,0.4479288554920779,lstm
SVC-000042,EVT-0005528,2026-06-15 08:54:18.895764,0.29406463385859016,lstm
USR-000138,EVT-0005529,2026-06-15 08:54:26.209278,0.4356371650821033,lstm
USR-000173,EVT-0005530,2026-06-15 08:55:49.718515,0.4067718134617367,baseline_fallback
USR-000029,EVT-0005531,2026-06-15 08:56:15.147974,0.5389142138107179,baseline_fallback
SVC-000051,EVT-0005532,2026-06-15 08:56:47.306804,0.4605482097368746,lstm
USR-000067,EVT-0005533,2026-06-15 08:57:00.331968,0.44034683748604725,baseline_fallback
SVC-000024,EVT-0005534,2026-06-15 08:57:02.099435,0.4860688056244744,lstm
USR-000039,EVT-0005535,2026-06-15 08:57:14.970109,0.406022174797983,baseline_fallback
SVC-000011,EVT-0005536,2026-06-15 08:58:45.057978,0.2933021995572125,lstm
SVC-000024,EVT-0005537,2026-06-15 08:59:34.408256,0.4076109141368776,lstm
DEV-000022,EVT-0005538,2026-06-15 09:00:06.395364,0.5811708249575729,lstm
USR-000047,EVT-0005539,2026-06-15 09:00:11.820762,0.7698523134601319,baseline_fallback
USR-000095,EVT-0005540,2026-06-15 09:00:30.321496,0.44346132165287916,baseline_fallback
USR-000039,EVT-0005541,2026-06-15 09:00:38.887644,0.44345057833591395,baseline_fallback
SVC-000053,EVT-0005542,2026-06-15 09:01:33.767103,0.9182752651928595,lstm
SVC-000046,EVT-0005543,2026-06-15 09:02:25.404135,0.2761200986788765,lstm
USR-000016,EVT-0005544,2026-06-15 09:02:50.890865,0.9156673501961599,baseline_fallback
USR-000078,EVT-0005545,2026-06-15 09:05:16.977440,0.355650178766979,baseline_fallback
USR-000031,EVT-0005546,2026-06-15 09:06:08.747545,0.4781291368343877,lstm
USR-000119,EVT-0005547,2026-06-15 09:06:49.922877,0.3446142172383445,baseline_fallback
SVC-000039,EVT-0005548,2026-06-15 09:08:04.465848,0.9813729996134962,lstm
SVC-000046,EVT-0005549,2026-06-15 09:08:16.450120,0.5733145967884589,lstm
SVC-000016,EVT-0005550,2026-06-15 09:08:43.322931,0.2951542763210205,lstm
DEV-000013,EVT-0005551,2026-06-15 09:09:28.607357,0.8459403480556833,lstm
USR-000199,EVT-0005552,2026-06-15 09:09:48.630966,0.4004504085129943,baseline_fallback
SVC-000024,EVT-0005553,2026-06-15 09:12:02.555825,0.3227419464634038,lstm
SVC-000008,EVT-0005554,2026-06-15 09:12:13.905169,0.9997993829749986,lstm
SVC-000011,EVT-0005555,2026-06-15 09:12:43.279595,0.32459678003977066,lstm
USR-000162,EVT-0005556,2026-06-15 09:12:57.585822,0.5562304434547503,lstm
SVC-000024,EVT-0005557,2026-06-15 09:13:57.203448,0.4083092403144311,lstm
SVC-000046,EVT-0005558,2026-06-15 09:14:22.652866,0.4186700178479838,lstm
USR-000129,EVT-0005559,2026-06-15 09:14:38.977872,0.47571873158988015,lstm
USR-000078,EVT-0005560,2026-06-15 09:15:29.096856,0.3381932246829826,baseline_fallback
SVC-000011,EVT-0005561,2026-06-15 09:16:01.681055,0.36981328527428564,lstm
SVC-000013,EVT-0005562,2026-06-15 09:16:37.108169,0.9956019892800374,lstm
USR-000008,EVT-0005563,2026-06-15 09:18:49.151631,0.7442450176030132,baseline_fallback
SVC-000024,EVT-0005564,2026-06-15 09:19:33.987651,0.44374814448938826,lstm
USR-000066,EVT-0005565,2026-06-15 09:19:48.399463,0.39063119553511827,baseline_fallback
DEV-000007,EVT-0005566,2026-06-15 09:19:53.891114,0.2676663048616364,lstm
USR-000177,EVT-0005567,2026-06-15 09:20:43.219765,0.39839683202581583,baseline_fallback
SVC-000016,EVT-0005568,2026-06-15 09:20:52.717608,0.3702979811417679,lstm
USR-000022,EVT-0005569,2026-06-15 09:21:16.784891,0.36992756430544355,baseline_fallback
USR-000022,EVT-0005570,2026-06-15 09:21:49.551252,0.7622255583541429,lstm
USR-000022,EVT-0005571,2026-06-15 09:22:07.725828,0.6466502065825014,lstm
USR-000111,EVT-0005572,2026-06-15 09:23:09.063033,0.4224319826410833,lstm
SVC-000011,EVT-0005573,2026-06-15 09:23:32.397984,0.44466427964826627,lstm
USR-000177,EVT-0005574,2026-06-15 09:25:54.345247,0.7495498097463734,lstm
USR-000057,EVT-0005575,2026-06-15 09:31:43.992922,0.3761962688494904,baseline_fallback
USR-000167,EVT-0005576,2026-06-15 09:32:18.558442,0.26797348152480116,lstm
USR-000102,EVT-0005577,2026-06-15 09:32:51.847499,0.7708620685818377,baseline_fallback
SVC-000053,EVT-0005578,2026-06-15 09:33:30.739158,0.7046091895904246,lstm
USR-000092,EVT-0005579,2026-06-15 09:33:33.386763,0.6814389029590093,baseline_fallback
USR-000066,EVT-0005580,2026-06-15 09:34:25.778323,0.41613795214172755,baseline_fallback
SVC-000024,EVT-0005581,2026-06-15 09:35:25.375304,0.3157235531055551,lstm
SVC-000016,EVT-0005582,2026-06-15 09:35:58.297912,0.30725946806331594,lstm
USR-000058,EVT-0005583,2026-06-15 09:36:12.196608,0.4451644800622002,lstm
SVC-000016,EVT-0005584,2026-06-15 09:36:37.071579,0.9449723601726305,lstm
DEV-000013,EVT-0005585,2026-06-15 09:37:07.286109,0.7112595306979956,lstm
SVC-000042,EVT-0005586,2026-06-15 09:37:16.298515,0.2519602654677648,lstm
USR-000066,EVT-0005587,2026-06-15 09:38:17.235931,0.37606759841383164,baseline_fallback
SVC-000013,EVT-0005588,2026-06-15 09:38:25.507558,0.6566121544471885,lstm
USR-000180,EVT-0005589,2026-06-15 09:38:39.344166,0.8102130466579912,lstm
SVC-000042,EVT-0005590,2026-06-15 09:41:56.347321,0.28722060182573816,lstm
USR-000071,EVT-0005591,2026-06-15 09:42:37.389647,0.6535054834342023,baseline_fallback
USR-000102,EVT-0005592,2026-06-15 09:44:24.882118,0.7167219443231447,baseline_fallback
USR-000129,EVT-0005593,2026-06-15 09:45:01.841501,0.37288812863103626,lstm
USR-000138,EVT-0005594,2026-06-15 09:45:31.581085,0.4479525894567708,lstm
USR-000069,EVT-0005595,2026-06-15 09:45:40.640295,0.7634754420652474,baseline_fallback
USR-000172,EVT-0005596,2026-06-15 09:45:47.685111,0.9999999999964597,lstm
USR-000176,EVT-0005597,2026-06-15 09:46:16.230240,0.683681946086454,baseline_fallback
USR-000169,EVT-0005598,2026-06-15 09:46:58.281661,0.37717684150196285,baseline_fallback
SVC-000053,EVT-0005599,2026-06-15 09:47:38.633158,0.3807768635243981,lstm
DEV-000009,EVT-0005600,2026-06-15 09:48:26.765442,0.22683093336245402,lstm
USR-000031,EVT-0005601,2026-06-15 09:48:33.873900,0.29165457055386024,lstm
USR-000155,EVT-0005602,2026-06-15 09:48:58.709211,1.0,lstm
SVC-000030,EVT-0005603,2026-06-15 09:51:37.491280,0.4554529363309712,lstm
SVC-000042,EVT-0005604,2026-06-15 09:52:48.794984,0.2512544488357174,lstm
SVC-000039,EVT-0005605,2026-06-15 09:56:30.570105,0.3631570335317348,lstm
SVC-000039,EVT-0005606,2026-06-15 09:56:37.267750,0.764068880382206,lstm
SVC-000024,EVT-0005607,2026-06-15 09:59:28.681698,0.37247452442369006,lstm
USR-000058,EVT-0005608,2026-06-15 09:59:38.820022,0.4390211669093126,lstm
SVC-000001,EVT-0005609,2026-06-15 09:59:49.318761,0.9753355261606436,lstm
USR-000043,EVT-0005610,2026-06-15 10:00:16.206373,0.35605054973463635,baseline_fallback
USR-000019,EVT-0005611,2026-06-15 10:00:41.115437,0.36189190031442164,lstm
SVC-000042,EVT-0005612,2026-06-15 10:02:52.039941,0.21498357047284847,lstm
SVC-000039,EVT-0005613,2026-06-15 10:04:05.606482,0.5193061482189829,lstm
USR-000076,EVT-0005614,2026-06-15 10:04:22.608091,0.30192383220969055,lstm
SVC-000042,EVT-0005615,2026-06-15 10:05:22.828292,0.2981467872498512,lstm
USR-000103,EVT-0005616,2026-06-15 10:06:12.677985,0.45506746702065964,baseline_fallback
SVC-000042,EVT-0005617,2026-06-15 10:07:00.112398,0.3721204722913965,lstm
SVC-000013,EVT-0005618,2026-06-15 10:08:01.797529,0.93077321330712,lstm
USR-000066,EVT-0005619,2026-06-15 10:08:50.798833,0.7686030493514733,lstm
USR-000019,EVT-0005620,2026-06-15 10:09:03.956676,0.3548958741768097,lstm
SVC-000039,EVT-0005621,2026-06-15 10:10:40.318491,0.43641493150960436,lstm
USR-000038,EVT-0005622,2026-06-15 10:13:59.193969,0.7342420647994236,lstm
SVC-000013,EVT-0005623,2026-06-15 10:14:46.791170,0.6131471288724981,lstm
USR-000111,EVT-0005624,2026-06-15 10:15:43.997099,0.8018521884008433,lstm
SVC-000024,EVT-0005625,2026-06-15 10:15:47.449061,0.29933095821956873,lstm
SVC-000013,EVT-0005626,2026-06-15 10:19:48.144248,0.39165232110665094,lstm
USR-000151,EVT-0005627,2026-06-15 10:19:57.070186,0.4751908157040158,lstm
SVC-000016,EVT-0005628,2026-06-15 10:21:17.723209,0.48748046465326134,lstm
SVC-000030,EVT-0005629,2026-06-15 10:22:31.261177,0.7337004574667333,lstm
DEV-000023,EVT-0005630,2026-06-15 10:22:38.657860,0.392473316677635,lstm
SVC-000042,EVT-0005631,2026-06-15 10:22:51.193452,0.5913455176100821,lstm
SVC-000013,EVT-0005632,2026-06-15 10:24:13.517882,0.530390661927682,lstm
USR-000182,EVT-0005633,2026-06-15 10:25:38.247260,0.2590817308366722,lstm
SVC-000013,EVT-0005634,2026-06-15 10:29:04.695654,0.4992116503613728,lstm
USR-000098,EVT-0005635,2026-06-15 10:31:00.340312,0.4104123925377326,baseline_fallback
SVC-000053,EVT-0005636,2026-06-15 10:31:24.268076,0.4847436312830081,lstm
USR-000031,EVT-0005637,2026-06-15 10:32:53.036166,0.25505796649064677,lstm
USR-000118,EVT-0005638,2026-06-15 10:33:34.160820,0.6277449196329914,baseline_fallback
USR-000093,EVT-0005639,2026-06-15 10:34:03.395643,0.3583777553016769,baseline_fallback
USR-000066,EVT-0005640,2026-06-15 10:34:45.785972,0.5482846548930675,lstm
USR-000059,EVT-0005641,2026-06-15 10:35:14.429323,0.3767903024123776,baseline_fallback
USR-000111,EVT-0005642,2026-06-15 10:35:40.050637,0.2750491269993118,lstm
SVC-000039,EVT-0005643,2026-06-15 10:35:51.009065,0.3940912844447391,lstm
USR-000094,EVT-0005644,2026-06-15 10:36:02.566658,0.37667540567805347,baseline_fallback
SVC-000042,EVT-0005645,2026-06-15 10:37:37.043264,0.2463873190584061,lstm
USR-000039,EVT-0005646,2026-06-15 10:38:02.045056,0.3016696723526653,baseline_fallback
SVC-000039,EVT-0005647,2026-06-15 10:39:42.790188,0.4210783457806196,lstm
USR-000155,EVT-0005648,2026-06-15 10:40:06.761425,0.9897023034585307,lstm
USR-000142,EVT-0005649,2026-06-15 10:40:49.214408,0.49842136403009174,baseline_fallback
USR-000084,EVT-0005650,2026-06-15 10:42:00.557781,0.34772085306444184,baseline_fallback
SVC-000042,EVT-0005651,2026-06-15 10:42:10.622305,0.2791209326988365,lstm
SVC-000016,EVT-0005652,2026-06-15 10:42:39.373686,0.4130794177671242,lstm
DEV-000017,EVT-0005653,2026-06-15 10:43:37.693078,0.6631151928338163,lstm
SVC-000053,EVT-0005654,2026-06-15 10:44:16.410845,0.4026740475754749,lstm
USR-000162,EVT-0005655,2026-06-15 10:44:17.880278,0.8910670315472284,lstm
USR-000099,EVT-0005656,2026-06-15 10:44:54.667503,0.662792022872915,baseline_fallback
USR-000006,EVT-0005657,2026-06-15 10:45:21.599612,0.31475063177128143,baseline_fallback
SVC-000053,EVT-0005658,2026-06-15 10:45:33.461812,0.4840120471895225,lstm
USR-000158,EVT-0005659,2026-06-15 10:47:24.136114,0.6313568407907958,baseline_fallback
SVC-000039,EVT-0005660,2026-06-15 10:47:24.424721,0.504017719039228,lstm
SVC-000053,EVT-0005661,2026-06-15 10:48:17.452981,0.5767921225120379,lstm
USR-000170,EVT-0005662,2026-06-15 10:50:29.097716,0.3037160632805429,baseline_fallback
USR-000059,EVT-0005663,2026-06-15 10:52:51.637086,0.3208480483699669,baseline_fallback
SVC-000016,EVT-0005664,2026-06-15 10:53:09.226176,0.28185701793730567,lstm
SVC-000021,EVT-0005665,2026-06-15 10:53:55.731306,0.998243121555329,lstm
DEV-000004,EVT-0005666,2026-06-15 10:55:22.395799,0.41089259944988993,lstm
DEV-000012,EVT-0005667,2026-06-15 10:55:26.975732,0.36255409847225334,lstm
SVC-000053,EVT-0005668,2026-06-15 10:57:03.380333,0.45084634592931566,lstm
SVC-000016,EVT-0005669,2026-06-15 10:58:34.697040,0.4480138866666861,lstm
USR-000171,EVT-0005670,2026-06-15 10:58:54.229632,0.4017524188162582,baseline_fallback
SVC-000016,EVT-0005671,2026-06-15 10:59:29.997882,0.6661025709322344,lstm
SVC-000008,EVT-0005672,2026-06-15 10:59:49.512389,0.9630570298992788,lstm
USR-000097,EVT-0005673,2026-06-15 11:01:19.139736,0.3612988408516778,baseline_fallback
DEV-000019,EVT-0005674,2026-06-15 11:01:47.842754,0.5979738988955179,baseline_fallback
SVC-000013,EVT-0005675,2026-06-15 11:02:10.732733,0.5747744152847006,lstm
USR-000019,EVT-0005676,2026-06-15 11:03:39.687786,0.39354655358102747,lstm
USR-000167,EVT-0005677,2026-06-15 11:03:49.671394,0.46892416670966947,lstm
SVC-000001,EVT-0005678,2026-06-15 11:03:58.417159,0.4982122336462635,lstm
USR-000147,EVT-0005679,2026-06-15 11:06:45.219351,0.2813563480120952,baseline_fallback
USR-000171,EVT-0005680,2026-06-15 11:07:05.789616,0.4020451496177494,baseline_fallback
USR-000139,EVT-0005681,2026-06-15 11:07:45.237027,0.6841295465587436,baseline_fallback
SVC-000013,EVT-0005682,2026-06-15 11:08:09.797988,0.6290110305313281,lstm
DEV-000006,EVT-0005683,2026-06-15 11:09:16.680557,0.5283032519589603,lstm
USR-000048,EVT-0005684,2026-06-15 11:10:40.619077,0.3939193281072431,lstm
USR-000111,EVT-0005685,2026-06-15 11:11:46.853454,0.24253185675252498,lstm
USR-000093,EVT-0005686,2026-06-15 11:12:17.413066,0.6857907100496543,baseline_fallback
USR-000087,EVT-0005687,2026-06-15 11:12:22.506226,0.37457891190533876,baseline_fallback
SVC-000042,EVT-0005688,2026-06-15 11:12:52.185276,0.2854268108336433,lstm
USR-000067,EVT-0005689,2026-06-15 11:13:20.036246,0.3816149472684582,baseline_fallback
SVC-000053,EVT-0005690,2026-06-15 11:13:46.865453,0.3418062386856246,lstm
USR-000023,EVT-0005691,2026-06-15 11:14:03.469939,0.27880823740058647,lstm
SVC-000050,EVT-0005692,2026-06-15 11:14:12.462832,0.971500125185163,lstm
SVC-000024,EVT-0005693,2026-06-15 11:14:36.568583,0.41985173585282437,lstm
USR-000022,EVT-0005694,2026-06-15 11:14:37.038740,0.26893840555795845,lstm
USR-000079,EVT-0005695,2026-06-15 11:14:37.198345,0.38570837958028703,baseline_fallback
USR-000047,EVT-0005696,2026-06-15 11:15:11.175734,0.3704001462680223,baseline_fallback
USR-000112,EVT-0005697,2026-06-15 11:15:21.804136,0.3375439385137811,baseline_fallback
SVC-000008,EVT-0005698,2026-06-15 11:15:58.253707,0.8188926572884047,lstm
USR-000049,EVT-0005699,2026-06-15 11:17:59.570762,0.7249231632086526,baseline_fallback
DEV-000006,EVT-0005700,2026-06-15 11:18:02.717154,0.7295870662116279,lstm
SVC-000008,EVT-0005701,2026-06-15 11:19:47.319287,0.7245428241474053,lstm
SVC-000024,EVT-0005702,2026-06-15 11:19:50.777876,0.38359217521940786,lstm
USR-000031,EVT-0005703,2026-06-15 11:20:17.292794,0.2573349402546288,lstm
USR-000174,EVT-0005704,2026-06-15 11:20:46.744279,0.4008215310980962,baseline_fallback
USR-000050,EVT-0005705,2026-06-15 11:20:48.982020,0.7113331145569298,baseline_fallback
DEV-000010,EVT-0005706,2026-06-15 11:20:53.241164,0.5113422781620567,lstm
USR-000094,EVT-0005707,2026-06-15 11:22:13.208845,0.3554561935627977,baseline_fallback
USR-000133,EVT-0005708,2026-06-15 11:23:02.188601,0.8222974445281562,lstm
USR-000029,EVT-0005709,2026-06-15 11:23:06.968160,0.3624049319041759,baseline_fallback
DEV-000025,EVT-0005710,2026-06-15 11:23:51.928095,0.85554844226547,lstm
USR-000169,EVT-0005711,2026-06-15 11:23:54.713314,0.3417860938049163,baseline_fallback
SVC-000050,EVT-0005712,2026-06-15 11:24:04.396519,0.327691800331608,lstm
USR-000049,EVT-0005713,2026-06-15 11:24:53.874584,0.6893471262278725,baseline_fallback
USR-000039,EVT-0005714,2026-06-15 11:24:54.025308,0.2880210725118979,baseline_fallback
USR-000138,EVT-0005715,2026-06-15 11:25:50.584691,0.37735212376084026,lstm
USR-000030,EVT-0005716,2026-06-15 11:26:24.872067,0.3223512556934988,baseline_fallback
DEV-000014,EVT-0005717,2026-06-15 11:27:19.055977,0.3005146342663504,baseline_fallback
USR-000001,EVT-0005718,2026-06-15 11:28:56.763546,0.8336603164879685,baseline_fallback
SVC-000053,EVT-0005719,2026-06-15 11:29:44.662406,0.5963108323348357,lstm
DEV-000005,EVT-0005720,2026-06-15 11:30:05.213525,0.3620165765742507,lstm
USR-000051,EVT-0005721,2026-06-15 11:30:44.221486,0.3161472051245204,lstm
USR-000138,EVT-0005722,2026-06-15 11:31:24.585719,0.4476537263308097,lstm
USR-000053,EVT-0005723,2026-06-15 11:31:50.409466,0.8347619355506691,baseline_fallback
SVC-000021,EVT-0005724,2026-06-15 11:32:28.650138,0.8243684186041998,lstm
USR-000038,EVT-0005725,2026-06-15 11:32:32.845576,0.4229531789734462,lstm
SVC-000021,EVT-0005726,2026-06-15 11:32:33.320292,0.7692905947620585,lstm
USR-000044,EVT-0005727,2026-06-15 11:32:48.628017,1.0,lstm
USR-000099,EVT-0005728,2026-06-15 11:33:20.665732,0.615781582731237,baseline_fallback
SVC-000016,EVT-0005729,2026-06-15 11:35:52.531647,0.43655747063366235,lstm
DEV-000017,EVT-0005730,2026-06-15 11:36:11.338920,0.4245977869583139,lstm
SVC-000021,EVT-0005731,2026-06-15 11:36:43.397827,0.3114203414443564,lstm
SVC-000039,EVT-0005732,2026-06-15 11:36:53.390347,0.336628490008139,lstm
USR-000112,EVT-0005733,2026-06-15 11:37:09.101970,0.40420766125882857,baseline_fallback
USR-000151,EVT-0005734,2026-06-15 11:38:57.534686,0.4761683928168643,lstm
USR-000112,EVT-0005735,2026-06-15 11:40:29.370856,0.33609270718212614,baseline_fallback
USR-000023,EVT-0005736,2026-06-15 11:41:52.336904,0.25623359846649435,lstm
SVC-000039,EVT-0005737,2026-06-15 11:42:17.182747,0.38923143091267554,lstm
SVC-000021,EVT-0005738,2026-06-15 11:43:00.925714,0.37872319027415985,lstm
USR-000094,EVT-0005739,2026-06-15 11:43:06.206996,0.9399394991801439,baseline_fallback
SVC-000008,EVT-0005740,2026-06-15 11:43:08.060588,0.5577126639424765,lstm
USR-000099,EVT-0005741,2026-06-15 11:43:37.286030,0.9988813687842095,lstm
USR-000162,EVT-0005742,2026-06-15 11:43:45.907954,0.48737100293660957,lstm
USR-000093,EVT-0005743,2026-06-15 11:44:43.435336,0.983952396361967,baseline_fallback
USR-000170,EVT-0005744,2026-06-15 11:45:18.181854,0.2922715072912715,baseline_fallback
USR-000190,EVT-0005745,2026-06-15 11:45:18.323146,0.30791247415411704,baseline_fallback
USR-000001,EVT-0005746,2026-06-15 11:47:24.899629,0.6136323615642766,baseline_fallback
USR-000087,EVT-0005747,2026-06-15 11:47:28.642458,0.37686045514361505,baseline_fallback
SVC-000008,EVT-0005748,2026-06-15 11:47:44.581001,0.5911651589247956,lstm
USR-000048,EVT-0005749,2026-06-15 11:48:25.722312,0.4231594354464578,lstm
USR-000026,EVT-0005750,2026-06-15 11:48:39.427966,0.36170926832369854,baseline_fallback
SVC-000053,EVT-0005751,2026-06-15 11:48:51.074883,0.2583048019106961,lstm
SVC-000021,EVT-0005752,2026-06-15 11:48:53.196616,0.5921351052009693,lstm
SVC-000021,EVT-0005753,2026-06-15 11:49:30.742268,0.7304515938836811,lstm
USR-000182,EVT-0005754,2026-06-15 11:49:38.305821,0.40687594533299765,lstm
USR-000129,EVT-0005755,2026-06-15 11:51:22.646794,0.4367590567465976,lstm
USR-000022,EVT-0005756,2026-06-15 11:52:11.823266,0.35886690980049013,lstm
SVC-000050,EVT-0005757,2026-06-15 11:52:21.584866,0.33935836112269974,lstm
SVC-000001,EVT-0005758,2026-06-15 11:52:40.234767,0.3038572723339733,lstm
SVC-000053,EVT-0005759,2026-06-15 11:52:43.162711,0.5629736020012314,lstm
USR-000174,EVT-0005760,2026-06-15 11:53:12.294185,0.38896517052079294,baseline_fallback
USR-000151,EVT-0005761,2026-06-15 11:55:23.846121,0.3328493915780061,lstm
USR-000079,EVT-0005762,2026-06-15 11:56:11.416169,0.28353380323187055,baseline_fallback
USR-000199,EVT-0005763,2026-06-15 11:56:22.288748,0.7126023368459758,baseline_fallback
SVC-000008,EVT-0005764,2026-06-15 11:57:02.091334,0.532391840674119,lstm
USR-000038,EVT-0005765,2026-06-15 11:57:35.548147,0.472560511381341,lstm
USR-000134,EVT-0005766,2026-06-15 11:59:17.813134,0.3713758419918747,baseline_fallback
USR-000032,EVT-0005767,2026-06-15 12:00:25.204109,0.8579186881849983,baseline_fallback
SVC-000016,EVT-0005768,2026-06-15 12:01:28.332998,0.43800532606682124,lstm
USR-000021,EVT-0005769,2026-06-15 12:01:58.584358,0.7385049586601609,baseline_fallback
USR-000092,EVT-0005770,2026-06-15 12:02:29.095893,0.6280204890620318,baseline_fallback
USR-000090,EVT-0005771,2026-06-15 12:06:18.165515,0.52734705313242,lstm
USR-000135,EVT-0005772,2026-06-15 12:07:12.024570,0.3223912677824626,baseline_fallback
USR-000170,EVT-0005773,2026-06-15 12:07:13.910023,0.3120962277380802,baseline_fallback
USR-000162,EVT-0005774,2026-06-15 12:09:11.248948,0.4923452693828911,lstm
USR-000174,EVT-0005775,2026-06-15 12:09:41.204942,0.4122863372056822,baseline_fallback
SVC-000021,EVT-0005776,2026-06-15 12:12:27.382725,0.3995041640591762,lstm
SVC-000021,EVT-0005777,2026-06-15 12:13:20.074537,0.4397500448218759,lstm
DEV-000026,EVT-0005778,2026-06-15 12:15:29.895367,0.6230418181343905,lstm
SVC-000021,EVT-0005779,2026-06-15 12:15:33.516160,0.48490544771982363,lstm
USR-000169,EVT-0005780,2026-06-15 12:15:46.489289,0.3817477791591421,baseline_fallback
USR-000177,EVT-0005781,2026-06-15 12:15:55.311006,0.31650909141505706,lstm
USR-000169,EVT-0005782,2026-06-15 12:16:10.006943,0.3826326678971932,baseline_fallback
SVC-000050,EVT-0005783,2026-06-15 12:16:40.239088,0.6344550583576342,lstm
SVC-000039,EVT-0005784,2026-06-15 12:17:01.833921,0.5193062919099288,lstm
USR-000173,EVT-0005785,2026-06-15 12:20:14.416051,0.3062786826343015,baseline_fallback
USR-000065,EVT-0005786,2026-06-15 12:21:17.444785,0.6874493010469394,baseline_fallback
SVC-000021,EVT-0005787,2026-06-15 12:21:33.710371,0.3786236306341024,lstm
USR-000077,EVT-0005788,2026-06-15 12:22:30.727925,0.6736406321001821,baseline_fallback
SVC-000053,EVT-0005789,2026-06-15 12:24:32.755459,0.29300649589426575,lstm
USR-000001,EVT-0005790,2026-06-15 12:24:41.936120,0.9895580131304753,lstm
USR-000061,EVT-0005791,2026-06-15 12:24:48.087259,0.3173831988741307,baseline_fallback
USR-000074,EVT-0005792,2026-06-15 12:26:03.430266,0.3927811411951272,baseline_fallback
SVC-000034,EVT-0005793,2026-06-15 12:27:11.593513,0.9340333395913634,lstm
SVC-000017,EVT-0005794,2026-06-15 12:27:32.582128,0.9711825529219209,lstm
SVC-000039,EVT-0005795,2026-06-15 12:28:37.937663,0.7107621724651854,lstm
USR-000151,EVT-0005796,2026-06-15 12:29:37.773123,0.27055372581220105,lstm
USR-000059,EVT-0005797,2026-06-15 12:29:57.517596,0.31495269292613276,baseline_fallback
DEV-000017,EVT-0005798,2026-06-15 12:31:46.595012,0.448359753926867,lstm
USR-000029,EVT-0005799,2026-06-15 12:32:19.188995,0.37261595656439517,baseline_fallback
USR-000030,EVT-0005800,2026-06-15 12:33:05.587961,0.3774237693106881,baseline_fallback
DEV-000011,EVT-0005801,2026-06-15 12:35:37.883603,0.2795871042721591,lstm
USR-000111,EVT-0005802,2026-06-15 12:35:47.061171,0.2827913311329461,lstm
SVC-000008,EVT-0005803,2026-06-15 12:36:03.325931,0.40456574906916154,lstm
USR-000062,EVT-0005804,2026-06-15 12:36:36.326438,0.6487535938266232,baseline_fallback
USR-000005,EVT-0005805,2026-06-15 12:39:08.284121,0.3313107718869531,baseline_fallback
USR-000030,EVT-0005806,2026-06-15 12:40:21.828344,0.3301455952684306,baseline_fallback
USR-000086,EVT-0005807,2026-06-15 12:40:24.219352,0.7428541760618774,lstm
USR-000184,EVT-0005808,2026-06-15 12:40:35.550659,0.5712549217273372,lstm
USR-000029,EVT-0005809,2026-06-15 12:40:44.194811,0.40163999558675767,baseline_fallback
USR-000052,EVT-0005810,2026-06-15 12:40:45.405187,0.4688528128467642,lstm
SVC-000034,EVT-0005811,2026-06-15 12:41:37.705786,0.4357934679092357,lstm
USR-000208,EVT-0005812,2026-06-15 12:43:16.442772,0.6532393115731804,baseline_fallback
USR-000129,EVT-0005813,2026-06-15 12:45:55.227646,0.29091841249211065,lstm
SVC-000021,EVT-0005814,2026-06-15 12:46:39.280519,0.3465726738248313,lstm
USR-000001,EVT-0005815,2026-06-15 12:48:24.375923,0.9891218591187275,lstm
USR-000101,EVT-0005816,2026-06-15 12:51:28.422253,0.7202086147697087,baseline_fallback
SVC-000021,EVT-0005817,2026-06-15 12:51:29.462979,0.48839686068531496,lstm
SVC-000021,EVT-0005818,2026-06-15 12:51:34.544294,0.4951606811883355,lstm
SVC-000053,EVT-0005819,2026-06-15 12:54:07.793837,0.3514275892830571,lstm
DEV-000012,EVT-0005820,2026-06-15 12:54:52.543371,0.4894032665973971,lstm
DEV-000014,EVT-0005821,2026-06-15 12:54:56.665672,0.3586285501049631,baseline_fallback
SVC-000021,EVT-0005822,2026-06-15 12:55:03.972837,0.5205767155811487,lstm
USR-000092,EVT-0005823,2026-06-15 12:58:42.169986,0.6513167179219799,baseline_fallback
SVC-000039,EVT-0005824,2026-06-15 12:59:01.129680,0.4845157566152526,lstm
USR-000040,EVT-0005825,2026-06-15 12:59:16.453464,0.9775464301543952,lstm
SVC-000008,EVT-0005826,2026-06-15 13:01:17.826942,0.5239248201573701,lstm
USR-000111,EVT-0005827,2026-06-15 13:01:29.334590,0.2899653123275942,lstm
USR-000020,EVT-0005828,2026-06-15 13:02:21.886861,0.8862469785942066,baseline_fallback
DEV-000010,EVT-0005829,2026-06-15 13:02:23.104316,0.2643639421299783,lstm
USR-000079,EVT-0005830,2026-06-15 13:03:15.984901,0.400429076661306,baseline_fallback
USR-000111,EVT-0005831,2026-06-15 13:05:14.705586,0.3509355273020723,lstm
USR-000125,EVT-0005832,2026-06-15 13:06:17.093875,0.4020098982465589,baseline_fallback
USR-000146,EVT-0005833,2026-06-15 13:07:29.673398,0.47143795313759956,lstm
SVC-000017,EVT-0005834,2026-06-15 13:09:49.165468,0.841608874585916,lstm
SVC-000021,EVT-0005835,2026-06-15 13:10:02.679694,0.5520282485146744,lstm
USR-000094,EVT-0005836,2026-06-15 13:11:15.315306,0.40069562067675873,baseline_fallback
USR-000208,EVT-0005837,2026-06-15 13:11:17.483578,0.7128557127403109,baseline_fallback
SVC-000021,EVT-0005838,2026-06-15 13:12:09.951860,0.3664496890675467,lstm
USR-000093,EVT-0005839,2026-06-15 13:13:13.678189,0.8158289631043916,lstm
USR-000077,EVT-0005840,2026-06-15 13:13:40.132605,0.6831655996668393,baseline_fallback
USR-000125,EVT-0005841,2026-06-15 13:13:51.688896,0.3906419874165413,baseline_fallback
DEV-000009,EVT-0005842,2026-06-15 13:16:59.488303,0.24545476616087591,lstm
USR-000066,EVT-0005843,2026-06-15 13:17:47.424888,0.3980962312646814,lstm
USR-000081,EVT-0005844,2026-06-15 13:20:30.827184,0.32195063808304636,baseline_fallback
USR-000184,EVT-0005845,2026-06-15 13:24:54.123141,0.5154670100389335,lstm
USR-000087,EVT-0005846,2026-06-15 13:26:06.236953,0.3769062396674992,baseline_fallback
USR-000081,EVT-0005847,2026-06-15 13:26:40.678163,0.29616943998105033,baseline_fallback
USR-000030,EVT-0005848,2026-06-15 13:26:49.930542,0.324176491070513,baseline_fallback
USR-000026,EVT-0005849,2026-06-15 13:27:29.257600,0.3731807315876941,baseline_fallback
USR-000044,EVT-0005850,2026-06-15 13:28:40.015405,0.8332930762853041,lstm
USR-000105,EVT-0005851,2026-06-15 13:29:11.890666,0.3731155157104044,baseline_fallback
USR-000148,EVT-0005852,2026-06-15 13:29:13.949720,0.299858606720257,baseline_fallback
SVC-000049,EVT-0005853,2026-06-15 13:29:18.603065,0.9104738499225905,lstm
USR-000174,EVT-0005854,2026-06-15 13:29:56.845713,0.4155021739870281,baseline_fallback
USR-000023,EVT-0005855,2026-06-15 13:34:22.007844,0.3041577639477497,lstm
USR-000140,EVT-0005856,2026-06-15 13:38:33.259569,0.745800513249779,baseline_fallback
USR-000023,EVT-0005857,2026-06-15 13:39:16.886001,0.32800269429107753,lstm
SVC-000034,EVT-0005858,2026-06-15 13:39:21.353314,0.33933792294640674,lstm
SVC-000050,EVT-0005859,2026-06-15 13:43:17.888333,0.4112459869601561,lstm
DEV-000007,EVT-0005860,2026-06-15 13:43:52.276687,0.383553396138,lstm
USR-000125,EVT-0005861,2026-06-15 13:44:01.054194,0.3803756777369277,baseline_fallback
USR-000053,EVT-0005862,2026-06-15 13:44:10.211480,0.625174622930626,baseline_fallback
USR-000076,EVT-0005863,2026-06-15 13:44:29.292274,0.45525815720343815,lstm
USR-000078,EVT-0005864,2026-06-15 13:44:47.339266,0.6837845548210666,baseline_fallback
SVC-000008,EVT-0005865,2026-06-15 13:45:29.446770,0.4332643481311995,lstm
USR-000170,EVT-0005866,2026-06-15 13:45:55.453302,0.5066821176806394,lstm
USR-000123,EVT-0005867,2026-06-15 13:46:21.049172,0.35717644078582256,baseline_fallback
USR-000190,EVT-0005868,2026-06-15 13:46:28.759545,0.3595254151551801,baseline_fallback
SVC-000022,EVT-0005869,2026-06-15 13:48:17.909615,0.9340638878219586,lstm
USR-000058,EVT-0005870,2026-06-15 13:49:10.561381,0.5605025140033113,lstm
USR-000029,EVT-0005871,2026-06-15 13:49:15.671486,0.39302612614765997,baseline_fallback
USR-000023,EVT-0005872,2026-06-15 13:50:49.273525,0.302643745260747,lstm
USR-000170,EVT-0005873,2026-06-15 13:54:30.254626,0.5998969591417886,lstm
USR-000047,EVT-0005874,2026-06-15 13:55:01.595523,0.43021706131700477,baseline_fallback
USR-000185,EVT-0005875,2026-06-15 13:55:14.515218,0.45051819209252786,lstm
DEV-000003,EVT-0005876,2026-06-15 13:55:20.943103,0.48045108347462195,lstm
USR-000119,EVT-0005877,2026-06-15 13:56:01.375676,0.2937931185995781,baseline_fallback
USR-000086,EVT-0005878,2026-06-15 13:57:02.227259,0.3511881799332876,lstm
USR-000118,EVT-0005879,2026-06-15 13:57:37.250685,0.6576485576502885,baseline_fallback
USR-000066,EVT-0005880,2026-06-15 13:58:52.847710,0.3339677354468943,lstm
SVC-000022,EVT-0005881,2026-06-15 13:59:28.064997,0.5841777061909361,lstm
SVC-000049,EVT-0005882,2026-06-15 14:00:26.076386,0.6063764945366654,lstm
SVC-000027,EVT-0005883,2026-06-15 14:00:28.252788,0.986688662003999,lstm
SVC-000028,EVT-0005884,2026-06-15 14:00:51.266796,0.9656961140684615,lstm
USR-000115,EVT-0005885,2026-06-15 14:00:58.677574,0.3883583412367082,lstm
SVC-000027,EVT-0005886,2026-06-15 14:01:28.656472,0.7780108223550458,lstm
USR-000170,EVT-0005887,2026-06-15 14:01:58.473793,0.4674419419348935,lstm
SVC-000050,EVT-0005888,2026-06-15 14:02:33.320194,0.36016897054762015,lstm
USR-000061,EVT-0005889,2026-06-15 14:03:32.675333,0.3460751952084495,baseline_fallback
USR-000030,EVT-0005890,2026-06-15 14:03:59.690201,0.3985406312432689,baseline_fallback
USR-000184,EVT-0005891,2026-06-15 14:04:11.369505,0.438874222941423,lstm
USR-000099,EVT-0005892,2026-06-15 14:04:47.863510,0.9665923255902074,lstm
USR-000115,EVT-0005893,2026-06-15 14:05:09.758207,0.29163614216059147,lstm
USR-000099,EVT-0005894,2026-06-15 14:05:49.778359,0.9999999999996807,lstm
USR-000052,EVT-0005895,2026-06-15 14:06:07.732361,0.2506395341627363,lstm
DEV-000006,EVT-0005896,2026-06-15 14:06:23.631157,0.1456572147411361,lstm
USR-000129,EVT-0005897,2026-06-15 14:07:12.016872,0.24731569794109712,lstm
SVC-000027,EVT-0005898,2026-06-15 14:07:49.073329,0.6380050235796242,lstm
USR-000002,EVT-0005899,2026-06-15 14:10:06.138203,0.54915688854224,lstm
USR-000081,EVT-0005900,2026-06-15 14:11:11.227476,0.3072569885635016,baseline_fallback
USR-000092,EVT-0005901,2026-06-15 14:12:42.194419,0.6763983894572114,baseline_fallback
USR-000151,EVT-0005902,2026-06-15 14:15:35.210236,0.2550775446019445,lstm
USR-000135,EVT-0005903,2026-06-15 14:15:39.970310,0.5630328898681362,lstm
USR-000002,EVT-0005904,2026-06-15 14:17:15.304107,0.7075255788513353,lstm
USR-000092,EVT-0005905,2026-06-15 14:17:23.118443,0.644012156783747,baseline_fallback
USR-000002,EVT-0005906,2026-06-15 14:18:00.881678,0.6783080727452325,lstm
USR-000030,EVT-0005907,2026-06-15 14:19:32.257973,0.31507219363100714,baseline_fallback
SVC-000017,EVT-0005908,2026-06-15 14:20:00.607328,0.479366179131013,lstm
USR-000125,EVT-0005909,2026-06-15 14:20:01.051598,0.9999284409817943,lstm
USR-000138,EVT-0005910,2026-06-15 14:20:48.010196,0.4772178406522132,lstm
DEV-000015,EVT-0005911,2026-06-15 14:21:33.789973,1.0,lstm
SVC-000027,EVT-0005912,2026-06-15 14:22:15.801366,0.3985018311138585,lstm
DEV-000010,EVT-0005913,2026-06-15 14:22:43.317202,0.285563255150634,lstm
USR-000008,EVT-0005914,2026-06-15 14:24:48.725336,0.8767776144741398,baseline_fallback
USR-000032,EVT-0005915,2026-06-15 14:25:40.984143,0.9203262551434482,baseline_fallback
USR-000095,EVT-0005916,2026-06-15 14:25:45.633822,0.6549129464092175,baseline_fallback
SVC-000027,EVT-0005917,2026-06-15 14:26:42.944568,0.42700454777809993,lstm
USR-000077,EVT-0005918,2026-06-15 14:27:45.623445,0.7014300896155568,baseline_fallback
USR-000031,EVT-0005919,2026-06-15 14:28:20.601221,0.3369506086543604,lstm
USR-000018,EVT-0005920,2026-06-15 14:29:23.869600,0.5422684291624795,baseline_fallback
USR-000018,EVT-0005921,2026-06-15 14:30:07.767295,0.301829135432344,baseline_fallback
SVC-000027,EVT-0005922,2026-06-15 14:33:14.529930,0.30041677844130726,lstm
SVC-000027,EVT-0005923,2026-06-15 14:34:09.424510,0.7810193842134945,lstm
USR-000023,EVT-0005924,2026-06-15 14:35:19.432438,0.3297814983374231,lstm
USR-000092,EVT-0005925,2026-06-15 14:35:20.111558,0.6594177985709709,lstm
USR-000074,EVT-0005926,2026-06-15 14:36:33.489188,0.34696482477424945,baseline_fallback
USR-000101,EVT-0005927,2026-06-15 14:38:03.878776,0.7012781708228846,baseline_fallback
USR-000147,EVT-0005928,2026-06-15 14:38:59.330833,0.7006015010051527,baseline_fallback
SVC-000027,EVT-0005929,2026-06-15 14:41:29.550339,0.40241719204540466,lstm
DEV-000016,EVT-0005930,2026-06-15 14:42:26.363995,0.555454256861661,lstm
USR-000048,EVT-0005931,2026-06-15 14:42:59.536677,0.37411668560953953,lstm
USR-000190,EVT-0005932,2026-06-15 14:43:39.421335,0.31114085644060746,baseline_fallback
USR-000177,EVT-0005933,2026-06-15 14:43:59.450569,0.37157320108707725,lstm
USR-000043,EVT-0005934,2026-06-15 14:44:43.100942,0.37671580128532545,baseline_fallback
USR-000101,EVT-0005935,2026-06-15 14:45:01.626535,0.6591623528243542,baseline_fallback
USR-000040,EVT-0005936,2026-06-15 14:45:06.495221,0.8818204711519881,lstm
USR-000170,EVT-0005937,2026-06-15 14:46:17.756109,0.39390343431233127,lstm
USR-000177,EVT-0005938,2026-06-15 14:46:26.169515,0.5493303749528552,lstm
SVC-000033,EVT-0005939,2026-06-15 14:48:37.766176,0.9991817073910234,lstm
USR-000086,EVT-0005940,2026-06-15 14:49:32.492651,0.33796439633974645,lstm
USR-000029,EVT-0005941,2026-06-15 14:49:40.818112,0.36868213923258564,baseline_fallback
SVC-000010,EVT-0005942,2026-06-15 14:49:47.409689,0.964407867818325,lstm
USR-000129,EVT-0005943,2026-06-15 14:51:15.593362,0.3301252544745997,lstm
USR-000002,EVT-0005944,2026-06-15 14:52:02.262391,0.46279184328622003,lstm
USR-000146,EVT-0005945,2026-06-15 14:53:24.832970,0.3103053941472448,lstm
USR-000043,EVT-0005946,2026-06-15 14:54:35.169218,0.6601420704915035,baseline_fallback
USR-000002,EVT-0005947,2026-06-15 14:54:54.431083,0.5612971778006798,lstm
USR-000081,EVT-0005948,2026-06-15 14:55:22.218308,0.3043183147710407,baseline_fallback
USR-000095,EVT-0005949,2026-06-15 14:58:09.615987,0.6564009031543554,baseline_fallback
SVC-000027,EVT-0005950,2026-06-15 14:58:14.228261,0.44980257203107843,lstm
USR-000148,EVT-0005951,2026-06-15 14:58:19.114244,0.3276656559786678,baseline_fallback
USR-000008,EVT-0005952,2026-06-15 15:01:54.985573,0.8956559727951043,baseline_fallback
SVC-000022,EVT-0005953,2026-06-15 15:03:17.921483,0.3118462282841545,lstm
USR-000184,EVT-0005954,2026-06-15 15:03:30.672179,0.46310478463549976,lstm
SVC-000027,EVT-0005955,2026-06-15 15:08:07.496170,0.5752425546603536,lstm
USR-000128,EVT-0005956,2026-06-15 15:09:57.263913,0.4393958672820618,baseline_fallback
SVC-000010,EVT-0005957,2026-06-15 15:12:06.080249,0.49397410515538864,lstm
SVC-000022,EVT-0005958,2026-06-15 15:12:42.647832,0.34284098517037115,lstm
USR-000069,EVT-0005959,2026-06-15 15:16:19.419527,0.9876789342337571,baseline_fallback
USR-000170,EVT-0005960,2026-06-15 15:16:23.567690,0.295007704585046,lstm
USR-000035,EVT-0005961,2026-06-15 15:16:56.199936,0.42314864920756645,lstm
USR-000212,EVT-0005962,2026-06-15 15:17:09.151439,0.42944579142441963,lstm
SVC-000010,EVT-0005963,2026-06-15 15:17:16.741499,0.5499303102935312,lstm
USR-000145,EVT-0005964,2026-06-15 15:17:29.475017,0.7302005897363131,baseline_fallback
USR-000146,EVT-0005965,2026-06-15 15:17:36.127992,0.5632434018039257,lstm
SVC-000033,EVT-0005966,2026-06-15 15:18:38.435529,0.9222975119000277,lstm
USR-000074,EVT-0005967,2026-06-15 15:20:08.453336,0.3567171848434681,baseline_fallback
USR-000126,EVT-0005968,2026-06-15 15:20:42.820769,0.43104807638280285,baseline_fallback
SVC-000033,EVT-0005969,2026-06-15 15:23:47.994560,0.7304960757124115,lstm
USR-000147,EVT-0005970,2026-06-15 15:25:02.555363,0.6700601043203238,baseline_fallback
USR-000126,EVT-0005971,2026-06-15 15:26:05.599652,0.9869078236336778,lstm
SVC-000049,EVT-0005972,2026-06-15 15:26:49.991765,0.33702327604652066,lstm
USR-000138,EVT-0005973,2026-06-15 15:27:06.854759,0.39109609881402296,lstm
USR-000032,EVT-0005974,2026-06-15 15:28:44.394193,0.8029701054316827,baseline_fallback
USR-000040,EVT-0005975,2026-06-15 15:30:14.612503,0.6547441985748901,lstm
SVC-000028,EVT-0005976,2026-06-15 15:30:31.913647,0.5636515383233487,lstm
USR-000081,EVT-0005977,2026-06-15 15:32:15.224876,0.3592265948027723,baseline_fallback
SVC-000008,EVT-0005978,2026-06-15 15:32:15.768737,0.7966171410246591,lstm
SVC-000033,EVT-0005979,2026-06-15 15:32:44.734253,0.6147675780569689,lstm
USR-000086,EVT-0005980,2026-06-15 15:33:06.496811,0.2670405326451852,lstm
SVC-000027,EVT-0005981,2026-06-15 15:33:58.190600,0.4761919443409947,lstm
DEV-000002,EVT-0005982,2026-06-15 15:37:01.751095,0.6649771388088586,lstm
USR-000208,EVT-0005983,2026-06-15 15:37:19.174117,0.9954094526591694,lstm
SVC-000028,EVT-0005984,2026-06-15 15:39:02.558175,0.49639130852341173,lstm
USR-000008,EVT-0005985,2026-06-15 15:42:56.386677,0.6974294469747041,baseline_fallback
DEV-000026,EVT-0005986,2026-06-15 15:43:04.404188,0.7080745266851738,lstm
USR-000017,EVT-0005987,2026-06-15 15:43:54.824393,0.36493394119321343,baseline_fallback
DEV-000009,EVT-0005988,2026-06-15 15:44:11.387675,0.39836171167387224,lstm
USR-000071,EVT-0005989,2026-06-15 15:46:24.755131,0.686274427308922,baseline_fallback
DEV-000002,EVT-0005990,2026-06-15 15:47:31.891373,0.746984391629555,lstm
USR-000146,EVT-0005991,2026-06-15 15:48:39.588301,0.3082902252754788,lstm
USR-000020,EVT-0005992,2026-06-15 15:49:36.050492,0.7223583026806797,baseline_fallback
USR-000126,EVT-0005993,2026-06-15 15:51:04.286884,0.8040094017132878,lstm
USR-000008,EVT-0005994,2026-06-15 15:51:53.871983,0.9336927337362629,baseline_fallback
USR-000198,EVT-0005995,2026-06-15 15:54:09.094105,0.49240484838559445,lstm
USR-000094,EVT-0005996,2026-06-15 15:55:38.462221,0.4329743224841255,baseline_fallback
USR-000181,EVT-0005997,2026-06-15 15:55:51.022847,0.4021537089489341,baseline_fallback
USR-000125,EVT-0005998,2026-06-15 15:56:48.891777,0.9999931891230375,lstm
SVC-000023,EVT-0005999,2026-06-15 16:00:17.941237,0.9753088977611679,lstm
USR-000212,EVT-0006000,2026-06-15 16:01:05.409533,0.3431635620157088,lstm
USR-000113,EVT-0006001,2026-06-15 16:01:31.565173,0.647730327891905,lstm
USR-000040,EVT-0006002,2026-06-15 16:02:08.894265,0.712170017858348,lstm
DEV-000002,EVT-0006003,2026-06-15 16:04:07.847879,0.5916418301410877,lstm
SVC-000010,EVT-0006004,2026-06-15 16:07:23.910737,0.43121625545858033,lstm
SVC-000038,EVT-0006005,2026-06-15 16:08:23.806840,0.9901728751693715,lstm
SVC-000005,EVT-0006006,2026-06-15 16:10:33.051980,0.9394293265159096,lstm
SVC-000029,EVT-0006007,2026-06-15 16:10:54.582538,0.980805257388574,lstm
SVC-000033,EVT-0006008,2026-06-15 16:11:09.926541,0.7597531654271928,lstm
SVC-000028,EVT-0006009,2026-06-15 16:11:50.585697,0.3730015343615496,lstm
SVC-000027,EVT-0006010,2026-06-15 16:12:09.452115,0.47790655405914667,lstm
USR-000023,EVT-0006011,2026-06-15 16:14:10.121306,0.2945749921568543,lstm
USR-000147,EVT-0006012,2026-06-15 16:14:49.197467,0.4832808584351791,baseline_fallback
USR-000078,EVT-0006013,2026-06-15 16:15:55.660743,0.7625966540601357,baseline_fallback
SVC-000028,EVT-0006014,2026-06-15 16:16:15.411688,0.9106245352042515,lstm
USR-000146,EVT-0006015,2026-06-15 16:17:34.403578,0.36329749858275434,lstm
SVC-000033,EVT-0006016,2026-06-15 16:17:50.147675,0.6241088003188227,lstm
SVC-000033,EVT-0006017,2026-06-15 16:18:11.088846,0.8774729769080151,lstm
DEV-000017,EVT-0006018,2026-06-15 16:22:42.256293,0.36480111932612486,lstm
SVC-000049,EVT-0006019,2026-06-15 16:29:40.418867,0.344432997906815,lstm
SVC-000033,EVT-0006020,2026-06-15 16:30:04.866841,0.6112284503547591,lstm
USR-000061,EVT-0006021,2026-06-15 16:31:30.949321,0.6878551272554844,baseline_fallback
DEV-000009,EVT-0006022,2026-06-15 16:32:21.316312,0.48401598355787545,lstm
SVC-000038,EVT-0006023,2026-06-15 16:33:38.177039,0.327496376269816,lstm
SVC-000033,EVT-0006024,2026-06-15 16:34:35.846285,0.6209268394675606,lstm
SVC-000038,EVT-0006025,2026-06-15 16:35:43.628402,0.6279296078877247,lstm
USR-000018,EVT-0006026,2026-06-15 16:37:54.898009,0.7974550972544561,baseline_fallback
USR-000062,EVT-0006027,2026-06-15 16:38:32.818319,0.6987710059309655,baseline_fallback
USR-000198,EVT-0006028,2026-06-15 16:38:44.053152,0.48841398841795697,lstm
SVC-000010,EVT-0006029,2026-06-15 16:39:00.250976,0.3971770128929627,lstm
DEV-000009,EVT-0006030,2026-06-15 16:41:04.654101,0.7480251247048233,lstm
USR-000035,EVT-0006031,2026-06-15 16:41:09.083713,0.3415222843622909,lstm
SVC-000010,EVT-0006032,2026-06-15 16:44:19.891717,0.42698278838809384,lstm
USR-000170,EVT-0006033,2026-06-15 16:48:35.388340,0.4092367678402873,lstm
SVC-000038,EVT-0006034,2026-06-15 16:49:13.910802,0.4723492761670412,lstm
USR-000170,EVT-0006035,2026-06-15 16:51:05.873405,0.40962694999585114,lstm
DEV-000018,EVT-0006036,2026-06-15 16:51:37.491057,0.30785808231375567,lstm
USR-000185,EVT-0006037,2026-06-15 16:56:28.077790,0.38652919079836323,lstm
SVC-000049,EVT-0006038,2026-06-15 16:57:14.897811,0.5048791768695465,lstm
DEV-000020,EVT-0006039,2026-06-15 16:58:08.775153,0.3088386882051152,lstm
SVC-000010,EVT-0006040,2026-06-15 16:58:50.911874,0.3778063120922919,lstm
USR-000125,EVT-0006041,2026-06-15 16:59:26.148297,0.999946125184533,lstm
SVC-000029,EVT-0006042,2026-06-15 16:59:53.966460,0.4494141633898048,lstm
SVC-000029,EVT-0006043,2026-06-15 16:59:58.952591,0.8047247362737351,lstm
USR-000065,EVT-0006044,2026-06-15 17:02:39.240128,0.47061640582517283,baseline_fallback
SVC-000038,EVT-0006045,2026-06-15 17:02:43.429529,0.286752060930219,lstm
SVC-000033,EVT-0006046,2026-06-15 17:03:21.259492,0.3903340928887849,lstm
DEV-000022,EVT-0006047,2026-06-15 17:03:36.881095,0.4879241948184179,lstm
USR-000145,EVT-0006048,2026-06-15 17:04:03.745644,0.8080383915182451,baseline_fallback
SVC-000044,EVT-0006049,2026-06-15 17:04:22.736495,0.9691898730731923,lstm
USR-000040,EVT-0006050,2026-06-15 17:05:04.552630,0.4787402597314623,lstm
DEV-000005,EVT-0006051,2026-06-15 17:07:01.487124,0.43162197149132736,lstm
SVC-000033,EVT-0006052,2026-06-15 17:10:56.802736,0.5658434632908108,lstm
SVC-000038,EVT-0006053,2026-06-15 17:11:21.353159,0.6785603957324313,lstm
USR-000146,EVT-0006054,2026-06-15 17:11:43.246253,0.7730587898171974,lstm
SVC-000029,EVT-0006055,2026-06-15 17:13:05.496226,0.36729120173893837,lstm
DEV-000019,EVT-0006056,2026-06-15 17:13:42.992216,0.4775244218436957,baseline_fallback
USR-000134,EVT-0006057,2026-06-15 17:14:30.233656,0.5008428204836145,baseline_fallback
SVC-000038,EVT-0006058,2026-06-15 17:15:30.554270,0.551540231944256,lstm
SVC-000010,EVT-0006059,2026-06-15 17:17:35.942210,0.34652432985400283,lstm
SVC-000010,EVT-0006060,2026-06-15 17:17:37.665744,0.8243693770294392,lstm
USR-000140,EVT-0006061,2026-06-15 17:18:36.351479,0.5299734806447178,baseline_fallback
SVC-000010,EVT-0006062,2026-06-15 17:21:06.618592,0.4575404405726147,lstm
DEV-000006,EVT-0006063,2026-06-15 17:21:42.044210,0.16498525894245425,lstm
SVC-000049,EVT-0006064,2026-06-15 17:23:53.314757,0.674686633371708,lstm
SVC-000010,EVT-0006065,2026-06-15 17:24:09.953601,0.4848453143189911,lstm
DEV-000021,EVT-0006066,2026-06-15 17:24:36.133027,0.660893886917508,lstm
SVC-000004,EVT-0006067,2026-06-15 17:24:51.431872,0.9388916782830319,lstm
SVC-000033,EVT-0006068,2026-06-15 17:27:34.627568,0.4136411062224031,lstm
USR-000074,EVT-0006069,2026-06-15 17:28:05.256920,0.4696816687088782,baseline_fallback
SVC-000010,EVT-0006070,2026-06-15 17:28:30.273170,0.4032700581147749,lstm
USR-000085,EVT-0006071,2026-06-15 17:31:13.668509,0.9395461161017563,baseline_fallback
DEV-000009,EVT-0006072,2026-06-15 17:33:41.028511,0.3486406877589122,lstm
SVC-000010,EVT-0006073,2026-06-15 17:35:16.024463,0.41684487514176155,lstm
USR-000061,EVT-0006074,2026-06-15 17:37:44.498832,0.828355621623392,lstm
SVC-000005,EVT-0006075,2026-06-15 17:38:47.453752,0.6993430284956753,lstm
USR-000208,EVT-0006076,2026-06-15 17:40:48.120351,0.7330712354994845,lstm
SVC-000005,EVT-0006077,2026-06-15 17:46:59.659270,0.601902626457134,lstm
SVC-000038,EVT-0006078,2026-06-15 17:50:56.508311,0.5189529822056747,lstm
DEV-000007,EVT-0006079,2026-06-15 17:52:19.967128,0.5850858202018664,lstm
USR-000053,EVT-0006080,2026-06-15 17:53:05.107217,0.7477968225129503,baseline_fallback
SVC-000005,EVT-0006081,2026-06-15 17:53:07.375571,0.792097500027713,lstm
SVC-000023,EVT-0006082,2026-06-15 17:54:47.956637,0.44122233635301816,lstm
USR-000074,EVT-0006083,2026-06-15 17:56:22.042397,0.5102559357213551,baseline_fallback
SVC-000010,EVT-0006084,2026-06-15 17:56:56.879713,0.5044368497911397,lstm
SVC-000037,EVT-0006085,2026-06-15 17:58:09.702367,0.9825886844618319,lstm
SVC-000044,EVT-0006086,2026-06-15 17:58:49.009986,0.44560414772173673,lstm
SVC-000033,EVT-0006087,2026-06-15 17:59:33.407801,0.5364147713549188,lstm
USR-000027,EVT-0006088,2026-06-15 18:02:12.684310,0.4906467674103617,baseline_fallback
SVC-000023,EVT-0006089,2026-06-15 18:03:45.234007,0.39231413959441663,lstm
USR-000147,EVT-0006090,2026-06-15 18:04:48.259532,0.4974032764877578,baseline_fallback
SVC-000044,EVT-0006091,2026-06-15 18:04:59.143138,0.6590072210929756,lstm
DEV-000025,EVT-0006092,2026-06-15 18:07:49.281384,0.4545412204134562,lstm
SVC-000010,EVT-0006093,2026-06-15 18:07:58.275701,0.4741210559199211,lstm
SVC-000010,EVT-0006094,2026-06-15 18:09:24.786647,0.48418150418831035,lstm
SVC-000037,EVT-0006095,2026-06-15 18:11:13.947207,0.7287149004274478,lstm
USR-000185,EVT-0006096,2026-06-15 18:11:26.441308,0.3706258919572069,lstm
USR-000198,EVT-0006097,2026-06-15 18:12:32.108764,0.40031450960481085,lstm
USR-000057,EVT-0006098,2026-06-15 18:13:05.229600,0.5683044582054221,baseline_fallback
USR-000125,EVT-0006099,2026-06-15 18:14:03.548523,0.7938162543168646,lstm
SVC-000044,EVT-0006100,2026-06-15 18:14:27.423314,0.6614590689576229,lstm
DEV-000003,EVT-0006101,2026-06-15 18:18:46.426312,0.6221609115319842,lstm
DEV-000007,EVT-0006102,2026-06-15 18:19:02.776724,0.6230678953422123,lstm
SVC-000037,EVT-0006103,2026-06-15 18:22:35.958224,0.4924833388824767,lstm
SVC-000060,EVT-0006104,2026-06-15 18:22:41.438827,0.9950002893085164,lstm
SVC-000004,EVT-0006105,2026-06-15 18:22:45.234743,0.36307599672139157,lstm
SVC-000005,EVT-0006106,2026-06-15 18:27:08.355130,1.0,lstm
SVC-000006,EVT-0006107,2026-06-15 18:32:41.913618,0.985070915085943,lstm
USR-000018,EVT-0006108,2026-06-15 18:34:48.491851,0.7270851297345966,baseline_fallback
SVC-000037,EVT-0006109,2026-06-15 18:34:49.542472,0.5926753261549818,lstm
USR-000146,EVT-0006110,2026-06-15 18:37:26.591581,0.3433278783188548,lstm
SVC-000044,EVT-0006111,2026-06-15 18:37:49.706174,0.37391871179519776,lstm
SVC-000037,EVT-0006112,2026-06-15 18:38:30.668406,0.7946250001873606,lstm
SVC-000004,EVT-0006113,2026-06-15 18:39:18.809117,0.39121288354584366,lstm
SVC-000004,EVT-0006114,2026-06-15 18:43:01.694057,0.46574315714722964,lstm
SVC-000037,EVT-0006115,2026-06-15 18:43:33.804994,0.8924091780125594,lstm
SVC-000010,EVT-0006116,2026-06-15 18:44:47.038349,0.4963178486721175,lstm
SVC-000037,EVT-0006117,2026-06-15 18:45:28.380079,0.8427309123007589,lstm
SVC-000029,EVT-0006118,2026-06-15 18:50:30.980644,0.7109789453395838,lstm
SVC-000057,EVT-0006119,2026-06-15 18:58:11.239380,0.9927051731340969,lstm
USR-000208,EVT-0006120,2026-06-15 18:58:21.022063,0.6797547488093766,lstm
SVC-000052,EVT-0006121,2026-06-15 18:58:46.020397,0.971483066989437,lstm
USR-000077,EVT-0006122,2026-06-15 18:59:15.854807,0.8157563431892034,baseline_fallback
SVC-000004,EVT-0006123,2026-06-15 19:02:08.026737,0.24874095309242533,lstm
SVC-000006,EVT-0006124,2026-06-15 19:04:02.664412,0.48584039212749097,lstm
SVC-000004,EVT-0006125,2026-06-15 19:05:27.349678,0.47043457279520967,lstm
SVC-000058,EVT-0006126,2026-06-15 19:07:24.918675,0.9823029161982982,lstm
SVC-000052,EVT-0006127,2026-06-15 19:07:53.948588,0.365660960342948,lstm
SVC-000052,EVT-0006128,2026-06-15 19:09:36.859216,0.5002788168725851,lstm
USR-000141,EVT-0006129,2026-06-15 19:11:01.823350,0.9821118272801957,baseline_fallback
SVC-000023,EVT-0006130,2026-06-15 19:12:02.549085,0.3790939073542045,lstm
USR-000113,EVT-0006131,2026-06-15 19:12:44.451361,0.4275467539662777,lstm
SVC-000052,EVT-0006132,2026-06-15 19:18:08.498420,0.2766256299824792,lstm
SVC-000037,EVT-0006133,2026-06-15 19:19:35.399392,0.42384241110313486,lstm
DEV-000007,EVT-0006134,2026-06-15 19:21:12.126167,0.3318789481816624,lstm
SVC-000037,EVT-0006135,2026-06-15 19:21:34.772319,0.7611940845115857,lstm
USR-000062,EVT-0006136,2026-06-15 19:21:38.725112,0.8748248600884879,baseline_fallback
USR-000017,EVT-0006137,2026-06-15 19:22:08.239370,0.6473964924267303,baseline_fallback
DEV-000009,EVT-0006138,2026-06-15 19:23:12.126237,0.2770488129458112,lstm
SVC-000006,EVT-0006139,2026-06-15 19:24:08.175959,0.7730692724194143,lstm
DEV-000009,EVT-0006140,2026-06-15 19:24:41.462922,0.8783171364765804,lstm
SVC-000006,EVT-0006141,2026-06-15 19:26:55.043929,0.7449042829730804,lstm
SVC-000044,EVT-0006142,2026-06-15 19:34:52.266499,0.32287024822407073,lstm
USR-000109,EVT-0006143,2026-06-15 19:34:58.506107,0.6869123279249288,lstm
SVC-000004,EVT-0006144,2026-06-15 19:35:22.715118,0.39260747418531616,lstm
SVC-000052,EVT-0006145,2026-06-15 19:35:44.419032,0.24396480273924526,lstm
SVC-000052,EVT-0006146,2026-06-15 19:37:09.998532,0.3772673009406924,lstm
SVC-000037,EVT-0006147,2026-06-15 19:38:27.298029,0.5423260107427291,lstm
DEV-000026,EVT-0006148,2026-06-15 19:40:46.421621,0.57738401465304,lstm
SVC-000004,EVT-0006149,2026-06-15 19:42:30.319870,0.3746166345004379,lstm
SVC-000057,EVT-0006150,2026-06-15 19:42:37.072788,0.6509622446646007,lstm
SVC-000044,EVT-0006151,2026-06-15 19:43:10.453191,0.42968604443473307,lstm
SVC-000052,EVT-0006152,2026-06-15 19:45:43.839827,0.312556473638286,lstm
SVC-000060,EVT-0006153,2026-06-15 19:46:57.763052,0.8940100841428545,lstm
SVC-000048,EVT-0006154,2026-06-15 19:50:35.245785,0.9381656180995325,lstm
SVC-000006,EVT-0006155,2026-06-15 19:51:38.485963,0.702113188188049,lstm
SVC-000057,EVT-0006156,2026-06-15 19:51:58.160520,0.6187431187717916,lstm
DEV-000010,EVT-0006157,2026-06-15 19:52:48.979301,0.44844391203206646,lstm
SVC-000006,EVT-0006158,2026-06-15 19:53:01.406326,0.6585700707381802,lstm
USR-000092,EVT-0006159,2026-06-15 19:56:48.649178,0.6155306833898423,lstm
DEV-000016,EVT-0006160,2026-06-15 20:03:11.674817,0.36984882201612573,lstm
SVC-000061,EVT-0006161,2026-06-15 20:05:11.482841,0.9895966879314299,lstm
SVC-000006,EVT-0006162,2026-06-15 20:05:27.059680,0.44683079337613574,lstm
DEV-000025,EVT-0006163,2026-06-15 20:06:34.265817,0.3183576359572649,lstm
SVC-000044,EVT-0006164,2026-06-15 20:09:17.543460,0.37680688691408076,lstm
USR-000100,EVT-0006165,2026-06-15 20:09:52.868236,0.7474831652852817,baseline_fallback
SVC-000060,EVT-0006166,2026-06-15 20:12:15.316909,0.7380433017080519,lstm
SVC-000048,EVT-0006167,2026-06-15 20:17:39.407291,0.3311103703608671,lstm
SVC-000048,EVT-0006168,2026-06-15 20:18:37.917287,0.6583827582103463,lstm
DEV-000002,EVT-0006169,2026-06-15 20:19:14.469062,0.5131514048054869,lstm
SVC-000052,EVT-0006170,2026-06-15 20:19:39.514352,0.33963042167219,lstm
SVC-000061,EVT-0006171,2026-06-15 20:21:44.856471,0.32525406851907157,lstm
SVC-000006,EVT-0006172,2026-06-15 20:22:28.464749,0.47631879811635125,lstm
DEV-000003,EVT-0006173,2026-06-15 20:26:22.767366,0.49790412568412884,lstm
SVC-000058,EVT-0006174,2026-06-15 20:27:51.844837,0.39570118105819785,lstm
DEV-000003,EVT-0006175,2026-06-15 20:29:12.347115,0.9010020205119664,lstm
SVC-000061,EVT-0006176,2026-06-15 20:29:37.507811,0.3826463105348107,lstm
DEV-000018,EVT-0006177,2026-06-15 20:30:25.159821,0.20026281915373859,lstm
SVC-000058,EVT-0006178,2026-06-15 20:31:54.195040,0.31923565670999754,lstm
SVC-000054,EVT-0006179,2026-06-15 20:31:58.442880,0.9678997459332802,lstm
SVC-000060,EVT-0006180,2026-06-15 20:32:13.345447,0.8328427015056665,lstm
SVC-000035,EVT-0006181,2026-06-15 20:32:59.771147,0.9084694995106546,lstm
SVC-000061,EVT-0006182,2026-06-15 20:36:57.510907,0.27529613198883346,lstm
SVC-000061,EVT-0006183,2026-06-15 20:37:39.730868,0.38967360964657843,lstm
SVC-000052,EVT-0006184,2026-06-15 20:41:12.470147,0.31198351464675017,lstm
SVC-000048,EVT-0006185,2026-06-15 20:41:16.856430,0.274753401351192,lstm
DEV-000012,EVT-0006186,2026-06-15 20:42:11.713622,0.8178537637134262,lstm
SVC-000061,EVT-0006187,2026-06-15 20:42:36.396120,0.22517286910074225,lstm
USR-000017,EVT-0006188,2026-06-15 20:43:54.717421,0.707916879469027,baseline_fallback
USR-000174,EVT-0006189,2026-06-15 20:45:10.778524,0.7568090854089911,baseline_fallback
SVC-000045,EVT-0006190,2026-06-15 20:46:21.437907,0.9742064151534888,lstm
SVC-000052,EVT-0006191,2026-06-15 20:49:18.479715,0.36417438017500864,lstm
DEV-000020,EVT-0006192,2026-06-15 20:49:33.798507,0.15226486370830128,lstm
SVC-000058,EVT-0006193,2026-06-15 20:51:37.495256,0.2425058869503433,lstm
SVC-000060,EVT-0006194,2026-06-15 20:53:22.277152,0.8197338512638712,lstm
SVC-000061,EVT-0006195,2026-06-15 20:54:44.107279,0.28655844274877584,lstm
SVC-000060,EVT-0006196,2026-06-15 20:58:14.217565,0.948223445333456,lstm
SVC-000044,EVT-0006197,2026-06-15 21:01:12.074150,0.43441678453009097,lstm
SVC-000048,EVT-0006198,2026-06-15 21:05:18.097919,0.41171126968783195,lstm
SVC-000048,EVT-0006199,2026-06-15 21:05:38.955508,0.8262683729024061,lstm
USR-000149,EVT-0006200,2026-06-15 21:07:22.066604,0.9199546296282497,baseline_fallback
SVC-000048,EVT-0006201,2026-06-15 21:09:08.579681,0.6805944850070996,lstm
SVC-000047,EVT-0006202,2026-06-15 21:10:10.226181,0.9571911991477615,lstm
DEV-000009,EVT-0006203,2026-06-15 21:10:21.094481,0.21092410227950864,lstm
SVC-000058,EVT-0006204,2026-06-15 21:14:17.889901,0.2828134500902129,lstm
SVC-000004,EVT-0006205,2026-06-15 21:16:02.768797,0.5847310688767414,lstm
SVC-000047,EVT-0006206,2026-06-15 21:22:18.839194,0.3355717784176701,lstm
SVC-000058,EVT-0006207,2026-06-15 21:24:52.000198,0.2828752532186341,lstm
SVC-000054,EVT-0006208,2026-06-15 21:25:59.497972,0.4556550249783025,lstm
DEV-000004,EVT-0006209,2026-06-15 21:26:47.696811,0.64399077757271,lstm
SVC-000054,EVT-0006210,2026-06-15 21:28:41.089898,0.4865421511591835,lstm
SVC-000003,EVT-0006211,2026-06-15 21:29:10.171511,0.9380075004906371,lstm
DEV-000026,EVT-0006212,2026-06-15 21:29:14.082883,0.49131190647456796,lstm
SVC-000003,EVT-0006213,2026-06-15 21:30:18.221066,0.6976330888213338,lstm
SVC-000048,EVT-0006214,2026-06-15 21:30:18.443954,0.2838346159591279,lstm
USR-000044,EVT-0006215,2026-06-15 21:34:14.916000,0.939041235088846,lstm
SVC-000048,EVT-0006216,2026-06-15 21:35:08.893485,0.5030207914735018,lstm
DEV-000005,EVT-0006217,2026-06-15 21:35:25.468591,0.4511333448315877,lstm
SVC-000048,EVT-0006218,2026-06-15 21:37:08.270745,0.4726222990627029,lstm
SVC-000054,EVT-0006219,2026-06-15 21:40:19.185251,0.2722072251163569,lstm
SVC-000045,EVT-0006220,2026-06-15 21:41:22.279046,0.4791570490971604,lstm
SVC-000035,EVT-0006221,2026-06-15 21:44:57.970569,0.32928346449883966,lstm
SVC-000003,EVT-0006222,2026-06-15 21:45:59.855218,0.7581242278453587,lstm
SVC-000035,EVT-0006223,2026-06-15 21:47:33.055148,0.6491247084255026,lstm
SVC-000060,EVT-0006224,2026-06-15 21:48:24.880792,0.808879125843565,lstm
SVC-000058,EVT-0006225,2026-06-15 21:48:58.152271,0.24515939023592298,lstm
SVC-000048,EVT-0006226,2026-06-15 21:49:42.391469,0.2963340555513612,lstm
SVC-000047,EVT-0006227,2026-06-15 21:50:47.774826,0.4259067571451117,lstm
SVC-000054,EVT-0006228,2026-06-15 21:51:01.979040,0.25464058433528214,lstm
SVC-000002,EVT-0006229,2026-06-15 21:53:26.079979,0.9973797658524346,lstm
SVC-000058,EVT-0006230,2026-06-15 21:53:32.377196,0.3271858654608913,lstm
SVC-000045,EVT-0006231,2026-06-15 21:56:36.313312,0.38221553926511265,lstm
SVC-000047,EVT-0006232,2026-06-15 21:58:20.574636,0.47447782389022536,lstm
USR-000106,EVT-0006233,2026-06-15 21:58:42.933853,0.5208671996105882,lstm
SVC-000048,EVT-0006234,2026-06-15 21:58:46.298693,0.5400284947987767,lstm
SVC-000003,EVT-0006235,2026-06-15 21:59:07.768135,0.37886647860809086,lstm
SVC-000058,EVT-0006236,2026-06-15 22:01:45.192000,0.3368938361027642,lstm
SVC-000035,EVT-0006237,2026-06-15 22:02:58.933091,0.2997774588104971,lstm
SVC-000004,EVT-0006238,2026-06-15 22:03:45.256444,0.5613034809919494,lstm
SVC-000058,EVT-0006239,2026-06-15 22:04:25.817097,0.4019484559320376,lstm
SVC-000054,EVT-0006240,2026-06-15 22:05:34.784290,0.22836996807902057,lstm
SVC-000032,EVT-0006241,2026-06-15 22:07:44.547493,0.9857378589168733,lstm
DEV-000025,EVT-0006242,2026-06-15 22:09:27.494729,0.42209400715732126,lstm
SVC-000025,EVT-0006243,2026-06-15 22:09:34.063684,0.9792760770007423,lstm
SVC-000058,EVT-0006244,2026-06-15 22:10:46.543988,0.330787669650082,lstm
SVC-000032,EVT-0006245,2026-06-15 22:10:54.381235,0.34523035921306455,lstm
SVC-000058,EVT-0006246,2026-06-15 22:11:43.565782,0.5600942707895684,lstm
SVC-000047,EVT-0006247,2026-06-15 22:12:47.513145,0.2937472987602531,lstm
SVC-000045,EVT-0006248,2026-06-15 22:13:43.987517,0.31364343547753337,lstm
SVC-000054,EVT-0006249,2026-06-15 22:17:36.191500,0.43325191008778585,lstm
SVC-000045,EVT-0006250,2026-06-15 22:21:10.450089,0.27269232246839165,lstm
SVC-000054,EVT-0006251,2026-06-15 22:21:20.898133,0.3392872736930578,lstm
SVC-000048,EVT-0006252,2026-06-15 22:21:56.230684,0.4545771156741414,lstm
SVC-000045,EVT-0006253,2026-06-15 22:23:45.106960,0.4199895313603946,lstm
SVC-000047,EVT-0006254,2026-06-15 22:23:59.179082,0.3384158613854599,lstm
SVC-000035,EVT-0006255,2026-06-15 22:25:19.153796,0.4357826053200526,lstm
SVC-000002,EVT-0006256,2026-06-15 22:27:12.258705,0.5100804731603158,lstm
SVC-000002,EVT-0006257,2026-06-15 22:28:09.702832,0.5596797757925054,lstm
SVC-000002,EVT-0006258,2026-06-15 22:30:25.292620,0.575493730120385,lstm
SVC-000047,EVT-0006259,2026-06-15 22:30:59.394933,0.3598197260672356,lstm
SVC-000047,EVT-0006260,2026-06-15 22:31:41.019992,0.6237793823773035,lstm
DEV-000020,EVT-0006261,2026-06-15 22:31:58.859983,0.1906438919058456,lstm
SVC-000045,EVT-0006262,2026-06-15 22:33:46.154891,0.24626867940644143,lstm
SVC-000054,EVT-0006263,2026-06-15 22:34:35.674554,0.250788463108428,lstm
SVC-000047,EVT-0006264,2026-06-15 22:35:55.505584,0.30610918007652416,lstm
SVC-000045,EVT-0006265,2026-06-15 22:36:51.606305,0.41131861869165365,lstm
DEV-000005,EVT-0006266,2026-06-15 22:38:03.445814,0.4009406038397923,lstm
DEV-000017,EVT-0006267,2026-06-15 22:38:17.943354,0.48877608243053866,lstm
SVC-000047,EVT-0006268,2026-06-15 22:38:53.937420,0.3881059270389889,lstm
SVC-000047,EVT-0006269,2026-06-15 22:40:05.726077,0.8964306662091946,lstm
SVC-000032,EVT-0006270,2026-06-15 22:41:13.855680,0.3317630914788633,lstm
USR-000165,EVT-0006271,2026-06-15 22:44:46.387667,0.4681039729230178,lstm
SVC-000045,EVT-0006272,2026-06-15 22:45:17.602980,0.3343518604221652,lstm
DEV-000018,EVT-0006273,2026-06-15 22:45:43.528283,0.16735213646952252,lstm
SVC-000025,EVT-0006274,2026-06-15 22:47:08.669969,0.4495465580000665,lstm
SVC-000045,EVT-0006275,2026-06-15 22:48:07.755270,0.35448869840026537,lstm
SVC-000003,EVT-0006276,2026-06-15 22:48:10.148973,0.823275564364605,lstm
SVC-000002,EVT-0006277,2026-06-15 22:48:54.774003,0.2926469012755964,lstm
SVC-000035,EVT-0006278,2026-06-15 22:49:39.265639,0.3549531232327377,lstm
SVC-000002,EVT-0006279,2026-06-15 22:52:44.139329,0.3847425401707218,lstm
DEV-000003,EVT-0006280,2026-06-15 22:57:35.782543,0.37709413089059285,lstm
SVC-000058,EVT-0006281,2026-06-15 23:00:19.900800,0.40760893350043975,lstm
SVC-000047,EVT-0006282,2026-06-15 23:00:42.270605,0.7000987520133375,lstm
SVC-000002,EVT-0006283,2026-06-15 23:03:50.188023,0.4680820507581546,lstm
SVC-000045,EVT-0006284,2026-06-15 23:07:34.102409,0.5689621545015936,lstm
SVC-000032,EVT-0006285,2026-06-15 23:11:02.304791,0.3001676863448567,lstm
SVC-000041,EVT-0006286,2026-06-15 23:11:52.101578,0.9940007869075308,lstm
SVC-000059,EVT-0006287,2026-06-15 23:12:12.886040,0.975909148917034,lstm
SVC-000002,EVT-0006288,2026-06-15 23:15:10.367398,0.3487479211418269,lstm
SVC-000059,EVT-0006289,2026-06-15 23:16:12.650746,0.36283900454246565,lstm
SVC-000047,EVT-0006290,2026-06-15 23:17:51.667299,0.3310049155336326,lstm
SVC-000041,EVT-0006291,2026-06-15 23:19:15.895693,0.47265960246762007,lstm
SVC-000054,EVT-0006292,2026-06-15 23:21:53.581216,0.3463396840786411,lstm
DEV-000021,EVT-0006293,2026-06-15 23:24:22.215447,0.3779708481543247,lstm
DEV-000011,EVT-0006294,2026-06-15 23:28:36.236604,0.620537744573721,lstm
SVC-000002,EVT-0006295,2026-06-15 23:28:55.223826,0.40252674235833374,lstm
DEV-000002,EVT-0006296,2026-06-15 23:28:57.991740,0.6088916994628573,lstm
SVC-000032,EVT-0006297,2026-06-15 23:29:04.090877,0.20428437906702984,lstm
SVC-000032,EVT-0006298,2026-06-15 23:32:05.356296,0.40671892492044615,lstm
SVC-000059,EVT-0006299,2026-06-15 23:35:14.654656,0.23974579810489702,lstm
SVC-000002,EVT-0006300,2026-06-15 23:36:45.018053,0.552402699164125,lstm
DEV-000013,EVT-0006301,2026-06-15 23:38:21.661733,0.5434556800255068,lstm
DEV-000009,EVT-0006302,2026-06-15 23:40:38.773858,0.34868977698018605,lstm
DEV-000026,EVT-0006303,2026-06-15 23:41:21.025800,0.2801608230540837,lstm
DEV-000018,EVT-0006304,2026-06-15 23:42:42.015540,0.3289818737859659,lstm
SVC-000025,EVT-0006305,2026-06-15 23:47:38.215433,0.3663868309504661,lstm
SVC-000059,EVT-0006306,2026-06-15 23:47:50.953899,0.22099552516741783,lstm
SVC-000045,EVT-0006307,2026-06-15 23:48:11.605992,0.4721654648819327,lstm
SVC-000059,EVT-0006308,2026-06-15 23:49:08.045122,0.7732346402984296,lstm
SVC-000025,EVT-0006309,2026-06-15 23:49:52.112159,0.8416209595575518,lstm
SVC-000047,EVT-0006310,2026-06-15 23:50:50.273233,0.3923091306945367,lstm
SVC-000032,EVT-0006311,2026-06-15 23:51:48.688699,0.2823153250563822,lstm
DEV-000023,EVT-0006312,2026-06-15 23:52:26.163264,0.8032758884601067,lstm
USR-000124,EVT-0006313,2026-06-15 23:52:45.593467,0.7398744557777216,baseline_fallback
SVC-000059,EVT-0006314,2026-06-15 23:53:13.465487,0.26447415565442683,lstm
DEV-000003,EVT-0006315,2026-06-15 23:54:15.459412,0.37369419575446394,lstm
SVC-000056,EVT-0006316,2026-06-15 23:58:11.953103,0.9179984798728955,lstm
USR-000113,EVT-0006317,2026-06-15 23:58:57.360424,0.2903644948405685,lstm
DEV-000006,EVT-0006318,2026-06-15 23:59:18.276866,0.5813072406034588,lstm
USR-000141,EVT-0006319,2026-06-16 00:03:18.832028,0.7028942427875153,baseline_fallback
USR-000124,EVT-0006320,2026-06-16 00:04:54.540465,0.6475111450057781,baseline_fallback
SVC-000041,EVT-0006321,2026-06-16 00:06:16.004183,0.6806018990294783,lstm
SVC-000041,EVT-0006322,2026-06-16 00:06:47.584327,0.8529914544175808,lstm
DEV-000010,EVT-0006323,2026-06-16 00:11:55.276627,0.41088386636211544,lstm
SVC-000059,EVT-0006324,2026-06-16 00:13:49.759979,0.38668323859902193,lstm
DEV-000012,EVT-0006325,2026-06-16 00:21:07.926300,0.5941249723502439,lstm
SVC-000059,EVT-0006326,2026-06-16 00:28:38.819584,0.3103821079267222,lstm
USR-000165,EVT-0006327,2026-06-16 00:30:41.024234,0.2650899641458936,lstm
DEV-000025,EVT-0006328,2026-06-16 00:38:54.162948,0.5014414963407772,lstm
USR-000134,EVT-0006329,2026-06-16 00:40:28.600472,0.6722449299696253,baseline_fallback
SVC-000041,EVT-0006330,2026-06-16 00:43:45.665020,0.33467299885862384,lstm
SVC-000056,EVT-0006331,2026-06-16 00:48:13.978737,0.5949491323611362,lstm
SVC-000056,EVT-0006332,2026-06-16 00:50:17.486756,0.9200377780160475,lstm
SVC-000056,EVT-0006333,2026-06-16 00:51:02.923809,0.976339218950426,lstm
USR-000106,EVT-0006334,2026-06-16 00:51:33.397868,0.30645568573383947,lstm
DEV-000004,EVT-0006335,2026-06-16 00:53:09.408935,0.5844647457320251,lstm
DEV-000021,EVT-0006336,2026-06-16 00:55:58.827194,0.22575020623117276,lstm
SVC-000041,EVT-0006337,2026-06-16 00:55:59.930058,0.5304586564150685,lstm
DEV-000003,EVT-0006338,2026-06-16 01:00:30.151672,0.39074817146124075,lstm
SVC-000056,EVT-0006339,2026-06-16 01:00:45.938000,0.3370189674185547,lstm
DEV-000015,EVT-0006340,2026-06-16 01:04:34.012484,0.9999999999968192,lstm
SVC-000025,EVT-0006341,2026-06-16 01:07:06.222689,0.7082763009561879,lstm
SVC-000041,EVT-0006342,2026-06-16 01:10:43.154637,0.6097649582145674,lstm
DEV-000008,EVT-0006343,2026-06-16 01:12:46.011223,0.9570353094046464,lstm
DEV-000020,EVT-0006344,2026-06-16 01:15:23.973878,0.3266550022823587,lstm
SVC-000056,EVT-0006345,2026-06-16 01:15:46.874803,0.6372089514433157,lstm
USR-000122,EVT-0006346,2026-06-16 01:15:58.799496,0.7928497259506968,baseline_fallback
DEV-000012,EVT-0006347,2026-06-16 01:18:21.571033,0.4170255938038111,lstm
SVC-000056,EVT-0006348,2026-06-16 01:20:47.163125,0.5736527565085797,lstm
SVC-000041,EVT-0006349,2026-06-16 01:22:08.340873,0.4876412873752893,lstm
SVC-000041,EVT-0006350,2026-06-16 01:23:56.783536,0.6500798299391971,lstm
USR-000122,EVT-0006351,2026-06-16 01:30:07.654596,0.8535617099483679,baseline_fallback
USR-000106,EVT-0006352,2026-06-16 01:32:27.905065,0.38104427008665603,lstm
SVC-000041,EVT-0006353,2026-06-16 01:34:51.988731,0.5896103358641216,lstm
DEV-000008,EVT-0006354,2026-06-16 01:51:22.905609,0.6418636619036446,lstm
SVC-000018,EVT-0006355,2026-06-16 02:05:06.906871,0.9752023542458876,lstm
DEV-000001,EVT-0006356,2026-06-16 02:09:45.148041,0.9097934026297161,lstm
SVC-000041,EVT-0006357,2026-06-16 02:15:31.568966,0.6061952257926356,lstm
SVC-000018,EVT-0006358,2026-06-16 02:23:21.703930,0.6079567201305807,lstm
SVC-000018,EVT-0006359,2026-06-16 02:25:12.529486,0.8484700395723717,lstm
SVC-000041,EVT-0006360,2026-06-16 02:26:36.928284,0.4938570913399943,lstm
USR-000165,EVT-0006361,2026-06-16 02:27:07.672077,0.2676657419381649,lstm
SVC-000018,EVT-0006362,2026-06-16 02:33:16.097961,0.33131506613286843,lstm
USR-000163,EVT-0006363,2026-06-16 02:37:03.402429,0.8056171666862617,baseline_fallback
SVC-000041,EVT-0006364,2026-06-16 02:39:06.808156,0.4888518340927595,lstm
DEV-000023,EVT-0006365,2026-06-16 02:43:53.126933,0.39602134702693403,lstm
USR-000163,EVT-0006366,2026-06-16 02:44:01.156889,0.7840050166085225,baseline_fallback
SVC-000041,EVT-0006367,2026-06-16 02:48:57.315667,0.5624816135335664,lstm
USR-000122,EVT-0006368,2026-06-16 02:51:03.566100,0.9898895944445291,baseline_fallback
DEV-000014,EVT-0006369,2026-06-16 02:52:14.071874,0.9999790496550433,lstm
USR-000165,EVT-0006370,2026-06-16 02:53:01.441916,0.7814797206524083,lstm
SVC-000018,EVT-0006371,2026-06-16 02:54:17.584091,0.4919251573105862,lstm
DEV-000021,EVT-0006372,2026-06-16 02:57:32.006899,0.16973616063826794,lstm
DEV-000025,EVT-0006373,2026-06-16 02:57:35.403794,0.581902191156221,lstm
SVC-000014,EVT-0006374,2026-06-16 03:04:53.412394,0.999344124702783,lstm
DEV-000011,EVT-0006375,2026-06-16 03:06:30.327195,0.5258845785302491,lstm
SVC-000018,EVT-0006376,2026-06-16 03:07:00.302531,0.4644842432490491,lstm
DEV-000010,EVT-0006377,2026-06-16 03:16:17.030653,0.33571233464842065,lstm
SVC-000018,EVT-0006378,2026-06-16 03:16:28.715902,0.31961331680594807,lstm
USR-000124,EVT-0006379,2026-06-16 03:16:28.891040,0.8714696927026918,baseline_fallback
SVC-000020,EVT-0006380,2026-06-16 03:17:58.572057,0.9590086614695779,lstm
SVC-000014,EVT-0006381,2026-06-16 03:18:05.018340,0.6285500443780028,lstm
SVC-000018,EVT-0006382,2026-06-16 03:18:43.083215,0.6010554433478605,lstm
SVC-000014,EVT-0006383,2026-06-16 03:20:16.584677,0.663325490405794,lstm
SVC-000018,EVT-0006384,2026-06-16 03:23:45.209009,0.41365279882550626,lstm
SVC-000019,EVT-0006385,2026-06-16 03:25:10.855399,0.979427282652812,lstm
SVC-000018,EVT-0006386,2026-06-16 03:25:22.082083,0.5120982916137161,lstm
DEV-000023,EVT-0006387,2026-06-16 03:32:40.104680,0.3402289308887294,lstm
SVC-000018,EVT-0006388,2026-06-16 03:34:06.281953,0.3842447714697894,lstm
SVC-000014,EVT-0006389,2026-06-16 03:37:51.224130,0.4663991735444257,lstm
SVC-000019,EVT-0006390,2026-06-16 03:40:46.806200,0.7378424883548461,lstm
USR-000165,EVT-0006391,2026-06-16 03:42:24.301202,0.39025600997380827,lstm
DEV-000022,EVT-0006392,2026-06-16 03:43:03.369549,0.6670412266876485,lstm
SVC-000019,EVT-0006393,2026-06-16 03:46:04.164582,0.2899842394892404,lstm
DEV-000024,EVT-0006394,2026-06-16 03:48:46.245761,0.7679780870048152,lstm
SVC-000014,EVT-0006395,2026-06-16 03:49:25.652046,0.4030587644473898,lstm
DEV-000018,EVT-0006396,2026-06-16 03:50:30.345167,0.37870272694946366,lstm
USR-000113,EVT-0006397,2026-06-16 03:53:05.583596,0.3071908518448443,lstm
SVC-000018,EVT-0006398,2026-06-16 03:54:57.036126,0.5419931662763494,lstm
SVC-000019,EVT-0006399,2026-06-16 03:55:45.854192,0.27313871699033815,lstm
SVC-000014,EVT-0006400,2026-06-16 03:58:25.905553,0.38729619545928784,lstm
DEV-000013,EVT-0006401,2026-06-16 04:00:49.348683,0.4700654800696163,lstm
SVC-000041,EVT-0006402,2026-06-16 04:00:50.332897,0.8779892015729343,lstm
SVC-000019,EVT-0006403,2026-06-16 04:04:14.349933,0.23276517484577855,lstm
SVC-000015,EVT-0006404,2026-06-16 04:04:53.003003,0.9610932272587493,lstm
SVC-000007,EVT-0006405,2026-06-16 04:05:13.477055,0.9917978126433926,lstm
SVC-000014,EVT-0006406,2026-06-16 04:09:16.414050,0.3226668841449122,lstm
SVC-000019,EVT-0006407,2026-06-16 04:09:57.165879,0.5536134634024013,lstm
DEV-000011,EVT-0006408,2026-06-16 04:10:01.790339,0.41140448640231325,lstm
SVC-000014,EVT-0006409,2026-06-16 04:11:07.909845,0.42475549386859185,lstm
DEV-000005,EVT-0006410,2026-06-16 04:15:38.222811,0.2833146470462934,lstm
USR-000042,EVT-0006411,2026-06-16 04:16:07.124411,0.8367097536654045,lstm
DEV-000005,EVT-0006412,2026-06-16 04:19:35.283229,0.9024340822033718,lstm
SVC-000019,EVT-0006413,2026-06-16 04:19:53.191826,0.5747755759526348,lstm
USR-000199,EVT-0006414,2026-06-16 04:24:24.899563,0.898179669889586,baseline_fallback
SVC-000020,EVT-0006415,2026-06-16 04:25:04.923915,0.6960290373311674,lstm
DEV-000020,EVT-0006416,2026-06-16 04:29:19.287283,0.611532454115467,lstm
SVC-000014,EVT-0006417,2026-06-16 04:30:41.769707,0.34031470283551735,lstm
SVC-000015,EVT-0006418,2026-06-16 04:31:12.251897,0.39526763377584634,lstm
SVC-000019,EVT-0006419,2026-06-16 04:31:22.002416,0.2993886836762475,lstm
SVC-000015,EVT-0006420,2026-06-16 04:32:48.624391,0.5644942814067487,lstm
SVC-000014,EVT-0006421,2026-06-16 04:39:37.750214,0.3312623042047748,lstm
SVC-000007,EVT-0006422,2026-06-16 04:41:57.117385,0.3512057468755987,lstm
SVC-000007,EVT-0006423,2026-06-16 04:42:41.964117,0.6111571150988281,lstm
DEV-000008,EVT-0006424,2026-06-16 04:43:14.334710,0.2884075762518293,lstm
SVC-000014,EVT-0006425,2026-06-16 04:43:41.250427,0.34506950321699653,lstm
SVC-000014,EVT-0006426,2026-06-16 04:44:54.387238,0.4264347423711608,lstm
SVC-000020,EVT-0006427,2026-06-16 04:47:46.550831,0.3603583509193221,lstm
SVC-000014,EVT-0006428,2026-06-16 04:50:39.187175,0.36438038202458084,lstm
DEV-000013,EVT-0006429,2026-06-16 04:51:22.456874,0.6209556134937075,lstm
SVC-000019,EVT-0006430,2026-06-16 04:52:08.647923,0.30721211543126087,lstm
SVC-000014,EVT-0006431,2026-06-16 04:53:41.168434,0.38048301491977427,lstm
SVC-000014,EVT-0006432,2026-06-16 04:56:07.269861,0.3542207153707665,lstm
SVC-000014,EVT-0006433,2026-06-16 04:58:17.588680,0.2898702396292961,lstm
SVC-000015,EVT-0006434,2026-06-16 05:00:42.133347,0.40028909493968,lstm
SVC-000015,EVT-0006435,2026-06-16 05:02:07.167782,0.553710049757145,lstm
SVC-000014,EVT-0006436,2026-06-16 05:02:24.657400,0.36311671383487343,lstm
USR-000182,EVT-0006437,2026-06-16 05:03:15.713358,0.5480888389326853,lstm
SVC-000007,EVT-0006438,2026-06-16 05:05:51.338788,0.6411328074408501,lstm
SVC-000007,EVT-0006439,2026-06-16 05:07:00.678488,0.6358752507832482,lstm
SVC-000015,EVT-0006440,2026-06-16 05:09:02.737421,0.4152752558610994,lstm
SVC-000014,EVT-0006441,2026-06-16 05:11:12.388632,0.25918674942554076,lstm
USR-000113,EVT-0006442,2026-06-16 05:14:39.723206,0.31037171262282914,lstm
SVC-000007,EVT-0006443,2026-06-16 05:18:54.146718,0.28763287196294685,lstm
SVC-000020,EVT-0006444,2026-06-16 05:19:20.506392,0.5402989356888845,lstm
SVC-000007,EVT-0006445,2026-06-16 05:23:10.672664,0.44554197062438594,lstm
USR-000163,EVT-0006446,2026-06-16 05:23:25.890505,0.6912560475309365,baseline_fallback
SVC-000019,EVT-0006447,2026-06-16 05:23:50.396638,0.34371386314771923,lstm
SVC-000031,EVT-0006448,2026-06-16 05:25:22.411102,0.9990686292325024,lstm
SVC-000009,EVT-0006449,2026-06-16 05:27:38.413629,0.9976713433229913,lstm
DEV-000020,EVT-0006450,2026-06-16 05:28:33.631379,0.5469067912166746,lstm
SVC-000019,EVT-0006451,2026-06-16 05:31:12.671764,0.30038824388721075,lstm
SVC-000019,EVT-0006452,2026-06-16 05:31:23.322151,0.5809109604993216,lstm
SVC-000015,EVT-0006453,2026-06-16 05:32:08.239597,0.4325727161250699,lstm
SVC-000007,EVT-0006454,2026-06-16 05:32:27.679784,0.3885805649223711,lstm
SVC-000019,EVT-0006455,2026-06-16 05:39:40.750462,0.31649484975282344,lstm
SVC-000020,EVT-0006456,2026-06-16 05:40:21.112391,0.5207885770755473,lstm
SVC-000019,EVT-0006457,2026-06-16 05:40:42.544628,0.46677380584545874,lstm
SVC-000031,EVT-0006458,2026-06-16 05:46:18.652837,0.5378212436482255,lstm
SVC-000009,EVT-0006459,2026-06-16 05:46:20.630963,0.7256883340064859,lstm
SVC-000014,EVT-0006460,2026-06-16 05:49:15.434132,0.37399796803678714,lstm
DEV-000017,EVT-0006461,2026-06-16 05:54:17.860611,0.7563990727501128,lstm
USR-000106,EVT-0006462,2026-06-16 05:55:48.710001,0.507042580370966,lstm
SVC-000009,EVT-0006463,2026-06-16 05:56:13.489305,0.3745104413190451,lstm
SVC-000009,EVT-0006464,2026-06-16 05:57:52.748244,0.6583265353901514,lstm
DEV-000008,EVT-0006465,2026-06-16 06:00:44.847650,0.30853971671299457,lstm
DEV-000011,EVT-0006466,2026-06-16 06:01:16.195353,0.2243153521658015,lstm
SVC-000055,EVT-0006467,2026-06-16 06:04:19.299125,0.957986604162767,lstm
SVC-000031,EVT-0006468,2026-06-16 06:04:29.033243,0.43635918588801675,lstm
DEV-000019,EVT-0006469,2026-06-16 06:10:05.028206,0.5012368214585843,baseline_fallback
SVC-000019,EVT-0006470,2026-06-16 06:12:49.820922,0.4005474548422183,lstm
DEV-000001,EVT-0006471,2026-06-16 06:14:07.889015,0.42892138146492237,lstm
SVC-000030,EVT-0006472,2026-06-16 06:16:44.616818,0.9593594037087184,lstm
SVC-000009,EVT-0006473,2026-06-16 06:16:56.003605,0.3266141639811842,lstm
SVC-000019,EVT-0006474,2026-06-16 06:18:49.939053,0.33448904909506083,lstm
SVC-000009,EVT-0006475,2026-06-16 06:21:48.868288,0.5771654866618664,lstm
SVC-000055,EVT-0006476,2026-06-16 06:22:31.921751,0.3902672473831861,lstm
SVC-000009,EVT-0006477,2026-06-16 06:23:47.238181,0.458391876990739,lstm
DEV-000023,EVT-0006478,2026-06-16 06:24:31.253856,0.2037792776514174,lstm
SVC-000009,EVT-0006479,2026-06-16 06:24:53.550933,0.5592509382053203,lstm
DEV-000002,EVT-0006480,2026-06-16 06:29:39.273904,0.8110905157077166,lstm
DEV-000018,EVT-0006481,2026-06-16 06:31:31.933497,0.6690141516628848,lstm
SVC-000009,EVT-0006482,2026-06-16 06:33:10.111543,0.5538120371318183,lstm
SVC-000009,EVT-0006483,2026-06-16 06:35:06.954937,0.6537637455567679,lstm
SVC-000031,EVT-0006484,2026-06-16 06:44:18.141066,0.3834779722246506,lstm
DEV-000013,EVT-0006485,2026-06-16 06:45:18.285335,0.4834672252290785,lstm
USR-000060,EVT-0006486,2026-06-16 06:55:01.998997,0.6585163960087437,baseline_fallback
USR-000054,EVT-0006487,2026-06-16 07:01:00.379576,0.47766373030400894,baseline_fallback
SVC-000031,EVT-0006488,2026-06-16 07:03:30.666560,0.3544046177105268,lstm
SVC-000031,EVT-0006489,2026-06-16 07:07:18.074777,0.37700629973762656,lstm
SVC-000031,EVT-0006490,2026-06-16 07:11:47.318091,0.40260980704924115,lstm
USR-000022,EVT-0006491,2026-06-16 07:13:15.598762,0.4962770842707161,lstm
SVC-000055,EVT-0006492,2026-06-16 07:14:44.727793,0.3580332152871663,lstm
USR-000031,EVT-0006493,2026-06-16 07:17:00.304091,0.5170157784639489,lstm
SVC-000055,EVT-0006494,2026-06-16 07:18:13.119126,0.439853856736189,lstm
USR-000015,EVT-0006495,2026-06-16 07:20:22.146048,0.9000447248315971,baseline_fallback
DEV-000023,EVT-0006496,2026-06-16 07:20:45.931154,0.1352176944010427,lstm
SVC-000055,EVT-0006497,2026-06-16 07:22:37.827482,0.5718373628274447,lstm
USR-000048,EVT-0006498,2026-06-16 07:29:34.885991,0.5580681547112533,lstm
USR-000050,EVT-0006499,2026-06-16 07:30:19.569933,0.9926441595320293,baseline_fallback
SVC-000055,EVT-0006500,2026-06-16 07:30:36.273132,0.32023425433987474,lstm
SVC-000011,EVT-0006501,2026-06-16 07:31:03.483767,0.9866262970333387,lstm
USR-000031,EVT-0006502,2026-06-16 07:33:22.021445,0.3742795433682382,lstm
USR-000090,EVT-0006503,2026-06-16 07:33:36.719067,0.6772028498299013,lstm
DEV-000021,EVT-0006504,2026-06-16 07:34:17.554645,0.4685613213221567,lstm
USR-000172,EVT-0006505,2026-06-16 07:35:27.651373,0.9973993357436752,lstm
SVC-000055,EVT-0006506,2026-06-16 07:36:51.156114,0.3712360603291113,lstm
SVC-000011,EVT-0006507,2026-06-16 07:38:51.083787,0.4422008314717701,lstm
SVC-000031,EVT-0006508,2026-06-16 07:40:20.640437,0.3754739364072771,lstm
USR-000163,EVT-0006509,2026-06-16 07:41:48.398934,0.8033769210057705,lstm
SVC-000030,EVT-0006510,2026-06-16 07:43:37.547354,0.6788364231948392,lstm
SVC-000031,EVT-0006511,2026-06-16 07:44:11.560419,0.38400329652700704,lstm
USR-000042,EVT-0006512,2026-06-16 07:44:41.017367,0.46690728049417624,lstm
USR-000155,EVT-0006513,2026-06-16 07:48:27.441589,0.9999999989875759,lstm
DEV-000015,EVT-0006514,2026-06-16 07:48:33.085435,0.9999723518265055,lstm
USR-000087,EVT-0006515,2026-06-16 07:50:55.966113,0.49092119678201773,baseline_fallback
USR-000166,EVT-0006516,2026-06-16 07:51:37.308555,0.5049786777470451,baseline_fallback
SVC-000040,EVT-0006517,2026-06-16 07:51:49.591563,0.9664839803571786,lstm
SVC-000040,EVT-0006518,2026-06-16 07:52:15.364537,0.6352341746415983,lstm
SVC-000031,EVT-0006519,2026-06-16 07:52:57.902087,0.3091438342606535,lstm
SVC-000040,EVT-0006520,2026-06-16 07:54:00.832180,0.47713419480713604,lstm
SVC-000040,EVT-0006521,2026-06-16 07:55:11.332098,0.5896746135515919,lstm
SVC-000040,EVT-0006522,2026-06-16 07:56:10.355431,0.5652098393982034,lstm
SVC-000024,EVT-0006523,2026-06-16 07:56:28.843465,0.9766190840068094,lstm
USR-000047,EVT-0006524,2026-06-16 07:57:08.937688,0.7822400866598775,lstm
SVC-000040,EVT-0006525,2026-06-16 07:58:16.354004,0.34877638963780044,lstm
USR-000015,EVT-0006526,2026-06-16 07:59:32.511893,0.8270878354435285,baseline_fallback
SVC-000011,EVT-0006527,2026-06-16 07:59:53.720031,0.34620330660495924,lstm
DEV-000002,EVT-0006528,2026-06-16 08:00:56.323397,0.4878911682629273,lstm
SVC-000031,EVT-0006529,2026-06-16 08:01:38.933676,0.43061446269901427,lstm
DEV-000014,EVT-0006530,2026-06-16 08:03:59.608982,0.6009616253064414,lstm
SVC-000055,EVT-0006531,2026-06-16 08:05:29.353368,0.5353924055056479,lstm
USR-000026,EVT-0006532,2026-06-16 08:07:53.257503,0.9999991419660922,lstm
SVC-000011,EVT-0006533,2026-06-16 08:10:02.397678,0.3902211222777702,lstm
USR-000090,EVT-0006534,2026-06-16 08:10:51.203449,0.6062069484041707,lstm
USR-000031,EVT-0006535,2026-06-16 08:11:00.638131,0.300102968063675,lstm
USR-000070,EVT-0006536,2026-06-16 08:13:10.870860,0.8119464007571111,baseline_fallback
SVC-000016,EVT-0006537,2026-06-16 08:16:00.429523,0.9686416869049026,lstm
USR-000014,EVT-0006538,2026-06-16 08:16:56.766502,0.3844971688802635,baseline_fallback
SVC-000024,EVT-0006539,2026-06-16 08:17:02.317799,0.45840298818307457,lstm
USR-000016,EVT-0006540,2026-06-16 08:18:01.147842,0.8035621412600139,baseline_fallback
USR-000090,EVT-0006541,2026-06-16 08:19:47.279487,0.5925083480618739,lstm
SVC-000046,EVT-0006542,2026-06-16 08:20:23.763243,0.9977700302807334,lstm
SVC-000053,EVT-0006543,2026-06-16 08:23:02.139190,0.9952148744885692,lstm
USR-000016,EVT-0006544,2026-06-16 08:24:09.252668,0.771013056204593,baseline_fallback
DEV-000010,EVT-0006545,2026-06-16 08:24:36.683015,0.42423081274569036,lstm
SVC-000055,EVT-0006546,2026-06-16 08:25:04.585351,0.384598320392274,lstm
SVC-000053,EVT-0006547,2026-06-16 08:25:54.129713,0.7905683466980272,lstm
DEV-000011,EVT-0006548,2026-06-16 08:25:57.442719,0.23268209237279172,lstm
DEV-000009,EVT-0006549,2026-06-16 08:27:13.425645,0.8773087261938164,lstm
USR-000015,EVT-0006550,2026-06-16 08:28:02.322103,0.734760002780567,baseline_fallback
USR-000172,EVT-0006551,2026-06-16 08:28:23.916207,0.9998529619229937,lstm
SVC-000046,EVT-0006552,2026-06-16 08:28:55.803298,0.5549838889504911,lstm
USR-000183,EVT-0006553,2026-06-16 08:30:22.477001,0.4032845043980626,baseline_fallback
SVC-000046,EVT-0006554,2026-06-16 08:33:43.080682,0.44410938739722733,lstm
SVC-000024,EVT-0006555,2026-06-16 08:35:31.647839,0.3289913075052272,lstm
USR-000129,EVT-0006556,2026-06-16 08:35:46.903606,0.5260145417749635,lstm
USR-000058,EVT-0006557,2026-06-16 08:39:11.086669,0.44336978846749053,lstm
SVC-000046,EVT-0006558,2026-06-16 08:39:30.338530,0.37613062071530085,lstm
USR-000046,EVT-0006559,2026-06-16 08:41:07.086237,0.751232617279799,baseline_fallback
USR-000173,EVT-0006560,2026-06-16 08:41:35.422528,0.3873847157106363,baseline_fallback
USR-000168,EVT-0006561,2026-06-16 08:42:03.356648,0.4799106225988983,baseline_fallback
SVC-000046,EVT-0006562,2026-06-16 08:43:41.284046,0.5333561019914983,lstm
SVC-000011,EVT-0006563,2026-06-16 08:43:44.530097,0.30797648586077897,lstm
SVC-000011,EVT-0006564,2026-06-16 08:44:21.673896,0.4497969094491168,lstm
USR-000164,EVT-0006565,2026-06-16 08:45:02.992459,0.78295401034392,baseline_fallback
SVC-000046,EVT-0006566,2026-06-16 08:45:04.001009,0.4710310967622663,lstm
SVC-000039,EVT-0006567,2026-06-16 08:45:58.805894,0.9890817462020837,lstm
DEV-000008,EVT-0006568,2026-06-16 08:46:01.190709,0.20571190882777377,lstm
SVC-000011,EVT-0006569,2026-06-16 08:46:40.568271,0.411028271749018,lstm
USR-000183,EVT-0006570,2026-06-16 08:49:31.950916,0.45251781803616625,baseline_fallback
USR-000064,EVT-0006571,2026-06-16 08:49:44.039381,0.7000107304816792,lstm
USR-000155,EVT-0006572,2026-06-16 08:50:13.121872,0.999682958797368,lstm
SVC-000039,EVT-0006573,2026-06-16 08:51:43.877549,0.6671982933314767,lstm
SVC-000046,EVT-0006574,2026-06-16 08:52:56.785635,0.5349195429510422,lstm
USR-000096,EVT-0006575,2026-06-16 08:53:03.064792,0.7040358905704149,baseline_fallback
DEV-000015,EVT-0006576,2026-06-16 08:55:13.985792,0.9854444296145853,lstm
SVC-000046,EVT-0006577,2026-06-16 08:55:26.943059,0.38736958306895797,lstm
SVC-000046,EVT-0006578,2026-06-16 08:55:36.234699,0.4850765050079877,lstm
SVC-000046,EVT-0006579,2026-06-16 08:57:07.083240,0.5687523665407866,lstm
USR-000069,EVT-0006580,2026-06-16 08:57:22.884878,0.7440485652063653,baseline_fallback
USR-000199,EVT-0006581,2026-06-16 08:59:20.016145,0.7917198525630691,baseline_fallback
USR-000022,EVT-0006582,2026-06-16 09:00:28.970752,0.3564369953771852,lstm
USR-000177,EVT-0006583,2026-06-16 09:02:21.976865,0.33972853633468336,lstm
SVC-000031,EVT-0006584,2026-06-16 09:03:08.632518,0.4677059638681762,lstm
SVC-000016,EVT-0006585,2026-06-16 09:04:51.885629,0.5501448614930787,lstm
SVC-000039,EVT-0006586,2026-06-16 09:05:06.807115,0.4954248322848364,lstm
SVC-000046,EVT-0006587,2026-06-16 09:05:14.171273,0.4561250034652989,lstm
SVC-000046,EVT-0006588,2026-06-16 09:05:37.027932,0.6388535301131266,lstm
USR-000095,EVT-0006589,2026-06-16 09:06:56.345872,0.32537682786760413,baseline_fallback
SVC-000016,EVT-0006590,2026-06-16 09:07:43.197083,0.6575522350501134,lstm
SVC-000021,EVT-0006591,2026-06-16 09:08:05.448647,0.9992107970755723,lstm
USR-000087,EVT-0006592,2026-06-16 09:08:14.327338,0.4124390957212384,baseline_fallback
USR-000058,EVT-0006593,2026-06-16 09:09:01.237959,0.3351846073173556,lstm
SVC-000046,EVT-0006594,2026-06-16 09:10:23.139651,0.4108575452392207,lstm
SVC-000024,EVT-0006595,2026-06-16 09:10:40.615851,0.3471591798155454,lstm
USR-000155,EVT-0006596,2026-06-16 09:11:22.480850,0.8685466073843437,lstm
SVC-000042,EVT-0006597,2026-06-16 09:12:41.914035,0.9663065974292834,lstm
USR-000047,EVT-0006598,2026-06-16 09:16:25.010450,0.6302017813979075,lstm
USR-000182,EVT-0006599,2026-06-16 09:16:27.404503,0.24000207148943353,lstm
DEV-000018,EVT-0006600,2026-06-16 09:18:59.917395,0.35074623321134807,lstm
SVC-000039,EVT-0006601,2026-06-16 09:22:52.645892,0.4762443151236159,lstm
USR-000172,EVT-0006602,2026-06-16 09:25:38.522782,0.998628382126607,lstm
USR-000003,EVT-0006603,2026-06-16 09:25:40.150314,0.9999999999999998,lstm
SVC-000024,EVT-0006604,2026-06-16 09:28:56.614304,0.43125056304200504,lstm
USR-000153,EVT-0006605,2026-06-16 09:31:10.229335,0.790230039403773,baseline_fallback
SVC-000042,EVT-0006606,2026-06-16 09:31:12.535286,0.2794574917547499,lstm
SVC-000051,EVT-0006607,2026-06-16 09:31:40.324273,0.9480594868331261,lstm
DEV-000020,EVT-0006608,2026-06-16 09:32:06.252482,0.6443672582579968,lstm
SVC-000042,EVT-0006609,2026-06-16 09:32:35.746006,0.4800472752133488,lstm
SVC-000024,EVT-0006610,2026-06-16 09:34:41.601934,0.346956441983782,lstm
USR-000042,EVT-0006611,2026-06-16 09:36:57.208941,0.3644032768390729,lstm
USR-000031,EVT-0006612,2026-06-16 09:37:38.786471,0.235716521179396,lstm
SVC-000016,EVT-0006613,2026-06-16 09:37:43.184288,0.7664027361678968,lstm
USR-000199,EVT-0006614,2026-06-16 09:38:30.394620,0.745586794836111,baseline_fallback
USR-000060,EVT-0006615,2026-06-16 09:39:05.557266,0.3659425627417406,baseline_fallback
DEV-000003,EVT-0006616,2026-06-16 09:39:25.747296,0.9077993614274931,lstm
USR-000096,EVT-0006617,2026-06-16 09:40:08.977741,0.7784184401960255,baseline_fallback
USR-000121,EVT-0006618,2026-06-16 09:40:16.610958,0.8141855742710341,lstm
DEV-000004,EVT-0006619,2026-06-16 09:40:46.620894,0.47646408872976986,lstm
USR-000182,EVT-0006620,2026-06-16 09:41:20.544674,0.33155995397372995,lstm
SVC-000039,EVT-0006621,2026-06-16 09:42:03.293175,0.3875149049331634,lstm
USR-000031,EVT-0006622,2026-06-16 09:43:55.780637,0.30111047484657,lstm
USR-000060,EVT-0006623,2026-06-16 09:44:09.852112,0.9341084256966056,lstm
USR-000182,EVT-0006624,2026-06-16 09:45:17.271719,0.39174398254636217,lstm
USR-000195,EVT-0006625,2026-06-16 09:48:20.547414,0.9306878830852089,baseline_fallback
USR-000001,EVT-0006626,2026-06-16 09:52:04.910920,0.9180252470744883,lstm
SVC-000024,EVT-0006627,2026-06-16 09:52:55.327273,0.3804333561430255,lstm
USR-000182,EVT-0006628,2026-06-16 09:53:09.545038,0.5972195765838523,lstm
DEV-000019,EVT-0006629,2026-06-16 09:56:22.367003,0.6557416087852284,baseline_fallback
SVC-000042,EVT-0006630,2026-06-16 09:56:34.277523,0.23023706220275764,lstm
SVC-000013,EVT-0006631,2026-06-16 09:57:10.781345,0.9952988990735067,lstm
USR-000058,EVT-0006632,2026-06-16 09:57:20.519318,0.24923551355169368,lstm
USR-000168,EVT-0006633,2026-06-16 09:57:50.140957,0.4168602483318983,baseline_fallback
SVC-000039,EVT-0006634,2026-06-16 09:57:59.183947,0.2977110249687935,lstm
USR-000031,EVT-0006635,2026-06-16 09:58:22.857499,0.3918371759167891,lstm
USR-000022,EVT-0006636,2026-06-16 09:59:48.850653,0.23531389495050975,lstm
SVC-000042,EVT-0006637,2026-06-16 10:00:31.214609,0.2687182820356583,lstm
DEV-000002,EVT-0006638,2026-06-16 10:03:58.901055,0.28921819390992315,lstm
USR-000133,EVT-0006639,2026-06-16 10:05:37.197919,0.6068146278527209,lstm
SVC-000021,EVT-0006640,2026-06-16 10:05:39.433189,0.8075005353334179,lstm
DEV-000014,EVT-0006641,2026-06-16 10:05:46.215590,0.4327618843924485,lstm
USR-000158,EVT-0006642,2026-06-16 10:05:58.349292,0.3488395673245492,baseline_fallback
DEV-000014,EVT-0006643,2026-06-16 10:06:39.604183,0.9947011175265902,lstm
USR-000205,EVT-0006644,2026-06-16 10:06:40.603270,0.48387535887004923,baseline_fallback
USR-000133,EVT-0006645,2026-06-16 10:07:49.263639,0.7261984022833193,lstm
USR-000155,EVT-0006646,2026-06-16 10:08:32.453118,0.9282829208522414,lstm
USR-000172,EVT-0006647,2026-06-16 10:10:13.581762,0.9996556682722474,lstm
SVC-000013,EVT-0006648,2026-06-16 10:10:20.746939,0.7044727708869283,lstm
SVC-000042,EVT-0006649,2026-06-16 10:10:22.481390,0.22726815691302749,lstm
DEV-000016,EVT-0006650,2026-06-16 10:10:59.216154,0.596010337536593,lstm
USR-000090,EVT-0006651,2026-06-16 10:11:10.565113,0.4938331949063773,lstm
USR-000092,EVT-0006652,2026-06-16 10:12:49.743789,0.5187741745150332,lstm
SVC-000039,EVT-0006653,2026-06-16 10:13:08.533658,0.34971182373603266,lstm
SVC-000013,EVT-0006654,2026-06-16 10:14:40.175336,0.6641534646356505,lstm
USR-000205,EVT-0006655,2026-06-16 10:14:40.495583,0.3536940502949914,baseline_fallback
SVC-000024,EVT-0006656,2026-06-16 10:14:45.047885,0.4533781233288571,lstm
USR-000148,EVT-0006657,2026-06-16 10:15:29.754054,0.3151001243278536,baseline_fallback
SVC-000013,EVT-0006658,2026-06-16 10:16:14.853906,0.8926753092260853,lstm
SVC-000050,EVT-0006659,2026-06-16 10:16:28.358352,0.9796848817924715,lstm
USR-000102,EVT-0006660,2026-06-16 10:17:18.230837,0.36560807268151635,baseline_fallback
SVC-000042,EVT-0006661,2026-06-16 10:18:22.110580,0.24251275350164989,lstm
DEV-000026,EVT-0006662,2026-06-16 10:18:55.563750,0.4575145586411395,lstm
USR-000207,EVT-0006663,2026-06-16 10:19:11.678319,0.5695318803621171,lstm
SVC-000053,EVT-0006664,2026-06-16 10:19:20.551437,0.4881717722334434,lstm
SVC-000053,EVT-0006665,2026-06-16 10:19:38.455346,0.6321670383299259,lstm
SVC-000024,EVT-0006666,2026-06-16 10:21:09.977531,0.46012696756374777,lstm
USR-000015,EVT-0006667,2026-06-16 10:21:43.796753,0.6942664901178934,baseline_fallback
USR-000129,EVT-0006668,2026-06-16 10:22:00.144691,0.28459114415109676,lstm
DEV-000002,EVT-0006669,2026-06-16 10:23:31.406404,0.5262762505712366,lstm
SVC-000024,EVT-0006670,2026-06-16 10:25:07.873338,0.41387735057667696,lstm
USR-000058,EVT-0006671,2026-06-16 10:25:26.033066,0.5412741920920474,lstm
USR-000099,EVT-0006672,2026-06-16 10:26:52.337312,0.7198044404221131,lstm
USR-000042,EVT-0006673,2026-06-16 10:27:58.090846,0.41316588497485596,lstm
USR-000092,EVT-0006674,2026-06-16 10:29:12.649771,0.48034273753630513,lstm
DEV-000014,EVT-0006675,2026-06-16 10:29:13.656528,0.656911899261255,lstm
USR-000050,EVT-0006676,2026-06-16 10:29:17.299447,0.701565653791911,baseline_fallback
USR-000084,EVT-0006677,2026-06-16 10:29:29.562115,0.4052256190708198,baseline_fallback
USR-000025,EVT-0006678,2026-06-16 10:29:31.986450,0.3469233040661401,baseline_fallback
SVC-000013,EVT-0006679,2026-06-16 10:31:56.311967,0.5758827219298348,lstm
USR-000020,EVT-0006680,2026-06-16 10:32:35.599139,0.7031291165784818,baseline_fallback
USR-000010,EVT-0006681,2026-06-16 10:32:46.820725,0.3496994842365911,baseline_fallback
SVC-000053,EVT-0006682,2026-06-16 10:33:02.875457,0.2903007072202397,lstm
SVC-000042,EVT-0006683,2026-06-16 10:34:09.438437,0.23012987330796864,lstm
USR-000051,EVT-0006684,2026-06-16 10:34:39.241564,0.3560824123687221,lstm
DEV-000013,EVT-0006685,2026-06-16 10:34:56.381850,0.4058400783431305,lstm
SVC-000013,EVT-0006686,2026-06-16 10:36:37.080731,0.43767949394846767,lstm
SVC-000013,EVT-0006687,2026-06-16 10:38:05.790561,0.5942728852195934,lstm
DEV-000003,EVT-0006688,2026-06-16 10:38:17.307045,0.6888115896694772,lstm
SVC-000013,EVT-0006689,2026-06-16 10:38:27.333497,0.5899770884021285,lstm
USR-000042,EVT-0006690,2026-06-16 10:38:53.988384,0.4400108342259602,lstm
SVC-000021,EVT-0006691,2026-06-16 10:40:32.839760,0.616778389023204,lstm
SVC-000013,EVT-0006692,2026-06-16 10:40:35.976225,0.3785573422143107,lstm
SVC-000042,EVT-0006693,2026-06-16 10:41:32.637002,0.2543970351867912,lstm
USR-000087,EVT-0006694,2026-06-16 10:41:34.749872,0.7106243039252458,baseline_fallback
USR-000153,EVT-0006695,2026-06-16 10:42:19.450682,0.3625540986856111,baseline_fallback
USR-000016,EVT-0006696,2026-06-16 10:43:52.437598,0.7307369015702915,baseline_fallback
USR-000047,EVT-0006697,2026-06-16 10:44:34.255084,0.36321074526379216,lstm
SVC-000013,EVT-0006698,2026-06-16 10:44:54.663813,0.46495755468302363,lstm
USR-000197,EVT-0006699,2026-06-16 10:45:12.316482,0.6986534465642406,baseline_fallback
SVC-000050,EVT-0006700,2026-06-16 10:46:21.064252,0.4044584285438442,lstm
SVC-000013,EVT-0006701,2026-06-16 10:46:42.511912,0.6278159274718823,lstm
USR-000051,EVT-0006702,2026-06-16 10:48:36.430952,0.5450430173113394,lstm
USR-000010,EVT-0006703,2026-06-16 10:48:42.612806,0.4037613525319648,baseline_fallback
USR-000168,EVT-0006704,2026-06-16 10:48:42.839728,0.404438629884084,baseline_fallback
SVC-000024,EVT-0006705,2026-06-16 10:48:52.994858,0.3877180304690202,lstm
SVC-000013,EVT-0006706,2026-06-16 10:50:42.578475,0.6261928082167373,lstm
SVC-000053,EVT-0006707,2026-06-16 10:52:44.139584,0.4127205768511629,lstm
SVC-000042,EVT-0006708,2026-06-16 10:52:51.547924,0.5556320330897978,lstm
USR-000090,EVT-0006709,2026-06-16 10:53:18.104009,0.4617056797836555,lstm
SVC-000039,EVT-0006710,2026-06-16 10:54:04.610483,0.3767356045413095,lstm
SVC-000024,EVT-0006711,2026-06-16 10:54:44.854957,0.4470599081782827,lstm
USR-000069,EVT-0006712,2026-06-16 10:56:37.586482,0.7885500645800566,baseline_fallback
USR-000147,EVT-0006713,2026-06-16 10:57:13.508988,0.7818562544541672,lstm
USR-000055,EVT-0006714,2026-06-16 10:57:51.763067,0.3632289384571606,baseline_fallback
USR-000178,EVT-0006715,2026-06-16 10:59:15.352569,0.7104338711474038,baseline_fallback
USR-000010,EVT-0006716,2026-06-16 10:59:50.546657,0.39027059784872137,baseline_fallback
SVC-000053,EVT-0006717,2026-06-16 10:59:59.301083,0.44767707524266565,lstm
USR-000170,EVT-0006718,2026-06-16 11:00:02.402313,0.500052055995708,lstm
USR-000080,EVT-0006719,2026-06-16 11:01:45.437598,0.5967124154869676,baseline_fallback
SVC-000053,EVT-0006720,2026-06-16 11:02:00.422403,0.49270976050281984,lstm
USR-000121,EVT-0006721,2026-06-16 11:04:02.636465,0.568412249239731,lstm
SVC-000013,EVT-0006722,2026-06-16 11:04:22.645648,0.3380696733723598,lstm
USR-000060,EVT-0006723,2026-06-16 11:06:42.397873,0.9999999999999754,lstm
USR-000099,EVT-0006724,2026-06-16 11:08:59.033106,0.5758977066077585,lstm
SVC-000001,EVT-0006725,2026-06-16 11:10:39.230920,0.9578777431096448,lstm
DEV-000011,EVT-0006726,2026-06-16 11:10:47.645491,0.3959607188121848,lstm
SVC-000050,EVT-0006727,2026-06-16 11:12:36.544183,0.28601676643031876,lstm
SVC-000042,EVT-0006728,2026-06-16 11:13:09.089515,0.2551818639531586,lstm
USR-000090,EVT-0006729,2026-06-16 11:13:21.238828,0.4581484130667579,lstm
USR-000047,EVT-0006730,2026-06-16 11:14:01.379679,0.40237849388072516,lstm
USR-000178,EVT-0006731,2026-06-16 11:14:12.165891,0.7203695309188912,baseline_fallback
USR-000196,EVT-0006732,2026-06-16 11:15:08.397283,0.8625443413487051,lstm
USR-000213,EVT-0006733,2026-06-16 11:16:35.737089,0.3759891762261814,baseline_fallback
USR-000180,EVT-0006734,2026-06-16 11:20:56.322300,0.5086179963511281,lstm
SVC-000013,EVT-0006735,2026-06-16 11:25:31.073209,0.5164960140944777,lstm
USR-000090,EVT-0006736,2026-06-16 11:26:36.660286,0.46642459817859483,lstm
USR-000042,EVT-0006737,2026-06-16 11:27:40.970736,0.3563231721941357,lstm
USR-000048,EVT-0006738,2026-06-16 11:28:38.850644,0.3399481935654883,lstm
USR-000024,EVT-0006739,2026-06-16 11:29:33.220634,0.9399394991801439,baseline_fallback
SVC-000021,EVT-0006740,2026-06-16 11:31:18.656828,0.6554434505168623,lstm
USR-000148,EVT-0006741,2026-06-16 11:33:14.977626,0.3454881480775054,baseline_fallback
USR-000058,EVT-0006742,2026-06-16 11:36:35.545109,0.3599169334157788,lstm
USR-000008,EVT-0006743,2026-06-16 11:36:55.675265,0.7002079439187493,baseline_fallback
USR-000061,EVT-0006744,2026-06-16 11:37:02.268251,0.9343286773175548,lstm
USR-000123,EVT-0006745,2026-06-16 11:37:59.920461,0.3255588699334414,baseline_fallback
USR-000048,EVT-0006746,2026-06-16 11:38:30.167089,0.5957539045260385,lstm
USR-000020,EVT-0006747,2026-06-16 11:39:59.215766,0.983952396361967,baseline_fallback
DEV-000002,EVT-0006748,2026-06-16 11:40:27.451855,0.1896234880210707,lstm
SVC-000021,EVT-0006749,2026-06-16 11:41:49.928298,0.5328839064854051,lstm
SVC-000039,EVT-0006750,2026-06-16 11:42:29.960694,0.3925994441088883,lstm
USR-000040,EVT-0006751,2026-06-16 11:42:49.977995,0.5801285147797338,lstm
USR-000049,EVT-0006752,2026-06-16 11:42:50.502094,0.9999999999777913,lstm
USR-000157,EVT-0006753,2026-06-16 11:43:08.089803,0.4292236564039913,baseline_fallback
USR-000190,EVT-0006754,2026-06-16 11:44:09.392590,0.6214393173317976,baseline_fallback
SVC-000001,EVT-0006755,2026-06-16 11:44:36.937566,0.3882242462247568,lstm
SVC-000021,EVT-0006756,2026-06-16 11:45:38.527167,0.5858264328051057,lstm
USR-000207,EVT-0006757,2026-06-16 11:46:52.122729,0.41501092315620647,lstm
DEV-000018,EVT-0006758,2026-06-16 11:47:09.271652,0.6438084258917309,lstm
DEV-000011,EVT-0006759,2026-06-16 11:50:00.326656,0.4388329188150264,lstm
DEV-000014,EVT-0006760,2026-06-16 11:50:13.589041,0.2591895825184082,lstm
DEV-000011,EVT-0006761,2026-06-16 11:50:45.769689,0.9743363588280212,lstm
USR-000064,EVT-0006762,2026-06-16 11:51:12.050182,0.6699839089336456,lstm
USR-000195,EVT-0006763,2026-06-16 11:52:46.371499,0.7344273793953519,baseline_fallback
DEV-000010,EVT-0006764,2026-06-16 11:52:48.134209,0.3009813783171671,lstm
SVC-000053,EVT-0006765,2026-06-16 11:53:51.225915,0.7732173301325224,lstm
USR-000019,EVT-0006766,2026-06-16 11:54:37.576909,0.39654817625625777,lstm
USR-000174,EVT-0006767,2026-06-16 11:54:56.900891,0.2834179479439973,baseline_fallback
USR-000080,EVT-0006768,2026-06-16 11:55:04.719960,0.6455949631291018,baseline_fallback
USR-000015,EVT-0006769,2026-06-16 11:56:36.238975,0.6498346575445585,baseline_fallback
DEV-000009,EVT-0006770,2026-06-16 11:56:44.441292,0.46812229526112525,lstm
SVC-000001,EVT-0006771,2026-06-16 11:56:46.475110,0.6825084147649365,lstm
USR-000008,EVT-0006772,2026-06-16 11:57:41.399400,0.8615682491261035,baseline_fallback
USR-000213,EVT-0006773,2026-06-16 11:59:18.731109,0.6268678541683542,baseline_fallback
SVC-000053,EVT-0006774,2026-06-16 11:59:36.362833,0.4517523672259802,lstm
USR-000173,EVT-0006775,2026-06-16 11:59:59.403750,0.3890713307564736,baseline_fallback
SVC-000050,EVT-0006776,2026-06-16 12:01:41.823631,0.439198065506907,lstm
USR-000148,EVT-0006777,2026-06-16 12:03:32.520717,0.34028086792012524,baseline_fallback
USR-000090,EVT-0006778,2026-06-16 12:03:59.008247,0.4569451405749945,lstm
USR-000028,EVT-0006779,2026-06-16 12:04:23.093088,0.7353211109137594,baseline_fallback
USR-000166,EVT-0006780,2026-06-16 12:04:31.018356,0.3295602955414855,baseline_fallback
USR-000197,EVT-0006781,2026-06-16 12:04:39.660592,0.895185437704811,baseline_fallback
USR-000004,EVT-0006782,2026-06-16 12:05:58.953363,0.3886721056701821,baseline_fallback
SVC-000016,EVT-0006783,2026-06-16 12:06:52.751500,0.8179409865101862,lstm
SVC-000021,EVT-0006784,2026-06-16 12:09:56.244296,0.8103625758456018,lstm
USR-000003,EVT-0006785,2026-06-16 12:10:32.429392,0.6939039238104995,lstm
USR-000028,EVT-0006786,2026-06-16 12:10:59.362577,0.7079182651202989,baseline_fallback
USR-000197,EVT-0006787,2026-06-16 12:11:50.771206,0.686256163535995,baseline_fallback
SVC-000053,EVT-0006788,2026-06-16 12:13:07.465780,0.6865025487427525,lstm
DEV-000014,EVT-0006789,2026-06-16 12:13:10.632161,0.3050684198780318,lstm
USR-000206,EVT-0006790,2026-06-16 12:13:18.405286,0.6925873307413173,baseline_fallback
USR-000020,EVT-0006791,2026-06-16 12:13:21.637854,0.6753000870904756,baseline_fallback
SVC-000021,EVT-0006792,2026-06-16 12:15:05.650172,0.39061348795119033,lstm
USR-000038,EVT-0006793,2026-06-16 12:15:07.671568,0.6974757195165476,lstm
SVC-000021,EVT-0006794,2026-06-16 12:15:48.462722,0.8508978888462589,lstm
USR-000016,EVT-0006795,2026-06-16 12:16:06.132181,0.9027644730461047,baseline_fallback
SVC-000021,EVT-0006796,2026-06-16 12:19:17.748850,0.3045318948814789,lstm
SVC-000050,EVT-0006797,2026-06-16 12:21:58.031514,0.4141230965251074,lstm
USR-000170,EVT-0006798,2026-06-16 12:21:58.450113,0.275707425922805,lstm
USR-000004,EVT-0006799,2026-06-16 12:22:03.519218,0.39857502633424946,baseline_fallback
USR-000104,EVT-0006800,2026-06-16 12:24:52.655991,0.2899806529235178,baseline_fallback
SVC-000053,EVT-0006801,2026-06-16 12:26:07.908816,0.3666452581529662,lstm
USR-000058,EVT-0006802,2026-06-16 12:27:31.244983,0.3269102602690376,lstm
USR-000044,EVT-0006803,2026-06-16 12:27:47.280533,0.7405303872876082,lstm
USR-000099,EVT-0006804,2026-06-16 12:29:32.913332,0.4425880170733212,lstm
USR-000099,EVT-0006805,2026-06-16 12:31:28.068463,0.7389075026866495,lstm
USR-000129,EVT-0006806,2026-06-16 12:32:08.989976,0.2975976319038673,lstm
USR-000070,EVT-0006807,2026-06-16 12:32:20.455314,0.3152843397974699,baseline_fallback
USR-000048,EVT-0006808,2026-06-16 12:32:31.748139,0.30835981110407995,lstm
USR-000184,EVT-0006809,2026-06-16 12:36:29.107959,0.4143712565945997,lstm
USR-000079,EVT-0006810,2026-06-16 12:37:24.740899,0.3011454677413069,baseline_fallback
USR-000177,EVT-0006811,2026-06-16 12:39:19.329583,0.30623507303318825,lstm
USR-000008,EVT-0006812,2026-06-16 12:39:51.308532,0.5259523503607998,lstm
SVC-000034,EVT-0006813,2026-06-16 12:41:05.722989,0.9285405115374389,lstm
SVC-000001,EVT-0006814,2026-06-16 12:41:19.987626,0.25468004692715407,lstm
USR-000169,EVT-0006815,2026-06-16 12:43:46.938997,0.3488907793129522,baseline_fallback
USR-000034,EVT-0006816,2026-06-16 12:44:20.596879,0.7448781206232391,baseline_fallback
USR-000025,EVT-0006817,2026-06-16 12:44:46.605242,0.31677291474403363,baseline_fallback
SVC-000034,EVT-0006818,2026-06-16 12:44:56.428902,0.6446511119445724,lstm
USR-000169,EVT-0006819,2026-06-16 12:45:14.702098,0.3827931027198438,baseline_fallback
USR-000004,EVT-0006820,2026-06-16 12:45:50.785050,0.3577661732775514,baseline_fallback
USR-000008,EVT-0006821,2026-06-16 12:47:33.183159,0.4025140780734774,lstm
SVC-000001,EVT-0006822,2026-06-16 12:48:17.955145,0.4222003653748518,lstm
USR-000131,EVT-0006823,2026-06-16 12:48:42.899622,0.29612339574135677,baseline_fallback
USR-000046,EVT-0006824,2026-06-16 12:50:41.084005,0.32294401475185786,baseline_fallback
USR-000166,EVT-0006825,2026-06-16 12:52:53.258868,0.6183909098494214,baseline_fallback
USR-000099,EVT-0006826,2026-06-16 12:53:33.565433,0.5175088237697493,lstm
USR-000105,EVT-0006827,2026-06-16 12:54:48.672591,0.9432501508260901,baseline_fallback
USR-000024,EVT-0006828,2026-06-16 12:56:15.440178,0.620755788404837,baseline_fallback
USR-000048,EVT-0006829,2026-06-16 12:59:27.582719,0.32628112099297396,lstm
USR-000184,EVT-0006830,2026-06-16 13:00:16.148247,0.5302444031070743,lstm
SVC-000021,EVT-0006831,2026-06-16 13:01:11.081383,0.6346542830519307,lstm
USR-000129,EVT-0006832,2026-06-16 13:02:45.937463,0.2621146560622292,lstm
USR-000104,EVT-0006833,2026-06-16 13:02:46.353735,0.3217069711566306,baseline_fallback
USR-000213,EVT-0006834,2026-06-16 13:03:04.609554,0.7851681030433266,lstm
SVC-000017,EVT-0006835,2026-06-16 13:04:38.411268,0.9830154465758569,lstm
USR-000049,EVT-0006836,2026-06-16 13:05:02.455861,0.9991240012085277,lstm
USR-000020,EVT-0006837,2026-06-16 13:06:56.054457,0.8793226884709735,baseline_fallback
USR-000069,EVT-0006838,2026-06-16 13:07:06.082462,0.6178744210671199,lstm
USR-000105,EVT-0006839,2026-06-16 13:07:30.528114,0.31998412489426714,baseline_fallback
SVC-000034,EVT-0006840,2026-06-16 13:07:45.058668,0.3837386351521223,lstm
DEV-000018,EVT-0006841,2026-06-16 13:07:46.568089,0.599551813201825,lstm
SVC-000043,EVT-0006842,2026-06-16 13:07:50.577360,0.9918176852413659,lstm
USR-000178,EVT-0006843,2026-06-16 13:08:45.427415,0.7175265119240923,baseline_fallback
USR-000046,EVT-0006844,2026-06-16 13:10:54.081588,0.35680528337252165,baseline_fallback
SVC-000050,EVT-0006845,2026-06-16 13:11:14.630695,0.3796046046420699,lstm
SVC-000027,EVT-0006846,2026-06-16 13:11:45.560767,0.9929863320707969,lstm
USR-000129,EVT-0006847,2026-06-16 13:12:51.855464,0.39073491115602677,lstm
USR-000173,EVT-0006848,2026-06-16 13:14:00.500145,0.36609111618219764,baseline_fallback
USR-000016,EVT-0006849,2026-06-16 13:14:33.874639,0.7126522763184265,baseline_fallback
SVC-000001,EVT-0006850,2026-06-16 13:14:48.974614,0.2947810138877074,lstm
SVC-000039,EVT-0006851,2026-06-16 13:15:50.534063,0.5564080358641103,lstm
USR-000040,EVT-0006852,2026-06-16 13:15:58.390011,0.8853795210417366,lstm
USR-000037,EVT-0006853,2026-06-16 13:16:12.697945,0.5367107308254597,lstm
USR-000109,EVT-0006854,2026-06-16 13:16:25.177899,0.6050947404505936,lstm
USR-000170,EVT-0006855,2026-06-16 13:17:03.978740,0.2476290443396892,lstm
SVC-000034,EVT-0006856,2026-06-16 13:17:31.812329,0.3462621186338096,lstm
SVC-000028,EVT-0006857,2026-06-16 13:17:59.383960,0.9760364239265901,lstm
USR-000134,EVT-0006858,2026-06-16 13:18:29.673099,0.3394468044191117,baseline_fallback
SVC-000001,EVT-0006859,2026-06-16 13:18:45.262710,0.4930966444097627,lstm
USR-000048,EVT-0006860,2026-06-16 13:20:22.948423,0.41020821008290664,lstm
USR-000173,EVT-0006861,2026-06-16 13:20:40.695969,0.9435097220413395,baseline_fallback
SVC-000001,EVT-0006862,2026-06-16 13:21:40.682719,0.5407428275756487,lstm
SVC-000050,EVT-0006863,2026-06-16 13:22:11.024157,0.3684483029718329,lstm
USR-000058,EVT-0006864,2026-06-16 13:23:54.367654,0.33702329938712094,lstm
USR-000080,EVT-0006865,2026-06-16 13:24:34.074151,0.6328616272627646,lstm
SVC-000017,EVT-0006866,2026-06-16 13:25:53.311607,0.7952012335899857,lstm
USR-000206,EVT-0006867,2026-06-16 13:26:13.813369,0.6928502062883167,baseline_fallback
SVC-000012,EVT-0006868,2026-06-16 13:27:20.483324,0.9980587457881668,lstm
SVC-000021,EVT-0006869,2026-06-16 13:27:35.781054,0.5713659408729141,lstm
USR-000170,EVT-0006870,2026-06-16 13:28:41.241925,0.2591260082571369,lstm
USR-000080,EVT-0006871,2026-06-16 13:31:07.109952,0.6090111529229397,lstm
USR-000040,EVT-0006872,2026-06-16 13:33:04.833767,0.4854980798480166,lstm
SVC-000017,EVT-0006873,2026-06-16 13:36:13.242230,0.8946531455056773,lstm
USR-000169,EVT-0006874,2026-06-16 13:36:30.201891,0.37442996687624996,baseline_fallback
SVC-000027,EVT-0006875,2026-06-16 13:36:53.212573,0.6079815867746003,lstm
DEV-000011,EVT-0006876,2026-06-16 13:39:01.667175,0.40484637377512517,lstm
USR-000069,EVT-0006877,2026-06-16 13:40:30.321248,0.4443392039120008,lstm
SVC-000021,EVT-0006878,2026-06-16 13:43:08.412449,0.503517891719679,lstm
USR-000187,EVT-0006879,2026-06-16 13:43:56.469365,0.3100139384470797,baseline_fallback
SVC-000027,EVT-0006880,2026-06-16 13:44:17.707051,0.5530741983922287,lstm
SVC-000043,EVT-0006881,2026-06-16 13:45:00.603280,0.45197852176912645,lstm
USR-000034,EVT-0006882,2026-06-16 13:45:55.660886,0.3621614135758936,baseline_fallback
SVC-000022,EVT-0006883,2026-06-16 13:47:44.113827,0.87276028395273,lstm
DEV-000018,EVT-0006884,2026-06-16 13:48:49.455175,0.36038887896025745,lstm
SVC-000022,EVT-0006885,2026-06-16 13:49:28.186990,0.755092920326454,lstm
USR-000037,EVT-0006886,2026-06-16 13:49:33.005279,0.46253886664246063,lstm
SVC-000022,EVT-0006887,2026-06-16 13:50:49.707412,0.6897821828072886,lstm
USR-000035,EVT-0006888,2026-06-16 13:54:24.185421,0.46437113692482107,lstm
SVC-000043,EVT-0006889,2026-06-16 13:57:49.228246,0.4210494751770566,lstm
SVC-000022,EVT-0006890,2026-06-16 13:58:19.744146,0.4199843256812809,lstm
USR-000025,EVT-0006891,2026-06-16 13:59:42.481408,0.6692675996026239,baseline_fallback
SVC-000027,EVT-0006892,2026-06-16 13:59:43.861291,0.35763587145651893,lstm
USR-000074,EVT-0006893,2026-06-16 14:00:15.027353,0.3415627519040135,baseline_fallback
SVC-000033,EVT-0006894,2026-06-16 14:00:35.841612,0.9848588393771298,lstm
USR-000136,EVT-0006895,2026-06-16 14:03:04.572583,0.9961335413001514,baseline_fallback
USR-000063,EVT-0006896,2026-06-16 14:03:27.349372,0.7308805148085701,baseline_fallback
SVC-000022,EVT-0006897,2026-06-16 14:04:10.250285,0.4136428862840558,lstm
SVC-000022,EVT-0006898,2026-06-16 14:04:20.922376,0.7843840628392867,lstm
SVC-000026,EVT-0006899,2026-06-16 14:04:22.982073,0.9999393130972453,lstm
SVC-000027,EVT-0006900,2026-06-16 14:05:05.309604,0.45960527544209895,lstm
USR-000170,EVT-0006901,2026-06-16 14:05:11.969108,0.28864152080050975,lstm
SVC-000043,EVT-0006902,2026-06-16 14:05:20.062725,0.38825714348745266,lstm
SVC-000012,EVT-0006903,2026-06-16 14:05:44.647438,0.7243671334282588,lstm
USR-000061,EVT-0006904,2026-06-16 14:05:49.827624,0.5023720713114928,lstm
USR-000131,EVT-0006905,2026-06-16 14:06:04.652268,0.32623990429861915,baseline_fallback
SVC-000021,EVT-0006906,2026-06-16 14:06:37.056275,0.5055020765503881,lstm
USR-000087,EVT-0006907,2026-06-16 14:07:31.224897,0.72226347066529,baseline_fallback
SVC-000022,EVT-0006908,2026-06-16 14:07:46.714857,0.338096176921928,lstm
USR-000037,EVT-0006909,2026-06-16 14:09:03.186593,0.38617469515899344,lstm
USR-000164,EVT-0006910,2026-06-16 14:09:24.179664,0.652154397500332,baseline_fallback
USR-000098,EVT-0006911,2026-06-16 14:09:27.080596,0.705745871183284,baseline_fallback
USR-000099,EVT-0006912,2026-06-16 14:09:40.013287,0.6304702610386165,lstm
SVC-000017,EVT-0006913,2026-06-16 14:09:43.886502,0.5038019099694403,lstm
USR-000092,EVT-0006914,2026-06-16 14:11:52.319124,0.3424657906236111,lstm
USR-000079,EVT-0006915,2026-06-16 14:11:54.586061,0.41799977043266634,baseline_fallback
SVC-000022,EVT-0006916,2026-06-16 14:12:02.024795,0.2828371954186234,lstm
USR-000164,EVT-0006917,2026-06-16 14:13:02.667352,0.6803085040914285,baseline_fallback
USR-000204,EVT-0006918,2026-06-16 14:13:04.015133,0.35685662018863307,baseline_fallback
USR-000035,EVT-0006919,2026-06-16 14:13:54.454116,0.5048109116832614,lstm
USR-000003,EVT-0006920,2026-06-16 14:14:48.211013,0.4192003756010635,lstm
SVC-000012,EVT-0006921,2026-06-16 14:14:54.773121,0.6762618166032718,lstm
SVC-000022,EVT-0006922,2026-06-16 14:17:32.957418,0.2688015073062429,lstm
SVC-000028,EVT-0006923,2026-06-16 14:17:46.228052,0.6686756403149653,lstm
DEV-000015,EVT-0006924,2026-06-16 14:18:45.760704,0.9972568922674374,lstm
SVC-000022,EVT-0006925,2026-06-16 14:22:57.872677,0.2527535105041712,lstm
USR-000186,EVT-0006926,2026-06-16 14:23:39.310746,0.6404466351277853,baseline_fallback
SVC-000043,EVT-0006927,2026-06-16 14:23:48.318460,0.7007719508275863,lstm
USR-000054,EVT-0006928,2026-06-16 14:24:24.800909,0.8720342801810982,lstm
USR-000182,EVT-0006929,2026-06-16 14:27:15.433404,0.4053688609869335,lstm
DEV-000012,EVT-0006930,2026-06-16 14:27:26.666475,0.5427455722702128,lstm
SVC-000017,EVT-0006931,2026-06-16 14:28:11.015956,0.46445625178320527,lstm
SVC-000027,EVT-0006932,2026-06-16 14:28:39.713231,0.7677931279998215,lstm
USR-000026,EVT-0006933,2026-06-16 14:29:15.224393,0.6060824072063445,lstm
SVC-000028,EVT-0006934,2026-06-16 14:30:09.346778,0.5667986185985192,lstm
SVC-000022,EVT-0006935,2026-06-16 14:30:28.472643,0.31885349869396495,lstm
DEV-000008,EVT-0006936,2026-06-16 14:31:02.704565,0.7405551263493652,lstm
USR-000028,EVT-0006937,2026-06-16 14:31:35.402278,0.7156994171658025,baseline_fallback
USR-000028,EVT-0006938,2026-06-16 14:32:17.399407,0.6963819467766389,baseline_fallback
SVC-000053,EVT-0006939,2026-06-16 14:32:43.344435,0.7587917490696454,lstm
USR-000061,EVT-0006940,2026-06-16 14:32:58.028578,1.0,lstm
SVC-000026,EVT-0006941,2026-06-16 14:33:46.876467,0.9799205061324696,lstm
SVC-000017,EVT-0006942,2026-06-16 14:33:54.601084,0.5297367178087077,lstm
SVC-000022,EVT-0006943,2026-06-16 14:34:15.031610,0.24467846075396552,lstm
USR-000028,EVT-0006944,2026-06-16 14:37:23.189093,0.7210719331264315,baseline_fallback
SVC-000012,EVT-0006945,2026-06-16 14:37:36.003960,0.3783623458305009,lstm
SVC-000012,EVT-0006946,2026-06-16 14:37:57.728829,0.8347001461595962,lstm
USR-000097,EVT-0006947,2026-06-16 14:38:49.767538,0.9437700254671227,baseline_fallback
SVC-000017,EVT-0006948,2026-06-16 14:39:02.467010,0.6529480006347393,lstm
USR-000127,EVT-0006949,2026-06-16 14:39:19.497976,0.9541247074212373,lstm
SVC-000012,EVT-0006950,2026-06-16 14:40:33.921257,0.5778391802981442,lstm
USR-000131,EVT-0006951,2026-06-16 14:41:24.781184,0.6909264414140779,baseline_fallback
SVC-000012,EVT-0006952,2026-06-16 14:42:14.520793,0.7920219873851237,lstm
USR-000190,EVT-0006953,2026-06-16 14:42:53.626695,0.3076274860455692,baseline_fallback
SVC-000027,EVT-0006954,2026-06-16 14:44:03.312888,0.3750887501287498,lstm
SVC-000010,EVT-0006955,2026-06-16 14:44:04.059358,0.9935218749385438,lstm
DEV-000026,EVT-0006956,2026-06-16 14:44:28.175875,0.49317555461346513,lstm
USR-000131,EVT-0006957,2026-06-16 14:45:03.055223,0.6815379320680446,baseline_fallback
SVC-000022,EVT-0006958,2026-06-16 14:45:29.955357,0.23785495993262176,lstm
SVC-000022,EVT-0006959,2026-06-16 14:45:42.703385,0.4745650194754798,lstm
SVC-000033,EVT-0006960,2026-06-16 14:47:57.717820,0.581361398800421,lstm
USR-000040,EVT-0006961,2026-06-16 14:48:01.807632,1.0,lstm
USR-000079,EVT-0006962,2026-06-16 14:48:07.247189,0.3839096269581035,baseline_fallback
SVC-000022,EVT-0006963,2026-06-16 14:48:23.828961,0.24775320776240534,lstm
USR-000184,EVT-0006964,2026-06-16 14:48:56.451907,0.30611476905477253,lstm
SVC-000036,EVT-0006965,2026-06-16 14:50:36.043284,0.9999946037840041,lstm
USR-000170,EVT-0006966,2026-06-16 14:54:44.315342,0.247913861325623,lstm
USR-000008,EVT-0006967,2026-06-16 14:55:52.529286,0.28414264466371225,lstm
DEV-000006,EVT-0006968,2026-06-16 14:56:44.996525,0.27609748727260136,lstm
SVC-000028,EVT-0006969,2026-06-16 14:57:24.240436,0.4325831361793731,lstm
USR-000004,EVT-0006970,2026-06-16 14:57:53.153413,0.4274500724393898,baseline_fallback
SVC-000012,EVT-0006971,2026-06-16 14:58:10.393575,0.31819285164321515,lstm
SVC-000022,EVT-0006972,2026-06-16 15:00:46.427428,0.3448132737605019,lstm
USR-000074,EVT-0006973,2026-06-16 15:00:53.257400,0.6157673252109463,lstm
SVC-000027,EVT-0006974,2026-06-16 15:01:53.214826,0.6729157674606056,lstm
USR-000040,EVT-0006975,2026-06-16 15:03:29.361556,0.5892849255553015,lstm
USR-000129,EVT-0006976,2026-06-16 15:03:39.838383,0.3794229046226632,lstm
USR-000046,EVT-0006977,2026-06-16 15:04:30.767723,0.3520055937948817,baseline_fallback
USR-000147,EVT-0006978,2026-06-16 15:04:36.880273,0.2928841174818312,lstm
SVC-000036,EVT-0006979,2026-06-16 15:04:46.382184,0.8412600448784336,lstm
SVC-000012,EVT-0006980,2026-06-16 15:05:40.972810,0.38539905695606164,lstm
SVC-000027,EVT-0006981,2026-06-16 15:06:12.580768,0.6851730846134202,lstm
DEV-000006,EVT-0006982,2026-06-16 15:06:42.226033,0.33769399475568507,lstm
SVC-000026,EVT-0006983,2026-06-16 15:07:17.192480,0.9536599355294749,lstm
USR-000028,EVT-0006984,2026-06-16 15:07:57.021908,0.7035287145688269,baseline_fallback
SVC-000033,EVT-0006985,2026-06-16 15:09:24.122144,0.9411920405564486,lstm
USR-000195,EVT-0006986,2026-06-16 15:11:20.137286,0.9336927337362629,baseline_fallback
SVC-000012,EVT-0006987,2026-06-16 15:11:29.197278,0.35497948271662594,lstm
SVC-000017,EVT-0006988,2026-06-16 15:11:56.206093,0.40559024074028877,lstm
USR-000037,EVT-0006989,2026-06-16 15:12:34.913727,0.33914348495610896,lstm
USR-000134,EVT-0006990,2026-06-16 15:12:36.057958,0.7286722471490314,baseline_fallback
USR-000127,EVT-0006991,2026-06-16 15:14:19.784064,0.42663781370439213,lstm
DEV-000018,EVT-0006992,2026-06-16 15:14:32.125035,0.5812876344577587,lstm
USR-000018,EVT-0006993,2026-06-16 15:15:39.919983,0.36274706678848273,baseline_fallback
USR-000075,EVT-0006994,2026-06-16 15:16:43.503806,0.39866193584723114,baseline_fallback
SVC-000036,EVT-0006995,2026-06-16 15:16:45.147958,0.9283495725409707,lstm
SVC-000012,EVT-0006996,2026-06-16 15:16:58.675094,0.3342387480855835,lstm
USR-000102,EVT-0006997,2026-06-16 15:17:02.712521,0.3538532903055191,baseline_fallback
SVC-000027,EVT-0006998,2026-06-16 15:17:37.374117,0.316747231854994,lstm
USR-000196,EVT-0006999,2026-06-16 15:17:37.406798,0.4976720751623808,lstm
SVC-000036,EVT-0007000,2026-06-16 15:19:41.197433,0.8760249326751309,lstm
SVC-000017,EVT-0007001,2026-06-16 15:19:41.845870,0.8848714618597524,lstm
SVC-000036,EVT-0007002,2026-06-16 15:19:43.159586,0.9018434364787775,lstm
SVC-000012,EVT-0007003,2026-06-16 15:24:27.823849,0.32206220615499875,lstm
USR-000079,EVT-0007004,2026-06-16 15:24:54.798383,0.4374262307871828,lstm
USR-000044,EVT-0007005,2026-06-16 15:24:54.852649,0.5893750797570857,lstm
SVC-000012,EVT-0007006,2026-06-16 15:25:25.118811,0.48538257649483957,lstm
USR-000152,EVT-0007007,2026-06-16 15:25:50.846885,0.9959602768883858,lstm
USR-000079,EVT-0007008,2026-06-16 15:29:05.162589,0.45481793817785016,lstm
SVC-000027,EVT-0007009,2026-06-16 15:29:58.727245,0.43190542747931804,lstm
DEV-000008,EVT-0007010,2026-06-16 15:31:50.518918,0.805588055753171,lstm
SVC-000012,EVT-0007011,2026-06-16 15:32:21.876486,0.3582328867612504,lstm
USR-000055,EVT-0007012,2026-06-16 15:32:26.430992,0.4196628260030385,baseline_fallback
SVC-000036,EVT-0007013,2026-06-16 15:34:47.713725,0.46538588757946386,lstm
USR-000084,EVT-0007014,2026-06-16 15:34:48.253881,0.4243127591868337,baseline_fallback
USR-000186,EVT-0007015,2026-06-16 15:35:24.974799,0.6915458602056025,baseline_fallback
USR-000144,EVT-0007016,2026-06-16 15:36:36.520252,0.6746858502963344,baseline_fallback
DEV-000018,EVT-0007017,2026-06-16 15:38:41.729305,0.7612339890434501,lstm
SVC-000038,EVT-0007018,2026-06-16 15:41:37.061441,0.9943926365736069,lstm
SVC-000026,EVT-0007019,2026-06-16 15:41:39.565966,0.9128503661541764,lstm
USR-000046,EVT-0007020,2026-06-16 15:43:41.000095,0.42286427119572495,baseline_fallback
SVC-000036,EVT-0007021,2026-06-16 15:44:53.490079,0.3309740853927029,lstm
SVC-000026,EVT-0007022,2026-06-16 15:45:02.739602,0.8494106276474658,lstm
DEV-000013,EVT-0007023,2026-06-16 15:46:03.482824,0.7172919434665274,lstm
SVC-000036,EVT-0007024,2026-06-16 15:47:38.578135,0.7868067547408764,lstm
SVC-000036,EVT-0007025,2026-06-16 15:53:11.916039,0.27841330976919865,lstm
SVC-000028,EVT-0007026,2026-06-16 15:56:01.072586,0.6820425455962785,lstm
SVC-000036,EVT-0007027,2026-06-16 15:56:04.729773,0.404862297161503,lstm
USR-000109,EVT-0007028,2026-06-16 15:56:55.837982,0.4419947705147305,lstm
USR-000046,EVT-0007029,2026-06-16 15:57:49.053734,0.4395564747566733,baseline_fallback
SVC-000010,EVT-0007030,2026-06-16 15:57:52.897572,0.6152183698499714,lstm
USR-000184,EVT-0007031,2026-06-16 15:57:57.118836,0.4480887068905945,lstm
SVC-000033,EVT-0007032,2026-06-16 15:58:07.586033,0.43584311107982426,lstm
USR-000185,EVT-0007033,2026-06-16 15:59:47.427782,0.335395325673186,lstm
USR-000184,EVT-0007034,2026-06-16 16:00:18.556766,0.5652614821182885,lstm
SVC-000036,EVT-0007035,2026-06-16 16:00:59.794917,0.637758811010088,lstm
SVC-000036,EVT-0007036,2026-06-16 16:01:01.759959,0.6281662033532582,lstm
USR-000185,EVT-0007037,2026-06-16 16:01:32.057226,0.45312335186201225,lstm
USR-000100,EVT-0007038,2026-06-16 16:01:36.976317,0.46265048449537816,baseline_fallback
USR-000144,EVT-0007039,2026-06-16 16:01:36.982170,0.7197423172380241,baseline_fallback
USR-000092,EVT-0007040,2026-06-16 16:01:48.470177,0.27831996257575403,lstm
USR-000044,EVT-0007041,2026-06-16 16:02:40.589687,0.4968563011612386,lstm
USR-000144,EVT-0007042,2026-06-16 16:02:42.594892,0.8088259777499868,baseline_fallback
DEV-000012,EVT-0007043,2026-06-16 16:03:40.532238,0.39239723214400424,lstm
SVC-000036,EVT-0007044,2026-06-16 16:04:18.706562,0.29239535096146,lstm
DEV-000003,EVT-0007045,2026-06-16 16:04:52.244227,0.3775512833960469,lstm
USR-000070,EVT-0007046,2026-06-16 16:05:15.615760,0.42689765186650075,baseline_fallback
USR-000075,EVT-0007047,2026-06-16 16:05:30.960118,0.42510675685427174,baseline_fallback
USR-000127,EVT-0007048,2026-06-16 16:07:41.205263,1.0,lstm
USR-000097,EVT-0007049,2026-06-16 16:09:24.845686,0.4452118882699472,baseline_fallback
SVC-000028,EVT-0007050,2026-06-16 16:09:57.298453,0.5824499596551583,lstm
USR-000184,EVT-0007051,2026-06-16 16:11:51.095193,1.0,lstm
USR-000012,EVT-0007052,2026-06-16 16:13:37.980956,0.5216628311788303,baseline_fallback
USR-000040,EVT-0007053,2026-06-16 16:15:35.827265,0.4966640262404883,lstm
SVC-000033,EVT-0007054,2026-06-16 16:16:02.908854,0.41300125083722633,lstm
SVC-000012,EVT-0007055,2026-06-16 16:17:24.550914,0.5408576857162908,lstm
SVC-000033,EVT-0007056,2026-06-16 16:17:30.800244,0.5941043139920683,lstm
USR-000190,EVT-0007057,2026-06-16 16:17:50.087106,0.3684088473894326,baseline_fallback
USR-000035,EVT-0007058,2026-06-16 16:18:58.987240,0.3998458232370269,lstm
SVC-000026,EVT-0007059,2026-06-16 16:20:13.876160,0.5537606528452134,lstm
USR-000136,EVT-0007060,2026-06-16 16:20:42.463193,0.9244880600342023,baseline_fallback
USR-000100,EVT-0007061,2026-06-16 16:21:36.310136,0.4734096345595514,baseline_fallback
SVC-000029,EVT-0007062,2026-06-16 16:21:37.464797,0.9800337252779261,lstm
SVC-000010,EVT-0007063,2026-06-16 16:21:45.861340,0.3376786630087475,lstm
USR-000084,EVT-0007064,2026-06-16 16:22:18.167165,0.4484828358403863,baseline_fallback
SVC-000026,EVT-0007065,2026-06-16 16:22:22.977577,0.7482944472054058,lstm
DEV-000014,EVT-0007066,2026-06-16 16:23:02.184069,0.5997656566562578,lstm
DEV-000010,EVT-0007067,2026-06-16 16:24:13.928209,0.4119420309647591,lstm
SVC-000026,EVT-0007068,2026-06-16 16:24:38.839721,0.5473085611020875,lstm
DEV-000017,EVT-0007069,2026-06-16 16:25:59.018433,0.4627343823308595,lstm
USR-000027,EVT-0007070,2026-06-16 16:26:47.488043,0.41577612111431855,baseline_fallback
USR-000037,EVT-0007071,2026-06-16 16:27:19.911094,0.36497890995372484,lstm
USR-000198,EVT-0007072,2026-06-16 16:27:46.068180,0.4459855485743871,lstm
USR-000152,EVT-0007073,2026-06-16 16:28:00.772437,0.99598530649631,lstm
USR-000152,EVT-0007074,2026-06-16 16:28:45.278006,0.9911627273630613,lstm
USR-000075,EVT-0007075,2026-06-16 16:30:45.766746,0.37545832698620674,baseline_fallback
USR-000134,EVT-0007076,2026-06-16 16:31:38.962288,0.7238155253729974,baseline_fallback
DEV-000023,EVT-0007077,2026-06-16 16:34:50.001922,0.9817719585517358,lstm
SVC-000023,EVT-0007078,2026-06-16 16:36:04.795034,0.9589841027200933,lstm
SVC-000029,EVT-0007079,2026-06-16 16:36:40.556334,0.41675084843223864,lstm
USR-000104,EVT-0007080,2026-06-16 16:38:52.804187,0.388768552648131,baseline_fallback
USR-000109,EVT-0007081,2026-06-16 16:39:06.392381,0.4574077891277159,lstm
USR-000027,EVT-0007082,2026-06-16 16:40:17.432852,0.9572895884690749,baseline_fallback
USR-000040,EVT-0007083,2026-06-16 16:40:29.031622,0.6739501667703027,lstm
SVC-000033,EVT-0007084,2026-06-16 16:42:05.887406,0.3437132463807882,lstm
SVC-000038,EVT-0007085,2026-06-16 16:42:06.647005,0.5410016632324792,lstm
DEV-000010,EVT-0007086,2026-06-16 16:42:42.235840,0.40534736483218026,lstm
USR-000024,EVT-0007087,2026-06-16 16:42:47.294111,0.4209114693373265,baseline_fallback
USR-000075,EVT-0007088,2026-06-16 16:44:29.645483,0.3740427809668044,baseline_fallback
SVC-000036,EVT-0007089,2026-06-16 16:45:14.889410,0.7483585712233553,lstm
USR-000018,EVT-0007090,2026-06-16 16:46:48.164041,0.47533866033803635,baseline_fallback
SVC-000038,EVT-0007091,2026-06-16 16:47:41.038190,0.45639679568519537,lstm
SVC-000010,EVT-0007092,2026-06-16 16:47:57.749312,0.35174980050644683,lstm
SVC-000038,EVT-0007093,2026-06-16 16:48:36.546582,0.6511724558753986,lstm
SVC-000038,EVT-0007094,2026-06-16 16:49:00.151084,0.6368309850071832,lstm
USR-000131,EVT-0007095,2026-06-16 16:50:16.837227,0.3859214148600578,baseline_fallback
USR-000186,EVT-0007096,2026-06-16 16:50:33.627727,0.7143065081869938,baseline_fallback
USR-000092,EVT-0007097,2026-06-16 16:52:55.246780,0.2971014596216994,lstm
USR-000128,EVT-0007098,2026-06-16 16:52:56.121106,0.467624639084716,baseline_fallback
USR-000149,EVT-0007099,2026-06-16 16:54:54.704152,0.39606497415801123,baseline_fallback
USR-000027,EVT-0007100,2026-06-16 16:56:19.544445,0.4285202598415767,baseline_fallback
SVC-000029,EVT-0007101,2026-06-16 16:59:43.016478,0.5778311062515665,lstm
SVC-000029,EVT-0007102,2026-06-16 17:02:55.895043,0.6018772474026914,lstm
USR-000186,EVT-0007103,2026-06-16 17:03:55.467160,0.7678748352507055,baseline_fallback
USR-000148,EVT-0007104,2026-06-16 17:05:57.294747,0.7482708767658348,lstm
USR-000100,EVT-0007105,2026-06-16 17:08:24.718871,0.5306132998800819,baseline_fallback
SVC-000010,EVT-0007106,2026-06-16 17:09:08.845693,0.25914260420399526,lstm
USR-000185,EVT-0007107,2026-06-16 17:09:14.561642,0.3002550671677843,lstm
USR-000184,EVT-0007108,2026-06-16 17:09:15.419715,0.5915634692459013,lstm
SVC-000029,EVT-0007109,2026-06-16 17:09:25.520802,0.6227192769190456,lstm
SVC-000026,EVT-0007110,2026-06-16 17:11:56.656323,0.6799291354954232,lstm
DEV-000013,EVT-0007111,2026-06-16 17:13:12.843020,0.49671256508360656,lstm
SVC-000038,EVT-0007112,2026-06-16 17:13:44.586375,0.4248848058705019,lstm
SVC-000010,EVT-0007113,2026-06-16 17:14:12.939816,0.37105282643795573,lstm
DEV-000011,EVT-0007114,2026-06-16 17:14:18.397775,0.7966088181632242,lstm
DEV-000010,EVT-0007115,2026-06-16 17:14:20.156608,0.2927866995753078,lstm
SVC-000029,EVT-0007116,2026-06-16 17:14:43.528688,0.47316936238544316,lstm
SVC-000005,EVT-0007117,2026-06-16 17:17:23.692116,0.9774759442678512,lstm
DEV-000021,EVT-0007118,2026-06-16 17:21:49.307997,0.8719085958941872,lstm
USR-000134,EVT-0007119,2026-06-16 17:22:06.121896,0.7761189953460814,baseline_fallback
SVC-000044,EVT-0007120,2026-06-16 17:22:48.826250,0.9712933752827221,lstm
DEV-000001,EVT-0007121,2026-06-16 17:23:30.071826,0.8645042162900048,lstm
USR-000063,EVT-0007122,2026-06-16 17:24:42.930325,0.8707008714914605,baseline_fallback
SVC-000038,EVT-0007123,2026-06-16 17:24:50.154381,0.3505788230906002,lstm
SVC-000052,EVT-0007124,2026-06-16 17:26:21.658938,0.9914694038850373,lstm
DEV-000005,EVT-0007125,2026-06-16 17:27:35.144137,0.7113573758323276,lstm
SVC-000026,EVT-0007126,2026-06-16 17:27:55.312402,0.5193063278326647,lstm
SVC-000052,EVT-0007127,2026-06-16 17:29:32.849171,0.6955963111614215,lstm
SVC-000026,EVT-0007128,2026-06-16 17:32:05.760166,0.664058734931902,lstm
SVC-000026,EVT-0007129,2026-06-16 17:32:40.080268,0.7934114285758023,lstm
USR-000173,EVT-0007130,2026-06-16 17:34:24.741383,0.5130812761800347,baseline_fallback
USR-000136,EVT-0007131,2026-06-16 17:35:48.363597,0.7411576380342827,baseline_fallback
USR-000089,EVT-0007132,2026-06-16 17:39:43.525858,0.9223522412306621,baseline_fallback
USR-000044,EVT-0007133,2026-06-16 17:44:11.748210,0.3925979949157282,lstm
USR-000040,EVT-0007134,2026-06-16 17:48:50.462281,0.463112095642099,lstm
SVC-000037,EVT-0007135,2026-06-16 17:49:21.388834,0.9845238997026993,lstm
USR-000027,EVT-0007136,2026-06-16 17:49:28.510410,0.8074367076384137,baseline_fallback
DEV-000024,EVT-0007137,2026-06-16 17:52:13.166128,0.6487397474619123,lstm
SVC-000037,EVT-0007138,2026-06-16 17:53:41.322640,0.9000535903717144,lstm
SVC-000044,EVT-0007139,2026-06-16 17:55:32.137462,0.5939205537252816,lstm
DEV-000026,EVT-0007140,2026-06-16 17:57:58.378770,0.4089765160141552,lstm
USR-000128,EVT-0007141,2026-06-16 17:59:49.757200,0.5617109686901065,baseline_fallback
SVC-000037,EVT-0007142,2026-06-16 18:01:53.669241,0.427117222275689,lstm
USR-000185,EVT-0007143,2026-06-16 18:03:56.944494,0.24993468323774018,lstm
USR-000186,EVT-0007144,2026-06-16 18:05:42.927260,0.9427886510625458,baseline_fallback
USR-000204,EVT-0007145,2026-06-16 18:06:20.978165,0.6060106064734612,baseline_fallback
DEV-000017,EVT-0007146,2026-06-16 18:06:48.549712,0.30365006504797143,lstm
SVC-000037,EVT-0007147,2026-06-16 18:07:15.150234,0.43730364421059126,lstm
SVC-000033,EVT-0007148,2026-06-16 18:07:31.818609,0.5009311394454118,lstm
DEV-000021,EVT-0007149,2026-06-16 18:11:09.424188,0.7919037766379832,lstm
DEV-000009,EVT-0007150,2026-06-16 18:11:10.350593,0.21572747319551744,lstm
USR-000183,EVT-0007151,2026-06-16 18:11:48.367564,0.5362527857625624,baseline_fallback
DEV-000013,EVT-0007152,2026-06-16 18:11:56.947826,0.6416529368405759,lstm
DEV-000025,EVT-0007153,2026-06-16 18:14:08.015749,0.5899692201845718,lstm
SVC-000023,EVT-0007154,2026-06-16 18:14:17.869754,0.44224594688539126,lstm
DEV-000025,EVT-0007155,2026-06-16 18:17:44.923004,0.865233668909513,lstm
SVC-000057,EVT-0007156,2026-06-16 18:19:22.851777,0.9861522470131947,lstm
SVC-000044,EVT-0007157,2026-06-16 18:20:15.272084,0.39933699808083595,lstm
USR-000003,EVT-0007158,2026-06-16 18:23:13.442412,0.5097778262487836,lstm
SVC-000052,EVT-0007159,2026-06-16 18:25:01.605076,0.441753385194967,lstm
USR-000037,EVT-0007160,2026-06-16 18:25:44.903607,0.527610561355007,lstm
SVC-000033,EVT-0007161,2026-06-16 18:27:29.019224,0.49972118312741487,lstm
USR-000128,EVT-0007162,2026-06-16 18:28:55.450979,0.46910726937324665,baseline_fallback
SVC-000004,EVT-0007163,2026-06-16 18:29:00.009313,0.9355606326501148,lstm
SVC-000023,EVT-0007164,2026-06-16 18:29:24.921519,0.8208930178159691,lstm
SVC-000029,EVT-0007165,2026-06-16 18:29:28.795238,0.5490392121301318,lstm
SVC-000006,EVT-0007166,2026-06-16 18:31:04.723807,0.9960033938070687,lstm
USR-000186,EVT-0007167,2026-06-16 18:33:26.919461,0.9324538377205959,baseline_fallback
SVC-000004,EVT-0007168,2026-06-16 18:34:48.563476,0.5237504441798498,lstm
USR-000012,EVT-0007169,2026-06-16 18:36:21.961437,0.4931473687885533,baseline_fallback
USR-000134,EVT-0007170,2026-06-16 18:40:09.981298,0.5728832325976928,lstm
USR-000198,EVT-0007171,2026-06-16 18:46:55.344443,0.3609337583232625,lstm
SVC-000044,EVT-0007172,2026-06-16 18:48:18.373032,0.32657442840742906,lstm
USR-000198,EVT-0007173,2026-06-16 18:48:55.956075,0.5212976655190779,lstm
SVC-000052,EVT-0007174,2026-06-16 18:49:26.166269,0.27080050074710377,lstm
SVC-000057,EVT-0007175,2026-06-16 18:49:36.313086,0.6027223571545922,lstm
SVC-000052,EVT-0007176,2026-06-16 18:50:52.596225,0.49794450142913355,lstm
USR-000074,EVT-0007177,2026-06-16 18:50:54.629181,0.5983604014681938,lstm
SVC-000044,EVT-0007178,2026-06-16 18:53:12.224100,0.6143024734750098,lstm
SVC-000006,EVT-0007179,2026-06-16 18:54:55.487834,0.4700048180141614,lstm
USR-000198,EVT-0007180,2026-06-16 18:55:03.200431,0.7078006809596327,lstm
SVC-000004,EVT-0007181,2026-06-16 18:56:04.067453,0.2852824418670318,lstm
SVC-000010,EVT-0007182,2026-06-16 19:01:28.426349,0.5784325787290543,lstm
SVC-000037,EVT-0007183,2026-06-16 19:02:54.111043,0.6322722384990433,lstm
DEV-000025,EVT-0007184,2026-06-16 19:06:20.342644,0.26172047600023934,lstm
SVC-000044,EVT-0007185,2026-06-16 19:10:28.031521,0.5225334942234899,lstm
SVC-000044,EVT-0007186,2026-06-16 19:13:52.942298,0.8425095054671315,lstm
SVC-000061,EVT-0007187,2026-06-16 19:14:57.977684,0.9842422416269987,lstm
SVC-000044,EVT-0007188,2026-06-16 19:15:40.367669,0.8264951989626115,lstm
SVC-000057,EVT-0007189,2026-06-16 19:16:35.277786,0.4726538275936076,lstm
SVC-000052,EVT-0007190,2026-06-16 19:17:11.050323,0.47332060448007457,lstm
SVC-000044,EVT-0007191,2026-06-16 19:17:37.722380,0.7368849268759098,lstm
DEV-000012,EVT-0007192,2026-06-16 19:17:50.187854,0.27470863884083424,lstm
SVC-000052,EVT-0007193,2026-06-16 19:18:25.610032,0.4148865984965558,lstm
SVC-000004,EVT-0007194,2026-06-16 19:20:04.143730,0.45677848388335934,lstm
USR-000152,EVT-0007195,2026-06-16 19:20:05.185793,0.7724626196246269,lstm
SVC-000044,EVT-0007196,2026-06-16 19:22:15.362031,0.528933836308953,lstm
USR-000075,EVT-0007197,2026-06-16 19:29:13.354425,0.638252013181194,baseline_fallback
SVC-000044,EVT-0007198,2026-06-16 19:29:41.475927,0.4704549718271654,lstm
SVC-000061,EVT-0007199,2026-06-16 19:31:34.104405,0.6165273692960378,lstm
SVC-000037,EVT-0007200,2026-06-16 19:32:12.977446,0.3623500747725139,lstm
SVC-000006,EVT-0007201,2026-06-16 19:33:01.227659,0.6046851025393355,lstm
DEV-000017,EVT-0007202,2026-06-16 19:33:17.601379,0.43067609181504024,lstm
SVC-000006,EVT-0007203,2026-06-16 19:34:06.110578,0.731829560721196,lstm
SVC-000048,EVT-0007204,2026-06-16 19:35:17.722850,0.9844362581659273,lstm
DEV-000010,EVT-0007205,2026-06-16 19:37:40.186370,0.29158800440937976,lstm
SVC-000006,EVT-0007206,2026-06-16 19:38:42.525377,0.4150088897879024,lstm
USR-000109,EVT-0007207,2026-06-16 19:38:44.917720,0.38717937577531125,lstm
SVC-000044,EVT-0007208,2026-06-16 19:40:03.985588,0.4767370351021706,lstm
SVC-000006,EVT-0007209,2026-06-16 19:40:53.527758,0.7341111550468187,lstm
SVC-000061,EVT-0007210,2026-06-16 19:41:23.923522,0.30306273462217087,lstm
DEV-000026,EVT-0007211,2026-06-16 19:42:38.036008,0.3278914701703872,lstm
SVC-000006,EVT-0007212,2026-06-16 19:43:26.046350,0.5979409284356793,lstm
SVC-000052,EVT-0007213,2026-06-16 19:43:47.054374,0.35148346584326917,lstm
SVC-000023,EVT-0007214,2026-06-16 19:44:11.765790,0.8047878208276118,lstm
SVC-000006,EVT-0007215,2026-06-16 19:45:22.193301,0.5739170553481957,lstm
DEV-000005,EVT-0007216,2026-06-16 19:46:58.895430,0.400233746068849,lstm
SVC-000061,EVT-0007217,2026-06-16 19:49:03.159969,0.28585801429102714,lstm
SVC-000037,EVT-0007218,2026-06-16 19:49:03.666195,0.7290485305548463,lstm
SVC-000044,EVT-0007219,2026-06-16 19:50:11.613937,0.46230409866010314,lstm
SVC-000044,EVT-0007220,2026-06-16 19:51:24.615070,0.8831557320905753,lstm
SVC-000023,EVT-0007221,2026-06-16 19:53:05.416455,0.3671254289006384,lstm
SVC-000052,EVT-0007222,2026-06-16 19:53:21.109271,0.3576632288743443,lstm
SVC-000052,EVT-0007223,2026-06-16 19:54:47.420732,0.41164407157792504,lstm
SVC-000058,EVT-0007224,2026-06-16 19:57:30.207810,0.9577965777292057,lstm
SVC-000004,EVT-0007225,2026-06-16 19:57:32.134623,0.380548585974192,lstm
DEV-000010,EVT-0007226,2026-06-16 19:58:13.333609,0.5332565682962651,lstm
SVC-000026,EVT-0007227,2026-06-16 19:59:11.572424,0.8739945650524885,lstm
USR-000073,EVT-0007228,2026-06-16 19:59:48.380159,0.9630193659484325,baseline_fallback
SVC-000004,EVT-0007229,2026-06-16 20:01:32.733681,0.4026027290275176,lstm
SVC-000037,EVT-0007230,2026-06-16 20:02:41.555103,0.4679346498745437,lstm
USR-000012,EVT-0007231,2026-06-16 20:03:33.966698,0.8321376383590959,lstm
SVC-000006,EVT-0007232,2026-06-16 20:04:26.799925,0.3887786111444252,lstm
SVC-000052,EVT-0007233,2026-06-16 20:04:36.230740,0.3312209265176511,lstm
SVC-000004,EVT-0007234,2026-06-16 20:08:54.596728,0.3285691695035773,lstm
SVC-000004,EVT-0007235,2026-06-16 20:14:24.493781,0.4654864622975117,lstm
SVC-000052,EVT-0007236,2026-06-16 20:14:52.691782,0.3532072789264743,lstm
SVC-000052,EVT-0007237,2026-06-16 20:18:34.709291,0.3988593969707988,lstm
SVC-000061,EVT-0007238,2026-06-16 20:19:05.929906,0.4476777513084757,lstm
SVC-000023,EVT-0007239,2026-06-16 20:19:27.329140,0.325000626330875,lstm
SVC-000006,EVT-0007240,2026-06-16 20:22:01.620146,0.7137360386783621,lstm
SVC-000006,EVT-0007241,2026-06-16 20:22:02.941408,0.750929702674468,lstm
SVC-000061,EVT-0007242,2026-06-16 20:22:32.493295,0.3045760898778249,lstm
SVC-000035,EVT-0007243,2026-06-16 20:22:57.880385,0.9714880419912989,lstm
DEV-000002,EVT-0007244,2026-06-16 20:23:16.792567,0.496984852344085,lstm
SVC-000061,EVT-0007245,2026-06-16 20:25:52.090690,0.3672083364727597,lstm
SVC-000061,EVT-0007246,2026-06-16 20:32:12.228590,0.4260150995049006,lstm
SVC-000061,EVT-0007247,2026-06-16 20:33:57.599363,0.4849747831876148,lstm
USR-000185,EVT-0007248,2026-06-16 20:34:44.183443,0.37176896244545243,lstm
DEV-000026,EVT-0007249,2026-06-16 20:35:45.234872,0.24312583988135236,lstm
SVC-000006,EVT-0007250,2026-06-16 20:36:07.261923,0.3932920967971956,lstm
SVC-000048,EVT-0007251,2026-06-16 20:38:17.466428,0.3890110511218893,lstm
SVC-000061,EVT-0007252,2026-06-16 20:38:26.834991,0.2686044755498834,lstm
SVC-000061,EVT-0007253,2026-06-16 20:38:33.575877,0.5321289092088981,lstm
SVC-000044,EVT-0007254,2026-06-16 20:39:00.552056,0.5411517084643894,lstm
SVC-000061,EVT-0007255,2026-06-16 20:40:34.844163,0.4778828919682918,lstm
SVC-000052,EVT-0007256,2026-06-16 20:43:56.635261,0.46947223911797775,lstm
SVC-000047,EVT-0007257,2026-06-16 20:44:51.214651,0.9950498717706209,lstm
SVC-000044,EVT-0007258,2026-06-16 20:47:05.736249,0.6798973473907023,lstm
SVC-000035,EVT-0007259,2026-06-16 20:50:11.150895,0.7662307991907166,lstm
SVC-000044,EVT-0007260,2026-06-16 20:51:41.136849,0.399537047682289,lstm
SVC-000052,EVT-0007261,2026-06-16 20:52:44.642278,0.4209810543537995,lstm
USR-000198,EVT-0007262,2026-06-16 20:55:27.264210,0.335530789233775,lstm
SVC-000054,EVT-0007263,2026-06-16 21:00:19.417167,0.943870331084462,lstm
SVC-000054,EVT-0007264,2026-06-16 21:00:38.422241,0.7289934930927067,lstm
SVC-000054,EVT-0007265,2026-06-16 21:03:16.812784,0.5341954324769057,lstm
DEV-000010,EVT-0007266,2026-06-16 21:03:18.116341,0.37679311128918364,lstm
SVC-000035,EVT-0007267,2026-06-16 21:04:42.090736,0.4122649077796105,lstm
SVC-000054,EVT-0007268,2026-06-16 21:05:10.287140,0.4236329625424787,lstm
SVC-000052,EVT-0007269,2026-06-16 21:08:13.231317,0.33308150211082616,lstm
SVC-000045,EVT-0007270,2026-06-16 21:12:10.001708,0.9811248953931556,lstm
SVC-000025,EVT-0007271,2026-06-16 21:15:17.452699,0.9038295001372002,lstm
SVC-000058,EVT-0007272,2026-06-16 21:15:28.427611,0.40401536027093476,lstm
SVC-000045,EVT-0007273,2026-06-16 21:17:40.179811,0.43678257423526673,lstm
SVC-000035,EVT-0007274,2026-06-16 21:21:53.807869,0.4342780118241109,lstm
SVC-000054,EVT-0007275,2026-06-16 21:23:29.648790,0.2672157260002795,lstm
SVC-000054,EVT-0007276,2026-06-16 21:25:19.579200,0.7324904755907669,lstm
DEV-000021,EVT-0007277,2026-06-16 21:26:27.527762,0.40897869618183674,lstm
SVC-000035,EVT-0007278,2026-06-16 21:27:59.086028,0.5464033569388704,lstm
SVC-000045,EVT-0007279,2026-06-16 21:28:45.903478,0.5321515523284444,lstm
SVC-000047,EVT-0007280,2026-06-16 21:31:13.984053,0.3920415477608911,lstm
DEV-000013,EVT-0007281,2026-06-16 21:31:18.856389,0.4712967584994682,lstm
SVC-000035,EVT-0007282,2026-06-16 21:31:31.182525,0.38790730556421615,lstm
SVC-000054,EVT-0007283,2026-06-16 21:32:31.487910,0.31217051811200774,lstm
SVC-000035,EVT-0007284,2026-06-16 21:32:39.449054,0.5709934477410342,lstm
SVC-000045,EVT-0007285,2026-06-16 21:35:14.348393,0.530510054765932,lstm
SVC-000058,EVT-0007286,2026-06-16 21:36:22.994555,0.25824869422560764,lstm
SVC-000045,EVT-0007287,2026-06-16 21:39:09.637512,0.4590658041595616,lstm
SVC-000044,EVT-0007288,2026-06-16 21:39:34.255021,0.7921799103895184,lstm
SVC-000047,EVT-0007289,2026-06-16 21:44:56.599412,0.28687653163222854,lstm
USR-000165,EVT-0007290,2026-06-16 21:46:09.415198,0.7874965177321238,lstm
SVC-000048,EVT-0007291,2026-06-16 21:47:10.207937,0.6076053032044598,lstm
SVC-000058,EVT-0007292,2026-06-16 21:48:17.915593,0.27465935675888536,lstm
SVC-000054,EVT-0007293,2026-06-16 21:50:36.226496,0.3689153879400743,lstm
SVC-000054,EVT-0007294,2026-06-16 21:53:10.316609,0.6773056585437192,lstm
DEV-000006,EVT-0007295,2026-06-16 21:56:31.509685,0.7776495081413739,lstm
SVC-000054,EVT-0007296,2026-06-16 21:58:21.010984,0.2594180892043634,lstm
SVC-000045,EVT-0007297,2026-06-16 21:59:47.967518,0.49121781113000357,lstm
SVC-000048,EVT-0007298,2026-06-16 22:01:28.074460,0.3990937043346555,lstm
SVC-000054,EVT-0007299,2026-06-16 22:03:29.554487,0.3165805270604536,lstm
SVC-000058,EVT-0007300,2026-06-16 22:03:31.190094,0.2506794984810027,lstm
SVC-000054,EVT-0007301,2026-06-16 22:07:03.856493,0.4219482064269654,lstm
USR-000163,EVT-0007302,2026-06-16 22:08:19.106427,0.6496355918096147,lstm
SVC-000048,EVT-0007303,2026-06-16 22:09:46.166336,0.3675475049970495,lstm
USR-000073,EVT-0007304,2026-06-16 22:11:41.142215,0.9807880281895344,baseline_fallback
SVC-000047,EVT-0007305,2026-06-16 22:12:56.076129,0.40443619256828356,lstm
SVC-000035,EVT-0007306,2026-06-16 22:13:24.634128,0.33311407718976227,lstm
SVC-000058,EVT-0007307,2026-06-16 22:13:37.532937,0.2588672887853069,lstm
USR-000106,EVT-0007308,2026-06-16 22:14:51.488674,0.4030886784165259,lstm
DEV-000002,EVT-0007309,2026-06-16 22:15:48.817224,0.34049455989776006,lstm
DEV-000011,EVT-0007310,2026-06-16 22:21:43.112853,0.7627203644509916,lstm
SVC-000002,EVT-0007311,2026-06-16 22:25:51.781572,0.9539704835423523,lstm
SVC-000054,EVT-0007312,2026-06-16 22:32:22.502412,0.2877045362818453,lstm
SVC-000045,EVT-0007313,2026-06-16 22:35:08.170447,0.3311728417823794,lstm
SVC-000047,EVT-0007314,2026-06-16 22:35:21.229499,0.24944597453970171,lstm
SVC-000045,EVT-0007315,2026-06-16 22:42:43.036349,0.7963355801212748,lstm
SVC-000032,EVT-0007316,2026-06-16 22:43:43.857385,0.9749861386170973,lstm
SVC-000045,EVT-0007317,2026-06-16 22:45:28.960854,0.4699485029147589,lstm
SVC-000032,EVT-0007318,2026-06-16 22:45:33.394918,0.7910974209628465,lstm
SVC-000002,EVT-0007319,2026-06-16 22:47:26.345971,0.3075301543106414,lstm
SVC-000047,EVT-0007320,2026-06-16 22:51:04.084450,0.2374564863373567,lstm
DEV-000010,EVT-0007321,2026-06-16 22:53:42.773016,0.4735051684294588,lstm
SVC-000047,EVT-0007322,2026-06-16 22:53:45.138434,0.4013301266654865,lstm
SVC-000032,EVT-0007323,2026-06-16 22:59:18.151457,0.3084866571394877,lstm
SVC-000047,EVT-0007324,2026-06-16 23:01:19.977175,0.42834040062746603,lstm
DEV-000002,EVT-0007325,2026-06-16 23:01:37.858638,0.35194449316806364,lstm
DEV-000014,EVT-0007326,2026-06-16 23:02:34.900705,0.9451323510739063,lstm
DEV-000021,EVT-0007327,2026-06-16 23:05:45.662401,0.2557244050154162,lstm
SVC-000002,EVT-0007328,2026-06-16 23:05:57.308408,0.35269973217805084,lstm
SVC-000032,EVT-0007329,2026-06-16 23:12:39.465974,0.31328812609884804,lstm
SVC-000059,EVT-0007330,2026-06-16 23:12:54.675857,0.9715205182402556,lstm
SVC-000035,EVT-0007331,2026-06-16 23:13:39.497798,0.5700724095582902,lstm
DEV-000018,EVT-0007332,2026-06-16 23:14:12.611240,0.6902035540189017,lstm
DEV-000013,EVT-0007333,2026-06-16 23:14:35.734864,0.5133958497010197,lstm
DEV-000023,EVT-0007334,2026-06-16 23:21:59.027983,0.8435398431886545,lstm
USR-000165,EVT-0007335,2026-06-16 23:25:24.925486,0.3859735618057251,lstm
SVC-000002,EVT-0007336,2026-06-16 23:25:26.417553,0.29735432381032234,lstm
SVC-000032,EVT-0007337,2026-06-16 23:25:26.980099,0.27866733088820467,lstm
DEV-000010,EVT-0007338,2026-06-16 23:26:16.087004,0.4655539702878182,lstm
SVC-000032,EVT-0007339,2026-06-16 23:26:25.686019,0.49515575288722213,lstm
SVC-000032,EVT-0007340,2026-06-16 23:26:37.750564,0.6732376799889236,lstm
SVC-000035,EVT-0007341,2026-06-16 23:26:46.102270,0.5561774377156722,lstm
DEV-000003,EVT-0007342,2026-06-16 23:27:17.142391,0.3632030961849574,lstm
SVC-000059,EVT-0007343,2026-06-16 23:27:40.811638,0.23135554070142883,lstm
SVC-000032,EVT-0007344,2026-06-16 23:30:31.120756,0.3067897818113628,lstm
SVC-000059,EVT-0007345,2026-06-16 23:30:35.270115,0.3248319111402517,lstm
SVC-000025,EVT-0007346,2026-06-16 23:30:43.155849,0.3562307711154775,lstm
SVC-000047,EVT-0007347,2026-06-16 23:31:58.403125,0.34536424587172504,lstm
SVC-000059,EVT-0007348,2026-06-16 23:32:08.389954,0.38580508869677654,lstm
DEV-000008,EVT-0007349,2026-06-16 23:32:38.004779,0.8630280063504275,lstm
DEV-000018,EVT-0007350,2026-06-16 23:33:36.154266,0.7918628219776112,lstm
SVC-000047,EVT-0007351,2026-06-16 23:33:56.036039,0.5345008627256338,lstm
SVC-000032,EVT-0007352,2026-06-16 23:34:58.647448,0.2675389571205179,lstm
SVC-000032,EVT-0007353,2026-06-16 23:35:13.402691,0.46894532040372966,lstm
SVC-000025,EVT-0007354,2026-06-16 23:37:07.381266,0.5250081304713687,lstm
SVC-000059,EVT-0007355,2026-06-16 23:42:33.634468,0.22578411059315878,lstm
DEV-000010,EVT-0007356,2026-06-16 23:43:51.322615,0.35711070509743975,lstm
SVC-000041,EVT-0007357,2026-06-16 23:44:41.902083,0.9780795876533502,lstm
SVC-000059,EVT-0007358,2026-06-16 23:45:33.457358,0.30036370268600454,lstm
USR-000122,EVT-0007359,2026-06-16 23:46:42.123616,0.7376160917900434,baseline_fallback
SVC-000045,EVT-0007360,2026-06-16 23:46:44.799311,0.8483846898440147,lstm
SVC-000059,EVT-0007361,2026-06-16 23:46:53.102845,0.3642604040173843,lstm
SVC-000056,EVT-0007362,2026-06-16 23:48:30.628478,0.9802230591659289,lstm
SVC-000059,EVT-0007363,2026-06-16 23:50:27.814463,0.24090229634362095,lstm
DEV-000012,EVT-0007364,2026-06-16 23:50:50.268488,0.3141204419340575,lstm
SVC-000059,EVT-0007365,2026-06-16 23:51:30.983924,0.33496295427558304,lstm
SVC-000059,EVT-0007366,2026-06-16 23:52:15.376880,0.3633834286417566,lstm
SVC-000059,EVT-0007367,2026-06-16 23:52:57.650517,0.3488188982813999,lstm
SVC-000047,EVT-0007368,2026-06-16 23:55:40.705165,0.27305777816269233,lstm
SVC-000002,EVT-0007369,2026-06-16 23:55:53.864672,0.38478539444878224,lstm
SVC-000059,EVT-0007370,2026-06-16 23:56:11.007741,0.24971430908429415,lstm
SVC-000025,EVT-0007371,2026-06-16 23:56:16.524924,0.295561549235614,lstm
SVC-000059,EVT-0007372,2026-06-17 00:01:56.264671,0.2751778683949947,lstm
DEV-000021,EVT-0007373,2026-06-17 00:02:56.447415,1.0,lstm
DEV-000021,EVT-0007374,2026-06-17 00:04:20.194398,1.0,lstm
DEV-000021,EVT-0007375,2026-06-17 00:05:27.931011,1.0,lstm
SVC-000025,EVT-0007376,2026-06-17 00:06:08.383974,0.5204983116593753,lstm
SVC-000025,EVT-0007377,2026-06-17 00:07:33.309294,0.544324201392995,lstm
DEV-000021,EVT-0007378,2026-06-17 00:07:46.523990,0.9999999981347558,lstm
SVC-000059,EVT-0007379,2026-06-17 00:08:19.110568,0.23870168827223373,lstm
USR-000165,EVT-0007380,2026-06-17 00:08:32.637385,0.33861487785433375,lstm
DEV-000021,EVT-0007381,2026-06-17 00:09:05.883400,0.9999994500977523,lstm
SVC-000047,EVT-0007382,2026-06-17 00:09:42.609892,0.4045078932974948,lstm
DEV-000022,EVT-0007383,2026-06-17 00:10:06.003931,0.7293223343667606,lstm
DEV-000021,EVT-0007384,2026-06-17 00:10:14.497673,0.999960684787177,lstm
SVC-000025,EVT-0007385,2026-06-17 00:10:26.320729,0.5559167602081402,lstm
DEV-000002,EVT-0007386,2026-06-17 00:12:20.944322,0.5200711534335649,lstm
SVC-000032,EVT-0007387,2026-06-17 00:14:21.275657,0.3905855023958713,lstm
DEV-000021,EVT-0007388,2026-06-17 00:14:39.313658,0.999248699595348,lstm
DEV-000021,EVT-0007389,2026-06-17 00:18:12.067275,0.999978000213807,lstm
SVC-000059,EVT-0007390,2026-06-17 00:18:36.682975,0.2389721878468656,lstm
DEV-000021,EVT-0007391,2026-06-17 00:18:57.417150,0.9996036760394577,lstm
DEV-000005,EVT-0007392,2026-06-17 00:26:19.486097,0.2899163701673803,lstm
SVC-000041,EVT-0007393,2026-06-17 00:27:48.268102,0.6886404470738233,lstm
DEV-000018,EVT-0007394,2026-06-17 00:29:04.886271,0.6127727194475069,lstm
DEV-000003,EVT-0007395,2026-06-17 00:29:19.182168,0.347383513160278,lstm
USR-000150,EVT-0007396,2026-06-17 00:31:05.053328,0.9022500860476026,baseline_fallback
SVC-000041,EVT-0007397,2026-06-17 00:45:38.153194,0.6366231462083555,lstm
SVC-000041,EVT-0007398,2026-06-17 00:53:56.989713,0.5665962128235026,lstm
SVC-000041,EVT-0007399,2026-06-17 00:56:48.048668,0.7998466278216632,lstm
DEV-000001,EVT-0007400,2026-06-17 01:00:56.450848,0.9006328823853841,lstm
SVC-000056,EVT-0007401,2026-06-17 01:11:15.668105,0.5638383707147505,lstm
SVC-000041,EVT-0007402,2026-06-17 01:13:42.485494,0.47787448997508014,lstm
SVC-000056,EVT-0007403,2026-06-17 01:19:11.504894,0.564354109421731,lstm
DEV-000009,EVT-0007404,2026-06-17 01:22:33.541075,0.8836432488914661,lstm
SVC-000041,EVT-0007405,2026-06-17 01:29:48.819206,0.2592468655187543,lstm
USR-000124,EVT-0007406,2026-06-17 01:31:34.963428,0.7573463474841003,baseline_fallback
USR-000106,EVT-0007407,2026-06-17 01:31:59.679367,0.3175849665197352,lstm
SVC-000041,EVT-0007408,2026-06-17 01:32:06.462014,0.793614961768731,lstm
DEV-000011,EVT-0007409,2026-06-17 01:34:16.273123,0.5022677873920813,lstm
SVC-000041,EVT-0007410,2026-06-17 01:35:48.593832,0.6494735966116776,lstm
USR-000113,EVT-0007411,2026-06-17 01:36:42.077931,0.4345428024866863,lstm
SVC-000018,EVT-0007412,2026-06-17 01:37:11.717270,0.9897232886262517,lstm
DEV-000006,EVT-0007413,2026-06-17 01:37:30.466740,0.9429924483673506,lstm
SVC-000018,EVT-0007414,2026-06-17 01:44:02.800628,0.5906362181990032,lstm
DEV-000016,EVT-0007415,2026-06-17 01:44:49.109288,0.8238252488961109,lstm
SVC-000041,EVT-0007416,2026-06-17 01:49:16.187571,0.47488823075645475,lstm
SVC-000018,EVT-0007417,2026-06-17 01:50:12.512106,0.3343601236214885,lstm
SVC-000018,EVT-0007418,2026-06-17 02:02:08.107224,0.5062145626539136,lstm
DEV-000026,EVT-0007419,2026-06-17 02:02:59.807971,0.5920218485932423,lstm
USR-000163,EVT-0007420,2026-06-17 02:11:39.647859,0.41441380922643256,lstm
SVC-000018,EVT-0007421,2026-06-17 02:16:06.040579,0.3253695431291153,lstm
DEV-000017,EVT-0007422,2026-06-17 02:19:54.195592,0.6373200671833271,lstm
DEV-000019,EVT-0007423,2026-06-17 02:24:11.972465,0.9986351340772237,lstm
SVC-000041,EVT-0007424,2026-06-17 02:24:51.886279,0.8108321994404741,lstm
USR-000106,EVT-0007425,2026-06-17 02:27:05.189890,0.3097500767377413,lstm
SVC-000018,EVT-0007426,2026-06-17 02:30:46.865895,0.3136647492257126,lstm
DEV-000007,EVT-0007427,2026-06-17 02:32:45.979351,0.9398760526975257,lstm
SVC-000018,EVT-0007428,2026-06-17 02:37:48.190755,0.4170266492718605,lstm
SVC-000018,EVT-0007429,2026-06-17 02:42:33.604126,0.38579276170028276,lstm
DEV-000011,EVT-0007430,2026-06-17 02:46:08.076056,0.24842962733825608,lstm
SVC-000014,EVT-0007431,2026-06-17 02:47:58.008847,0.9945265910261074,lstm
SVC-000014,EVT-0007432,2026-06-17 02:55:59.382510,0.3243760553635308,lstm
DEV-000020,EVT-0007433,2026-06-17 03:04:27.045096,0.4914569542635135,lstm
SVC-000018,EVT-0007434,2026-06-17 03:12:10.339428,0.5272928711175959,lstm
SVC-000014,EVT-0007435,2026-06-17 03:14:06.354291,0.3339737037394603,lstm
SVC-000018,EVT-0007436,2026-06-17 03:16:34.355078,0.27060782909630837,lstm
SVC-000014,EVT-0007437,2026-06-17 03:20:30.521982,0.36688621300834884,lstm
USR-000207,EVT-0007438,2026-06-17 03:21:14.578033,0.568680867715777,lstm
DEV-000011,EVT-0007439,2026-06-17 03:26:07.549049,0.2785687875761907,lstm
DEV-000002,EVT-0007440,2026-06-17 03:26:21.681820,0.6484223781490246,lstm
DEV-000005,EVT-0007441,2026-06-17 03:28:05.196152,0.26998368226123287,lstm
SVC-000007,EVT-0007442,2026-06-17 03:41:04.023649,0.9865796962589101,lstm
SVC-000014,EVT-0007443,2026-06-17 03:50:20.938318,0.3671774395683791,lstm
SVC-000018,EVT-0007444,2026-06-17 03:50:22.865314,0.4216209185965851,lstm
DEV-000011,EVT-0007445,2026-06-17 03:50:38.490684,0.19170687184597335,lstm
USR-000119,EVT-0007446,2026-06-17 03:51:30.598872,0.8437176290217157,baseline_fallback
DEV-000011,EVT-0007447,2026-06-17 03:54:43.245500,0.4781512322321734,lstm
SVC-000014,EVT-0007448,2026-06-17 03:55:30.073519,0.29360416628598507,lstm
DEV-000014,EVT-0007449,2026-06-17 03:56:49.142936,0.8063828013074285,lstm
USR-000207,EVT-0007450,2026-06-17 03:58:31.948370,0.6058639733131538,lstm
SVC-000015,EVT-0007451,2026-06-17 04:04:33.341365,0.9682424198595326,lstm
SVC-000014,EVT-0007452,2026-06-17 04:08:51.770227,0.28933593791910756,lstm
SVC-000015,EVT-0007453,2026-06-17 04:13:25.336609,0.34131992077818746,lstm
DEV-000011,EVT-0007454,2026-06-17 04:15:11.081039,1.0,lstm
SVC-000014,EVT-0007455,2026-06-17 04:18:19.533901,0.25697989274990196,lstm
DEV-000011,EVT-0007456,2026-06-17 04:18:33.527909,1.0,lstm
SVC-000014,EVT-0007457,2026-06-17 04:21:17.062423,0.34615643624619724,lstm
SVC-000007,EVT-0007458,2026-06-17 04:21:46.156904,0.3259661098279942,lstm
DEV-000011,EVT-0007459,2026-06-17 04:22:39.293028,0.9999999999999987,lstm
SVC-000041,EVT-0007460,2026-06-17 04:23:41.694251,0.8489716780092359,lstm
DEV-000017,EVT-0007461,2026-06-17 04:24:05.260703,0.5087852576263807,lstm
SVC-000015,EVT-0007462,2026-06-17 04:24:10.497904,0.48984857450793284,lstm
DEV-000011,EVT-0007463,2026-06-17 04:24:11.249497,0.9999999782134485,lstm
SVC-000007,EVT-0007464,2026-06-17 04:30:02.224994,0.314992408205573,lstm
SVC-000014,EVT-0007465,2026-06-17 04:32:42.633982,0.2682235237867977,lstm
SVC-000019,EVT-0007466,2026-06-17 04:33:56.349238,0.9869711989889867,lstm
SVC-000014,EVT-0007467,2026-06-17 04:37:23.814824,0.31791660529208937,lstm
SVC-000014,EVT-0007468,2026-06-17 04:37:38.908615,0.6489016011882547,lstm
SVC-000020,EVT-0007469,2026-06-17 04:38:39.981334,0.9395119774772603,lstm
SVC-000019,EVT-0007470,2026-06-17 04:41:09.670528,0.30551529097542846,lstm
SVC-000019,EVT-0007471,2026-06-17 04:41:51.519500,0.4323807858716501,lstm
SVC-000007,EVT-0007472,2026-06-17 04:44:21.347281,0.4956154198129813,lstm
SVC-000019,EVT-0007473,2026-06-17 04:51:09.668206,0.23811276474757426,lstm
SVC-000019,EVT-0007474,2026-06-17 04:54:26.674479,0.2741956557072791,lstm
USR-000036,EVT-0007475,2026-06-17 04:54:46.764673,0.9187991642794968,lstm
SVC-000019,EVT-0007476,2026-06-17 04:55:17.274253,0.36371505034749496,lstm
SVC-000015,EVT-0007477,2026-06-17 04:57:46.274948,0.24407653203003865,lstm
SVC-000019,EVT-0007478,2026-06-17 05:01:32.279553,0.23828191823185677,lstm
SVC-000019,EVT-0007479,2026-06-17 05:02:27.399183,0.3118391409425365,lstm
SVC-000019,EVT-0007480,2026-06-17 05:03:05.232129,0.3490440821977789,lstm
DEV-000021,EVT-0007481,2026-06-17 05:03:41.041985,1.0,lstm
SVC-000019,EVT-0007482,2026-06-17 05:05:08.993243,0.2556170816295068,lstm
DEV-000017,EVT-0007483,2026-06-17 05:11:51.132917,0.3978947236654598,lstm
SVC-000007,EVT-0007484,2026-06-17 05:12:52.629488,0.3829153961310171,lstm
SVC-000019,EVT-0007485,2026-06-17 05:13:19.533939,0.2509082780920347,lstm
SVC-000020,EVT-0007486,2026-06-17 05:15:36.811829,0.4530270742764023,lstm
SVC-000019,EVT-0007487,2026-06-17 05:18:20.465726,0.2445943894606673,lstm
SVC-000007,EVT-0007488,2026-06-17 05:19:03.963366,0.396685290114539,lstm
DEV-000020,EVT-0007489,2026-06-17 05:20:17.249649,0.30126407197504873,lstm
SVC-000014,EVT-0007490,2026-06-17 05:20:17.733814,0.4295278180263757,lstm
SVC-000007,EVT-0007491,2026-06-17 05:22:05.789438,0.39896840107828685,lstm
USR-000088,EVT-0007492,2026-06-17 05:23:58.431172,0.7995187065274693,baseline_fallback
DEV-000007,EVT-0007493,2026-06-17 05:24:16.013956,0.5453852905770737,lstm
SVC-000019,EVT-0007494,2026-06-17 05:27:11.845843,0.26363178714020774,lstm
SVC-000007,EVT-0007495,2026-06-17 05:27:58.512669,0.3703026453694516,lstm
SVC-000019,EVT-0007496,2026-06-17 05:28:02.677586,0.33463361915957607,lstm
SVC-000007,EVT-0007497,2026-06-17 05:29:37.553105,0.4059849426641464,lstm
SVC-000019,EVT-0007498,2026-06-17 05:30:21.078674,0.2575879653936388,lstm
SVC-000019,EVT-0007499,2026-06-17 05:31:50.490315,0.2609382118113883,lstm
SVC-000020,EVT-0007500,2026-06-17 05:36:26.434289,0.4387586739429855,lstm
SVC-000019,EVT-0007501,2026-06-17 05:37:37.979161,0.2507154380508296,lstm
SVC-000015,EVT-0007502,2026-06-17 05:37:42.751660,0.2766822681940882,lstm
USR-000158,EVT-0007503,2026-06-17 05:37:56.736924,0.604934200634271,baseline_fallback
SVC-000020,EVT-0007504,2026-06-17 05:37:58.704659,0.7482074857418993,lstm
DEV-000006,EVT-0007505,2026-06-17 05:40:04.934747,0.7813321149418981,lstm
DEV-000002,EVT-0007506,2026-06-17 05:40:10.303639,0.4412162251934064,lstm
USR-000102,EVT-0007507,2026-06-17 05:46:00.252641,0.9999999999999993,lstm
DEV-000011,EVT-0007508,2026-06-17 05:47:41.267633,1.0,lstm
SVC-000007,EVT-0007509,2026-06-17 05:48:35.647340,0.4160132747609241,lstm
USR-000114,EVT-0007510,2026-06-17 05:49:17.645710,0.6696710905037061,baseline_fallback
USR-000207,EVT-0007511,2026-06-17 05:49:32.283845,0.3337708343693277,lstm
SVC-000019,EVT-0007512,2026-06-17 05:57:48.041958,0.33206601929328283,lstm
SVC-000055,EVT-0007513,2026-06-17 06:08:28.594854,0.9844772944085913,lstm
DEV-000011,EVT-0007514,2026-06-17 06:12:15.277897,0.9999999999988956,lstm
USR-000016,EVT-0007515,2026-06-17 06:23:54.780098,0.8976413896140358,baseline_fallback
DEV-000019,EVT-0007516,2026-06-17 06:28:21.435827,0.8120193237279714,lstm
SVC-000055,EVT-0007517,2026-06-17 06:29:18.787315,0.6330467977695485,lstm
DEV-000021,EVT-0007518,2026-06-17 06:34:23.608380,0.9999999999997735,lstm
DEV-000023,EVT-0007519,2026-06-17 06:36:34.048031,0.36135227429200656,lstm
USR-000041,EVT-0007520,2026-06-17 06:41:10.698138,0.71488250522926,baseline_fallback
USR-000155,EVT-0007521,2026-06-17 06:53:35.161241,0.9860327757475394,lstm
DEV-000001,EVT-0007522,2026-06-17 06:54:44.106729,0.5663032904204159,lstm
USR-000207,EVT-0007523,2026-06-17 06:55:47.765674,0.34987192540086626,lstm
DEV-000013,EVT-0007524,2026-06-17 06:56:43.015942,0.612309008553288,lstm
USR-000158,EVT-0007525,2026-06-17 06:58:57.068825,0.7233729349555125,baseline_fallback
SVC-000011,EVT-0007526,2026-06-17 07:00:04.178312,0.9923102546167788,lstm
USR-000171,EVT-0007527,2026-06-17 07:06:06.621608,0.5107126868857673,baseline_fallback
DEV-000016,EVT-0007528,2026-06-17 07:10:12.222274,0.6484330845023878,lstm
SVC-000055,EVT-0007529,2026-06-17 07:12:27.323630,0.3763785803157238,lstm
SVC-000055,EVT-0007530,2026-06-17 07:14:35.125669,0.6568952290933824,lstm
SVC-000019,EVT-0007531,2026-06-17 07:20:16.362390,0.6948157873427899,lstm
USR-000207,EVT-0007532,2026-06-17 07:22:05.765231,0.3819041853215621,lstm
DEV-000010,EVT-0007533,2026-06-17 07:22:10.037623,0.8950990719764168,lstm
USR-000155,EVT-0007534,2026-06-17 07:23:23.820630,0.690932352485958,lstm
USR-000116,EVT-0007535,2026-06-17 07:25:10.919609,0.8545551887394309,baseline_fallback
SVC-000030,EVT-0007536,2026-06-17 07:26:26.745660,0.9927924421264873,lstm
DEV-000014,EVT-0007537,2026-06-17 07:29:15.526142,0.2504668661787408,lstm
USR-000199,EVT-0007538,2026-06-17 07:30:03.082421,0.6659230521711359,lstm
USR-000137,EVT-0007539,2026-06-17 07:34:33.835336,0.8071323054255883,baseline_fallback
SVC-000040,EVT-0007540,2026-06-17 07:36:20.884617,0.9959930074920282,lstm
SVC-000011,EVT-0007541,2026-06-17 07:38:03.304158,0.49552383115550613,lstm
USR-000019,EVT-0007542,2026-06-17 07:39:42.300900,0.5193827201639113,lstm
USR-000102,EVT-0007543,2026-06-17 07:42:29.888187,0.9640255412677748,lstm
SVC-000055,EVT-0007544,2026-06-17 07:43:52.965245,0.31220951448589546,lstm
SVC-000051,EVT-0007545,2026-06-17 07:45:34.814665,0.9633534282436351,lstm
USR-000039,EVT-0007546,2026-06-17 07:47:35.103013,0.5071302870796534,baseline_fallback
DEV-000026,EVT-0007547,2026-06-17 07:47:51.442780,0.5369860829825255,lstm
SVC-000055,EVT-0007548,2026-06-17 07:50:04.738738,0.3573420402436592,lstm
SVC-000011,EVT-0007549,2026-06-17 07:52:53.442648,0.2961710373951097,lstm
SVC-000040,EVT-0007550,2026-06-17 07:53:55.662114,0.4654397729368661,lstm
SVC-000051,EVT-0007551,2026-06-17 07:55:51.015055,0.600725063979628,lstm
USR-000200,EVT-0007552,2026-06-17 07:59:02.283660,0.9435340230201134,lstm
USR-000171,EVT-0007553,2026-06-17 08:00:48.354182,0.46823013714617717,baseline_fallback
SVC-000011,EVT-0007554,2026-06-17 08:03:15.629429,0.27084461278404626,lstm
DEV-000002,EVT-0007555,2026-06-17 08:05:07.775465,0.3821823345328119,lstm
SVC-000055,EVT-0007556,2026-06-17 08:08:29.515932,0.3578774587570096,lstm
USR-000142,EVT-0007557,2026-06-17 08:09:51.996904,0.43759373787872125,baseline_fallback
SVC-000040,EVT-0007558,2026-06-17 08:10:05.063539,0.3629209169486513,lstm
USR-000130,EVT-0007559,2026-06-17 08:10:19.399392,0.8119464007571111,baseline_fallback
USR-000013,EVT-0007560,2026-06-17 08:10:46.978757,0.42233724159948305,baseline_fallback
SVC-000055,EVT-0007561,2026-06-17 08:13:19.786135,0.42872002005309173,lstm
DEV-000018,EVT-0007562,2026-06-17 08:15:05.592451,0.7376222009461509,lstm
DEV-000016,EVT-0007563,2026-06-17 08:15:57.216530,0.5206337879938894,lstm
SVC-000055,EVT-0007564,2026-06-17 08:16:22.651733,0.4357911680073601,lstm
SVC-000016,EVT-0007565,2026-06-17 08:19:46.643156,0.9848473931525935,lstm
SVC-000011,EVT-0007566,2026-06-17 08:22:49.128386,0.31548331039619415,lstm
SVC-000011,EVT-0007567,2026-06-17 08:24:57.329871,0.8382588649041379,lstm
USR-000205,EVT-0007568,2026-06-17 08:25:25.453205,0.4070539515280833,baseline_fallback
SVC-000024,EVT-0007569,2026-06-17 08:25:33.955362,0.9871751737721806,lstm
SVC-000055,EVT-0007570,2026-06-17 08:26:17.363137,0.4321511249510706,lstm
DEV-000005,EVT-0007571,2026-06-17 08:28:16.343400,0.3260536276872738,lstm
SVC-000011,EVT-0007572,2026-06-17 08:29:42.078377,0.3935907380016913,lstm
USR-000155,EVT-0007573,2026-06-17 08:30:59.353552,0.6900286693832294,lstm
SVC-000051,EVT-0007574,2026-06-17 08:31:20.993475,0.4467515457510971,lstm
SVC-000046,EVT-0007575,2026-06-17 08:31:55.151299,0.9991564713211836,lstm
SVC-000030,EVT-0007576,2026-06-17 08:32:22.851236,0.6045833448229908,lstm
USR-000119,EVT-0007577,2026-06-17 08:32:35.102603,0.39688783126188976,baseline_fallback
USR-000182,EVT-0007578,2026-06-17 08:32:36.544439,0.33779947891862394,lstm
SVC-000053,EVT-0007579,2026-06-17 08:34:13.910301,0.9942642828513027,lstm
SVC-000024,EVT-0007580,2026-06-17 08:35:32.124178,0.3917940557010625,lstm
SVC-000024,EVT-0007581,2026-06-17 08:37:02.390138,0.9379888036955932,lstm
SVC-000042,EVT-0007582,2026-06-17 08:37:41.178122,0.9766521181053567,lstm
SVC-000046,EVT-0007583,2026-06-17 08:39:41.932930,0.7748297577290922,lstm
USR-000036,EVT-0007584,2026-06-17 08:41:54.639479,0.5457209896473053,lstm
SVC-000030,EVT-0007585,2026-06-17 08:42:18.117940,0.5239744254337501,lstm
SVC-000046,EVT-0007586,2026-06-17 08:42:28.654662,0.4531157593344537,lstm
SVC-000011,EVT-0007587,2026-06-17 08:42:37.942748,0.29362868546320037,lstm
SVC-000024,EVT-0007588,2026-06-17 08:43:00.305767,0.3273924439106749,lstm
SVC-000040,EVT-0007589,2026-06-17 08:44:49.224455,0.4079612385839512,lstm
USR-000164,EVT-0007590,2026-06-17 08:46:09.659472,0.7721622813505304,baseline_fallback
SVC-000011,EVT-0007591,2026-06-17 08:47:00.182982,0.3398738363217294,lstm
USR-000151,EVT-0007592,2026-06-17 08:47:48.700017,0.7655514370302078,lstm
USR-000048,EVT-0007593,2026-06-17 08:48:37.600841,0.4530397231869612,lstm
SVC-000011,EVT-0007594,2026-06-17 08:50:10.922539,0.30222855315095937,lstm
USR-000114,EVT-0007595,2026-06-17 08:50:42.962659,0.5086114006693946,baseline_fallback
USR-000133,EVT-0007596,2026-06-17 08:51:57.904621,0.545051168884848,lstm
USR-000013,EVT-0007597,2026-06-17 08:52:37.456403,0.7549140539118281,baseline_fallback
DEV-000006,EVT-0007598,2026-06-17 08:54:22.636891,0.4607392806815745,lstm
SVC-000046,EVT-0007599,2026-06-17 08:55:14.899651,0.3320431345002031,lstm
SVC-000040,EVT-0007600,2026-06-17 08:56:00.730060,0.3321552360644988,lstm
SVC-000011,EVT-0007601,2026-06-17 08:56:30.416375,0.36470794110592086,lstm
SVC-000039,EVT-0007602,2026-06-17 08:56:34.599918,0.9714778040513218,lstm
USR-000031,EVT-0007603,2026-06-17 09:00:51.355271,0.40048692793637164,lstm
USR-000142,EVT-0007604,2026-06-17 09:01:22.672111,0.7012054615067467,baseline_fallback
USR-000158,EVT-0007605,2026-06-17 09:01:44.825710,0.45779471522450843,baseline_fallback
USR-000035,EVT-0007606,2026-06-17 09:02:12.597348,0.5259797393941855,lstm
DEV-000016,EVT-0007607,2026-06-17 09:05:05.103171,0.38231100572917426,lstm
SVC-000042,EVT-0007608,2026-06-17 09:05:14.014694,0.2933913041826135,lstm
SVC-000016,EVT-0007609,2026-06-17 09:05:40.206551,0.5158421085965956,lstm
USR-000206,EVT-0007610,2026-06-17 09:05:56.984067,0.7169694529844385,baseline_fallback
USR-000072,EVT-0007611,2026-06-17 09:08:39.270409,0.3260698992423454,baseline_fallback
SVC-000046,EVT-0007612,2026-06-17 09:08:43.290674,0.2882588210585798,lstm
SVC-000046,EVT-0007613,2026-06-17 09:08:57.950045,0.4351971430864192,lstm
SVC-000046,EVT-0007614,2026-06-17 09:09:01.493651,0.509332662504595,lstm
SVC-000013,EVT-0007615,2026-06-17 09:09:58.184775,0.9978069849736548,lstm
SVC-000024,EVT-0007616,2026-06-17 09:10:21.097318,0.3218599257619802,lstm
USR-000036,EVT-0007617,2026-06-17 09:11:04.044969,0.5720999861215981,lstm
SVC-000024,EVT-0007618,2026-06-17 09:11:14.746438,0.6213968014435487,lstm
DEV-000001,EVT-0007619,2026-06-17 09:11:28.012005,0.30390680377127155,lstm
SVC-000024,EVT-0007620,2026-06-17 09:11:36.721401,0.6572141464201308,lstm
SVC-000053,EVT-0007621,2026-06-17 09:12:03.896019,0.6697278907009978,lstm
USR-000041,EVT-0007622,2026-06-17 09:12:18.514344,0.35104240689133764,baseline_fallback
SVC-000030,EVT-0007623,2026-06-17 09:14:43.125599,0.3947770362728181,lstm
SVC-000024,EVT-0007624,2026-06-17 09:16:29.402777,0.3016253395344971,lstm
SVC-000042,EVT-0007625,2026-06-17 09:16:33.879067,0.2583591459264448,lstm
USR-000031,EVT-0007626,2026-06-17 09:20:06.396927,0.3504699562449243,lstm
USR-000207,EVT-0007627,2026-06-17 09:22:08.256322,0.2744986269620826,lstm
SVC-000024,EVT-0007628,2026-06-17 09:22:33.290968,0.28309642197381807,lstm
SVC-000042,EVT-0007629,2026-06-17 09:22:36.044337,0.25285527660796686,lstm
SVC-000011,EVT-0007630,2026-06-17 09:22:42.245069,0.3606143322128794,lstm
USR-000162,EVT-0007631,2026-06-17 09:23:37.217923,0.833617075192009,lstm
SVC-000030,EVT-0007632,2026-06-17 09:24:10.201955,0.8532223925234572,lstm
SVC-000039,EVT-0007633,2026-06-17 09:25:52.488125,0.4158422542093426,lstm
USR-000207,EVT-0007634,2026-06-17 09:26:42.595013,0.43119575718199593,lstm
SVC-000046,EVT-0007635,2026-06-17 09:26:45.515246,0.7310996065949413,lstm
DEV-000014,EVT-0007636,2026-06-17 09:27:04.980541,0.22838869012991542,lstm
USR-000013,EVT-0007637,2026-06-17 09:27:11.647172,0.7858577861509268,baseline_fallback
SVC-000039,EVT-0007638,2026-06-17 09:27:13.125896,0.6828003091820433,lstm
SVC-000051,EVT-0007639,2026-06-17 09:27:20.302070,0.3775646098939987,lstm
SVC-000046,EVT-0007640,2026-06-17 09:29:37.705186,0.48565231670568193,lstm
SVC-000042,EVT-0007641,2026-06-17 09:30:53.954997,0.2411746115957064,lstm
USR-000031,EVT-0007642,2026-06-17 09:33:48.036751,0.24612179468392206,lstm
USR-000183,EVT-0007643,2026-06-17 09:36:46.240107,0.6068054531693242,baseline_fallback
SVC-000013,EVT-0007644,2026-06-17 09:37:51.415779,0.6415636862351916,lstm
USR-000072,EVT-0007645,2026-06-17 09:38:09.753468,0.3520070592664415,baseline_fallback
SVC-000016,EVT-0007646,2026-06-17 09:39:06.961581,0.320108415360857,lstm
USR-000196,EVT-0007647,2026-06-17 09:39:08.201978,0.6679672640726203,lstm
USR-000155,EVT-0007648,2026-06-17 09:41:35.979685,0.6253891021725163,lstm
SVC-000016,EVT-0007649,2026-06-17 09:41:51.143925,0.6012456639781671,lstm
SVC-000053,EVT-0007650,2026-06-17 09:42:09.415027,0.34758866021377055,lstm
USR-000178,EVT-0007651,2026-06-17 09:43:05.874286,0.732252582909901,baseline_fallback
SVC-000053,EVT-0007652,2026-06-17 09:45:56.452058,0.42932073845278346,lstm
USR-000153,EVT-0007653,2026-06-17 09:47:03.391116,0.441929792900469,baseline_fallback
USR-000097,EVT-0007654,2026-06-17 09:47:29.197830,0.4290328444189182,baseline_fallback
SVC-000024,EVT-0007655,2026-06-17 09:48:09.824942,0.41967380499232443,lstm
SVC-000051,EVT-0007656,2026-06-17 09:48:16.001796,0.5029964723249888,lstm
SVC-000008,EVT-0007657,2026-06-17 09:48:24.057197,0.9993481294265893,lstm
SVC-000030,EVT-0007658,2026-06-17 09:50:21.361285,0.4863886805546345,lstm
USR-000137,EVT-0007659,2026-06-17 09:50:33.241915,0.9870867439141334,baseline_fallback
SVC-000016,EVT-0007660,2026-06-17 09:50:41.432631,0.2878381695146701,lstm
DEV-000007,EVT-0007661,2026-06-17 09:51:29.859332,0.3497554135382076,lstm
USR-000056,EVT-0007662,2026-06-17 09:51:43.056287,0.3541503009388266,baseline_fallback
USR-000030,EVT-0007663,2026-06-17 09:52:14.918944,0.37580251236514284,baseline_fallback
USR-000157,EVT-0007664,2026-06-17 09:52:57.873878,0.5332960000985738,baseline_fallback
USR-000182,EVT-0007665,2026-06-17 09:53:15.216284,0.36423165702151966,lstm
SVC-000042,EVT-0007666,2026-06-17 09:58:18.335714,0.2357453901094499,lstm
SVC-000011,EVT-0007667,2026-06-17 09:58:49.729032,0.35669038890250476,lstm
USR-000162,EVT-0007668,2026-06-17 10:00:02.857016,0.5530739008177161,lstm
SVC-000013,EVT-0007669,2026-06-17 10:01:25.939101,0.6339631068183399,lstm
SVC-000039,EVT-0007670,2026-06-17 10:01:27.323907,0.29241722051191466,lstm
DEV-000014,EVT-0007671,2026-06-17 10:04:03.294308,0.13956462377375978,lstm
USR-000133,EVT-0007672,2026-06-17 10:04:17.917918,0.3939411577919467,lstm
USR-000041,EVT-0007673,2026-06-17 10:04:35.211113,0.4282314218706591,baseline_fallback
USR-000013,EVT-0007674,2026-06-17 10:06:18.964673,0.30509083870043147,baseline_fallback
DEV-000022,EVT-0007675,2026-06-17 10:07:04.140793,0.5534754410132325,lstm
SVC-000039,EVT-0007676,2026-06-17 10:07:45.151199,0.4323491408729237,lstm
USR-000036,EVT-0007677,2026-06-17 10:08:42.158751,1.0,lstm
SVC-000013,EVT-0007678,2026-06-17 10:09:00.213549,0.5980624234715662,lstm
USR-000196,EVT-0007679,2026-06-17 10:09:51.256009,0.50440915864604,lstm
SVC-000013,EVT-0007680,2026-06-17 10:12:01.340896,0.33446231704880774,lstm
USR-000183,EVT-0007681,2026-06-17 10:12:05.878970,0.6203647379390981,lstm
USR-000102,EVT-0007682,2026-06-17 10:12:30.722648,0.5705635786488856,lstm
USR-000138,EVT-0007683,2026-06-17 10:12:46.832091,1.0,lstm
SVC-000050,EVT-0007684,2026-06-17 10:12:59.375551,0.941320068321173,lstm
USR-000082,EVT-0007685,2026-06-17 10:14:49.130324,0.31676659816415875,baseline_fallback
USR-000138,EVT-0007686,2026-06-17 10:16:53.895984,0.8086829092560428,lstm
USR-000171,EVT-0007687,2026-06-17 10:16:59.489633,0.7087621702596189,baseline_fallback
USR-000194,EVT-0007688,2026-06-17 10:17:26.773634,0.8150839828269242,lstm
USR-000041,EVT-0007689,2026-06-17 10:18:04.009055,0.3274764673211621,baseline_fallback
DEV-000014,EVT-0007690,2026-06-17 10:18:05.099652,0.20534450237816673,lstm
USR-000212,EVT-0007691,2026-06-17 10:18:21.790365,0.8291574000472345,lstm
USR-000057,EVT-0007692,2026-06-17 10:18:59.252851,0.40958847151713107,baseline_fallback
USR-000029,EVT-0007693,2026-06-17 10:20:36.117132,0.35359521655633336,baseline_fallback
USR-000037,EVT-0007694,2026-06-17 10:21:19.840172,0.45422384779362696,lstm
USR-000206,EVT-0007695,2026-06-17 10:22:20.782814,0.3675448224957573,baseline_fallback
DEV-000005,EVT-0007696,2026-06-17 10:22:45.238138,0.43834846028812385,lstm
USR-000194,EVT-0007697,2026-06-17 10:23:09.306803,0.4686243409711676,lstm
SVC-000053,EVT-0007698,2026-06-17 10:23:30.764646,0.5750523892677089,lstm
USR-000057,EVT-0007699,2026-06-17 10:23:30.791287,0.34198546041573086,baseline_fallback
SVC-000053,EVT-0007700,2026-06-17 10:24:43.002239,0.6145550958065437,lstm
USR-000179,EVT-0007701,2026-06-17 10:26:07.052529,0.9221411566433241,baseline_fallback
DEV-000021,EVT-0007702,2026-06-17 10:28:35.880081,0.999803701075856,lstm
USR-000039,EVT-0007703,2026-06-17 10:30:23.282625,0.7119966972537375,baseline_fallback
SVC-000024,EVT-0007704,2026-06-17 10:31:12.179859,0.4497992599532576,lstm
SVC-000016,EVT-0007705,2026-06-17 10:31:27.691088,0.34560449325535936,lstm
SVC-000042,EVT-0007706,2026-06-17 10:32:10.954745,0.2421751076162401,lstm
USR-000018,EVT-0007707,2026-06-17 10:32:26.487145,0.3752442915951945,baseline_fallback
SVC-000030,EVT-0007708,2026-06-17 10:32:52.620768,0.42148159077329694,lstm
USR-000082,EVT-0007709,2026-06-17 10:33:41.886426,0.7173846244250717,baseline_fallback
USR-000036,EVT-0007710,2026-06-17 10:37:22.911403,0.6816379915336547,lstm
SVC-000042,EVT-0007711,2026-06-17 10:37:23.439437,0.24095903769425037,lstm
USR-000099,EVT-0007712,2026-06-17 10:37:48.403896,0.5391287708232503,lstm
SVC-000021,EVT-0007713,2026-06-17 10:38:44.706920,0.9919958568175842,lstm
SVC-000024,EVT-0007714,2026-06-17 10:38:58.266468,0.35598133223946926,lstm
USR-000041,EVT-0007715,2026-06-17 10:39:03.697604,0.3064288833402873,baseline_fallback
USR-000041,EVT-0007716,2026-06-17 10:40:11.354760,0.32806138007201846,baseline_fallback
SVC-000013,EVT-0007717,2026-06-17 10:42:34.293976,0.6305721438223632,lstm
USR-000050,EVT-0007718,2026-06-17 10:42:48.728793,0.6960353887338036,baseline_fallback
USR-000164,EVT-0007719,2026-06-17 10:44:32.517976,0.6668550517142244,baseline_fallback
SVC-000013,EVT-0007720,2026-06-17 10:46:29.589636,0.556210117917152,lstm
USR-000138,EVT-0007721,2026-06-17 10:47:12.978190,0.585038525072859,lstm
USR-000127,EVT-0007722,2026-06-17 10:49:14.614071,0.8144881298666794,lstm
SVC-000039,EVT-0007723,2026-06-17 10:50:52.518616,0.423015880762639,lstm
SVC-000042,EVT-0007724,2026-06-17 10:51:19.364384,0.22837713513624155,lstm
DEV-000014,EVT-0007725,2026-06-17 10:51:53.268108,0.13586953483230954,lstm
SVC-000053,EVT-0007726,2026-06-17 10:52:14.677247,0.5017545246009338,lstm
SVC-000024,EVT-0007727,2026-06-17 10:53:11.606501,0.35242659931094805,lstm
SVC-000024,EVT-0007728,2026-06-17 10:55:01.290374,0.5710669094285129,lstm
USR-000099,EVT-0007729,2026-06-17 10:56:37.777035,0.9999999999918503,lstm
USR-000164,EVT-0007730,2026-06-17 10:59:00.957004,0.7155049135729734,baseline_fallback
SVC-000053,EVT-0007731,2026-06-17 11:00:44.707403,0.5060187365847308,lstm
USR-000133,EVT-0007732,2026-06-17 11:01:13.866449,0.41133154169659125,lstm
USR-000205,EVT-0007733,2026-06-17 11:01:21.733401,0.29434078565323096,baseline_fallback
SVC-000008,EVT-0007734,2026-06-17 11:02:32.331150,0.908850742262154,lstm
SVC-000008,EVT-0007735,2026-06-17 11:03:37.179642,0.855482298742969,lstm
SVC-000039,EVT-0007736,2026-06-17 11:04:19.353949,0.3031994236136824,lstm
USR-000138,EVT-0007737,2026-06-17 11:04:25.677769,0.48226757839005785,lstm
USR-000132,EVT-0007738,2026-06-17 11:04:46.092154,0.5133917552187861,baseline_fallback
USR-000031,EVT-0007739,2026-06-17 11:05:53.822801,0.2821308698133798,lstm
USR-000196,EVT-0007740,2026-06-17 11:08:47.375012,0.4864837466589041,lstm
SVC-000053,EVT-0007741,2026-06-17 11:09:15.733974,0.3897150566389462,lstm
USR-000016,EVT-0007742,2026-06-17 11:09:40.479051,0.7194513635704431,baseline_fallback
SVC-000053,EVT-0007743,2026-06-17 11:09:54.142050,0.6598033850105071,lstm
USR-000194,EVT-0007744,2026-06-17 11:09:54.995919,0.29028242705406326,lstm
USR-000043,EVT-0007745,2026-06-17 11:10:15.023739,0.3655639775605511,baseline_fallback
SVC-000042,EVT-0007746,2026-06-17 11:10:53.036605,0.23116362746304503,lstm
USR-000037,EVT-0007747,2026-06-17 11:11:04.142025,0.274544307863129,lstm
USR-000081,EVT-0007748,2026-06-17 11:11:05.066394,0.2982861960536934,baseline_fallback
DEV-000023,EVT-0007749,2026-06-17 11:11:24.640334,0.49131198420611255,lstm
SVC-000039,EVT-0007750,2026-06-17 11:11:27.281142,0.42471256209890823,lstm
SVC-000039,EVT-0007751,2026-06-17 11:12:40.598422,0.6354054486705569,lstm
USR-000171,EVT-0007752,2026-06-17 11:12:54.131812,0.3822609372868096,baseline_fallback
SVC-000053,EVT-0007753,2026-06-17 11:13:36.537559,0.5605867402829225,lstm
USR-000062,EVT-0007754,2026-06-17 11:13:52.509560,0.6222284787442306,baseline_fallback
DEV-000001,EVT-0007755,2026-06-17 11:14:39.144490,0.34673664723035963,lstm
USR-000144,EVT-0007756,2026-06-17 11:15:26.374607,0.8552647647698925,baseline_fallback
USR-000138,EVT-0007757,2026-06-17 11:16:11.276533,0.4142312207605383,lstm
SVC-000001,EVT-0007758,2026-06-17 11:16:26.527082,0.8932621297684344,lstm
USR-000029,EVT-0007759,2026-06-17 11:18:12.276052,0.34521972483919194,baseline_fallback
USR-000116,EVT-0007760,2026-06-17 11:18:59.084761,0.3136094616403317,baseline_fallback
USR-000208,EVT-0007761,2026-06-17 11:19:04.031616,0.9999999999999603,lstm
USR-000039,EVT-0007762,2026-06-17 11:19:09.406062,0.6231433211327496,baseline_fallback
SVC-000013,EVT-0007763,2026-06-17 11:19:12.810362,0.6398153931235415,lstm
USR-000151,EVT-0007764,2026-06-17 11:19:47.131364,0.3559700220785405,lstm
DEV-000001,EVT-0007765,2026-06-17 11:19:56.557827,0.7784822842017748,lstm
USR-000171,EVT-0007766,2026-06-17 11:23:13.282107,0.3498626218638727,baseline_fallback
USR-000178,EVT-0007767,2026-06-17 11:23:31.619955,0.6366869502472052,baseline_fallback
USR-000031,EVT-0007768,2026-06-17 11:24:00.622910,0.33330068505417854,lstm
USR-000145,EVT-0007769,2026-06-17 11:25:39.961421,0.6661160394936796,baseline_fallback
SVC-000050,EVT-0007770,2026-06-17 11:26:15.275314,0.45618669262191136,lstm
SVC-000013,EVT-0007771,2026-06-17 11:26:25.117158,0.4996879409691012,lstm
USR-000048,EVT-0007772,2026-06-17 11:26:41.407565,0.2893359270317146,lstm
SVC-000008,EVT-0007773,2026-06-17 11:26:48.561560,0.4574128624519418,lstm
USR-000038,EVT-0007774,2026-06-17 11:27:19.042964,0.6072751543830807,lstm
SVC-000053,EVT-0007775,2026-06-17 11:28:36.535784,0.5608251504248067,lstm
USR-000038,EVT-0007776,2026-06-17 11:28:45.113919,0.5836564616622465,lstm
SVC-000050,EVT-0007777,2026-06-17 11:29:24.825207,0.5581255257738986,lstm
SVC-000021,EVT-0007778,2026-06-17 11:29:31.263339,0.42803305242643724,lstm
SVC-000013,EVT-0007779,2026-06-17 11:30:25.879616,0.3990987602240548,lstm
USR-000157,EVT-0007780,2026-06-17 11:30:37.583543,0.4124212637874215,baseline_fallback
SVC-000021,EVT-0007781,2026-06-17 11:30:50.977432,0.5678859189607911,lstm
USR-000142,EVT-0007782,2026-06-17 11:32:41.141234,0.4511611623437543,baseline_fallback
USR-000129,EVT-0007783,2026-06-17 11:35:35.064159,0.3418881855686501,lstm
USR-000137,EVT-0007784,2026-06-17 11:35:54.674305,0.6037834594158951,baseline_fallback
USR-000028,EVT-0007785,2026-06-17 11:36:14.558041,0.6822821926774931,baseline_fallback
SVC-000016,EVT-0007786,2026-06-17 11:37:10.536041,0.5012007451631765,lstm
USR-000009,EVT-0007787,2026-06-17 11:37:38.949182,0.3533674013188801,baseline_fallback
USR-000153,EVT-0007788,2026-06-17 11:38:16.131213,0.6368643195194049,baseline_fallback
SVC-000016,EVT-0007789,2026-06-17 11:39:20.466911,0.7514156365125721,lstm
SVC-000021,EVT-0007790,2026-06-17 11:39:23.417023,0.5995572190300866,lstm
SVC-000024,EVT-0007791,2026-06-17 11:39:55.802631,0.48310451844943314,lstm
SVC-000050,EVT-0007792,2026-06-17 11:40:05.214861,0.36618532477148763,lstm
SVC-000053,EVT-0007793,2026-06-17 11:40:17.514264,0.41359021835552695,lstm
USR-000160,EVT-0007794,2026-06-17 11:41:46.864383,0.41456552766884547,baseline_fallback
USR-000089,EVT-0007795,2026-06-17 11:42:19.815298,0.8966498178336588,baseline_fallback
USR-000020,EVT-0007796,2026-06-17 11:43:00.522018,0.8803464384370641,baseline_fallback
SVC-000008,EVT-0007797,2026-06-17 11:44:18.614524,0.5303489040790317,lstm
SVC-000053,EVT-0007798,2026-06-17 11:45:23.307837,0.6630593066323431,lstm
DEV-000006,EVT-0007799,2026-06-17 11:45:28.784047,0.15216618963709017,lstm
SVC-000008,EVT-0007800,2026-06-17 11:46:45.267961,0.5113620449493077,lstm
DEV-000023,EVT-0007801,2026-06-17 11:48:03.738239,0.5288892345765192,lstm
USR-000155,EVT-0007802,2026-06-17 11:51:26.100682,0.45966477955517576,lstm
SVC-000053,EVT-0007803,2026-06-17 11:51:28.351105,0.45432094917496235,lstm
USR-000041,EVT-0007804,2026-06-17 11:52:29.259289,0.32748710353006805,baseline_fallback
USR-000030,EVT-0007805,2026-06-17 11:53:12.668602,0.2897833337990972,baseline_fallback
SVC-000050,EVT-0007806,2026-06-17 11:55:40.915575,0.3807965436301328,lstm
SVC-000050,EVT-0007807,2026-06-17 11:56:58.657946,0.6181943109128736,lstm
SVC-000021,EVT-0007808,2026-06-17 11:57:13.595637,0.3921412941994239,lstm
DEV-000011,EVT-0007809,2026-06-17 11:57:41.542366,0.9789052227157593,lstm
USR-000194,EVT-0007810,2026-06-17 11:58:21.443122,0.49035374048170094,lstm
USR-000206,EVT-0007811,2026-06-17 11:59:07.720752,0.658845517654715,baseline_fallback
USR-000199,EVT-0007812,2026-06-17 12:00:31.198329,0.34683386387451437,lstm
SVC-000021,EVT-0007813,2026-06-17 12:00:53.420521,0.639921608199029,lstm
SVC-000021,EVT-0007814,2026-06-17 12:02:14.794662,0.7010184878673681,lstm
SVC-000039,EVT-0007815,2026-06-17 12:02:55.915026,0.3543639059352152,lstm
USR-000157,EVT-0007816,2026-06-17 12:05:27.065918,0.5344187465611042,baseline_fallback
SVC-000053,EVT-0007817,2026-06-17 12:08:17.100677,0.6797150111358866,lstm
SVC-000053,EVT-0007818,2026-06-17 12:08:42.829801,0.49133570578901575,lstm
USR-000082,EVT-0007819,2026-06-17 12:09:00.525130,0.33121478613469596,baseline_fallback
USR-000061,EVT-0007820,2026-06-17 12:10:08.820032,0.7265042210944941,lstm
USR-000183,EVT-0007821,2026-06-17 12:10:35.709144,0.3132516157340248,lstm
USR-000057,EVT-0007822,2026-06-17 12:10:40.112027,0.334596730863741,baseline_fallback
USR-000081,EVT-0007823,2026-06-17 12:14:52.184423,0.29775718505182563,baseline_fallback
SVC-000017,EVT-0007824,2026-06-17 12:16:51.748499,0.9863325126079164,lstm
SVC-000039,EVT-0007825,2026-06-17 12:17:30.905871,0.42224500245710556,lstm
USR-000111,EVT-0007826,2026-06-17 12:17:37.100812,0.6134209825658241,lstm
USR-000144,EVT-0007827,2026-06-17 12:17:40.601667,0.9146130682840855,baseline_fallback
SVC-000050,EVT-0007828,2026-06-17 12:18:05.838506,0.3218243553165979,lstm
SVC-000008,EVT-0007829,2026-06-17 12:20:14.395123,0.30153725629892875,lstm
SVC-000008,EVT-0007830,2026-06-17 12:20:26.960877,0.9756051527229581,lstm
SVC-000039,EVT-0007831,2026-06-17 12:21:32.101946,0.5653391273584734,lstm
SVC-000034,EVT-0007832,2026-06-17 12:22:02.580263,0.8618049243337085,lstm
USR-000001,EVT-0007833,2026-06-17 12:24:21.764448,0.8284746698214457,lstm
USR-000050,EVT-0007834,2026-06-17 12:28:32.634708,0.6937558812156853,baseline_fallback
USR-000181,EVT-0007835,2026-06-17 12:29:10.170464,0.2993403706257702,baseline_fallback
DEV-000007,EVT-0007836,2026-06-17 12:29:32.553791,0.2881454006708766,lstm
USR-000206,EVT-0007837,2026-06-17 12:31:04.264962,0.5301143360536209,lstm
DEV-000016,EVT-0007838,2026-06-17 12:31:25.706112,0.23786854253101478,lstm
DEV-000005,EVT-0007839,2026-06-17 12:32:08.233324,0.5083376755125896,lstm
SVC-000034,EVT-0007840,2026-06-17 12:32:49.151469,0.7317360687788438,lstm
USR-000062,EVT-0007841,2026-06-17 12:34:27.940359,0.5812770537489927,lstm
USR-000148,EVT-0007842,2026-06-17 12:35:24.132490,0.6089527784434698,lstm
SVC-000034,EVT-0007843,2026-06-17 12:35:36.992676,0.9275254963501461,lstm
USR-000046,EVT-0007844,2026-06-17 12:36:30.706197,0.40995073440044516,baseline_fallback
USR-000111,EVT-0007845,2026-06-17 12:36:52.876464,0.4341557752119717,lstm
SVC-000053,EVT-0007846,2026-06-17 12:37:40.015722,0.4458446244986912,lstm
DEV-000001,EVT-0007847,2026-06-17 12:37:52.739540,0.2552788529902681,lstm
USR-000029,EVT-0007848,2026-06-17 12:38:03.050812,0.4296780566094508,baseline_fallback
DEV-000011,EVT-0007849,2026-06-17 12:38:03.946575,0.9829508652831256,lstm
USR-000057,EVT-0007850,2026-06-17 12:38:28.373529,0.38504630866084716,baseline_fallback
USR-000101,EVT-0007851,2026-06-17 12:39:27.854690,0.8493302408084159,lstm
USR-000110,EVT-0007852,2026-06-17 12:40:18.493291,0.3825523982404894,baseline_fallback
USR-000064,EVT-0007853,2026-06-17 12:44:05.389662,0.638407633875729,lstm
USR-000181,EVT-0007854,2026-06-17 12:44:12.763608,0.399455986605168,baseline_fallback
USR-000129,EVT-0007855,2026-06-17 12:44:22.390814,0.2615299646967252,lstm
SVC-000039,EVT-0007856,2026-06-17 12:44:37.448702,0.3666557011008459,lstm
SVC-000039,EVT-0007857,2026-06-17 12:45:02.202542,0.7470605989427043,lstm
USR-000120,EVT-0007858,2026-06-17 12:46:31.536785,0.3472000736825001,baseline_fallback
USR-000148,EVT-0007859,2026-06-17 12:47:00.460814,0.6215703863436696,lstm
USR-000154,EVT-0007860,2026-06-17 12:47:07.499625,0.7448781206232391,baseline_fallback
USR-000080,EVT-0007861,2026-06-17 12:48:11.083336,0.48447807524973213,lstm
USR-000020,EVT-0007862,2026-06-17 12:49:15.400685,0.6353681353837048,baseline_fallback
USR-000054,EVT-0007863,2026-06-17 12:50:06.544144,0.6499306124394707,lstm
USR-000110,EVT-0007864,2026-06-17 12:50:19.367098,0.38991062289336936,baseline_fallback
USR-000133,EVT-0007865,2026-06-17 12:50:36.899997,0.2560597863681943,lstm
USR-000061,EVT-0007866,2026-06-17 12:50:57.313638,0.6962705441870364,lstm
SVC-000017,EVT-0007867,2026-06-17 12:52:56.500194,0.7967345317365975,lstm
USR-000162,EVT-0007868,2026-06-17 12:53:01.573169,0.508558916500743,lstm
DEV-000009,EVT-0007869,2026-06-17 12:53:55.300685,0.5620634591136581,lstm
SVC-000021,EVT-0007870,2026-06-17 12:54:36.174280,0.44303638372344184,lstm
SVC-000050,EVT-0007871,2026-06-17 12:56:21.229348,0.3458830745088175,lstm
SVC-000034,EVT-0007872,2026-06-17 12:58:22.069121,0.4565072622156161,lstm
SVC-000021,EVT-0007873,2026-06-17 12:58:53.779166,0.7193833470922162,lstm
USR-000057,EVT-0007874,2026-06-17 12:59:37.701736,0.32811126798797585,baseline_fallback
USR-000137,EVT-0007875,2026-06-17 13:00:09.646445,0.3542949682552255,baseline_fallback
SVC-000043,EVT-0007876,2026-06-17 13:01:46.188415,0.9808393095852596,lstm
USR-000182,EVT-0007877,2026-06-17 13:05:37.053355,0.32305658812439286,lstm
USR-000143,EVT-0007878,2026-06-17 13:05:59.349711,0.41973106101149227,baseline_fallback
USR-000203,EVT-0007879,2026-06-17 13:09:24.204770,0.9435097220413395,baseline_fallback
USR-000081,EVT-0007880,2026-06-17 13:10:35.793202,0.6691231095566411,lstm
USR-000213,EVT-0007881,2026-06-17 13:11:23.953604,0.4406995493379592,lstm
USR-000080,EVT-0007882,2026-06-17 13:12:21.655484,0.3891058112026487,lstm
DEV-000011,EVT-0007883,2026-06-17 13:12:36.978574,0.9477950811137218,lstm
SVC-000017,EVT-0007884,2026-06-17 13:12:47.124141,0.5441088890096717,lstm
SVC-000017,EVT-0007885,2026-06-17 13:12:47.810628,0.932446069047608,lstm
USR-000144,EVT-0007886,2026-06-17 13:13:54.785740,0.6750974225502844,baseline_fallback
USR-000030,EVT-0007887,2026-06-17 13:16:02.916893,0.3618000311984031,baseline_fallback
USR-000196,EVT-0007888,2026-06-17 13:16:14.167293,0.3231475960065534,lstm
USR-000130,EVT-0007889,2026-06-17 13:16:22.980296,0.3381176765615649,baseline_fallback
DEV-000021,EVT-0007890,2026-06-17 13:16:23.572666,0.9740696812086393,lstm
SVC-000008,EVT-0007891,2026-06-17 13:19:30.545719,0.3697900944761608,lstm
USR-000068,EVT-0007892,2026-06-17 13:19:38.267637,0.7266661456235394,baseline_fallback
USR-000143,EVT-0007893,2026-06-17 13:20:11.114491,0.3759810111810123,baseline_fallback
USR-000176,EVT-0007894,2026-06-17 13:21:29.304125,0.712797903831965,baseline_fallback
USR-000147,EVT-0007895,2026-06-17 13:22:51.487559,0.34725569843173365,lstm
USR-000077,EVT-0007896,2026-06-17 13:23:25.638340,0.7394973540206842,lstm
USR-000129,EVT-0007897,2026-06-17 13:23:42.232566,0.25699266905185403,lstm
USR-000045,EVT-0007898,2026-06-17 13:25:43.840832,0.9439841532273155,lstm
SVC-000053,EVT-0007899,2026-06-17 13:26:33.977087,0.7794660730648596,lstm
SVC-000021,EVT-0007900,2026-06-17 13:26:35.617823,0.4332918393322848,lstm
SVC-000043,EVT-0007901,2026-06-17 13:27:20.712803,0.28510591770088506,lstm
USR-000154,EVT-0007902,2026-06-17 13:27:30.229561,0.33441023182185997,baseline_fallback
USR-000213,EVT-0007903,2026-06-17 13:28:28.095438,0.46209454104797426,lstm
SVC-000043,EVT-0007904,2026-06-17 13:31:03.420297,0.46769320972838263,lstm
USR-000056,EVT-0007905,2026-06-17 13:31:24.908378,0.3236200666270139,baseline_fallback
USR-000035,EVT-0007906,2026-06-17 13:31:25.277644,0.25383218628027626,lstm
SVC-000021,EVT-0007907,2026-06-17 13:31:30.714744,0.61475810352072,lstm
DEV-000011,EVT-0007908,2026-06-17 13:32:26.854628,0.9918145817149705,lstm
SVC-000008,EVT-0007909,2026-06-17 13:33:05.873301,0.4529612845130031,lstm
DEV-000003,EVT-0007910,2026-06-17 13:33:17.549415,0.5179717036282413,lstm
USR-000187,EVT-0007911,2026-06-17 13:34:24.688122,0.3288121172100255,baseline_fallback
USR-000052,EVT-0007912,2026-06-17 13:35:28.360095,0.7210073278810181,lstm
SVC-000017,EVT-0007913,2026-06-17 13:35:42.960162,0.5452051595721714,lstm
DEV-000021,EVT-0007914,2026-06-17 13:37:30.354571,0.9905028680370314,lstm
DEV-000012,EVT-0007915,2026-06-17 13:37:40.091259,0.6424555008006051,lstm
DEV-000001,EVT-0007916,2026-06-17 13:37:50.072519,0.36981700098644765,lstm
SVC-000028,EVT-0007917,2026-06-17 13:38:03.172330,0.9730501791702342,lstm
USR-000196,EVT-0007918,2026-06-17 13:39:43.558706,0.3837215061826414,lstm
SVC-000049,EVT-0007919,2026-06-17 13:40:49.657346,0.9890335655328075,lstm
USR-000048,EVT-0007920,2026-06-17 13:42:42.516748,0.35035491447155814,lstm
DEV-000001,EVT-0007921,2026-06-17 13:43:34.421479,0.6572598479195388,lstm
USR-000131,EVT-0007922,2026-06-17 13:43:54.138677,0.347230162987306,baseline_fallback
USR-000035,EVT-0007923,2026-06-17 13:44:53.554597,0.2890998979091549,lstm
USR-000084,EVT-0007924,2026-06-17 13:47:04.130661,0.39040961540395897,baseline_fallback
USR-000111,EVT-0007925,2026-06-17 13:47:50.346475,0.41642904292408783,lstm
SVC-000017,EVT-0007926,2026-06-17 13:49:08.821271,0.7182574354097218,lstm
USR-000071,EVT-0007927,2026-06-17 13:49:40.824485,0.8838990233883831,baseline_fallback
USR-000127,EVT-0007928,2026-06-17 13:51:24.110724,0.7186195685854665,lstm
SVC-000017,EVT-0007929,2026-06-17 13:51:55.052233,0.783793424073537,lstm
SVC-000017,EVT-0007930,2026-06-17 13:53:37.090296,0.5735676158650153,lstm
USR-000120,EVT-0007931,2026-06-17 13:53:37.866614,0.381842907387906,baseline_fallback
USR-000097,EVT-0007932,2026-06-17 13:54:02.322330,0.3657815388658632,baseline_fallback
SVC-000017,EVT-0007933,2026-06-17 13:54:25.398066,0.5988442761743362,lstm
SVC-000022,EVT-0007934,2026-06-17 13:55:08.262416,0.9944435061379836,lstm
USR-000038,EVT-0007935,2026-06-17 13:55:16.623761,0.48230589598344614,lstm
USR-000094,EVT-0007936,2026-06-17 13:55:40.669062,0.7184939169787449,baseline_fallback
USR-000195,EVT-0007937,2026-06-17 13:55:49.186308,0.7994616712865501,baseline_fallback
SVC-000012,EVT-0007938,2026-06-17 13:56:01.298749,0.9941755465089708,lstm
DEV-000003,EVT-0007939,2026-06-17 13:56:18.101128,0.49031736706333556,lstm
USR-000033,EVT-0007940,2026-06-17 13:57:03.208979,0.890554145065073,baseline_fallback
USR-000154,EVT-0007941,2026-06-17 13:57:06.461128,0.7484532242853813,baseline_fallback
USR-000212,EVT-0007942,2026-06-17 13:58:36.046700,0.4741484961693452,lstm
USR-000083,EVT-0007943,2026-06-17 13:58:49.957061,0.866966791625959,baseline_fallback
USR-000029,EVT-0007944,2026-06-17 13:59:53.898043,0.613752606146502,lstm
USR-000027,EVT-0007945,2026-06-17 14:00:28.562540,0.3299462668962159,baseline_fallback
DEV-000002,EVT-0007946,2026-06-17 14:01:08.647367,0.546624851580438,lstm
USR-000155,EVT-0007947,2026-06-17 14:01:34.508696,0.5267496979167058,lstm
DEV-000004,EVT-0007948,2026-06-17 14:04:12.763450,0.6678672149837453,lstm
USR-000028,EVT-0007949,2026-06-17 14:04:13.356095,0.7470570880579428,baseline_fallback
USR-000206,EVT-0007950,2026-06-17 14:06:15.085633,0.4206068577708914,lstm
USR-000129,EVT-0007951,2026-06-17 14:06:46.639706,0.30572400086983587,lstm
USR-000038,EVT-0007952,2026-06-17 14:07:31.271695,0.8149513890403157,lstm
USR-000196,EVT-0007953,2026-06-17 14:07:46.886628,0.3083431030177106,lstm
SVC-000022,EVT-0007954,2026-06-17 14:08:12.700769,0.32639282534583874,lstm
USR-000048,EVT-0007955,2026-06-17 14:11:28.476476,0.409606136870883,lstm
USR-000077,EVT-0007956,2026-06-17 14:14:29.573316,0.41246530584358626,lstm
USR-000066,EVT-0007957,2026-06-17 14:15:47.134535,0.5371351348868129,lstm
USR-000140,EVT-0007958,2026-06-17 14:17:00.116363,0.5857895882407467,baseline_fallback
SVC-000022,EVT-0007959,2026-06-17 14:17:30.752555,0.6546099206635226,lstm
SVC-000053,EVT-0007960,2026-06-17 14:18:06.612998,0.6637624870693629,lstm
USR-000080,EVT-0007961,2026-06-17 14:18:16.624133,0.41326968442660544,lstm
USR-000080,EVT-0007962,2026-06-17 14:19:24.574660,0.5261117811691082,lstm
USR-000110,EVT-0007963,2026-06-17 14:20:01.026186,0.38050292251479984,baseline_fallback
SVC-000017,EVT-0007964,2026-06-17 14:21:16.678016,0.5431149985364282,lstm
SVC-000022,EVT-0007965,2026-06-17 14:23:22.800415,0.3033444191664927,lstm
USR-000200,EVT-0007966,2026-06-17 14:23:54.571031,0.6052175354674245,lstm
USR-000196,EVT-0007967,2026-06-17 14:25:03.964448,0.377221294077132,lstm
SVC-000022,EVT-0007968,2026-06-17 14:25:06.721502,0.33060945986981666,lstm
USR-000050,EVT-0007969,2026-06-17 14:25:20.763567,0.6796126891164235,lstm
USR-000108,EVT-0007970,2026-06-17 14:26:26.294542,0.34261142576208864,baseline_fallback
USR-000173,EVT-0007971,2026-06-17 14:26:38.069809,0.39392642202208955,baseline_fallback
SVC-000017,EVT-0007972,2026-06-17 14:27:21.164037,0.6498026115831167,lstm
USR-000094,EVT-0007973,2026-06-17 14:27:43.904476,0.3925809640729091,baseline_fallback
USR-000099,EVT-0007974,2026-06-17 14:28:14.926826,0.8329609422352693,lstm
USR-000143,EVT-0007975,2026-06-17 14:29:22.150389,0.38235771272109953,baseline_fallback
SVC-000017,EVT-0007976,2026-06-17 14:33:04.729367,0.5333376565715565,lstm
USR-000205,EVT-0007977,2026-06-17 14:33:35.102414,0.43607489616620576,baseline_fallback
DEV-000026,EVT-0007978,2026-06-17 14:34:42.210833,0.332592456998688,lstm
SVC-000022,EVT-0007979,2026-06-17 14:34:56.531054,0.2351488961171858,lstm
USR-000089,EVT-0007980,2026-06-17 14:35:01.713427,0.9850206117387961,baseline_fallback
SVC-000017,EVT-0007981,2026-06-17 14:35:34.198923,0.7240341190071207,lstm
SVC-000012,EVT-0007982,2026-06-17 14:38:42.084730,0.45149779345177665,lstm
DEV-000008,EVT-0007983,2026-06-17 14:39:06.786570,0.7711923169256364,lstm
DEV-000010,EVT-0007984,2026-06-17 14:39:11.319163,0.3656740777448752,lstm
SVC-000028,EVT-0007985,2026-06-17 14:39:15.324642,0.6533768606204554,lstm
SVC-000026,EVT-0007986,2026-06-17 14:39:38.710718,0.9771818380364785,lstm
USR-000080,EVT-0007987,2026-06-17 14:40:58.884665,0.32897345350895046,lstm
DEV-000024,EVT-0007988,2026-06-17 14:41:56.180475,0.4681364666176328,lstm
USR-000080,EVT-0007989,2026-06-17 14:43:58.027412,0.45822005587227893,lstm
SVC-000033,EVT-0007990,2026-06-17 14:44:07.975908,0.9211715488516674,lstm
USR-000037,EVT-0007991,2026-06-17 14:45:43.688850,0.2632455611371942,lstm
USR-000160,EVT-0007992,2026-06-17 14:46:02.240555,0.6393651891985878,baseline_fallback
USR-000065,EVT-0007993,2026-06-17 14:47:41.176387,0.7417514914629492,baseline_fallback
USR-000038,EVT-0007994,2026-06-17 14:48:19.604268,0.5614052135706751,lstm
USR-000110,EVT-0007995,2026-06-17 14:50:07.874100,0.29565294749129123,baseline_fallback
SVC-000036,EVT-0007996,2026-06-17 14:50:31.411974,0.9972355368140492,lstm
USR-000178,EVT-0007997,2026-06-17 14:51:09.343200,0.6301524220603972,baseline_fallback
USR-000003,EVT-0007998,2026-06-17 14:51:09.376849,0.42319026231615575,lstm
USR-000186,EVT-0007999,2026-06-17 14:51:10.351427,0.63586236119928,baseline_fallback
USR-000196,EVT-0008000,2026-06-17 14:51:15.548968,0.4234633753583889,lstm
USR-000068,EVT-0008001,2026-06-17 14:51:46.521156,0.6328705684675235,baseline_fallback
DEV-000023,EVT-0008002,2026-06-17 14:52:34.412552,0.7906006301459083,lstm
SVC-000022,EVT-0008003,2026-06-17 14:52:43.890214,0.30766193009759046,lstm
USR-000080,EVT-0008004,2026-06-17 14:54:59.253351,0.38374850003480443,lstm
DEV-000002,EVT-0008005,2026-06-17 14:56:00.591979,0.5413210543865687,lstm
USR-000028,EVT-0008006,2026-06-17 14:56:27.074676,0.4786467455764925,lstm
SVC-000017,EVT-0008007,2026-06-17 14:56:57.068554,0.7227528664228866,lstm
DEV-000021,EVT-0008008,2026-06-17 14:57:04.697827,0.9087855334530098,lstm
USR-000033,EVT-0008009,2026-06-17 14:58:55.234307,0.6918405475091425,baseline_fallback
USR-000117,EVT-0008010,2026-06-17 14:59:06.314682,0.7068205914169439,lstm
USR-000155,EVT-0008011,2026-06-17 15:00:30.654006,0.6985728662256949,lstm
SVC-000012,EVT-0008012,2026-06-17 15:00:34.978978,0.48510849551841945,lstm
USR-000048,EVT-0008013,2026-06-17 15:01:13.206218,0.36895440619582226,lstm
SVC-000022,EVT-0008014,2026-06-17 15:01:39.685965,0.2922194320336448,lstm
USR-000206,EVT-0008015,2026-06-17 15:02:24.146610,0.4716981324529948,lstm
USR-000001,EVT-0008016,2026-06-17 15:05:04.491719,0.8285606161715909,lstm
USR-000197,EVT-0008017,2026-06-17 15:05:21.473599,0.7198914464513017,baseline_fallback
USR-000064,EVT-0008018,2026-06-17 15:05:40.400033,0.4324609265005972,lstm
USR-000127,EVT-0008019,2026-06-17 15:06:18.683931,0.9242889587558787,lstm
USR-000140,EVT-0008020,2026-06-17 15:08:46.681954,0.4191477574016639,baseline_fallback
USR-000196,EVT-0008021,2026-06-17 15:08:57.886516,0.773023488985504,lstm
USR-000057,EVT-0008022,2026-06-17 15:10:01.007279,0.7809316776168361,lstm
SVC-000028,EVT-0008023,2026-06-17 15:10:41.434185,0.519113060634532,lstm
SVC-000036,EVT-0008024,2026-06-17 15:12:43.102629,0.41851880720644286,lstm
USR-000033,EVT-0008025,2026-06-17 15:12:44.642187,0.7142301700176965,baseline_fallback
USR-000003,EVT-0008026,2026-06-17 15:13:04.541815,0.34378367290655676,lstm
DEV-000012,EVT-0008027,2026-06-17 15:13:59.195436,0.33051002301279003,lstm
SVC-000017,EVT-0008028,2026-06-17 15:14:19.716128,0.7520691616446783,lstm
SVC-000010,EVT-0008029,2026-06-17 15:14:32.898029,0.9807434768551919,lstm
USR-000210,EVT-0008030,2026-06-17 15:14:33.805890,0.6732435736203582,baseline_fallback
USR-000146,EVT-0008031,2026-06-17 15:15:56.124105,0.7125964856703084,lstm
USR-000160,EVT-0008032,2026-06-17 15:19:20.369256,0.4218760210203411,baseline_fallback
USR-000137,EVT-0008033,2026-06-17 15:19:30.648790,0.7083908826148492,baseline_fallback
SVC-000033,EVT-0008034,2026-06-17 15:19:34.167276,0.9463019237784662,lstm
USR-000110,EVT-0008035,2026-06-17 15:20:36.123348,0.41925861205195536,baseline_fallback
USR-000181,EVT-0008036,2026-06-17 15:20:43.516795,0.36908369625481724,baseline_fallback
USR-000144,EVT-0008037,2026-06-17 15:21:20.186769,0.3697383377701469,lstm
USR-000084,EVT-0008038,2026-06-17 15:23:06.705103,0.47627192393825263,baseline_fallback
SVC-000028,EVT-0008039,2026-06-17 15:23:49.330929,0.7023686560069233,lstm
USR-000062,EVT-0008040,2026-06-17 15:24:25.232650,0.26693479303029444,lstm
DEV-000024,EVT-0008041,2026-06-17 15:25:52.897272,0.42721130401559265,lstm
USR-000066,EVT-0008042,2026-06-17 15:26:00.678394,0.3764741503462057,lstm
USR-000117,EVT-0008043,2026-06-17 15:28:03.549884,0.46549828403536286,lstm
SVC-000012,EVT-0008044,2026-06-17 15:28:42.733793,0.4590377521218846,lstm
USR-000213,EVT-0008045,2026-06-17 15:29:24.259054,0.4539423806500097,lstm
USR-000196,EVT-0008046,2026-06-17 15:30:03.767714,0.314527534844351,lstm
SVC-000036,EVT-0008047,2026-06-17 15:30:13.296187,0.7166421329746756,lstm
USR-000148,EVT-0008048,2026-06-17 15:30:43.637314,0.5374428999701357,lstm
SVC-000033,EVT-0008049,2026-06-17 15:31:10.381674,0.5347526352527688,lstm
SVC-000026,EVT-0008050,2026-06-17 15:31:10.448772,0.6109562838771843,lstm
SVC-000028,EVT-0008051,2026-06-17 15:31:18.079451,0.6161098294408482,lstm
USR-000062,EVT-0008052,2026-06-17 15:31:58.878011,0.39861249996474685,lstm
SVC-000010,EVT-0008053,2026-06-17 15:32:18.195424,0.6063247653380225,lstm
USR-000154,EVT-0008054,2026-06-17 15:32:42.316167,0.7823294123202552,baseline_fallback
USR-000061,EVT-0008055,2026-06-17 15:33:07.418484,0.5736472866002017,lstm
USR-000212,EVT-0008056,2026-06-17 15:36:05.411246,0.4841358054297273,lstm
SVC-000010,EVT-0008057,2026-06-17 15:36:38.753318,0.9582670432872424,lstm
SVC-000036,EVT-0008058,2026-06-17 15:37:02.479224,0.36016066335044283,lstm
SVC-000038,EVT-0008059,2026-06-17 15:38:23.667082,0.9864957866456321,lstm
SVC-000012,EVT-0008060,2026-06-17 15:38:23.730385,0.4237541726593342,lstm
DEV-000011,EVT-0008061,2026-06-17 15:38:37.920315,0.9994944980322632,lstm
SVC-000049,EVT-0008062,2026-06-17 15:38:56.551138,0.5765779341457752,lstm
USR-000018,EVT-0008063,2026-06-17 15:39:07.530706,0.3994765093605304,baseline_fallback
USR-000187,EVT-0008064,2026-06-17 15:39:41.465393,0.35808200005579893,baseline_fallback
USR-000062,EVT-0008065,2026-06-17 15:42:00.833710,0.47653543091593437,lstm
SVC-000028,EVT-0008066,2026-06-17 15:43:31.786706,0.5351666679689451,lstm
USR-000062,EVT-0008067,2026-06-17 15:43:56.547863,0.47483141219795666,lstm
SVC-000005,EVT-0008068,2026-06-17 15:44:10.942701,0.9664424869948824,lstm
SVC-000010,EVT-0008069,2026-06-17 15:44:13.070439,0.4788267585071844,lstm
USR-000037,EVT-0008070,2026-06-17 15:45:06.563242,0.28588857317105854,lstm
SVC-000008,EVT-0008071,2026-06-17 15:45:53.119857,0.9444781538035374,lstm
USR-000109,EVT-0008072,2026-06-17 15:46:40.199496,0.5295756315800763,lstm
DEV-000018,EVT-0008073,2026-06-17 15:46:44.853414,0.5478262377006511,lstm
SVC-000012,EVT-0008074,2026-06-17 15:47:00.129803,0.3834759648982906,lstm
SVC-000036,EVT-0008075,2026-06-17 15:47:47.059396,0.3043754888017406,lstm
SVC-000012,EVT-0008076,2026-06-17 15:48:51.889446,0.4675738387611074,lstm
SVC-000033,EVT-0008077,2026-06-17 15:50:03.638945,0.392130814911827,lstm
SVC-000036,EVT-0008078,2026-06-17 15:51:03.063935,0.6693097545316012,lstm
USR-000144,EVT-0008079,2026-06-17 15:54:54.361158,0.47235256930390723,lstm
SVC-000036,EVT-0008080,2026-06-17 15:55:44.405485,0.3637033941909461,lstm
SVC-000026,EVT-0008081,2026-06-17 15:58:00.316600,0.4414351514244436,lstm
USR-000101,EVT-0008082,2026-06-17 15:58:27.743682,0.3378419194445708,lstm
USR-000117,EVT-0008083,2026-06-17 15:58:39.335090,0.40683895082729826,lstm
USR-000028,EVT-0008084,2026-06-17 15:59:31.973164,0.39364143599432033,lstm
SVC-000026,EVT-0008085,2026-06-17 15:59:33.911597,0.6699130242001234,lstm
USR-000139,EVT-0008086,2026-06-17 16:00:51.649460,0.758227312853476,baseline_fallback
SVC-000038,EVT-0008087,2026-06-17 16:01:08.360624,0.742505969715904,lstm
USR-000138,EVT-0008088,2026-06-17 16:01:16.160199,0.5605821083490957,lstm
USR-000083,EVT-0008089,2026-06-17 16:05:09.500806,0.6895683423722448,baseline_fallback
USR-000187,EVT-0008090,2026-06-17 16:05:15.304332,0.7133571081418956,baseline_fallback
SVC-000012,EVT-0008091,2026-06-17 16:08:42.861457,0.26893081418565007,lstm
SVC-000026,EVT-0008092,2026-06-17 16:10:56.366042,0.34318102724160054,lstm
SVC-000038,EVT-0008093,2026-06-17 16:11:24.574152,0.9292700744962683,lstm
USR-000178,EVT-0008094,2026-06-17 16:11:40.261552,1.0,lstm
SVC-000017,EVT-0008095,2026-06-17 16:13:41.637981,0.8743515995686255,lstm
SVC-000026,EVT-0008096,2026-06-17 16:14:16.477142,0.37340607662351505,lstm
SVC-000028,EVT-0008097,2026-06-17 16:14:25.217993,0.5678726058405694,lstm
SVC-000028,EVT-0008098,2026-06-17 16:15:26.164709,0.8616333104164335,lstm
USR-000001,EVT-0008099,2026-06-17 16:15:43.648376,0.7668869935382865,lstm
USR-000174,EVT-0008100,2026-06-17 16:16:59.460993,0.45203756942880546,baseline_fallback
SVC-000026,EVT-0008101,2026-06-17 16:18:28.242064,0.4263529452088425,lstm
SVC-000029,EVT-0008102,2026-06-17 16:19:41.592925,0.9712214812054504,lstm
USR-000139,EVT-0008103,2026-06-17 16:20:55.296104,0.80065860903937,baseline_fallback
SVC-000038,EVT-0008104,2026-06-17 16:20:56.082523,0.8915682133383316,lstm
USR-000149,EVT-0008105,2026-06-17 16:21:10.496103,0.7779213570466934,baseline_fallback
USR-000109,EVT-0008106,2026-06-17 16:21:43.928776,0.3608791392062426,lstm
SVC-000036,EVT-0008107,2026-06-17 16:23:12.977903,0.6410379748942224,lstm
USR-000140,EVT-0008108,2026-06-17 16:24:47.631732,0.38517958761754223,baseline_fallback
USR-000111,EVT-0008109,2026-06-17 16:25:21.673049,0.4615955293503297,lstm
SVC-000004,EVT-0008110,2026-06-17 16:26:03.208792,0.9836861912796959,lstm
USR-000033,EVT-0008111,2026-06-17 16:26:32.812490,0.9233563135977451,baseline_fallback
DEV-000017,EVT-0008112,2026-06-17 16:28:43.495616,0.7683695645597813,lstm
SVC-000010,EVT-0008113,2026-06-17 16:29:52.143790,0.2841734472280027,lstm
USR-000139,EVT-0008114,2026-06-17 16:30:04.858989,0.808956889759131,baseline_fallback
DEV-000022,EVT-0008115,2026-06-17 16:30:31.413580,0.4949429081302637,lstm
USR-000097,EVT-0008116,2026-06-17 16:31:36.897299,0.406435189521574,lstm
SVC-000038,EVT-0008117,2026-06-17 16:32:12.804018,0.38374168095322087,lstm
SVC-000038,EVT-0008118,2026-06-17 16:32:35.681940,0.9061044795929383,lstm
SVC-000010,EVT-0008119,2026-06-17 16:33:30.775656,0.7379244286250972,lstm
USR-000140,EVT-0008120,2026-06-17 16:33:37.228804,0.46480612047710634,baseline_fallback
USR-000210,EVT-0008121,2026-06-17 16:33:43.594322,0.7900595796716662,baseline_fallback
SVC-000038,EVT-0008122,2026-06-17 16:33:46.129804,0.7950317868399412,lstm
SVC-000036,EVT-0008123,2026-06-17 16:33:50.534443,0.3972028888283428,lstm
SVC-000026,EVT-0008124,2026-06-17 16:36:26.661475,0.2708593272735099,lstm
SVC-000028,EVT-0008125,2026-06-17 16:36:49.620737,0.8571039059469544,lstm
USR-000066,EVT-0008126,2026-06-17 16:37:02.397385,0.38040683080438276,lstm
USR-000144,EVT-0008127,2026-06-17 16:38:43.076235,0.31562825842288283,lstm
SVC-000036,EVT-0008128,2026-06-17 16:38:52.793527,0.9073249239302779,lstm
USR-000040,EVT-0008129,2026-06-17 16:38:53.938587,0.5845136369636499,lstm
DEV-000016,EVT-0008130,2026-06-17 16:39:23.593558,0.32355167965061765,lstm
SVC-000010,EVT-0008131,2026-06-17 16:39:45.841656,0.3688128225294633,lstm
DEV-000021,EVT-0008132,2026-06-17 16:40:10.376020,0.8093557481687054,lstm
USR-000174,EVT-0008133,2026-06-17 16:41:45.609665,0.4527228361753234,baseline_fallback
USR-000040,EVT-0008134,2026-06-17 16:44:37.580871,0.6648168467002394,lstm
USR-000018,EVT-0008135,2026-06-17 16:45:40.643661,0.41717269146563335,baseline_fallback
USR-000146,EVT-0008136,2026-06-17 16:47:05.311307,0.4622249929858797,lstm
USR-000202,EVT-0008137,2026-06-17 16:48:28.052800,0.765103109146832,baseline_fallback
SVC-000033,EVT-0008138,2026-06-17 16:49:21.198408,0.43065263992607483,lstm
SVC-000005,EVT-0008139,2026-06-17 16:49:42.205895,0.5909437634399978,lstm
USR-000077,EVT-0008140,2026-06-17 16:49:44.571030,1.0,lstm
SVC-000033,EVT-0008141,2026-06-17 16:50:05.613481,0.8721454573161291,lstm
USR-000117,EVT-0008142,2026-06-17 16:51:04.975012,0.322787111466502,lstm
USR-000183,EVT-0008143,2026-06-17 16:52:49.643640,0.3697757940988921,lstm
SVC-000010,EVT-0008144,2026-06-17 16:55:00.609864,0.27128587479773486,lstm
USR-000052,EVT-0008145,2026-06-17 16:56:41.852985,0.5053334414134902,lstm
USR-000138,EVT-0008146,2026-06-17 16:56:52.790054,0.999999999997321,lstm
SVC-000038,EVT-0008147,2026-06-17 16:57:11.243884,0.6003633810545542,lstm
DEV-000009,EVT-0008148,2026-06-17 16:59:20.905168,0.18941689198515738,lstm
SVC-000033,EVT-0008149,2026-06-17 17:00:56.915903,0.5631576321109082,lstm
DEV-000025,EVT-0008150,2026-06-17 17:01:10.161705,0.7061297798972277,lstm
USR-000208,EVT-0008151,2026-06-17 17:01:41.697860,0.8197245016004853,lstm
USR-000068,EVT-0008152,2026-06-17 17:03:02.960230,0.7970174799413732,baseline_fallback
USR-000002,EVT-0008153,2026-06-17 17:06:30.237381,0.743159259520107,lstm
DEV-000024,EVT-0008154,2026-06-17 17:07:02.283852,0.42216752432877597,lstm
SVC-000023,EVT-0008155,2026-06-17 17:07:30.721723,0.934925510179779,lstm
SVC-000044,EVT-0008156,2026-06-17 17:08:05.747953,0.996112508596609,lstm
SVC-000033,EVT-0008157,2026-06-17 17:08:30.582690,0.7169424423349696,lstm
DEV-000003,EVT-0008158,2026-06-17 17:09:04.748759,0.20236204748523978,lstm
SVC-000037,EVT-0008159,2026-06-17 17:10:13.046538,0.9909477926884371,lstm
USR-000109,EVT-0008160,2026-06-17 17:11:20.132361,0.30572299280831927,lstm
SVC-000029,EVT-0008161,2026-06-17 17:11:34.148786,0.43813264147444864,lstm
USR-000040,EVT-0008162,2026-06-17 17:11:51.080084,0.478612036272827,lstm
SVC-000026,EVT-0008163,2026-06-17 17:13:04.860434,0.6644017664451347,lstm
USR-000187,EVT-0008164,2026-06-17 17:14:26.264347,0.7891360170086344,baseline_fallback
USR-000144,EVT-0008165,2026-06-17 17:16:54.536151,0.3427068392262083,lstm
SVC-000029,EVT-0008166,2026-06-17 17:18:03.559118,0.6591307736671062,lstm
USR-000212,EVT-0008167,2026-06-17 17:20:24.383699,0.4131270948391042,lstm
DEV-000005,EVT-0008168,2026-06-17 17:23:08.395775,0.4917590251476039,lstm
USR-000212,EVT-0008169,2026-06-17 17:23:25.458396,0.5405795802811645,lstm
SVC-000026,EVT-0008170,2026-06-17 17:23:47.432712,0.321294420096317,lstm
SVC-000026,EVT-0008171,2026-06-17 17:25:31.521385,0.4025969316560885,lstm
SVC-000023,EVT-0008172,2026-06-17 17:29:48.703003,0.36593776927158855,lstm
SVC-000029,EVT-0008173,2026-06-17 17:30:08.779457,0.4112528335858157,lstm
SVC-000026,EVT-0008174,2026-06-17 17:30:36.689604,0.28815053003450186,lstm
SVC-000044,EVT-0008175,2026-06-17 17:32:15.397839,0.5219807354721323,lstm
SVC-000004,EVT-0008176,2026-06-17 17:34:09.644382,0.45918140987847106,lstm
SVC-000028,EVT-0008177,2026-06-17 17:34:33.159231,0.7343700569861532,lstm
USR-000002,EVT-0008178,2026-06-17 17:36:24.465121,0.40979174863767953,lstm
SVC-000010,EVT-0008179,2026-06-17 17:36:34.339076,0.3490639459485489,lstm
DEV-000004,EVT-0008180,2026-06-17 17:37:01.800457,0.6120457646223241,lstm
DEV-000019,EVT-0008181,2026-06-17 17:38:40.182159,0.5581381045047363,lstm
SVC-000052,EVT-0008182,2026-06-17 17:39:43.967867,0.9883713121801483,lstm
USR-000186,EVT-0008183,2026-06-17 17:39:50.785372,0.7571043919158126,baseline_fallback
SVC-000033,EVT-0008184,2026-06-17 17:39:51.665475,0.7397345127362881,lstm
USR-000046,EVT-0008185,2026-06-17 17:42:29.693598,0.5241667434312554,baseline_fallback
USR-000181,EVT-0008186,2026-06-17 17:45:04.407262,0.43851306009979596,baseline_fallback
USR-000040,EVT-0008187,2026-06-17 17:45:19.336628,0.40996831540618817,lstm
SVC-000044,EVT-0008188,2026-06-17 17:45:45.088183,0.6453536528338664,lstm
SVC-000044,EVT-0008189,2026-06-17 17:46:41.855362,0.5698855755744038,lstm
SVC-000033,EVT-0008190,2026-06-17 17:48:37.379082,0.7200878002864565,lstm
SVC-000029,EVT-0008191,2026-06-17 17:51:27.040858,0.3545007506478103,lstm
SVC-000044,EVT-0008192,2026-06-17 17:55:38.920181,0.39497289912809,lstm
USR-000061,EVT-0008193,2026-06-17 17:58:03.274715,0.5698114649523562,lstm
SVC-000029,EVT-0008194,2026-06-17 18:01:41.013432,0.6154513207190881,lstm
USR-000084,EVT-0008195,2026-06-17 18:06:55.380946,0.5261172237277637,baseline_fallback
SVC-000037,EVT-0008196,2026-06-17 18:10:00.149016,0.5215417215077236,lstm
DEV-000001,EVT-0008197,2026-06-17 18:10:34.871654,0.43207609507213673,lstm
SVC-000010,EVT-0008198,2026-06-17 18:16:28.455771,0.5216391793291303,lstm
SVC-000037,EVT-0008199,2026-06-17 18:17:25.269619,0.8208729167485234,lstm
SVC-000052,EVT-0008200,2026-06-17 18:18:37.536047,0.48873917671305644,lstm
SVC-000026,EVT-0008201,2026-06-17 18:18:55.537589,0.4518260746705488,lstm
SVC-000044,EVT-0008202,2026-06-17 18:20:59.082700,0.5127291079434549,lstm
USR-000027,EVT-0008203,2026-06-17 18:21:04.239988,0.9984611622027301,lstm
USR-000027,EVT-0008204,2026-06-17 18:21:47.492910,0.9949385557763155,lstm
USR-000018,EVT-0008205,2026-06-17 18:24:10.889993,0.5496825048052683,lstm
DEV-000005,EVT-0008206,2026-06-17 18:24:50.221564,0.39398035637615664,lstm
DEV-000003,EVT-0008207,2026-06-17 18:25:39.429962,0.13462579761683102,lstm
SVC-000057,EVT-0008208,2026-06-17 18:26:22.838207,0.9651099332953821,lstm
SVC-000004,EVT-0008209,2026-06-17 18:27:19.239629,0.4202690165447575,lstm
SVC-000006,EVT-0008210,2026-06-17 18:27:50.130788,0.9949438837855069,lstm
DEV-000005,EVT-0008211,2026-06-17 18:28:21.541958,0.8508556344568425,lstm
SVC-000010,EVT-0008212,2026-06-17 18:28:39.691562,0.4013160027180363,lstm
SVC-000037,EVT-0008213,2026-06-17 18:29:11.450872,0.8050802950372972,lstm
USR-000101,EVT-0008214,2026-06-17 18:31:44.480442,0.43698444383599955,lstm
SVC-000033,EVT-0008215,2026-06-17 18:31:47.081750,0.38862750867426415,lstm
SVC-000057,EVT-0008216,2026-06-17 18:32:37.094611,0.6252000611619436,lstm
SVC-000004,EVT-0008217,2026-06-17 18:33:50.972111,0.37101338335488,lstm
USR-000040,EVT-0008218,2026-06-17 18:36:57.252903,0.5887817111761527,lstm
DEV-000023,EVT-0008219,2026-06-17 18:38:20.964781,0.862328840818567,lstm
SVC-000060,EVT-0008220,2026-06-17 18:42:05.966443,0.9985749162709491,lstm
SVC-000057,EVT-0008221,2026-06-17 18:43:18.076074,0.5610825281322616,lstm
DEV-000005,EVT-0008222,2026-06-17 18:46:28.212463,0.38076217854475547,lstm
DEV-000025,EVT-0008223,2026-06-17 18:49:38.841691,0.21324934324841588,lstm
DEV-000003,EVT-0008224,2026-06-17 18:50:01.992153,0.19825133267174005,lstm
SVC-000048,EVT-0008225,2026-06-17 18:53:22.136006,0.9875944853082707,lstm
SVC-000052,EVT-0008226,2026-06-17 18:53:59.665175,0.38199630764587006,lstm
USR-000117,EVT-0008227,2026-06-17 18:54:34.399419,0.2865693654025127,lstm
DEV-000006,EVT-0008228,2026-06-17 18:57:40.297019,0.4483600616293631,lstm
SVC-000004,EVT-0008229,2026-06-17 19:01:55.040814,0.2920268692042772,lstm
SVC-000037,EVT-0008230,2026-06-17 19:04:40.556511,0.49202759163938076,lstm
USR-000027,EVT-0008231,2026-06-17 19:05:32.247218,0.9829483265807647,lstm
USR-000149,EVT-0008232,2026-06-17 19:06:59.084865,0.6796243174509045,baseline_fallback
SVC-000006,EVT-0008233,2026-06-17 19:07:49.392881,0.5399169301611759,lstm
SVC-000052,EVT-0008234,2026-06-17 19:11:44.613035,0.7067201561493054,lstm
SVC-000044,EVT-0008235,2026-06-17 19:11:49.840314,0.5926784527882122,lstm
SVC-000004,EVT-0008236,2026-06-17 19:11:54.904906,0.33994551619898467,lstm
SVC-000057,EVT-0008237,2026-06-17 19:12:16.574679,0.34420622730608286,lstm
SVC-000006,EVT-0008238,2026-06-17 19:15:07.671081,0.41193608312919233,lstm
DEV-000019,EVT-0008239,2026-06-17 19:16:05.487797,0.43323065039143444,lstm
DEV-000021,EVT-0008240,2026-06-17 19:17:02.806357,0.795613574093906,lstm
SVC-000006,EVT-0008241,2026-06-17 19:18:57.165170,0.3117234243751186,lstm
SVC-000023,EVT-0008242,2026-06-17 19:20:14.991610,0.29658424166376146,lstm
SVC-000033,EVT-0008243,2026-06-17 19:20:59.532996,0.684123170390142,lstm
SVC-000035,EVT-0008244,2026-06-17 19:22:28.105596,0.9791856649915959,lstm
SVC-000059,EVT-0008245,2026-06-17 19:24:45.498067,1.0,lstm
USR-000212,EVT-0008246,2026-06-17 19:24:54.373131,0.43928926954466946,lstm
USR-000113,EVT-0008247,2026-06-17 19:24:54.785336,0.9999757702034533,lstm
USR-000094,EVT-0008248,2026-06-17 19:24:56.931672,0.9953725922556312,baseline_fallback
SVC-000006,EVT-0008249,2026-06-17 19:25:06.497931,0.41261053435366096,lstm
USR-000102,EVT-0008250,2026-06-17 19:25:15.345818,0.9999988963193605,lstm
SVC-000004,EVT-0008251,2026-06-17 19:25:17.197185,0.2766214473757502,lstm
DEV-000006,EVT-0008252,2026-06-17 19:25:22.440109,1.0,lstm
SVC-000006,EVT-0008253,2026-06-17 19:25:26.455388,0.6729564034173368,lstm
USR-000174,EVT-0008254,2026-06-17 19:25:39.324582,0.8102726271810993,baseline_fallback
USR-000076,EVT-0008255,2026-06-17 19:25:44.434934,0.9999999990546216,lstm
USR-000061,EVT-0008256,2026-06-17 19:26:09.710048,0.9999999991684547,lstm
USR-000198,EVT-0008257,2026-06-17 19:26:20.140674,0.9999996934375922,lstm
SVC-000036,EVT-0008258,2026-06-17 19:26:23.147608,1.0,lstm
SVC-000008,EVT-0008259,2026-06-17 19:27:38.676497,1.0,lstm
USR-000164,EVT-0008260,2026-06-17 19:27:39.356797,0.9953725922556312,baseline_fallback
USR-000208,EVT-0008261,2026-06-17 19:28:01.865255,0.9999998723082196,lstm
SVC-000040,EVT-0008262,2026-06-17 19:28:06.254765,1.0,lstm
USR-000088,EVT-0008263,2026-06-17 19:28:38.048132,0.6563072400747394,baseline_fallback
SVC-000041,EVT-0008264,2026-06-17 19:28:56.905675,1.0,lstm
SVC-000004,EVT-0008265,2026-06-17 19:29:17.792093,0.554791744390982,lstm
USR-000022,EVT-0008266,2026-06-17 19:29:38.306321,0.9999409533751866,lstm
USR-000170,EVT-0008267,2026-06-17 19:29:39.081221,0.999737626182872,lstm
USR-000002,EVT-0008268,2026-06-17 19:30:03.611150,0.9999704232726847,lstm
USR-000090,EVT-0008269,2026-06-17 19:30:31.184885,0.9999983666185793,lstm
USR-000150,EVT-0008270,2026-06-17 19:30:54.887084,0.9821118272801957,baseline_fallback
USR-000183,EVT-0008271,2026-06-17 19:32:29.855879,0.5891327892392548,lstm
DEV-000008,EVT-0008272,2026-06-17 19:33:01.738612,1.0,lstm
USR-000059,EVT-0008273,2026-06-17 19:33:26.449347,0.9953725922556312,baseline_fallback
SVC-000019,EVT-0008274,2026-06-17 19:33:46.091595,1.0,lstm
USR-000068,EVT-0008275,2026-06-17 19:33:49.140811,0.9953725922556312,baseline_fallback
USR-000075,EVT-0008276,2026-06-17 19:34:00.634397,0.9821118272801957,baseline_fallback
SVC-000014,EVT-0008277,2026-06-17 19:34:00.656910,1.0,lstm
USR-000182,EVT-0008278,2026-06-17 19:34:15.053917,0.9999619974105135,lstm
USR-000196,EVT-0008279,2026-06-17 19:34:23.234231,0.9999999967094777,lstm
SVC-000032,EVT-0008280,2026-06-17 19:34:26.807950,1.0,lstm
USR-000183,EVT-0008281,2026-06-17 19:35:57.584256,0.9999999935157096,lstm
DEV-000001,EVT-0008282,2026-06-17 19:36:12.991607,1.0,lstm
USR-000162,EVT-0008283,2026-06-17 19:36:13.608399,0.9999958591143092,lstm
SVC-000045,EVT-0008284,2026-06-17 19:36:13.765395,1.0,lstm
USR-000007,EVT-0008285,2026-06-17 19:37:14.024378,0.9821118272801957,baseline_fallback
USR-000051,EVT-0008286,2026-06-17 19:37:24.888917,0.9999999993072908,lstm
SVC-000057,EVT-0008287,2026-06-17 19:37:25.835377,0.7339246010597307,lstm
USR-000056,EVT-0008288,2026-06-17 19:37:28.250044,0.9953725922556312,baseline_fallback
USR-000040,EVT-0008289,2026-06-17 19:37:35.766872,0.5905669870077592,lstm
DEV-000016,EVT-0008290,2026-06-17 19:37:39.441980,1.0,lstm
USR-000027,EVT-0008291,2026-06-17 19:37:43.688108,0.9999986978245686,lstm
SVC-000048,EVT-0008292,2026-06-17 19:38:37.969214,0.459703852240734,lstm
SVC-000006,EVT-0008293,2026-06-17 19:39:07.689591,0.5136269935069728,lstm
SVC-000052,EVT-0008294,2026-06-17 19:42:15.459943,0.31199790923572,lstm
USR-000174,EVT-0008295,2026-06-17 19:42:55.481246,0.6483982980524423,baseline_fallback
SVC-000052,EVT-0008296,2026-06-17 19:43:08.026239,0.6959327874817322,lstm
USR-000202,EVT-0008297,2026-06-17 19:44:24.876928,0.6306678254115149,baseline_fallback
DEV-000004,EVT-0008298,2026-06-17 19:45:11.434978,0.5745270665941615,lstm
SVC-000061,EVT-0008299,2026-06-17 19:46:18.603730,0.9822309357923011,lstm
SVC-000048,EVT-0008300,2026-06-17 19:48:10.565563,0.504053369303731,lstm
SVC-000057,EVT-0008301,2026-06-17 19:48:40.187479,0.4279952851569344,lstm
SVC-000048,EVT-0008302,2026-06-17 19:48:43.449854,0.6912367900098288,lstm
SVC-000037,EVT-0008303,2026-06-17 19:48:47.854927,0.5782238427744103,lstm
SVC-000060,EVT-0008304,2026-06-17 19:50:21.375608,0.9413374579884606,lstm
SVC-000052,EVT-0008305,2026-06-17 19:51:03.322714,0.3235959839213569,lstm
SVC-000006,EVT-0008306,2026-06-17 19:51:50.268522,0.45308844387650643,lstm
SVC-000006,EVT-0008307,2026-06-17 19:54:08.279785,0.531176382212358,lstm
USR-000109,EVT-0008308,2026-06-17 19:54:52.327090,0.3488918982574038,lstm
SVC-000004,EVT-0008309,2026-06-17 19:54:59.136169,0.3414179892798055,lstm
SVC-000061,EVT-0008310,2026-06-17 19:55:08.442689,0.262775475285937,lstm
DEV-000003,EVT-0008311,2026-06-17 19:55:20.190389,0.14824141803454371,lstm
SVC-000006,EVT-0008312,2026-06-17 19:55:48.753593,0.580100084461387,lstm
SVC-000006,EVT-0008313,2026-06-17 19:56:37.698864,0.661433514143067,lstm
SVC-000060,EVT-0008314,2026-06-17 19:56:40.510467,0.9259459242046354,lstm
SVC-000061,EVT-0008315,2026-06-17 19:56:53.402717,0.3351824346813103,lstm
USR-000109,EVT-0008316,2026-06-17 20:00:52.478873,0.7330738214374677,lstm
USR-000212,EVT-0008317,2026-06-17 20:00:52.820153,0.4516693800269816,lstm
SVC-000061,EVT-0008318,2026-06-17 20:01:24.340966,0.24264646280126456,lstm
USR-000101,EVT-0008319,2026-06-17 20:05:25.956253,0.4910042451668398,lstm
SVC-000023,EVT-0008320,2026-06-17 20:05:45.538530,0.3833222971497971,lstm
SVC-000023,EVT-0008321,2026-06-17 20:08:13.634102,0.7392033753436638,lstm
SVC-000048,EVT-0008322,2026-06-17 20:08:43.627156,0.3635742879869784,lstm
SVC-000061,EVT-0008323,2026-06-17 20:09:24.756679,0.24396496199602166,lstm
SVC-000048,EVT-0008324,2026-06-17 20:10:55.055584,0.9486059102932818,lstm
SVC-000052,EVT-0008325,2026-06-17 20:11:35.405213,0.3599906909590105,lstm
SVC-000058,EVT-0008326,2026-06-17 20:15:58.780799,0.9829917016346206,lstm
SVC-000048,EVT-0008327,2026-06-17 20:18:25.175012,0.5338288465390489,lstm
SVC-000060,EVT-0008328,2026-06-17 20:20:37.901056,0.8642097383287546,lstm
SVC-000033,EVT-0008329,2026-06-17 20:22:23.849221,0.7571770565627064,lstm
USR-000113,EVT-0008330,2026-06-17 20:24:12.761882,0.7364175842167148,lstm
SVC-000061,EVT-0008331,2026-06-17 20:25:46.583972,0.43363109612383177,lstm
SVC-000006,EVT-0008332,2026-06-17 20:27:24.121141,0.45107281202944793,lstm
SVC-000060,EVT-0008333,2026-06-17 20:34:44.836873,0.7189762881893319,lstm
SVC-000006,EVT-0008334,2026-06-17 20:36:13.657313,0.5051795491924865,lstm
USR-000150,EVT-0008335,2026-06-17 20:37:47.870241,0.89973925895063,baseline_fallback
SVC-000061,EVT-0008336,2026-06-17 20:38:15.157897,0.3145923473027373,lstm
USR-000003,EVT-0008337,2026-06-17 20:38:48.242494,0.5275235641622915,lstm
DEV-000002,EVT-0008338,2026-06-17 20:39:19.191471,0.690609342447007,lstm
DEV-000010,EVT-0008339,2026-06-17 20:40:08.976505,0.16164284364115228,lstm
SVC-000035,EVT-0008340,2026-06-17 20:41:54.277484,0.46158548449002545,lstm
SVC-000058,EVT-0008341,2026-06-17 20:42:11.003966,0.7496938118809875,lstm
SVC-000044,EVT-0008342,2026-06-17 20:42:36.081978,0.7514612761751425,lstm
SVC-000052,EVT-0008343,2026-06-17 20:42:47.770006,0.29988792357517463,lstm
SVC-000048,EVT-0008344,2026-06-17 20:43:23.689356,0.3597625965139359,lstm
SVC-000004,EVT-0008345,2026-06-17 20:44:42.900021,0.4206745572383041,lstm
DEV-000009,EVT-0008346,2026-06-17 20:50:44.851516,0.2336325296445542,lstm
SVC-000023,EVT-0008347,2026-06-17 20:52:12.438044,0.3939365275628316,lstm
SVC-000048,EVT-0008348,2026-06-17 20:56:02.069704,0.3952736534231556,lstm
SVC-000044,EVT-0008349,2026-06-17 20:57:43.212308,0.5873497746201866,lstm
SVC-000058,EVT-0008350,2026-06-17 21:01:27.073781,0.2941086990970558,lstm
SVC-000058,EVT-0008351,2026-06-17 21:02:40.335864,0.550483425483558,lstm
SVC-000035,EVT-0008352,2026-06-17 21:04:08.460926,0.26988501724090114,lstm
SVC-000047,EVT-0008353,2026-06-17 21:04:36.245080,0.9150535254382344,lstm
DEV-000024,EVT-0008354,2026-06-17 21:09:47.092348,0.6705908944509349,lstm
DEV-000011,EVT-0008355,2026-06-17 21:10:36.995237,0.9998664384112985,lstm
SVC-000052,EVT-0008356,2026-06-17 21:12:28.664651,0.41486591778893167,lstm
DEV-000020,EVT-0008357,2026-06-17 21:16:38.985906,0.45154485498283253,lstm
SVC-000048,EVT-0008358,2026-06-17 21:16:41.462525,0.35295089242355904,lstm
DEV-000012,EVT-0008359,2026-06-17 21:18:06.267975,0.2684575060178071,lstm
SVC-000045,EVT-0008360,2026-06-17 21:19:29.034848,0.9992823019688772,lstm
SVC-000060,EVT-0008361,2026-06-17 21:20:43.981322,0.6786581618933382,lstm
SVC-000048,EVT-0008362,2026-06-17 21:20:47.512278,0.3931846247024484,lstm
SVC-000025,EVT-0008363,2026-06-17 21:22:16.102004,0.9434801926250729,lstm
SVC-000004,EVT-0008364,2026-06-17 21:24:11.043659,0.829340155308398,lstm
SVC-000023,EVT-0008365,2026-06-17 21:27:01.429219,0.43732457204935854,lstm
SVC-000004,EVT-0008366,2026-06-17 21:27:02.207550,0.5466101433269377,lstm
SVC-000052,EVT-0008367,2026-06-17 21:27:42.394732,0.37640933493059214,lstm
SVC-000047,EVT-0008368,2026-06-17 21:30:58.377682,0.30008755324744585,lstm
DEV-000001,EVT-0008369,2026-06-17 21:31:04.489511,0.9997223294216127,lstm
DEV-000014,EVT-0008370,2026-06-17 21:31:39.744806,0.9809576100342415,lstm
DEV-000006,EVT-0008371,2026-06-17 21:34:14.128410,0.9981123640000126,lstm
SVC-000002,EVT-0008372,2026-06-17 21:34:16.058261,0.9768595845957014,lstm
DEV-000004,EVT-0008373,2026-06-17 21:34:19.664135,0.6688782560987543,lstm
SVC-000044,EVT-0008374,2026-06-17 21:36:04.337177,0.5845584040024586,lstm
SVC-000047,EVT-0008375,2026-06-17 21:40:02.549409,0.24122491046646824,lstm
SVC-000058,EVT-0008376,2026-06-17 21:40:07.338852,0.2499967248926286,lstm
SVC-000058,EVT-0008377,2026-06-17 21:41:34.734754,0.727346584250493,lstm
SVC-000060,EVT-0008378,2026-06-17 21:47:05.920414,0.6149693854509045,lstm
SVC-000054,EVT-0008379,2026-06-17 21:48:57.748531,0.9860397605749996,lstm
SVC-000048,EVT-0008380,2026-06-17 21:50:07.315748,0.312915322527358,lstm
SVC-000045,EVT-0008381,2026-06-17 21:51:23.228503,0.9902438385054739,lstm
SVC-000058,EVT-0008382,2026-06-17 21:52:04.512418,0.2504482035443615,lstm
SVC-000035,EVT-0008383,2026-06-17 21:53:00.270977,0.27881990874807133,lstm
USR-000101,EVT-0008384,2026-06-17 21:54:12.518957,0.5430586921440992,lstm
SVC-000044,EVT-0008385,2026-06-17 21:56:08.965976,0.6728705042486103,lstm
SVC-000035,EVT-0008386,2026-06-17 21:57:44.989737,0.3577273860695208,lstm
SVC-000003,EVT-0008387,2026-06-17 21:59:56.400551,0.9990456154481854,lstm
SVC-000054,EVT-0008388,2026-06-17 22:00:26.712739,0.4515490411825791,lstm
SVC-000047,EVT-0008389,2026-06-17 22:01:18.871567,0.2945086438213708,lstm
SVC-000032,EVT-0008390,2026-06-17 22:01:30.786356,0.9905135922028814,lstm
SVC-000003,EVT-0008391,2026-06-17 22:02:47.432322,0.7850091860487765,lstm
SVC-000045,EVT-0008392,2026-06-17 22:03:43.927352,0.9277878122061772,lstm
SVC-000054,EVT-0008393,2026-06-17 22:06:06.750004,0.5553933940954163,lstm
SVC-000004,EVT-0008394,2026-06-17 22:06:48.297177,0.7158745362545096,lstm
SVC-000054,EVT-0008395,2026-06-17 22:07:56.423974,0.33477681016572847,lstm
SVC-000045,EVT-0008396,2026-06-17 22:08:22.473468,0.9526443060425597,lstm
SVC-000035,EVT-0008397,2026-06-17 22:08:28.397389,0.417778420646872,lstm
DEV-000015,EVT-0008398,2026-06-17 22:12:40.771778,0.9973159711110381,lstm
SVC-000047,EVT-0008399,2026-06-17 22:14:58.084932,0.21351894660805967,lstm
SVC-000047,EVT-0008400,2026-06-17 22:16:01.811499,0.5234484851156987,lstm
DEV-000014,EVT-0008401,2026-06-17 22:22:18.820019,0.9072734163153487,lstm
SVC-000002,EVT-0008402,2026-06-17 22:22:23.633233,0.47218676867249676,lstm
SVC-000045,EVT-0008403,2026-06-17 22:24:44.573025,0.9107305199066561,lstm
SVC-000025,EVT-0008404,2026-06-17 22:26:33.888434,0.4399064028875646,lstm
SVC-000035,EVT-0008405,2026-06-17 22:27:32.710820,0.2673939777195152,lstm
SVC-000003,EVT-0008406,2026-06-17 22:27:42.372405,0.751910868035124,lstm
SVC-000002,EVT-0008407,2026-06-17 22:27:43.157948,0.41998115320543383,lstm
SVC-000025,EVT-0008408,2026-06-17 22:31:43.528823,0.5135442010855898,lstm
SVC-000035,EVT-0008409,2026-06-17 22:33:47.313378,0.31156761854095916,lstm
SVC-000045,EVT-0008410,2026-06-17 22:33:51.731212,0.8174588422239534,lstm
SVC-000002,EVT-0008411,2026-06-17 22:35:04.567658,0.29977128144639875,lstm
SVC-000047,EVT-0008412,2026-06-17 22:35:56.118315,0.7878372601561946,lstm
SVC-000032,EVT-0008413,2026-06-17 22:37:13.832095,0.9434623560534251,lstm
SVC-000035,EVT-0008414,2026-06-17 22:37:31.232384,0.3524049728840302,lstm
SVC-000045,EVT-0008415,2026-06-17 22:38:15.559171,0.9308159471797155,lstm
SVC-000003,EVT-0008416,2026-06-17 22:38:39.157671,0.6854249048318334,lstm
SVC-000045,EVT-0008417,2026-06-17 22:39:58.200895,0.8970131228155371,lstm
SVC-000045,EVT-0008418,2026-06-17 22:40:33.055974,0.9124642665852348,lstm
DEV-000012,EVT-0008419,2026-06-17 22:43:49.091075,0.3965280707368436,lstm
SVC-000032,EVT-0008420,2026-06-17 22:48:30.421944,0.9294292467655401,lstm
SVC-000035,EVT-0008421,2026-06-17 22:50:02.493677,0.32944163291585826,lstm
SVC-000032,EVT-0008422,2026-06-17 22:51:22.785086,0.7922162978632056,lstm
DEV-000023,EVT-0008423,2026-06-17 22:53:34.980029,0.7522988861652948,lstm
SVC-000035,EVT-0008424,2026-06-17 22:54:17.583623,0.5490464450714949,lstm
SVC-000035,EVT-0008425,2026-06-17 22:54:19.171923,0.7365394760510832,lstm
SVC-000045,EVT-0008426,2026-06-17 22:54:29.388576,0.8264208548775187,lstm
DEV-000008,EVT-0008427,2026-06-17 22:55:04.941443,0.9992067828866921,lstm
USR-000163,EVT-0008428,2026-06-17 22:56:17.393310,0.5028337279288378,lstm
DEV-000026,EVT-0008429,2026-06-17 22:56:46.400401,0.34872749663539254,lstm
SVC-000025,EVT-0008430,2026-06-17 22:56:56.367156,0.35945608407960294,lstm
DEV-000017,EVT-0008431,2026-06-17 22:57:40.860857,0.676159731284424,lstm
DEV-000013,EVT-0008432,2026-06-17 22:57:50.939565,0.6576792639355342,lstm
SVC-000002,EVT-0008433,2026-06-17 22:57:58.643659,0.39653999544979524,lstm
SVC-000002,EVT-0008434,2026-06-17 22:58:04.518338,0.8303525592954657,lstm
SVC-000048,EVT-0008435,2026-06-17 22:59:33.870839,0.6048091053444614,lstm
SVC-000002,EVT-0008436,2026-06-17 22:59:46.293576,0.5567635824760038,lstm
USR-000068,EVT-0008437,2026-06-17 23:01:35.017143,0.9338413031800455,baseline_fallback
SVC-000002,EVT-0008438,2026-06-17 23:01:57.418335,0.566526489344527,lstm
SVC-000002,EVT-0008439,2026-06-17 23:02:07.338978,0.8024882983948555,lstm
SVC-000002,EVT-0008440,2026-06-17 23:03:13.669163,0.8575563078281807,lstm
USR-000148,EVT-0008441,2026-06-17 23:03:35.427674,0.9999581968653851,lstm
USR-000148,EVT-0008442,2026-06-17 23:03:39.181887,0.9915363630297028,lstm
USR-000148,EVT-0008443,2026-06-17 23:03:49.931493,0.9816189624023018,lstm
USR-000148,EVT-0008444,2026-06-17 23:03:54.860110,0.9814455052407614,lstm
USR-000148,EVT-0008445,2026-06-17 23:04:01.564898,0.9750313899892813,lstm
USR-000148,EVT-0008446,2026-06-17 23:04:06.622670,0.9616801783319405,lstm
USR-000148,EVT-0008447,2026-06-17 23:04:16.995421,0.9301079612055604,lstm
USR-000148,EVT-0008448,2026-06-17 23:04:30.279909,0.8166781854097229,lstm
USR-000148,EVT-0008449,2026-06-17 23:04:33.554625,0.6939349046674258,lstm
USR-000148,EVT-0008450,2026-06-17 23:04:42.295035,0.5746511710558236,lstm
SVC-000059,EVT-0008451,2026-06-17 23:04:45.140499,0.9999599543308844,lstm
USR-000148,EVT-0008452,2026-06-17 23:04:55.221714,0.45206404779680304,lstm
SVC-000032,EVT-0008453,2026-06-17 23:04:56.939071,0.5671014082249601,lstm
USR-000148,EVT-0008454,2026-06-17 23:05:02.076847,0.4498871228311625,lstm
USR-000148,EVT-0008455,2026-06-17 23:05:16.677409,0.38768790015823484,lstm
USR-000148,EVT-0008456,2026-06-17 23:05:30.284148,0.34339063563923805,lstm
USR-000148,EVT-0008457,2026-06-17 23:05:39.903616,0.342717630458868,lstm
USR-000148,EVT-0008458,2026-06-17 23:05:42.057861,0.26798194730876157,lstm
USR-000148,EVT-0008459,2026-06-17 23:05:56.687352,0.2871856114658503,lstm
USR-000148,EVT-0008460,2026-06-17 23:06:00.209093,0.25900794871251537,lstm
SVC-000041,EVT-0008461,2026-06-17 23:08:21.246858,0.9999999999608751,lstm
SVC-000059,EVT-0008462,2026-06-17 23:08:51.767704,0.9684027415119268,lstm
SVC-000047,EVT-0008463,2026-06-17 23:10:25.681134,0.2860800557699655,lstm
SVC-000002,EVT-0008464,2026-06-17 23:12:27.774749,0.262202301877119,lstm
SVC-000054,EVT-0008465,2026-06-17 23:12:55.606861,0.5643313950719784,lstm
DEV-000007,EVT-0008466,2026-06-17 23:13:41.033095,0.5149104681142733,lstm
DEV-000020,EVT-0008467,2026-06-17 23:14:07.778832,0.1223231194572799,lstm
SVC-000041,EVT-0008468,2026-06-17 23:14:22.953121,0.9782101225081485,lstm
DEV-000015,EVT-0008469,2026-06-17 23:15:03.147938,0.8451496639105053,lstm
USR-000165,EVT-0008470,2026-06-17 23:17:00.684618,0.38992007379708166,lstm
USR-000150,EVT-0008471,2026-06-17 23:17:50.680478,0.9796064750780807,baseline_fallback
SVC-000059,EVT-0008472,2026-06-17 23:18:27.235451,0.8548590564698102,lstm
SVC-000002,EVT-0008473,2026-06-17 23:19:32.905501,0.5000232407378361,lstm
USR-000088,EVT-0008474,2026-06-17 23:20:42.783624,0.6696538028132912,baseline_fallback
SVC-000002,EVT-0008475,2026-06-17 23:24:00.075658,0.41060844359356347,lstm
SVC-000059,EVT-0008476,2026-06-17 23:26:36.686553,0.8191015468043517,lstm
SVC-000059,EVT-0008477,2026-06-17 23:32:39.941424,0.7721935677650859,lstm
SVC-000045,EVT-0008478,2026-06-17 23:39:23.742848,0.883872549007978,lstm
DEV-000017,EVT-0008479,2026-06-17 23:43:48.009363,0.4433223732756224,lstm
SVC-000041,EVT-0008480,2026-06-17 23:43:49.530153,0.9540122972723352,lstm
SVC-000002,EVT-0008481,2026-06-17 23:44:56.580185,0.392963378071654,lstm
DEV-000016,EVT-0008482,2026-06-17 23:50:38.383670,0.9999394937725725,lstm
SVC-000059,EVT-0008483,2026-06-17 23:50:50.641632,0.6997542847434901,lstm
SVC-000035,EVT-0008484,2026-06-17 23:51:31.252926,0.8315260781524364,lstm
SVC-000025,EVT-0008485,2026-06-17 23:54:01.262893,0.3238942181538753,lstm
SVC-000025,EVT-0008486,2026-06-17 23:55:27.222202,0.6101642212040002,lstm
DEV-000013,EVT-0008487,2026-06-17 23:56:30.426567,0.5336728615775083,lstm
SVC-000032,EVT-0008488,2026-06-17 23:56:45.469189,0.7987550242682091,lstm
SVC-000059,EVT-0008489,2026-06-17 23:56:57.116737,0.6248840453909064,lstm
SVC-000047,EVT-0008490,2026-06-17 23:57:17.470899,0.3968800149179641,lstm
USR-000150,EVT-0008491,2026-06-17 23:57:53.160815,0.9158942675631749,baseline_fallback
DEV-000015,EVT-0008492,2026-06-17 23:58:28.517599,0.8368975848100781,lstm
DEV-000021,EVT-0008493,2026-06-17 23:59:16.588723,0.9396360521105913,lstm
USR-000106,EVT-0008494,2026-06-18 00:00:12.739752,0.3876769006417594,lstm
SVC-000041,EVT-0008495,2026-06-18 00:02:50.826149,0.9738984573864483,lstm
DEV-000016,EVT-0008496,2026-06-18 00:03:11.772368,0.9727537990537752,lstm
USR-000163,EVT-0008497,2026-06-18 00:04:35.431766,0.7863054213563262,lstm
SVC-000025,EVT-0008498,2026-06-18 00:06:14.483920,0.4184159016650555,lstm
SVC-000059,EVT-0008499,2026-06-18 00:10:49.100111,0.725868770123469,lstm
SVC-000056,EVT-0008500,2026-06-18 00:11:09.187726,0.993159663550954,lstm
SVC-000047,EVT-0008501,2026-06-18 00:14:21.794637,0.48355084817885985,lstm
DEV-000018,EVT-0008502,2026-06-18 00:14:38.833738,0.8865859004638733,lstm
SVC-000059,EVT-0008503,2026-06-18 00:14:43.615413,0.7161325694266383,lstm
SVC-000041,EVT-0008504,2026-06-18 00:23:44.940660,0.6423518632781036,lstm
SVC-000025,EVT-0008505,2026-06-18 00:23:48.145842,0.4187916979127117,lstm
SVC-000056,EVT-0008506,2026-06-18 00:27:01.521301,0.7341388500751715,lstm
USR-000122,EVT-0008507,2026-06-18 00:28:56.251983,0.7372483739870949,lstm
DEV-000011,EVT-0008508,2026-06-18 00:29:32.527454,0.9999262507219298,lstm
USR-000113,EVT-0008509,2026-06-18 00:47:17.978452,0.49634625447962133,lstm
DEV-000023,EVT-0008510,2026-06-18 00:48:39.769560,0.695243042128471,lstm
DEV-000010,EVT-0008511,2026-06-18 00:49:56.476463,0.6545183229607723,lstm
SVC-000056,EVT-0008512,2026-06-18 00:50:37.245182,0.49665755679866475,lstm
SVC-000041,EVT-0008513,2026-06-18 00:50:55.970009,0.8082678375372697,lstm
SVC-000041,EVT-0008514,2026-06-18 00:54:12.433748,0.8487122161310896,lstm
DEV-000013,EVT-0008515,2026-06-18 00:56:07.404890,0.5148452117259565,lstm
DEV-000005,EVT-0008516,2026-06-18 01:03:41.941148,0.2982525667148042,lstm
DEV-000025,EVT-0008517,2026-06-18 01:05:02.351963,0.791526451458486,lstm
SVC-000041,EVT-0008518,2026-06-18 01:08:54.880826,0.7853248929283948,lstm
SVC-000041,EVT-0008519,2026-06-18 01:10:22.166113,0.9479428503777464,lstm
SVC-000041,EVT-0008520,2026-06-18 01:13:48.872896,0.7458735494986666,lstm
USR-000150,EVT-0008521,2026-06-18 01:14:07.380353,0.999271633374318,baseline_fallback
USR-000141,EVT-0008522,2026-06-18 01:18:18.118986,0.6906384358059491,baseline_fallback
SVC-000056,EVT-0008523,2026-06-18 01:18:52.403992,0.4474096886178614,lstm
DEV-000006,EVT-0008524,2026-06-18 01:24:29.354535,0.8982868102079208,lstm
USR-000113,EVT-0008525,2026-06-18 01:25:39.063416,0.5315623676387516,lstm
USR-000058,EVT-0008526,2026-06-18 01:27:00.570933,0.8443566039942236,lstm
SVC-000041,EVT-0008527,2026-06-18 01:28:08.969804,0.6776919612188791,lstm
DEV-000026,EVT-0008528,2026-06-18 01:30:05.941246,0.5788689070344275,lstm
USR-000088,EVT-0008529,2026-06-18 01:31:41.436650,0.5098439187213738,lstm
SVC-000018,EVT-0008530,2026-06-18 01:34:37.439711,0.9812104312380127,lstm
DEV-000013,EVT-0008531,2026-06-18 01:37:23.243724,0.5577420460969135,lstm
DEV-000001,EVT-0008532,2026-06-18 01:38:09.891239,0.9674011427674253,lstm
USR-000076,EVT-0008533,2026-06-18 01:40:10.846091,0.9457111062557183,lstm
USR-000165,EVT-0008534,2026-06-18 01:48:28.413102,0.3599457805942636,lstm
DEV-000007,EVT-0008535,2026-06-18 01:51:09.003415,0.6136648718927977,lstm
DEV-000001,EVT-0008536,2026-06-18 02:05:47.468385,0.735919215791985,lstm
SVC-000018,EVT-0008537,2026-06-18 02:05:56.504153,0.5620149359554754,lstm
SVC-000041,EVT-0008538,2026-06-18 02:08:47.786560,0.8491635828065949,lstm
DEV-000010,EVT-0008539,2026-06-18 02:09:06.863924,0.5997493061408949,lstm
DEV-000025,EVT-0008540,2026-06-18 02:11:57.423183,0.7691277188302197,lstm
SVC-000018,EVT-0008541,2026-06-18 02:12:53.579987,0.46268605714948136,lstm
USR-000113,EVT-0008542,2026-06-18 02:13:17.307783,0.5218506452703578,lstm
DEV-000020,EVT-0008543,2026-06-18 02:18:00.066057,0.2109266905244777,lstm
DEV-000012,EVT-0008544,2026-06-18 02:19:49.675111,0.6804459661052575,lstm
SVC-000041,EVT-0008545,2026-06-18 02:22:53.511842,0.7708440809591052,lstm
DEV-000005,EVT-0008546,2026-06-18 02:28:44.898128,0.2949238367149569,lstm
SVC-000041,EVT-0008547,2026-06-18 02:29:27.637374,0.838590781259842,lstm
SVC-000018,EVT-0008548,2026-06-18 02:35:44.469806,0.3144618209384461,lstm
SVC-000018,EVT-0008549,2026-06-18 02:36:46.252973,0.9071341650878773,lstm
SVC-000041,EVT-0008550,2026-06-18 02:38:40.175486,0.5223251434351127,lstm
SVC-000018,EVT-0008551,2026-06-18 02:40:27.466178,0.6211137272137459,lstm
DEV-000002,EVT-0008552,2026-06-18 02:49:37.536857,0.6014991846084917,lstm
SVC-000020,EVT-0008553,2026-06-18 02:57:05.141223,0.9458732096223169,lstm
SVC-000019,EVT-0008554,2026-06-18 03:02:26.687415,0.99999010524004,lstm
SVC-000014,EVT-0008555,2026-06-18 03:02:29.813017,0.9999999982968208,lstm
DEV-000007,EVT-0008556,2026-06-18 03:02:49.287544,0.5631384857110936,lstm
SVC-000018,EVT-0008557,2026-06-18 03:04:38.706892,0.29084796346599406,lstm
USR-000088,EVT-0008558,2026-06-18 03:06:21.746013,1.0,lstm
DEV-000009,EVT-0008559,2026-06-18 03:07:59.479380,0.9370667249315087,lstm
DEV-000026,EVT-0008560,2026-06-18 03:09:47.872571,0.4937205236625368,lstm
SVC-000018,EVT-0008561,2026-06-18 03:17:11.655551,0.4830042237216011,lstm
DEV-000013,EVT-0008562,2026-06-18 03:24:45.818275,0.33344919126675143,lstm
SVC-000018,EVT-0008563,2026-06-18 03:24:50.586669,0.49338051802812677,lstm
DEV-000004,EVT-0008564,2026-06-18 03:25:48.603762,0.7644411504465682,lstm
DEV-000022,EVT-0008565,2026-06-18 03:27:40.619627,0.39104319746768174,lstm
SVC-000041,EVT-0008566,2026-06-18 03:28:38.076970,0.6981114907237824,lstm
SVC-000014,EVT-0008567,2026-06-18 03:29:09.143371,0.9555974758140391,lstm
SVC-000015,EVT-0008568,2026-06-18 03:34:44.238778,0.9444551633406558,lstm
SVC-000015,EVT-0008569,2026-06-18 03:35:05.591261,0.8413526122504356,lstm
SVC-000020,EVT-0008570,2026-06-18 03:36:02.759993,0.3834455152652338,lstm
SVC-000041,EVT-0008571,2026-06-18 03:40:18.234746,0.8523618956019907,lstm
SVC-000014,EVT-0008572,2026-06-18 03:40:35.323790,0.7404090785738241,lstm
SVC-000014,EVT-0008573,2026-06-18 03:42:50.951133,0.7291242524398834,lstm
SVC-000019,EVT-0008574,2026-06-18 03:47:00.271985,0.9248833204478091,lstm
SVC-000014,EVT-0008575,2026-06-18 03:47:42.991971,0.5727707647352643,lstm
SVC-000020,EVT-0008576,2026-06-18 03:48:51.704606,0.38385104656831953,lstm
SVC-000015,EVT-0008577,2026-06-18 03:55:15.534231,0.2672968170141539,lstm
USR-000122,EVT-0008578,2026-06-18 03:55:25.144513,0.48133100809217944,lstm
SVC-000014,EVT-0008579,2026-06-18 03:56:52.017935,0.5600882076874018,lstm
SVC-000020,EVT-0008580,2026-06-18 03:57:10.178357,0.5665347587646034,lstm
SVC-000014,EVT-0008581,2026-06-18 04:00:30.495002,0.6977586551315283,lstm
SVC-000014,EVT-0008582,2026-06-18 04:00:41.117794,0.9750043679791227,lstm
DEV-000003,EVT-0008583,2026-06-18 04:01:05.412006,0.7361121088148719,lstm
DEV-000002,EVT-0008584,2026-06-18 04:01:26.964333,0.32608452010261374,lstm
SVC-000019,EVT-0008585,2026-06-18 04:02:00.967931,0.7155281435534749,lstm
SVC-000014,EVT-0008586,2026-06-18 04:04:44.271116,0.6198236151620717,lstm
SVC-000014,EVT-0008587,2026-06-18 04:06:10.870429,0.7272578207737763,lstm
DEV-000005,EVT-0008588,2026-06-18 04:10:54.236849,0.3111232468717485,lstm
SVC-000014,EVT-0008589,2026-06-18 04:13:21.175667,0.6523599727858819,lstm
SVC-000019,EVT-0008590,2026-06-18 04:14:21.122618,0.653432784786849,lstm
SVC-000015,EVT-0008591,2026-06-18 04:17:03.514750,0.43712528859824423,lstm
SVC-000014,EVT-0008592,2026-06-18 04:19:19.614366,0.5688016392843998,lstm
SVC-000020,EVT-0008593,2026-06-18 04:19:23.452680,0.5501613865764069,lstm
SVC-000007,EVT-0008594,2026-06-18 04:22:11.205739,0.9940199410389706,lstm
SVC-000014,EVT-0008595,2026-06-18 04:24:39.301445,0.33463847340810593,lstm
SVC-000007,EVT-0008596,2026-06-18 04:31:54.164481,0.47495192815339404,lstm
SVC-000007,EVT-0008597,2026-06-18 04:34:40.131837,0.6973723009630826,lstm
DEV-000019,EVT-0008598,2026-06-18 04:38:05.389881,0.8932098192904039,lstm
SVC-000041,EVT-0008599,2026-06-18 04:38:08.547881,0.9472276617137783,lstm
SVC-000019,EVT-0008600,2026-06-18 04:40:48.246866,0.8841172824525343,lstm
SVC-000019,EVT-0008601,2026-06-18 04:42:29.487707,0.7145835425226479,lstm
DEV-000017,EVT-0008602,2026-06-18 04:45:20.488130,0.5815032879254405,lstm
SVC-000015,EVT-0008603,2026-06-18 04:47:06.386840,0.3738483049114133,lstm
SVC-000019,EVT-0008604,2026-06-18 04:53:00.495711,0.6303819815786877,lstm
SVC-000007,EVT-0008605,2026-06-18 04:56:10.214529,0.3984492981072952,lstm
DEV-000017,EVT-0008606,2026-06-18 04:57:50.550150,0.8338703009621394,lstm
SVC-000015,EVT-0008607,2026-06-18 04:58:26.489060,0.2885044973562712,lstm
SVC-000007,EVT-0008608,2026-06-18 04:59:08.555971,0.393403253725361,lstm
SVC-000014,EVT-0008609,2026-06-18 05:00:55.868245,0.5139256223647467,lstm
USR-000162,EVT-0008610,2026-06-18 05:01:45.345767,0.8416298228633604,lstm
SVC-000019,EVT-0008611,2026-06-18 05:02:02.179915,0.6325167200020948,lstm
SVC-000007,EVT-0008612,2026-06-18 05:05:39.426577,0.2541361338656199,lstm
SVC-000020,EVT-0008613,2026-06-18 05:08:33.579843,0.39312093605639187,lstm
SVC-000019,EVT-0008614,2026-06-18 05:10:28.246361,0.8854271745500524,lstm
SVC-000007,EVT-0008615,2026-06-18 05:14:15.501139,0.23890743952960938,lstm
SVC-000014,EVT-0008616,2026-06-18 05:14:15.880103,0.28026529989103394,lstm
SVC-000014,EVT-0008617,2026-06-18 05:14:47.629769,0.4018719043420795,lstm
DEV-000023,EVT-0008618,2026-06-18 05:14:51.586451,0.3475953578127388,lstm
SVC-000007,EVT-0008619,2026-06-18 05:14:55.106003,0.5029737720419092,lstm
SVC-000019,EVT-0008620,2026-06-18 05:17:08.698608,0.8739613438258409,lstm
SVC-000007,EVT-0008621,2026-06-18 05:17:35.663992,0.3386708739989502,lstm
SVC-000031,EVT-0008622,2026-06-18 05:17:52.919265,0.997917517246666,lstm
USR-000118,EVT-0008623,2026-06-18 05:18:31.909429,1.0,lstm
SVC-000007,EVT-0008624,2026-06-18 05:20:57.472583,0.3150672920276225,lstm
SVC-000007,EVT-0008625,2026-06-18 05:25:49.301667,0.4041327965330675,lstm
DEV-000024,EVT-0008626,2026-06-18 05:27:29.122857,0.8319535920854759,lstm
DEV-000002,EVT-0008627,2026-06-18 05:29:01.294699,0.38037857457511876,lstm
DEV-000020,EVT-0008628,2026-06-18 05:29:31.224098,0.2907009891370414,lstm
DEV-000017,EVT-0008629,2026-06-18 05:32:36.056060,0.6136861815911552,lstm
SVC-000015,EVT-0008630,2026-06-18 05:32:56.529855,0.4929388828035589,lstm
SVC-000015,EVT-0008631,2026-06-18 05:34:12.019542,0.6930403071987241,lstm
DEV-000013,EVT-0008632,2026-06-18 05:36:03.260142,0.3951134496681692,lstm
SVC-000009,EVT-0008633,2026-06-18 05:39:45.650365,0.9998409871884935,lstm
SVC-000019,EVT-0008634,2026-06-18 05:40:38.535918,0.886581268150681,lstm
USR-000207,EVT-0008635,2026-06-18 05:42:08.765150,0.3844118710191312,lstm
SVC-000007,EVT-0008636,2026-06-18 05:44:28.232384,0.4415320926685026,lstm
DEV-000026,EVT-0008637,2026-06-18 05:45:29.765470,0.5310606389150944,lstm
SVC-000030,EVT-0008638,2026-06-18 05:48:17.765872,0.9417792807400867,lstm
SVC-000009,EVT-0008639,2026-06-18 05:49:04.754953,0.6366539391305228,lstm
SVC-000007,EVT-0008640,2026-06-18 05:49:29.045532,0.4010233955806543,lstm
DEV-000010,EVT-0008641,2026-06-18 05:50:46.686602,0.8903166920368231,lstm
DEV-000026,EVT-0008642,2026-06-18 05:51:14.418476,0.8604785837194248,lstm
SVC-000031,EVT-0008643,2026-06-18 05:53:13.587820,0.703308163727839,lstm
DEV-000025,EVT-0008644,2026-06-18 05:55:02.628222,0.931564543483772,lstm
SVC-000031,EVT-0008645,2026-06-18 05:59:39.269269,0.6341317626232787,lstm
SVC-000014,EVT-0008646,2026-06-18 05:59:50.044027,0.6020732656759578,lstm
USR-000135,EVT-0008647,2026-06-18 06:00:54.520021,0.7363479656420268,lstm
SVC-000031,EVT-0008648,2026-06-18 06:04:18.309101,0.4928163001991434,lstm
SVC-000007,EVT-0008649,2026-06-18 06:13:22.364579,0.3677162016266388,lstm
SVC-000019,EVT-0008650,2026-06-18 06:13:46.804452,0.7220536289495613,lstm
DEV-000025,EVT-0008651,2026-06-18 06:18:37.238577,0.9418397890792243,lstm
SVC-000051,EVT-0008652,2026-06-18 06:19:50.276716,0.8896819193296884,lstm
SVC-000031,EVT-0008653,2026-06-18 06:21:35.964433,0.4390188312475915,lstm
DEV-000016,EVT-0008654,2026-06-18 06:22:00.804381,0.8003872099869936,lstm
USR-000167,EVT-0008655,2026-06-18 06:23:28.512495,0.7749526756718932,lstm
DEV-000017,EVT-0008656,2026-06-18 06:28:51.745590,0.41633525242322783,lstm
USR-000093,EVT-0008657,2026-06-18 06:29:05.177714,0.9788124652751335,lstm
USR-000061,EVT-0008658,2026-06-18 06:30:40.235010,0.9999999999502298,lstm
USR-000198,EVT-0008659,2026-06-18 06:31:01.810999,0.9999023494857824,lstm
USR-000143,EVT-0008660,2026-06-18 06:31:50.015274,0.8430859653229424,baseline_fallback
SVC-000045,EVT-0008661,2026-06-18 06:31:51.995860,1.0,lstm
USR-000111,EVT-0008662,2026-06-18 06:32:03.392421,0.9999997507638905,lstm
USR-000152,EVT-0008663,2026-06-18 06:32:31.274848,0.99999713467125,lstm
USR-000155,EVT-0008664,2026-06-18 06:33:03.793465,0.9999886824763118,lstm
SVC-000041,EVT-0008665,2026-06-18 06:34:13.113143,1.0,lstm
USR-000073,EVT-0008666,2026-06-18 06:34:26.021160,0.9846535411029108,baseline_fallback
SVC-000005,EVT-0008667,2026-06-18 06:34:49.100346,1.0,lstm
USR-000102,EVT-0008668,2026-06-18 06:34:56.288385,0.9999896518386621,lstm
USR-000156,EVT-0008669,2026-06-18 06:35:08.287928,0.8932427290845215,baseline_fallback
USR-000080,EVT-0008670,2026-06-18 06:36:01.271888,0.9999999669455739,lstm
USR-000044,EVT-0008671,2026-06-18 06:36:49.755966,0.999932464413483,lstm
SVC-000055,EVT-0008672,2026-06-18 06:37:18.424173,0.9825455576573808,lstm
SVC-000050,EVT-0008673,2026-06-18 06:37:22.705593,1.0,lstm
USR-000212,EVT-0008674,2026-06-18 06:37:29.791313,0.999999680228301,lstm
SVC-000009,EVT-0008675,2026-06-18 06:37:42.818552,0.5808954402310057,lstm
SVC-000016,EVT-0008676,2026-06-18 06:37:49.445550,1.0,lstm
DEV-000002,EVT-0008677,2026-06-18 06:38:48.073921,1.0,lstm
USR-000166,EVT-0008678,2026-06-18 06:39:03.402223,0.9960376981077855,baseline_fallback
USR-000137,EVT-0008679,2026-06-18 06:41:09.099758,0.9846535411029108,baseline_fallback
USR-000019,EVT-0008680,2026-06-18 06:41:57.667088,0.5355432547665601,lstm
SVC-000009,EVT-0008681,2026-06-18 06:42:39.881206,0.46056304701516065,lstm
USR-000123,EVT-0008682,2026-06-18 06:42:56.175415,0.9846535411029108,baseline_fallback
DEV-000010,EVT-0008683,2026-06-18 06:43:44.907094,0.8007797761529273,lstm
SVC-000031,EVT-0008684,2026-06-18 06:44:29.126245,0.389298691257383,lstm
USR-000028,EVT-0008685,2026-06-18 06:45:28.203451,0.9999999719158911,lstm
USR-000069,EVT-0008686,2026-06-18 06:46:17.045809,0.9999999999999973,lstm
USR-000085,EVT-0008687,2026-06-18 06:47:07.875857,0.9960376981077855,baseline_fallback
USR-000208,EVT-0008688,2026-06-18 06:47:47.362192,0.999987960423101,lstm
DEV-000018,EVT-0008689,2026-06-18 06:47:48.798781,1.0,lstm
SVC-000015,EVT-0008690,2026-06-18 06:48:10.599873,1.0,lstm
SVC-000009,EVT-0008691,2026-06-18 06:48:38.694473,0.50717488740635,lstm
USR-000025,EVT-0008692,2026-06-18 06:49:46.698102,0.9846535411029108,baseline_fallback
USR-000156,EVT-0008693,2026-06-18 06:49:58.883742,0.9846535411029108,baseline_fallback
SVC-000009,EVT-0008694,2026-06-18 06:50:31.505887,0.504983821961517,lstm
USR-000147,EVT-0008695,2026-06-18 06:50:34.341738,0.9999999999995315,lstm
USR-000157,EVT-0008696,2026-06-18 06:50:35.967772,0.8483320775408187,baseline_fallback
USR-000005,EVT-0008697,2026-06-18 06:50:37.509953,0.9846535411029108,baseline_fallback
USR-000184,EVT-0008698,2026-06-18 06:51:42.698417,0.999997921604124,lstm
DEV-000019,EVT-0008699,2026-06-18 06:52:20.888916,1.0,lstm
SVC-000009,EVT-0008700,2026-06-18 06:53:11.615828,0.5647394337567615,lstm
USR-000093,EVT-0008701,2026-06-18 06:53:28.983627,0.7012201008826071,lstm
DEV-000015,EVT-0008702,2026-06-18 06:54:11.541119,0.9962073943422569,lstm
SVC-000031,EVT-0008703,2026-06-18 06:55:42.373722,0.39750191642107086,lstm
USR-000082,EVT-0008704,2026-06-18 06:56:14.902705,1.0,lstm
USR-000076,EVT-0008705,2026-06-18 06:58:59.752767,0.4289311398426321,lstm
SVC-000031,EVT-0008706,2026-06-18 07:00:06.264141,0.44981728055946046,lstm
USR-000076,EVT-0008707,2026-06-18 07:03:26.876445,0.6033474994551651,lstm
USR-000103,EVT-0008708,2026-06-18 07:06:54.226829,0.8011067546292417,baseline_fallback
USR-000102,EVT-0008709,2026-06-18 07:07:33.923271,0.9958862148603785,lstm
DEV-000015,EVT-0008710,2026-06-18 07:08:21.664560,0.9980322772385736,lstm
DEV-000022,EVT-0008711,2026-06-18 07:12:20.346827,0.5323907814406191,lstm
DEV-000023,EVT-0008712,2026-06-18 07:12:45.227506,0.3799012578916755,lstm
USR-000153,EVT-0008713,2026-06-18 07:12:49.720872,0.5249949022362987,baseline_fallback
SVC-000055,EVT-0008714,2026-06-18 07:13:12.857263,0.3304152840834011,lstm
USR-000093,EVT-0008715,2026-06-18 07:13:30.060123,0.6619102400660932,lstm
USR-000023,EVT-0008716,2026-06-18 07:14:46.729574,0.8968305006288019,lstm
USR-000167,EVT-0008717,2026-06-18 07:15:08.355632,0.5311057613410071,lstm
SVC-000055,EVT-0008718,2026-06-18 07:17:09.124687,0.5553599200524184,lstm
USR-000059,EVT-0008719,2026-06-18 07:24:54.329696,0.9976693707754681,lstm
USR-000207,EVT-0008720,2026-06-18 07:30:02.058523,0.25362614279500767,lstm
SVC-000040,EVT-0008721,2026-06-18 07:32:01.798330,0.9999940019424781,lstm
DEV-000016,EVT-0008722,2026-06-18 07:35:08.512250,0.8146880644960643,lstm
SVC-000011,EVT-0008723,2026-06-18 07:35:17.722837,0.9827138202037424,lstm
USR-000041,EVT-0008724,2026-06-18 07:35:58.513979,0.5857715585919138,baseline_fallback
USR-000156,EVT-0008725,2026-06-18 07:37:43.246856,0.9717861493838367,baseline_fallback
SVC-000055,EVT-0008726,2026-06-18 07:39:09.430108,0.3702636377356833,lstm
SVC-000051,EVT-0008727,2026-06-18 07:43:25.320793,0.5941283622535463,lstm
SVC-000055,EVT-0008728,2026-06-18 07:44:26.994594,0.40900755421336044,lstm
SVC-000055,EVT-0008729,2026-06-18 07:46:12.907613,0.6842047342103301,lstm
SVC-000030,EVT-0008730,2026-06-18 07:46:16.820115,0.3562357379178834,lstm
SVC-000011,EVT-0008731,2026-06-18 07:46:56.739603,0.3212171815070106,lstm
USR-000159,EVT-0008732,2026-06-18 07:47:03.680147,0.864940020895301,baseline_fallback
SVC-000055,EVT-0008733,2026-06-18 07:47:56.571085,0.6324747066803441,lstm
USR-000059,EVT-0008734,2026-06-18 07:48:48.350517,0.794927260985535,lstm
USR-000042,EVT-0008735,2026-06-18 07:48:55.313367,0.6665114197899463,lstm
SVC-000031,EVT-0008736,2026-06-18 07:49:16.334047,0.476687208219067,lstm
SVC-000051,EVT-0008737,2026-06-18 07:49:27.015793,0.6440307590813835,lstm
SVC-000011,EVT-0008738,2026-06-18 07:52:29.521562,0.3909818544601099,lstm
USR-000069,EVT-0008739,2026-06-18 07:53:07.662685,0.9998900293520285,lstm
SVC-000040,EVT-0008740,2026-06-18 07:53:18.178291,0.9457961376617231,lstm
SVC-000031,EVT-0008741,2026-06-18 07:53:46.663360,0.8543000151416467,lstm
SVC-000011,EVT-0008742,2026-06-18 07:54:07.721869,0.3809292927757683,lstm
SVC-000011,EVT-0008743,2026-06-18 07:54:53.504724,0.595721302466018,lstm
SVC-000055,EVT-0008744,2026-06-18 07:55:33.136379,0.28713347868340505,lstm
SVC-000055,EVT-0008745,2026-06-18 07:56:56.491967,0.3837567229203291,lstm
SVC-000055,EVT-0008746,2026-06-18 07:57:25.718331,0.41899315371952534,lstm
USR-000059,EVT-0008747,2026-06-18 07:57:37.773436,0.7834394463019186,lstm
SVC-000011,EVT-0008748,2026-06-18 07:57:57.869439,0.36128524853288024,lstm
SVC-000051,EVT-0008749,2026-06-18 07:58:41.559672,0.6577795146989973,lstm
USR-000041,EVT-0008750,2026-06-18 07:59:14.134837,0.5857002774923192,baseline_fallback
DEV-000017,EVT-0008751,2026-06-18 08:00:44.315572,0.3054676156252735,lstm
USR-000031,EVT-0008752,2026-06-18 08:02:31.265266,0.42471343387654775,lstm
SVC-000055,EVT-0008753,2026-06-18 08:03:58.895610,0.4275732085627524,lstm
DEV-000020,EVT-0008754,2026-06-18 08:05:24.813102,0.36898071024298884,lstm
SVC-000040,EVT-0008755,2026-06-18 08:05:35.906409,0.8736515952244668,lstm
DEV-000002,EVT-0008756,2026-06-18 08:07:02.800469,0.9912013102468341,lstm
USR-000059,EVT-0008757,2026-06-18 08:07:12.355341,0.879704325369861,lstm
SVC-000040,EVT-0008758,2026-06-18 08:07:31.898374,0.8990443529177722,lstm
SVC-000051,EVT-0008759,2026-06-18 08:07:34.129813,0.5456703815177549,lstm
USR-000206,EVT-0008760,2026-06-18 08:08:08.686803,0.3642367638004226,lstm
SVC-000011,EVT-0008761,2026-06-18 08:09:03.776344,0.6988655849417049,lstm
DEV-000001,EVT-0008762,2026-06-18 08:09:49.410463,0.6121504054646701,lstm
USR-000207,EVT-0008763,2026-06-18 08:14:21.078864,0.25587650547938445,lstm
SVC-000011,EVT-0008764,2026-06-18 08:15:21.970162,0.25188169891603324,lstm
DEV-000010,EVT-0008765,2026-06-18 08:16:21.506977,0.71657965643544,lstm
SVC-000031,EVT-0008766,2026-06-18 08:16:27.007808,0.4452142270678316,lstm
SVC-000024,EVT-0008767,2026-06-18 08:18:44.300604,0.9969283651843404,lstm
USR-000095,EVT-0008768,2026-06-18 08:20:23.673528,0.9789990029575557,lstm
USR-000119,EVT-0008769,2026-06-18 08:20:46.991073,0.4063964991722886,baseline_fallback
SVC-000040,EVT-0008770,2026-06-18 08:21:26.288396,0.4514207099641611,lstm
SVC-000030,EVT-0008771,2026-06-18 08:23:26.560027,0.7284027635128071,lstm
USR-000207,EVT-0008772,2026-06-18 08:26:05.685086,0.27602577078314616,lstm
USR-000031,EVT-0008773,2026-06-18 08:26:10.771914,0.36192051109555656,lstm
USR-000129,EVT-0008774,2026-06-18 08:26:36.428921,0.4761810424830492,lstm
SVC-000011,EVT-0008775,2026-06-18 08:26:54.048256,0.2852265783503475,lstm
SVC-000011,EVT-0008776,2026-06-18 08:28:38.936197,0.39482747735844337,lstm
USR-000098,EVT-0008777,2026-06-18 08:29:12.427577,0.7913341457665447,baseline_fallback
SVC-000039,EVT-0008778,2026-06-18 08:30:03.078911,0.9924800847891199,lstm
SVC-000011,EVT-0008779,2026-06-18 08:30:08.551229,0.4349258588472093,lstm
DEV-000023,EVT-0008780,2026-06-18 08:33:27.497862,0.26570144663922984,lstm
USR-000058,EVT-0008781,2026-06-18 08:34:45.221579,0.45427172080388517,lstm
SVC-000011,EVT-0008782,2026-06-18 08:35:00.559338,0.34600939540448844,lstm
SVC-000011,EVT-0008783,2026-06-18 08:35:01.368580,0.610650415931064,lstm
SVC-000055,EVT-0008784,2026-06-18 08:35:41.683339,0.41000679404720375,lstm
SVC-000011,EVT-0008785,2026-06-18 08:36:27.597004,0.45143075955169526,lstm
SVC-000040,EVT-0008786,2026-06-18 08:36:50.394155,0.32797995768133587,lstm
SVC-000024,EVT-0008787,2026-06-18 08:38:40.200633,0.33657919592812097,lstm
USR-000162,EVT-0008788,2026-06-18 08:40:58.834591,0.4978651389710959,lstm
SVC-000008,EVT-0008789,2026-06-18 08:44:21.216858,0.9999711975802157,lstm
SVC-000011,EVT-0008790,2026-06-18 08:45:01.489152,0.35391104964644743,lstm
SVC-000011,EVT-0008791,2026-06-18 08:45:12.109093,0.39180226853470074,lstm
USR-000093,EVT-0008792,2026-06-18 08:45:38.581588,0.5414645845607741,lstm
DEV-000003,EVT-0008793,2026-06-18 08:48:49.305338,0.567515928121057,lstm
SVC-000030,EVT-0008794,2026-06-18 08:48:53.892812,0.5140594934565972,lstm
SVC-000011,EVT-0008795,2026-06-18 08:49:03.418382,0.2976062704195139,lstm
DEV-000022,EVT-0008796,2026-06-18 08:49:55.719472,0.45205118881991246,lstm
USR-000023,EVT-0008797,2026-06-18 08:51:23.058233,0.47309684849213085,lstm
USR-000093,EVT-0008798,2026-06-18 08:51:37.280871,0.634935152061232,lstm
USR-000096,EVT-0008799,2026-06-18 08:52:51.564795,0.7691553724046969,baseline_fallback
SVC-000053,EVT-0008800,2026-06-18 08:52:53.695624,0.9962988593920825,lstm
USR-000153,EVT-0008801,2026-06-18 08:53:20.870569,0.8071883407842648,baseline_fallback
SVC-000011,EVT-0008802,2026-06-18 08:54:25.432173,0.6995295355087682,lstm
SVC-000051,EVT-0008803,2026-06-18 08:55:24.052314,0.35638457482285185,lstm
SVC-000016,EVT-0008804,2026-06-18 08:55:59.557346,0.9985453796498538,lstm
DEV-000026,EVT-0008805,2026-06-18 08:57:07.416600,0.41473086942458676,lstm
DEV-000020,EVT-0008806,2026-06-18 08:58:18.989292,0.5050731855073451,lstm
USR-000184,EVT-0008807,2026-06-18 08:58:28.668655,0.9245254355386486,lstm
USR-000172,EVT-0008808,2026-06-18 08:58:55.021772,0.7318891249973534,lstm
USR-000167,EVT-0008809,2026-06-18 09:00:09.987966,0.7368356563304719,lstm
USR-000102,EVT-0008810,2026-06-18 09:02:56.642939,0.698686737448224,lstm
SVC-000031,EVT-0008811,2026-06-18 09:05:29.470425,0.4804153129086961,lstm
SVC-000024,EVT-0008812,2026-06-18 09:05:57.714960,0.3770671744892465,lstm
USR-000206,EVT-0008813,2026-06-18 09:06:04.094088,0.31590786217111655,lstm
SVC-000042,EVT-0008814,2026-06-18 09:06:08.489719,0.9638205763965692,lstm
SVC-000051,EVT-0008815,2026-06-18 09:07:03.300958,0.4199608039457799,lstm
USR-000030,EVT-0008816,2026-06-18 09:09:36.889090,0.4087391055652319,lstm
USR-000019,EVT-0008817,2026-06-18 09:12:56.660474,0.5977811648772385,lstm
SVC-000053,EVT-0008818,2026-06-18 09:13:10.261544,0.9227856785344966,lstm
USR-000053,EVT-0008819,2026-06-18 09:15:18.123433,0.6604879611418982,baseline_fallback
USR-000048,EVT-0008820,2026-06-18 09:18:19.206517,0.45927738635930343,lstm
SVC-000039,EVT-0008821,2026-06-18 09:18:59.698352,0.5712688071776729,lstm
USR-000098,EVT-0008822,2026-06-18 09:19:21.743738,0.7084132407488223,baseline_fallback
USR-000071,EVT-0008823,2026-06-18 09:19:43.868940,0.8871060464140796,baseline_fallback
SVC-000042,EVT-0008824,2026-06-18 09:19:45.048844,0.31834822131590546,lstm
USR-000132,EVT-0008825,2026-06-18 09:20:28.244588,0.9779685068923673,lstm
SVC-000039,EVT-0008826,2026-06-18 09:21:38.662491,0.5640929488862212,lstm
SVC-000042,EVT-0008827,2026-06-18 09:22:45.631611,0.3715768821409842,lstm
USR-000069,EVT-0008828,2026-06-18 09:23:23.886069,0.6185834718227881,lstm
DEV-000003,EVT-0008829,2026-06-18 09:23:43.860962,0.4960262578081742,lstm
USR-000112,EVT-0008830,2026-06-18 09:24:00.594174,0.3699823154821646,baseline_fallback
USR-000129,EVT-0008831,2026-06-18 09:24:22.449700,0.33700912602682986,lstm
USR-000207,EVT-0008832,2026-06-18 09:24:32.666454,0.26583355483002286,lstm
USR-000153,EVT-0008833,2026-06-18 09:25:40.501522,0.4039149086283823,baseline_fallback
SVC-000013,EVT-0008834,2026-06-18 09:26:21.859197,0.9853021466077753,lstm
SVC-000051,EVT-0008835,2026-06-18 09:27:08.186389,0.41063980517241483,lstm
SVC-000013,EVT-0008836,2026-06-18 09:28:11.403813,0.6926538256657266,lstm
USR-000206,EVT-0008837,2026-06-18 09:28:50.708430,0.8685643729411677,lstm
USR-000023,EVT-0008838,2026-06-18 09:30:21.388417,0.4251156261997624,lstm
USR-000133,EVT-0008839,2026-06-18 09:31:39.478929,0.3281442759717087,lstm
SVC-000030,EVT-0008840,2026-06-18 09:31:41.522155,0.34428760315151286,lstm
SVC-000042,EVT-0008841,2026-06-18 09:35:24.927808,0.2621227879958138,lstm
SVC-000039,EVT-0008842,2026-06-18 09:37:30.708516,0.403983412856278,lstm
SVC-000042,EVT-0008843,2026-06-18 09:39:44.304853,0.3139717326709543,lstm
SVC-000030,EVT-0008844,2026-06-18 09:39:49.422223,0.8409824262421367,lstm
SVC-000008,EVT-0008845,2026-06-18 09:40:37.404574,0.9889116808160634,lstm
USR-000076,EVT-0008846,2026-06-18 09:41:37.427369,0.5142904026414846,lstm
SVC-000013,EVT-0008847,2026-06-18 09:41:47.197509,0.46861405142870627,lstm
DEV-000025,EVT-0008848,2026-06-18 09:43:07.881426,0.9273340023452374,lstm
SVC-000008,EVT-0008849,2026-06-18 09:44:27.037725,0.992025442029051,lstm
DEV-000001,EVT-0008850,2026-06-18 09:44:52.610585,0.2878745361618241,lstm
SVC-000016,EVT-0008851,2026-06-18 09:45:35.213039,0.9622897721619291,lstm
USR-000059,EVT-0008852,2026-06-18 09:45:52.824495,0.463689776645292,lstm
SVC-000013,EVT-0008853,2026-06-18 09:46:12.282242,0.613356964035452,lstm
DEV-000007,EVT-0008854,2026-06-18 09:46:18.637458,0.39743827462088166,lstm
SVC-000053,EVT-0008855,2026-06-18 09:49:41.292283,0.6099416011331393,lstm
USR-000167,EVT-0008856,2026-06-18 09:55:32.245627,0.3103371691201708,lstm
SVC-000039,EVT-0008857,2026-06-18 09:56:36.894190,0.43239226438369627,lstm
USR-000093,EVT-0008858,2026-06-18 09:56:41.308206,0.37300977883697345,lstm
SVC-000013,EVT-0008859,2026-06-18 09:57:24.098449,0.3662934124477649,lstm
SVC-000024,EVT-0008860,2026-06-18 09:57:50.521982,0.5361362768724611,lstm
SVC-000013,EVT-0008861,2026-06-18 09:58:03.265372,0.6505411880897226,lstm
SVC-000042,EVT-0008862,2026-06-18 09:58:05.289599,0.24108458006870773,lstm
USR-000038,EVT-0008863,2026-06-18 09:58:08.053805,0.4919084873102409,lstm
USR-000161,EVT-0008864,2026-06-18 09:58:33.819618,0.42818648504208334,baseline_fallback
USR-000162,EVT-0008865,2026-06-18 09:59:50.864415,0.4820486482961307,lstm
USR-000156,EVT-0008866,2026-06-18 09:59:57.771364,0.3916694955513634,baseline_fallback
USR-000037,EVT-0008867,2026-06-18 10:00:16.416039,0.3966881998743195,lstm
SVC-000042,EVT-0008868,2026-06-18 10:01:10.867961,0.27782184015843153,lstm
SVC-000042,EVT-0008869,2026-06-18 10:01:30.183075,0.46347540455838665,lstm
USR-000093,EVT-0008870,2026-06-18 10:01:51.350375,0.45607604406243013,lstm
SVC-000042,EVT-0008871,2026-06-18 10:01:53.497079,0.84462231939807,lstm
USR-000132,EVT-0008872,2026-06-18 10:02:05.903584,0.7362007368941167,lstm
USR-000019,EVT-0008873,2026-06-18 10:03:23.259453,0.29283653130938064,lstm
USR-000172,EVT-0008874,2026-06-18 10:03:47.335482,0.7470478374467457,lstm
USR-000094,EVT-0008875,2026-06-18 10:04:23.562780,0.9983992525397454,lstm
SVC-000042,EVT-0008876,2026-06-18 10:04:38.842233,0.2546993187541798,lstm
SVC-000039,EVT-0008877,2026-06-18 10:04:44.442544,0.3528360882845215,lstm
USR-000138,EVT-0008878,2026-06-18 10:05:08.354512,0.9512688409848773,lstm
DEV-000002,EVT-0008879,2026-06-18 10:06:11.276710,0.8091033846653207,lstm
SVC-000024,EVT-0008880,2026-06-18 10:08:48.872369,0.24677989922293248,lstm
USR-000171,EVT-0008881,2026-06-18 10:08:57.345111,0.7325274473217341,lstm
SVC-000042,EVT-0008882,2026-06-18 10:10:46.143993,0.26327735770293753,lstm
SVC-000039,EVT-0008883,2026-06-18 10:11:44.242084,0.27707003642495937,lstm
USR-000172,EVT-0008884,2026-06-18 10:12:43.148177,0.8381728203036347,lstm
DEV-000012,EVT-0008885,2026-06-18 10:14:33.310021,0.7254397206097329,lstm
SVC-000024,EVT-0008886,2026-06-18 10:14:35.085837,0.44359207069135126,lstm
DEV-000016,EVT-0008887,2026-06-18 10:14:55.836738,0.5998291154553379,lstm
SVC-000030,EVT-0008888,2026-06-18 10:15:09.767908,0.6672035656310245,lstm
USR-000028,EVT-0008889,2026-06-18 10:16:02.634933,0.40065455129936756,lstm
USR-000006,EVT-0008890,2026-06-18 10:16:38.385611,0.9938064890635074,lstm
USR-000024,EVT-0008891,2026-06-18 10:17:15.111773,0.6365750867607244,baseline_fallback
USR-000093,EVT-0008892,2026-06-18 10:17:19.097300,0.30118743792909775,lstm
USR-000095,EVT-0008893,2026-06-18 10:18:19.621449,0.8866012103173845,lstm
USR-000069,EVT-0008894,2026-06-18 10:19:48.436999,0.5513866659429107,lstm
SVC-000039,EVT-0008895,2026-06-18 10:20:13.240695,0.33216268996082443,lstm
USR-000213,EVT-0008896,2026-06-18 10:23:15.361259,0.5192913409092945,lstm
USR-000169,EVT-0008897,2026-06-18 10:24:44.758258,0.38683017845137874,baseline_fallback
SVC-000013,EVT-0008898,2026-06-18 10:25:24.858644,0.412486568251248,lstm
USR-000207,EVT-0008899,2026-06-18 10:25:30.237056,0.2994697305237249,lstm
USR-000042,EVT-0008900,2026-06-18 10:25:47.850333,0.3956575938850469,lstm
SVC-000013,EVT-0008901,2026-06-18 10:26:41.787491,0.48597785651974484,lstm
SVC-000053,EVT-0008902,2026-06-18 10:27:15.388401,0.37525568303570195,lstm
USR-000019,EVT-0008903,2026-06-18 10:27:25.786610,1.0,lstm
SVC-000053,EVT-0008904,2026-06-18 10:27:30.804385,0.7140072275423873,lstm
SVC-000021,EVT-0008905,2026-06-18 10:28:47.085579,0.9848300745449424,lstm
SVC-000053,EVT-0008906,2026-06-18 10:28:55.683301,0.5654630671261459,lstm
USR-000043,EVT-0008907,2026-06-18 10:29:35.109651,0.7424818350687845,baseline_fallback
USR-000031,EVT-0008908,2026-06-18 10:29:40.626860,0.36021494913957214,lstm
USR-000112,EVT-0008909,2026-06-18 10:29:56.795108,0.3440776056891868,baseline_fallback
SVC-000039,EVT-0008910,2026-06-18 10:30:36.809479,0.3198169172247456,lstm
USR-000111,EVT-0008911,2026-06-18 10:30:51.159798,0.8999151871280356,lstm
SVC-000042,EVT-0008912,2026-06-18 10:31:03.671372,0.2564783781795163,lstm
SVC-000042,EVT-0008913,2026-06-18 10:31:33.964084,0.3656369275706142,lstm
SVC-000024,EVT-0008914,2026-06-18 10:32:55.775011,0.23121327399917108,lstm
SVC-000013,EVT-0008915,2026-06-18 10:33:25.667137,0.42790372415054934,lstm
SVC-000039,EVT-0008916,2026-06-18 10:33:40.721960,0.3748372683395672,lstm
USR-000157,EVT-0008917,2026-06-18 10:35:18.618619,0.5093390313754638,lstm
SVC-000008,EVT-0008918,2026-06-18 10:35:32.512886,0.5877487606711935,lstm
USR-000161,EVT-0008919,2026-06-18 10:35:37.526557,0.7514285777052518,baseline_fallback
USR-000137,EVT-0008920,2026-06-18 10:35:43.317718,1.0,lstm
SVC-000001,EVT-0008921,2026-06-18 10:36:04.640114,0.9509106589273032,lstm
USR-000098,EVT-0008922,2026-06-18 10:37:39.967265,0.6525373522210132,baseline_fallback
USR-000098,EVT-0008923,2026-06-18 10:39:18.184765,0.6953685859984888,baseline_fallback
USR-000112,EVT-0008924,2026-06-18 10:39:29.913787,0.715746550065218,baseline_fallback
USR-000024,EVT-0008925,2026-06-18 10:40:26.338186,0.36886775955353773,baseline_fallback
SVC-000039,EVT-0008926,2026-06-18 10:40:41.900256,0.3532908857723981,lstm
USR-000164,EVT-0008927,2026-06-18 10:40:51.732572,0.663506119884336,baseline_fallback
USR-000041,EVT-0008928,2026-06-18 10:41:32.540501,0.34198546041573086,baseline_fallback
SVC-000053,EVT-0008929,2026-06-18 10:43:26.483013,0.3942680404532474,lstm
USR-000064,EVT-0008930,2026-06-18 10:45:38.762408,0.45442689413512616,lstm
USR-000138,EVT-0008931,2026-06-18 10:47:39.515192,0.7125150459170639,lstm
USR-000029,EVT-0008932,2026-06-18 10:47:56.883074,0.4946377772470004,lstm
USR-000135,EVT-0008933,2026-06-18 10:48:09.610661,0.3396907416349405,lstm
SVC-000016,EVT-0008934,2026-06-18 10:48:43.364201,0.8322184371421288,lstm
USR-000172,EVT-0008935,2026-06-18 10:50:37.437960,0.9999782469817591,lstm
SVC-000013,EVT-0008936,2026-06-18 10:52:05.705712,0.3603712044902681,lstm
SVC-000008,EVT-0008937,2026-06-18 10:53:46.619839,0.7038946382218573,lstm
USR-000167,EVT-0008938,2026-06-18 10:54:56.015290,0.4027200253164828,lstm
SVC-000021,EVT-0008939,2026-06-18 10:56:36.586760,0.2878565771213534,lstm
USR-000169,EVT-0008940,2026-06-18 10:57:01.340710,0.42107837791204933,baseline_fallback
SVC-000039,EVT-0008941,2026-06-18 10:57:21.509613,0.4051449899821329,lstm
USR-000095,EVT-0008942,2026-06-18 10:58:19.011444,0.679382877553601,lstm
USR-000017,EVT-0008943,2026-06-18 10:58:19.492270,0.945082763756627,baseline_fallback
SVC-000013,EVT-0008944,2026-06-18 10:59:39.576242,0.26321670188726376,lstm
USR-000093,EVT-0008945,2026-06-18 11:01:28.966759,0.2843919199752279,lstm
SVC-000016,EVT-0008946,2026-06-18 11:01:41.997104,0.8050394174351617,lstm
SVC-000013,EVT-0008947,2026-06-18 11:02:36.438109,0.7527449437582912,lstm
DEV-000001,EVT-0008948,2026-06-18 11:04:21.061238,0.24903720103821203,lstm
USR-000133,EVT-0008949,2026-06-18 11:07:19.228072,0.23838544718090132,lstm
DEV-000009,EVT-0008950,2026-06-18 11:07:43.635905,0.8036917950942621,lstm
USR-000173,EVT-0008951,2026-06-18 11:07:49.194914,0.9399394991801439,baseline_fallback
USR-000129,EVT-0008952,2026-06-18 11:07:56.741155,0.2625773683632489,lstm
SVC-000001,EVT-0008953,2026-06-18 11:08:26.771202,0.43828472923742057,lstm
USR-000166,EVT-0008954,2026-06-18 11:08:44.043844,0.41715487201419676,baseline_fallback
SVC-000053,EVT-0008955,2026-06-18 11:09:32.141094,0.5727512206792423,lstm
SVC-000042,EVT-0008956,2026-06-18 11:09:42.658171,0.3505724506279336,lstm
USR-000054,EVT-0008957,2026-06-18 11:10:28.008095,0.5896110914022449,lstm
SVC-000008,EVT-0008958,2026-06-18 11:10:40.129565,0.5819599399518632,lstm
USR-000031,EVT-0008959,2026-06-18 11:11:40.187997,0.2423432294593138,lstm
SVC-000039,EVT-0008960,2026-06-18 11:12:45.063510,0.7760495625062555,lstm
USR-000057,EVT-0008961,2026-06-18 11:14:11.338129,0.688628998556976,lstm
SVC-000039,EVT-0008962,2026-06-18 11:14:45.482347,0.8092974175196124,lstm
SVC-000001,EVT-0008963,2026-06-18 11:15:03.589792,0.6669136548846301,lstm
SVC-000021,EVT-0008964,2026-06-18 11:15:17.450698,0.2486176963482525,lstm
SVC-000001,EVT-0008965,2026-06-18 11:16:04.758828,0.7935507016810635,lstm
SVC-000016,EVT-0008966,2026-06-18 11:16:07.492574,0.6707918235605108,lstm
USR-000129,EVT-0008967,2026-06-18 11:17:23.790897,0.3119196152210207,lstm
USR-000024,EVT-0008968,2026-06-18 11:19:13.083451,0.35392384447619246,baseline_fallback
DEV-000016,EVT-0008969,2026-06-18 11:19:15.674542,0.5123780136235303,lstm
USR-000129,EVT-0008970,2026-06-18 11:20:37.839044,0.36794044152191235,lstm
SVC-000008,EVT-0008971,2026-06-18 11:20:59.520514,0.8006874810147077,lstm
USR-000135,EVT-0008972,2026-06-18 11:23:50.465303,0.36206409477267903,lstm
DEV-000015,EVT-0008973,2026-06-18 11:24:46.755578,0.9970765848188163,lstm
SVC-000008,EVT-0008974,2026-06-18 11:24:52.652501,0.6183541082883748,lstm
SVC-000050,EVT-0008975,2026-06-18 11:25:29.919576,0.9978312194519415,lstm
SVC-000024,EVT-0008976,2026-06-18 11:27:02.970053,0.4273927784710817,lstm
USR-000038,EVT-0008977,2026-06-18 11:27:08.751509,0.3770664833072955,lstm
USR-000080,EVT-0008978,2026-06-18 11:27:31.971314,0.8142801731517912,lstm
SVC-000053,EVT-0008979,2026-06-18 11:30:06.028150,0.5240876328079369,lstm
DEV-000005,EVT-0008980,2026-06-18 11:31:08.108767,0.543676293917326,lstm
SVC-000008,EVT-0008981,2026-06-18 11:31:13.874290,0.671985881033736,lstm
USR-000169,EVT-0008982,2026-06-18 11:31:40.367333,0.6662088579698767,baseline_fallback
DEV-000003,EVT-0008983,2026-06-18 11:32:52.435566,0.17333389561671209,lstm
USR-000038,EVT-0008984,2026-06-18 11:33:33.003564,0.5562425537689857,lstm
USR-000139,EVT-0008985,2026-06-18 11:34:04.135814,0.6957457405318042,baseline_fallback
SVC-000008,EVT-0008986,2026-06-18 11:39:32.564768,0.8809869794802084,lstm
USR-000023,EVT-0008987,2026-06-18 11:41:01.363292,0.3114420411520932,lstm
DEV-000019,EVT-0008988,2026-06-18 11:41:31.079148,0.9398230936168376,lstm
SVC-000053,EVT-0008989,2026-06-18 11:42:07.298598,0.39392556756884184,lstm
SVC-000001,EVT-0008990,2026-06-18 11:42:38.750686,0.38018099663901705,lstm
DEV-000022,EVT-0008991,2026-06-18 11:44:34.790121,0.44997419169271663,lstm
SVC-000050,EVT-0008992,2026-06-18 11:44:57.966030,0.9151771369706475,lstm
USR-000041,EVT-0008993,2026-06-18 11:45:12.203405,0.34155798339895166,baseline_fallback
SVC-000053,EVT-0008994,2026-06-18 11:47:13.016067,0.5462486311554374,lstm
USR-000006,EVT-0008995,2026-06-18 11:47:38.215208,0.9719279477283805,lstm
USR-000108,EVT-0008996,2026-06-18 11:47:49.145752,0.2807092303488251,baseline_fallback
USR-000135,EVT-0008997,2026-06-18 11:48:45.367544,0.2738062043570996,lstm
DEV-000022,EVT-0008998,2026-06-18 11:52:45.261345,0.9106054167563026,lstm
SVC-000050,EVT-0008999,2026-06-18 11:52:49.513658,0.8458986056059842,lstm
USR-000195,EVT-0009000,2026-06-18 11:54:50.588271,0.9150424458983667,baseline_fallback
USR-000064,EVT-0009001,2026-06-18 11:55:07.387562,0.3735358138755447,lstm
SVC-000001,EVT-0009002,2026-06-18 11:55:11.427134,0.29350638502568566,lstm
USR-000057,EVT-0009003,2026-06-18 11:55:17.023567,1.0,lstm
USR-000084,EVT-0009004,2026-06-18 11:55:32.053396,0.8309032283177401,lstm
USR-000069,EVT-0009005,2026-06-18 11:55:43.662272,0.5563270386800347,lstm
SVC-000039,EVT-0009006,2026-06-18 11:57:42.651890,0.5681773351567635,lstm
USR-000172,EVT-0009007,2026-06-18 11:57:44.849453,0.7474054345646611,lstm
DEV-000026,EVT-0009008,2026-06-18 11:59:51.377578,0.38879350725390405,lstm
SVC-000008,EVT-0009009,2026-06-18 12:00:28.616740,0.6710433981080866,lstm
SVC-000021,EVT-0009010,2026-06-18 12:01:53.961511,0.5026510382096413,lstm
USR-000024,EVT-0009011,2026-06-18 12:01:55.316112,0.30348493760036216,baseline_fallback
SVC-000008,EVT-0009012,2026-06-18 12:02:10.736649,0.8299706664645935,lstm
USR-000042,EVT-0009013,2026-06-18 12:02:34.329398,0.3679778412640237,lstm
USR-000030,EVT-0009014,2026-06-18 12:02:44.174356,0.40588393881657686,lstm
SVC-000050,EVT-0009015,2026-06-18 12:03:09.703871,0.7285843585196118,lstm
SVC-000021,EVT-0009016,2026-06-18 12:03:40.550693,0.6724387425976742,lstm
SVC-000053,EVT-0009017,2026-06-18 12:04:28.243364,0.5169179770113027,lstm
USR-000111,EVT-0009018,2026-06-18 12:04:42.244210,0.4307124887510295,lstm
SVC-000034,EVT-0009019,2026-06-18 12:05:47.684533,0.8028418748920888,lstm
USR-000069,EVT-0009020,2026-06-18 12:07:14.946520,0.5449430664085311,lstm
USR-000184,EVT-0009021,2026-06-18 12:07:42.303024,0.5581681712227581,lstm
USR-000054,EVT-0009022,2026-06-18 12:07:52.532649,0.4365273571120058,lstm
DEV-000014,EVT-0009023,2026-06-18 12:08:33.702480,0.6638800157390614,lstm
DEV-000024,EVT-0009024,2026-06-18 12:08:46.184449,0.2764665140606743,lstm
USR-000139,EVT-0009025,2026-06-18 12:09:03.404849,0.7388697166976972,baseline_fallback
SVC-000034,EVT-0009026,2026-06-18 12:09:20.518260,0.716083478526127,lstm
USR-000111,EVT-0009027,2026-06-18 12:09:22.803207,0.6217173303432584,lstm
USR-000111,EVT-0009028,2026-06-18 12:10:12.846273,0.6456472759862646,lstm
SVC-000001,EVT-0009029,2026-06-18 12:10:19.440083,0.32797748367572277,lstm
SVC-000039,EVT-0009030,2026-06-18 12:11:26.226430,0.3588558524640128,lstm
USR-000002,EVT-0009031,2026-06-18 12:12:03.654178,0.8406823328196493,lstm
SVC-000034,EVT-0009032,2026-06-18 12:12:11.202489,0.6448539873830974,lstm
USR-000132,EVT-0009033,2026-06-18 12:15:02.552511,0.6448038366283039,lstm
SVC-000021,EVT-0009034,2026-06-18 12:16:20.615514,0.407370636219501,lstm
DEV-000025,EVT-0009035,2026-06-18 12:16:24.688557,0.8111152475841984,lstm
USR-000143,EVT-0009036,2026-06-18 12:17:06.398781,0.3374403014934998,baseline_fallback
SVC-000021,EVT-0009037,2026-06-18 12:19:41.712114,0.6665147773368546,lstm
USR-000107,EVT-0009038,2026-06-18 12:20:18.699044,0.7080238800853554,baseline_fallback
USR-000043,EVT-0009039,2026-06-18 12:20:39.370817,0.40268631285025075,baseline_fallback
USR-000169,EVT-0009040,2026-06-18 12:20:52.978050,0.606924072842905,lstm
USR-000076,EVT-0009041,2026-06-18 12:22:54.455552,0.5270741825465637,lstm
USR-000065,EVT-0009042,2026-06-18 12:23:42.894753,0.3704003953055175,baseline_fallback
USR-000053,EVT-0009043,2026-06-18 12:24:29.666654,0.6252728229769815,baseline_fallback
USR-000129,EVT-0009044,2026-06-18 12:25:04.985866,0.23210977046358025,lstm
SVC-000021,EVT-0009045,2026-06-18 12:25:54.767517,0.4611034931366762,lstm
USR-000057,EVT-0009046,2026-06-18 12:26:40.787157,0.7641668518970804,lstm
USR-000103,EVT-0009047,2026-06-18 12:27:28.208816,0.7830682883715337,baseline_fallback
SVC-000008,EVT-0009048,2026-06-18 12:28:42.011033,0.6098879504771773,lstm
USR-000048,EVT-0009049,2026-06-18 12:28:59.472506,0.34828862943944716,lstm
USR-000021,EVT-0009050,2026-06-18 12:29:50.190632,0.7419157989387516,baseline_fallback
USR-000172,EVT-0009051,2026-06-18 12:29:52.133371,0.8842336389727405,lstm
USR-000035,EVT-0009052,2026-06-18 12:31:14.785891,0.41198238243351737,lstm
SVC-000050,EVT-0009053,2026-06-18 12:31:21.453464,0.42764470971586477,lstm
USR-000087,EVT-0009054,2026-06-18 12:33:46.229461,0.366064115246493,baseline_fallback
USR-000042,EVT-0009055,2026-06-18 12:35:18.681294,0.279262415566797,lstm
SVC-000028,EVT-0009056,2026-06-18 12:36:03.850126,0.9764780306965608,lstm
USR-000001,EVT-0009057,2026-06-18 12:36:27.251169,0.6923596170030852,lstm
SVC-000034,EVT-0009058,2026-06-18 12:37:29.986060,0.4275271394716404,lstm
SVC-000001,EVT-0009059,2026-06-18 12:38:16.696797,0.24084197260874518,lstm
SVC-000053,EVT-0009060,2026-06-18 12:38:17.629807,0.5637978842312724,lstm
SVC-000027,EVT-0009061,2026-06-18 12:39:12.570217,0.9994974985664392,lstm
SVC-000034,EVT-0009062,2026-06-18 12:39:14.722182,0.6780211613057513,lstm
USR-000054,EVT-0009063,2026-06-18 12:40:16.246525,0.42426352533740913,lstm
SVC-000050,EVT-0009064,2026-06-18 12:40:22.899825,0.4576603447956807,lstm
USR-000035,EVT-0009065,2026-06-18 12:41:26.893945,0.38523449582599734,lstm
SVC-000034,EVT-0009066,2026-06-18 12:41:41.705786,0.6323824442539973,lstm
SVC-000001,EVT-0009067,2026-06-18 12:41:53.805176,0.4427234263305642,lstm
DEV-000026,EVT-0009068,2026-06-18 12:42:08.490534,0.4825280989787151,lstm
USR-000078,EVT-0009069,2026-06-18 12:42:35.238310,0.3108057592526572,baseline_fallback
USR-000098,EVT-0009070,2026-06-18 12:43:04.043058,0.8461844653741815,lstm
USR-000145,EVT-0009071,2026-06-18 12:44:48.867882,0.7184067169418399,baseline_fallback
USR-000038,EVT-0009072,2026-06-18 12:46:25.466122,0.313657509392163,lstm
SVC-000053,EVT-0009073,2026-06-18 12:46:49.383171,0.5776281531939434,lstm
USR-000017,EVT-0009074,2026-06-18 12:48:07.882582,0.32950699627714936,baseline_fallback
USR-000120,EVT-0009075,2026-06-18 12:48:08.209918,0.3253025502841428,baseline_fallback
SVC-000017,EVT-0009076,2026-06-18 12:48:41.988625,0.9987782225165741,lstm
USR-000184,EVT-0009077,2026-06-18 12:49:45.431390,0.4931945479497994,lstm
USR-000077,EVT-0009078,2026-06-18 12:50:30.542794,0.6687578265209284,lstm
USR-000111,EVT-0009079,2026-06-18 12:50:41.842102,0.35211889713838807,lstm
USR-000028,EVT-0009080,2026-06-18 12:50:45.364557,0.49704159791140806,lstm
USR-000157,EVT-0009081,2026-06-18 12:52:55.915306,0.37388884866790917,lstm
USR-000208,EVT-0009082,2026-06-18 12:53:58.134460,0.9355452056561084,lstm
USR-000077,EVT-0009083,2026-06-18 12:55:10.432198,0.5722313274330798,lstm
SVC-000053,EVT-0009084,2026-06-18 12:55:29.675331,0.39501000546109843,lstm
SVC-000021,EVT-0009085,2026-06-18 12:55:58.684461,0.6235213664247976,lstm
SVC-000008,EVT-0009086,2026-06-18 12:57:03.614638,0.6385370564310555,lstm
USR-000038,EVT-0009087,2026-06-18 12:57:10.295986,0.33767921108133203,lstm
USR-000120,EVT-0009088,2026-06-18 12:57:14.559473,0.3240995406587467,baseline_fallback
DEV-000026,EVT-0009089,2026-06-18 12:58:16.939202,0.6652083886844833,lstm
USR-000084,EVT-0009090,2026-06-18 12:58:28.098045,0.5084294023956707,lstm
DEV-000026,EVT-0009091,2026-06-18 12:58:44.753362,0.9599618991009783,lstm
USR-000193,EVT-0009092,2026-06-18 12:58:45.749911,0.3989426087294911,baseline_fallback
USR-000084,EVT-0009093,2026-06-18 12:58:59.441299,0.7327011529797367,lstm
USR-000161,EVT-0009094,2026-06-18 13:02:12.817719,0.769569081736811,baseline_fallback
USR-000092,EVT-0009095,2026-06-18 13:02:22.810995,0.5891203137045561,lstm
USR-000048,EVT-0009096,2026-06-18 13:02:36.416480,0.3592750795781282,lstm
USR-000038,EVT-0009097,2026-06-18 13:02:47.933818,0.3961702525376134,lstm
USR-000208,EVT-0009098,2026-06-18 13:02:56.542689,0.7247005916156619,lstm
USR-000139,EVT-0009099,2026-06-18 13:04:25.259422,0.696218480315317,baseline_fallback
USR-000172,EVT-0009100,2026-06-18 13:05:39.130280,0.8141424352360057,lstm
SVC-000001,EVT-0009101,2026-06-18 13:05:55.221725,0.39867496856972895,lstm
SVC-000008,EVT-0009102,2026-06-18 13:09:51.177945,0.9241852577112878,lstm
USR-000028,EVT-0009103,2026-06-18 13:10:34.114519,0.5773360509223916,lstm
USR-000166,EVT-0009104,2026-06-18 13:10:55.101072,0.98494822265233,baseline_fallback
DEV-000021,EVT-0009105,2026-06-18 13:11:03.121742,0.9869370907580711,lstm
DEV-000016,EVT-0009106,2026-06-18 13:11:17.707207,0.36652560523619987,lstm
USR-000079,EVT-0009107,2026-06-18 13:11:35.586305,0.6950518478544692,lstm
USR-000087,EVT-0009108,2026-06-18 13:11:58.087216,0.9971280618326069,lstm
USR-000129,EVT-0009109,2026-06-18 13:13:03.782969,0.32597359090366784,lstm
USR-000040,EVT-0009110,2026-06-18 13:13:04.513004,0.6679420570986923,lstm
USR-000145,EVT-0009111,2026-06-18 13:14:08.031850,0.6753735628109564,baseline_fallback
USR-000213,EVT-0009112,2026-06-18 13:15:28.047337,0.33032693621509057,lstm
USR-000108,EVT-0009113,2026-06-18 13:18:31.677371,0.35158673948265534,baseline_fallback
SVC-000050,EVT-0009114,2026-06-18 13:18:44.804886,0.8601778494885195,lstm
DEV-000014,EVT-0009115,2026-06-18 13:19:00.702590,0.17970336152732067,lstm
USR-000029,EVT-0009116,2026-06-18 13:19:47.975072,0.3357203952928379,lstm
USR-000169,EVT-0009117,2026-06-18 13:20:22.965801,0.44329583633847486,lstm
USR-000160,EVT-0009118,2026-06-18 13:20:23.211449,0.9286478354780863,lstm
USR-000108,EVT-0009119,2026-06-18 13:21:29.291931,0.3059786888463241,baseline_fallback
SVC-000008,EVT-0009120,2026-06-18 13:23:01.815816,0.39546621288347306,lstm
USR-000077,EVT-0009121,2026-06-18 13:23:19.168938,0.5136256946733525,lstm
USR-000080,EVT-0009122,2026-06-18 13:23:43.554053,0.526119771103373,lstm
SVC-000008,EVT-0009123,2026-06-18 13:24:31.991085,0.43633802066997185,lstm
USR-000054,EVT-0009124,2026-06-18 13:25:43.092937,0.41298634196509926,lstm
USR-000166,EVT-0009125,2026-06-18 13:26:34.963285,0.3383740080422026,baseline_fallback
USR-000139,EVT-0009126,2026-06-18 13:27:43.712342,0.7261610957856629,baseline_fallback
SVC-000021,EVT-0009127,2026-06-18 13:29:09.053361,0.5507310422525982,lstm
USR-000019,EVT-0009128,2026-06-18 13:29:54.917859,0.45834076990903294,lstm
SVC-000050,EVT-0009129,2026-06-18 13:30:07.506435,0.5190169637519161,lstm
USR-000213,EVT-0009130,2026-06-18 13:30:11.869408,0.36745698128283205,lstm
SVC-000034,EVT-0009131,2026-06-18 13:30:52.816595,0.34549114445388907,lstm
SVC-000027,EVT-0009132,2026-06-18 13:32:33.767915,0.7587473394572476,lstm
USR-000212,EVT-0009133,2026-06-18 13:33:31.915203,0.49855154235252325,lstm
USR-000045,EVT-0009134,2026-06-18 13:34:46.292953,0.6097319615984191,lstm
USR-000187,EVT-0009135,2026-06-18 13:35:52.702682,0.3098320875326754,baseline_fallback
USR-000002,EVT-0009136,2026-06-18 13:36:08.221928,0.5097250263325747,lstm
USR-000143,EVT-0009137,2026-06-18 13:38:01.587176,0.37304884764420143,baseline_fallback
USR-000002,EVT-0009138,2026-06-18 13:38:14.970211,0.6715256825002043,lstm
USR-000001,EVT-0009139,2026-06-18 13:38:17.735006,0.5162546758757969,lstm
USR-000184,EVT-0009140,2026-06-18 13:38:25.417221,0.4864882861087462,lstm
SVC-000008,EVT-0009141,2026-06-18 13:38:43.049985,0.40558859278986487,lstm
USR-000160,EVT-0009142,2026-06-18 13:39:42.927460,0.6413467594448437,lstm
USR-000097,EVT-0009143,2026-06-18 13:39:43.600802,0.40476131476213195,lstm
USR-000023,EVT-0009144,2026-06-18 13:40:53.097351,0.3654823121021299,lstm
SVC-000008,EVT-0009145,2026-06-18 13:41:07.197733,0.46283914621063615,lstm
USR-000181,EVT-0009146,2026-06-18 13:43:00.389343,0.40740714001591627,lstm
DEV-000017,EVT-0009147,2026-06-18 13:43:46.259469,0.7728562004719951,lstm
SVC-000034,EVT-0009148,2026-06-18 13:43:48.324123,0.35440211534889,lstm
SVC-000022,EVT-0009149,2026-06-18 13:44:44.628518,0.9867389423891297,lstm
SVC-000050,EVT-0009150,2026-06-18 13:45:39.394377,0.8699545734921204,lstm
USR-000079,EVT-0009151,2026-06-18 13:45:47.743188,0.40843335767839933,lstm
SVC-000008,EVT-0009152,2026-06-18 13:46:24.865754,0.3006749752675235,lstm
USR-000078,EVT-0009153,2026-06-18 13:46:45.221671,0.32859549074410876,baseline_fallback
DEV-000026,EVT-0009154,2026-06-18 13:47:36.588383,0.27464075720527004,lstm
SVC-000027,EVT-0009155,2026-06-18 13:48:29.723938,0.7896622204371764,lstm
USR-000056,EVT-0009156,2026-06-18 13:48:53.624178,0.3638237687002202,baseline_fallback
SVC-000027,EVT-0009157,2026-06-18 13:50:23.443267,0.7857788063747603,lstm
USR-000128,EVT-0009158,2026-06-18 13:51:01.524748,0.3730729588181277,baseline_fallback
USR-000185,EVT-0009159,2026-06-18 13:51:54.765281,0.5457884786528678,lstm
USR-000004,EVT-0009160,2026-06-18 13:51:55.882774,0.31610390162629065,baseline_fallback
USR-000040,EVT-0009161,2026-06-18 13:52:24.197794,0.6797602866644293,lstm
SVC-000022,EVT-0009162,2026-06-18 13:53:26.313228,0.324447792181612,lstm
SVC-000008,EVT-0009163,2026-06-18 13:53:53.276245,0.3700017348723214,lstm
USR-000035,EVT-0009164,2026-06-18 13:54:09.400764,0.23972379300402963,lstm
SVC-000001,EVT-0009165,2026-06-18 13:54:30.535242,0.39495721785345816,lstm
USR-000143,EVT-0009166,2026-06-18 13:54:52.776795,0.30254321141347806,baseline_fallback
SVC-000021,EVT-0009167,2026-06-18 13:54:54.228381,0.41982257290009845,lstm
USR-000161,EVT-0009168,2026-06-18 13:56:38.315637,0.3147732179968559,baseline_fallback
USR-000197,EVT-0009169,2026-06-18 13:57:23.354401,0.9081450834817012,baseline_fallback
SVC-000017,EVT-0009170,2026-06-18 13:58:18.328731,0.7337005699341004,lstm
SVC-000027,EVT-0009171,2026-06-18 13:58:23.909600,0.540660308584643,lstm
USR-000172,EVT-0009172,2026-06-18 13:58:43.142531,0.5819289024023466,lstm
USR-000042,EVT-0009173,2026-06-18 13:59:46.704267,0.44367398066483377,lstm
USR-000160,EVT-0009174,2026-06-18 14:03:39.847888,0.5276234893324768,lstm
SVC-000043,EVT-0009175,2026-06-18 14:04:32.549807,0.8961164053806259,lstm
USR-000166,EVT-0009176,2026-06-18 14:05:04.544356,0.34107430526541566,baseline_fallback
USR-000024,EVT-0009177,2026-06-18 14:06:14.727876,0.6709543168699342,baseline_fallback
USR-000206,EVT-0009178,2026-06-18 14:06:32.799630,0.3224718060819787,lstm
SVC-000043,EVT-0009179,2026-06-18 14:06:50.889374,0.7391190297656619,lstm
SVC-000053,EVT-0009180,2026-06-18 14:08:12.514348,0.7603626040513529,lstm
USR-000028,EVT-0009181,2026-06-18 14:10:01.594522,0.4906747160327017,lstm
SVC-000027,EVT-0009182,2026-06-18 14:10:51.087713,0.5255996102260881,lstm
SVC-000022,EVT-0009183,2026-06-18 14:11:15.313088,0.3186155135865574,lstm
USR-000103,EVT-0009184,2026-06-18 14:11:54.923222,0.4078710429418546,baseline_fallback
USR-000184,EVT-0009185,2026-06-18 14:15:34.017182,0.46595537939012494,lstm
SVC-000022,EVT-0009186,2026-06-18 14:15:37.463409,0.3441478080092065,lstm
USR-000077,EVT-0009187,2026-06-18 14:19:53.404229,0.3889821290328202,lstm
USR-000135,EVT-0009188,2026-06-18 14:20:52.781340,0.4094758724445308,lstm
SVC-000028,EVT-0009189,2026-06-18 14:21:37.383231,0.5340408456227979,lstm
USR-000007,EVT-0009190,2026-06-18 14:21:58.618407,0.6356650349611995,baseline_fallback
SVC-000017,EVT-0009191,2026-06-18 14:22:05.328846,0.47888928138794196,lstm
USR-000061,EVT-0009192,2026-06-18 14:22:34.385826,0.9999735308247277,lstm
USR-000193,EVT-0009193,2026-06-18 14:22:50.589876,0.6940126298927857,baseline_fallback
USR-000033,EVT-0009194,2026-06-18 14:23:11.437636,0.8951171846353239,baseline_fallback
SVC-000022,EVT-0009195,2026-06-18 14:23:19.819346,0.2973737473653656,lstm
USR-000021,EVT-0009196,2026-06-18 14:23:22.107605,0.40632765271696775,baseline_fallback
USR-000035,EVT-0009197,2026-06-18 14:24:16.752234,0.25963097562688614,lstm
SVC-000017,EVT-0009198,2026-06-18 14:27:22.838026,0.37171819378946536,lstm
SVC-000027,EVT-0009199,2026-06-18 14:29:09.958895,0.5007119000152769,lstm
SVC-000022,EVT-0009200,2026-06-18 14:29:14.732168,0.6440227422097695,lstm
USR-000147,EVT-0009201,2026-06-18 14:29:16.377759,0.5866234038939763,lstm
SVC-000012,EVT-0009202,2026-06-18 14:29:27.579243,0.9978271559535972,lstm
USR-000033,EVT-0009203,2026-06-18 14:30:10.385710,0.5511465098213338,lstm
SVC-000021,EVT-0009204,2026-06-18 14:31:29.191134,0.485905133852065,lstm
SVC-000008,EVT-0009205,2026-06-18 14:32:59.092166,0.7648791070129068,lstm
SVC-000027,EVT-0009206,2026-06-18 14:34:11.968368,0.8060476206551537,lstm
USR-000160,EVT-0009207,2026-06-18 14:35:15.414664,0.47490928865330134,lstm
SVC-000027,EVT-0009208,2026-06-18 14:35:59.466298,0.5972023596288467,lstm
SVC-000022,EVT-0009209,2026-06-18 14:37:11.047319,0.25675300109904137,lstm
SVC-000026,EVT-0009210,2026-06-18 14:37:39.541794,0.9763781756404517,lstm
USR-000065,EVT-0009211,2026-06-18 14:39:14.088693,1.0,lstm
USR-000181,EVT-0009212,2026-06-18 14:41:59.928206,0.46498011682688617,lstm
SVC-000027,EVT-0009213,2026-06-18 14:42:30.371664,0.5843136113444112,lstm
SVC-000026,EVT-0009214,2026-06-18 14:44:46.780254,0.5123640698280831,lstm
USR-000017,EVT-0009215,2026-06-18 14:45:00.043507,0.29841581652712007,baseline_fallback
DEV-000015,EVT-0009216,2026-06-18 14:45:51.247020,0.9234172653522721,lstm
USR-000138,EVT-0009217,2026-06-18 14:48:32.708871,0.4948702175000654,lstm
SVC-000022,EVT-0009218,2026-06-18 14:49:36.722619,0.290492850960662,lstm
USR-000138,EVT-0009219,2026-06-18 14:50:25.384559,0.6921562078220712,lstm
USR-000101,EVT-0009220,2026-06-18 14:50:46.542599,0.3357726913167063,lstm
SVC-000049,EVT-0009221,2026-06-18 14:50:51.161927,0.9641404132105927,lstm
SVC-000010,EVT-0009222,2026-06-18 14:52:05.704987,0.9729941055803969,lstm
SVC-000012,EVT-0009223,2026-06-18 14:53:14.715720,0.5393608706146381,lstm
SVC-000027,EVT-0009224,2026-06-18 14:53:27.120825,0.8741784141307035,lstm
DEV-000009,EVT-0009225,2026-06-18 14:54:20.826908,0.24008386534531956,lstm
SVC-000008,EVT-0009226,2026-06-18 14:57:10.914165,0.5075251136526425,lstm
SVC-000010,EVT-0009227,2026-06-18 14:57:23.273456,0.5038661599959252,lstm
SVC-000043,EVT-0009228,2026-06-18 15:00:21.607682,0.5183542704657405,lstm
USR-000054,EVT-0009229,2026-06-18 15:00:30.166449,0.417733567915321,lstm
SVC-000012,EVT-0009230,2026-06-18 15:00:36.556786,0.47532896159203025,lstm
SVC-000027,EVT-0009231,2026-06-18 15:01:23.149616,0.7182280220164633,lstm
USR-000136,EVT-0009232,2026-06-18 15:02:19.807025,0.8973301839550728,baseline_fallback
SVC-000049,EVT-0009233,2026-06-18 15:02:20.699439,0.7159757999725688,lstm
USR-000062,EVT-0009234,2026-06-18 15:02:30.195170,1.0,lstm
SVC-000012,EVT-0009235,2026-06-18 15:02:47.772403,0.5675996123177612,lstm
DEV-000003,EVT-0009236,2026-06-18 15:03:30.403971,0.19571910154603836,lstm
USR-000018,EVT-0009237,2026-06-18 15:03:38.366586,0.462486733669956,lstm
SVC-000049,EVT-0009238,2026-06-18 15:04:09.313774,0.960252046342321,lstm
SVC-000027,EVT-0009239,2026-06-18 15:05:33.236793,0.696632848087529,lstm
USR-000035,EVT-0009240,2026-06-18 15:06:15.790682,0.2679554082509973,lstm
SVC-000027,EVT-0009241,2026-06-18 15:06:34.017723,0.5984450263949128,lstm
SVC-000012,EVT-0009242,2026-06-18 15:06:54.345429,0.4100417098492594,lstm
SVC-000028,EVT-0009243,2026-06-18 15:07:54.806016,0.48001871960679066,lstm
SVC-000036,EVT-0009244,2026-06-18 15:08:15.188481,0.9999999643577079,lstm
SVC-000022,EVT-0009245,2026-06-18 15:10:06.709889,0.28024350753488325,lstm
USR-000004,EVT-0009246,2026-06-18 15:10:31.105846,0.4452820743100099,baseline_fallback
USR-000160,EVT-0009247,2026-06-18 15:10:52.775413,0.3495674809875601,lstm
USR-000092,EVT-0009248,2026-06-18 15:13:51.176750,0.43858138405404506,lstm
USR-000101,EVT-0009249,2026-06-18 15:13:52.196805,0.4482603354233753,lstm
USR-000169,EVT-0009250,2026-06-18 15:14:26.794364,0.5986990326488599,lstm
USR-000035,EVT-0009251,2026-06-18 15:14:39.166691,0.37524088599233246,lstm
SVC-000001,EVT-0009252,2026-06-18 15:14:43.568716,0.5716071300702461,lstm
USR-000040,EVT-0009253,2026-06-18 15:16:01.460477,0.34497799058025713,lstm
USR-000018,EVT-0009254,2026-06-18 15:16:51.324824,0.4564024006365413,lstm
USR-000027,EVT-0009255,2026-06-18 15:19:21.616183,0.9508500287180591,lstm
SVC-000012,EVT-0009256,2026-06-18 15:19:55.794711,0.3907677125723823,lstm
USR-000068,EVT-0009257,2026-06-18 15:20:00.109186,0.7710382012896757,baseline_fallback
SVC-000036,EVT-0009258,2026-06-18 15:20:09.517030,0.9933364372747807,lstm
USR-000028,EVT-0009259,2026-06-18 15:20:43.385151,0.45919314483829277,lstm
SVC-000012,EVT-0009260,2026-06-18 15:20:49.044844,0.5703664289433366,lstm
USR-000017,EVT-0009261,2026-06-18 15:21:20.682256,0.3906848032830855,baseline_fallback
SVC-000028,EVT-0009262,2026-06-18 15:21:57.171574,0.3247630177091344,lstm
SVC-000012,EVT-0009263,2026-06-18 15:22:08.760381,0.5015194934707748,lstm
USR-000040,EVT-0009264,2026-06-18 15:22:18.240054,0.3996734374567459,lstm
USR-000184,EVT-0009265,2026-06-18 15:23:36.655179,0.44531624513819096,lstm
USR-000080,EVT-0009266,2026-06-18 15:24:14.377684,0.46455408691065936,lstm
USR-000053,EVT-0009267,2026-06-18 15:24:20.762919,0.7143664268964215,baseline_fallback
SVC-000036,EVT-0009268,2026-06-18 15:24:21.697271,0.867710268800434,lstm
DEV-000019,EVT-0009269,2026-06-18 15:25:04.308918,0.8982051670725985,lstm
USR-000065,EVT-0009270,2026-06-18 15:25:07.362106,0.804690714035984,lstm
USR-000053,EVT-0009271,2026-06-18 15:25:14.973407,0.6859181377014263,baseline_fallback
SVC-000028,EVT-0009272,2026-06-18 15:26:06.530559,0.5381202358301683,lstm
USR-000068,EVT-0009273,2026-06-18 15:28:01.830001,0.6840238236853637,baseline_fallback
DEV-000006,EVT-0009274,2026-06-18 15:28:37.961579,0.8678817997734736,lstm
USR-000033,EVT-0009275,2026-06-18 15:29:08.219387,0.2684089640023944,lstm
USR-000193,EVT-0009276,2026-06-18 15:29:10.580544,0.4629327758780168,baseline_fallback
SVC-000049,EVT-0009277,2026-06-18 15:30:08.512130,0.5223628790949361,lstm
SVC-000049,EVT-0009278,2026-06-18 15:30:27.971604,0.9567172940133519,lstm
USR-000147,EVT-0009279,2026-06-18 15:30:56.622895,0.5091861577552619,lstm
SVC-000049,EVT-0009280,2026-06-18 15:32:46.459457,0.8351549295796672,lstm
SVC-000026,EVT-0009281,2026-06-18 15:33:04.587974,0.39770622273610323,lstm
USR-000097,EVT-0009282,2026-06-18 15:34:25.006753,0.2611974724574601,lstm
SVC-000036,EVT-0009283,2026-06-18 15:36:39.467245,0.6495703014922797,lstm
USR-000152,EVT-0009284,2026-06-18 15:38:45.552958,0.49176996978530196,lstm
SVC-000036,EVT-0009285,2026-06-18 15:39:23.650721,0.6777996714347884,lstm
SVC-000036,EVT-0009286,2026-06-18 15:41:20.546496,0.8508954058245586,lstm
USR-000212,EVT-0009287,2026-06-18 15:42:41.499361,0.4638984288199338,lstm
USR-000018,EVT-0009288,2026-06-18 15:43:39.731920,0.6353195758070447,lstm
DEV-000018,EVT-0009289,2026-06-18 15:43:59.382003,0.9999274784637127,lstm
USR-000136,EVT-0009290,2026-06-18 15:44:00.760908,0.8894852464898853,baseline_fallback
USR-000160,EVT-0009291,2026-06-18 15:44:36.143346,0.37202244033006315,lstm
USR-000079,EVT-0009292,2026-06-18 15:44:42.399239,0.3524220410746577,lstm
USR-000062,EVT-0009293,2026-06-18 15:45:01.502201,0.5948808368304546,lstm
USR-000136,EVT-0009294,2026-06-18 15:45:23.571577,0.8983108906351629,baseline_fallback
USR-000192,EVT-0009295,2026-06-18 15:45:27.588294,0.3539989151234039,baseline_fallback
SVC-000036,EVT-0009296,2026-06-18 15:47:51.486250,0.5836167525019128,lstm
SVC-000036,EVT-0009297,2026-06-18 15:48:49.675405,0.9291488719552256,lstm
SVC-000049,EVT-0009298,2026-06-18 15:48:54.155466,0.38012329981766335,lstm
SVC-000036,EVT-0009299,2026-06-18 15:50:36.158706,0.8769121965515505,lstm
SVC-000036,EVT-0009300,2026-06-18 15:51:45.812624,0.7698349789142944,lstm
DEV-000026,EVT-0009301,2026-06-18 15:52:38.622244,0.33753231745913786,lstm
USR-000198,EVT-0009302,2026-06-18 15:55:24.344655,0.8612836582377597,lstm
USR-000149,EVT-0009303,2026-06-18 15:55:28.878870,0.44328935249375495,baseline_fallback
USR-000101,EVT-0009304,2026-06-18 15:55:32.170792,0.30002916398461804,lstm
USR-000184,EVT-0009305,2026-06-18 15:58:16.374239,0.43504732396103574,lstm
USR-000139,EVT-0009306,2026-06-18 15:59:58.796316,0.6003556147713179,lstm
SVC-000036,EVT-0009307,2026-06-18 16:00:50.122249,0.7976568829871773,lstm
USR-000107,EVT-0009308,2026-06-18 16:02:42.945780,0.7293674772529166,baseline_fallback
SVC-000029,EVT-0009309,2026-06-18 16:03:45.274497,0.9802512380187653,lstm
SVC-000036,EVT-0009310,2026-06-18 16:06:47.362947,0.8419689536667883,lstm
SVC-000044,EVT-0009311,2026-06-18 16:07:05.708548,0.9795348260124136,lstm
USR-000037,EVT-0009312,2026-06-18 16:09:19.142691,0.35231927731018375,lstm
USR-000161,EVT-0009313,2026-06-18 16:09:30.197464,0.6455482370294744,baseline_fallback
USR-000136,EVT-0009314,2026-06-18 16:10:18.672528,0.8345326770914562,lstm
USR-000193,EVT-0009315,2026-06-18 16:10:18.732480,0.7988660132156024,baseline_fallback
USR-000045,EVT-0009316,2026-06-18 16:12:13.372907,0.3691407696070709,lstm
USR-000152,EVT-0009317,2026-06-18 16:12:16.344846,0.4946066009437337,lstm
USR-000002,EVT-0009318,2026-06-18 16:14:15.454990,0.575362020337586,lstm
USR-000147,EVT-0009319,2026-06-18 16:16:14.513313,0.5220429699856552,lstm
SVC-000036,EVT-0009320,2026-06-18 16:17:11.144195,0.5336545111066108,lstm
SVC-000010,EVT-0009321,2026-06-18 16:18:49.269469,0.43193480489264435,lstm
DEV-000012,EVT-0009322,2026-06-18 16:20:57.311014,0.27745375749709966,lstm
SVC-000027,EVT-0009323,2026-06-18 16:21:21.315034,0.7488223475230472,lstm
SVC-000036,EVT-0009324,2026-06-18 16:22:11.922253,0.735528979615494,lstm
USR-000184,EVT-0009325,2026-06-18 16:24:23.078359,0.43253064387950463,lstm
USR-000129,EVT-0009326,2026-06-18 16:27:21.702063,0.4376698678462703,lstm
USR-000080,EVT-0009327,2026-06-18 16:31:19.784831,0.5196857963711848,lstm
DEV-000019,EVT-0009328,2026-06-18 16:31:28.282510,0.8789584824824214,lstm
USR-000144,EVT-0009329,2026-06-18 16:32:35.041781,1.0,lstm
USR-000197,EVT-0009330,2026-06-18 16:33:43.614244,0.7728702411516699,baseline_fallback
SVC-000026,EVT-0009331,2026-06-18 16:33:47.229888,0.7642525486574729,lstm
DEV-000024,EVT-0009332,2026-06-18 16:34:48.258300,0.18686740769001506,lstm
SVC-000010,EVT-0009333,2026-06-18 16:34:48.933558,0.4456751077699735,lstm
USR-000117,EVT-0009334,2026-06-18 16:36:39.228906,0.8259719054341245,lstm
DEV-000020,EVT-0009335,2026-06-18 16:37:45.510495,0.8585901297147267,lstm
USR-000068,EVT-0009336,2026-06-18 16:39:39.707076,0.7407500301040988,baseline_fallback
SVC-000028,EVT-0009337,2026-06-18 16:39:40.765434,0.37765716051340953,lstm
SVC-000010,EVT-0009338,2026-06-18 16:40:08.190931,0.4462624615684417,lstm
SVC-000029,EVT-0009339,2026-06-18 16:41:36.177629,0.4278689188759575,lstm
SVC-000028,EVT-0009340,2026-06-18 16:44:12.013000,0.5541430025617274,lstm
USR-000201,EVT-0009341,2026-06-18 16:46:29.706726,0.7581275370404463,baseline_fallback
SVC-000026,EVT-0009342,2026-06-18 16:48:43.460312,0.27375449289319104,lstm
SVC-000010,EVT-0009343,2026-06-18 16:49:00.653118,0.3123986939012398,lstm
USR-000037,EVT-0009344,2026-06-18 16:50:03.531701,0.3093384989790038,lstm
USR-000212,EVT-0009345,2026-06-18 16:51:03.697650,0.49553843844990164,lstm
USR-000017,EVT-0009346,2026-06-18 16:52:09.649081,0.3429405429746938,lstm
SVC-000026,EVT-0009347,2026-06-18 16:55:06.353871,0.3092693217678454,lstm
SVC-000005,EVT-0009348,2026-06-18 16:55:53.669652,0.9995765011195685,lstm
USR-000003,EVT-0009349,2026-06-18 16:57:36.397354,1.0,lstm
USR-000159,EVT-0009350,2026-06-18 17:01:18.502840,0.7960967668531637,baseline_fallback
SVC-000029,EVT-0009351,2026-06-18 17:01:45.493696,0.27204683353698517,lstm
DEV-000005,EVT-0009352,2026-06-18 17:02:20.987552,0.4763819292512408,lstm
USR-000017,EVT-0009353,2026-06-18 17:02:49.511319,0.37351897936072054,lstm
USR-000159,EVT-0009354,2026-06-18 17:04:00.282778,0.4684470464350465,baseline_fallback
USR-000187,EVT-0009355,2026-06-18 17:05:32.815632,0.7890546679264531,baseline_fallback
USR-000192,EVT-0009356,2026-06-18 17:05:56.685742,0.9999999997538873,lstm
USR-000152,EVT-0009357,2026-06-18 17:06:43.131172,0.6184913697210466,lstm
USR-000109,EVT-0009358,2026-06-18 17:06:50.634930,0.35146635041929386,lstm
USR-000198,EVT-0009359,2026-06-18 17:07:41.101557,0.519405193653995,lstm
USR-000032,EVT-0009360,2026-06-18 17:08:03.125011,0.765360539207165,baseline_fallback
USR-000101,EVT-0009361,2026-06-18 17:10:24.496766,0.29182650803601007,lstm
USR-000092,EVT-0009362,2026-06-18 17:10:47.555831,0.4407213941184455,lstm
USR-000084,EVT-0009363,2026-06-18 17:11:08.547692,0.5328754510765995,lstm
SVC-000010,EVT-0009364,2026-06-18 17:11:21.686288,0.4068564053347571,lstm
USR-000187,EVT-0009365,2026-06-18 17:12:00.104213,0.6779706629169504,lstm
USR-000185,EVT-0009366,2026-06-18 17:14:00.535481,0.2974275020875768,lstm
DEV-000013,EVT-0009367,2026-06-18 17:14:03.009956,0.7286161604997989,lstm
USR-000146,EVT-0009368,2026-06-18 17:15:23.960063,0.9999999999973261,lstm
SVC-000023,EVT-0009369,2026-06-18 17:16:51.884642,0.8600389486584427,lstm
USR-000045,EVT-0009370,2026-06-18 17:16:54.753105,0.2672043065875019,lstm
SVC-000010,EVT-0009371,2026-06-18 17:16:55.491763,0.3014107493774892,lstm
USR-000192,EVT-0009372,2026-06-18 17:18:44.816441,0.9767731745725056,lstm
DEV-000010,EVT-0009373,2026-06-18 17:20:03.172883,0.7042620977320898,lstm
USR-000185,EVT-0009374,2026-06-18 17:20:32.931103,0.4363138457619025,lstm
SVC-000005,EVT-0009375,2026-06-18 17:22:38.765355,0.9987190637234721,lstm
SVC-000026,EVT-0009376,2026-06-18 17:23:07.733245,0.2838999402883154,lstm
SVC-000010,EVT-0009377,2026-06-18 17:24:04.537916,0.49216354834691606,lstm
DEV-000024,EVT-0009378,2026-06-18 17:25:49.526214,0.43334879617383837,lstm
USR-000040,EVT-0009379,2026-06-18 17:27:01.574729,0.30949785134480723,lstm
USR-000018,EVT-0009380,2026-06-18 17:27:07.910415,0.40401599013826056,lstm
DEV-000025,EVT-0009381,2026-06-18 17:27:49.940512,0.4416799619858438,lstm
SVC-000026,EVT-0009382,2026-06-18 17:30:50.830038,0.2883737070006886,lstm
DEV-000004,EVT-0009383,2026-06-18 17:33:15.722693,0.566717723813137,lstm
DEV-000020,EVT-0009384,2026-06-18 17:33:28.252206,0.8286708857194879,lstm
SVC-000026,EVT-0009385,2026-06-18 17:33:30.848866,0.5740065413850889,lstm
SVC-000010,EVT-0009386,2026-06-18 17:34:18.349445,0.36730058226028767,lstm
DEV-000017,EVT-0009387,2026-06-18 17:35:39.115815,0.7359595906076914,lstm
USR-000193,EVT-0009388,2026-06-18 17:36:19.967617,0.5025379702934429,baseline_fallback
USR-000085,EVT-0009389,2026-06-18 17:39:27.140680,0.8016948472304627,baseline_fallback
USR-000029,EVT-0009390,2026-06-18 17:41:38.823140,0.4910807043197567,lstm
USR-000017,EVT-0009391,2026-06-18 17:41:44.514148,0.42671111693586383,lstm
USR-000045,EVT-0009392,2026-06-18 17:46:25.102505,0.35812536016100804,lstm
USR-000146,EVT-0009393,2026-06-18 17:46:32.684882,0.6169934717539652,lstm
DEV-000018,EVT-0009394,2026-06-18 17:47:01.645966,0.9746058619554537,lstm
DEV-000013,EVT-0009395,2026-06-18 17:49:07.367289,0.49891244223624115,lstm
USR-000147,EVT-0009396,2026-06-18 17:51:05.801089,0.592741849252724,lstm
USR-000037,EVT-0009397,2026-06-18 17:53:07.619753,0.3223199510645275,lstm
DEV-000018,EVT-0009398,2026-06-18 17:55:22.265456,0.9687547217804647,lstm
SVC-000005,EVT-0009399,2026-06-18 17:56:24.218599,0.9981055072141508,lstm
USR-000037,EVT-0009400,2026-06-18 18:02:30.883579,0.4118882829991443,lstm
SVC-000005,EVT-0009401,2026-06-18 18:06:08.567779,0.9910291915994979,lstm
DEV-000002,EVT-0009402,2026-06-18 18:09:07.710360,0.9534219267861267,lstm
DEV-000003,EVT-0009403,2026-06-18 18:09:32.914749,0.20965662583699327,lstm
SVC-000023,EVT-0009404,2026-06-18 18:11:09.399245,0.26694430117501244,lstm
USR-000004,EVT-0009405,2026-06-18 18:16:52.719715,0.5924536286454416,baseline_fallback
SVC-000010,EVT-0009406,2026-06-18 18:19:35.251505,0.46691263706648933,lstm
SVC-000029,EVT-0009407,2026-06-18 18:20:10.557154,0.47851706279839096,lstm
SVC-000004,EVT-0009408,2026-06-18 18:20:39.950047,0.9249914641129567,lstm
USR-000109,EVT-0009409,2026-06-18 18:22:51.635206,0.32624916662235054,lstm
USR-000040,EVT-0009410,2026-06-18 18:22:56.037646,0.3080209914211787,lstm
USR-000011,EVT-0009411,2026-06-18 18:23:05.026998,0.9295989116973309,baseline_fallback
SVC-000023,EVT-0009412,2026-06-18 18:23:36.132158,0.3495425017589541,lstm
USR-000212,EVT-0009413,2026-06-18 18:24:36.925537,0.4240867197901725,lstm
USR-000149,EVT-0009414,2026-06-18 18:29:27.460726,0.7346657575807518,lstm
SVC-000057,EVT-0009415,2026-06-18 18:30:23.462704,0.8259093011178883,lstm
SVC-000044,EVT-0009416,2026-06-18 18:30:58.002066,0.5290153001457142,lstm
SVC-000052,EVT-0009417,2026-06-18 18:37:38.792266,0.95618023385224,lstm
USR-000101,EVT-0009418,2026-06-18 18:39:02.663442,0.3265156900304189,lstm
USR-000146,EVT-0009419,2026-06-18 18:40:23.206782,0.5576944057749444,lstm
USR-000075,EVT-0009420,2026-06-18 18:42:17.555083,0.5135803065975206,baseline_fallback
SVC-000037,EVT-0009421,2026-06-18 18:42:37.728982,0.9707984139200222,lstm
USR-000068,EVT-0009422,2026-06-18 18:44:07.268483,0.9423223345840274,baseline_fallback
USR-000084,EVT-0009423,2026-06-18 18:46:50.080577,0.44296450952153127,lstm
USR-000212,EVT-0009424,2026-06-18 18:46:59.485107,0.4097200537426497,lstm
USR-000045,EVT-0009425,2026-06-18 18:47:56.099845,0.2809635040824211,lstm
SVC-000004,EVT-0009426,2026-06-18 18:48:21.623448,0.3055615202736792,lstm
SVC-000004,EVT-0009427,2026-06-18 18:50:21.653180,0.6999782428767302,lstm
DEV-000018,EVT-0009428,2026-06-18 18:51:17.341150,0.7223526316693931,lstm
SVC-000023,EVT-0009429,2026-06-18 18:51:41.088732,0.2890512622064676,lstm
SVC-000052,EVT-0009430,2026-06-18 18:52:52.858421,0.45968583797078394,lstm
DEV-000005,EVT-0009431,2026-06-18 18:53:49.124561,0.4535525128829304,lstm
SVC-000006,EVT-0009432,2026-06-18 18:54:08.758638,0.9939422543435864,lstm
SVC-000052,EVT-0009433,2026-06-18 18:56:34.474652,0.48349888282270703,lstm
SVC-000006,EVT-0009434,2026-06-18 18:56:57.376825,0.44296263190995017,lstm
USR-000018,EVT-0009435,2026-06-18 18:57:24.307954,0.3720098014247517,lstm
SVC-000037,EVT-0009436,2026-06-18 18:58:20.123482,0.7976237601148483,lstm
SVC-000023,EVT-0009437,2026-06-18 19:00:29.359257,0.3877579155001044,lstm
DEV-000013,EVT-0009438,2026-06-18 19:00:30.155142,0.2307715608229247,lstm
DEV-000012,EVT-0009439,2026-06-18 19:00:42.531096,0.13626758100355923,lstm
USR-000152,EVT-0009440,2026-06-18 19:05:03.996670,0.809516994557934,lstm
USR-000147,EVT-0009441,2026-06-18 19:05:55.567278,0.5211553208953216,lstm
SVC-000052,EVT-0009442,2026-06-18 19:06:23.812009,0.2890506263944688,lstm
SVC-000037,EVT-0009443,2026-06-18 19:12:38.113041,0.7627239769643558,lstm
SVC-000006,EVT-0009444,2026-06-18 19:13:04.287885,0.3809280710766978,lstm
SVC-000004,EVT-0009445,2026-06-18 19:21:21.041326,0.33541900375739064,lstm
SVC-000044,EVT-0009446,2026-06-18 19:26:36.877131,0.39487341611056387,lstm
USR-000198,EVT-0009447,2026-06-18 19:28:37.921025,0.5616150043501894,lstm
SVC-000037,EVT-0009448,2026-06-18 19:30:52.121769,0.47388550950920366,lstm
USR-000198,EVT-0009449,2026-06-18 19:33:14.096511,0.6504026021842345,lstm
USR-000198,EVT-0009450,2026-06-18 19:33:33.900519,0.6747465809137394,lstm
SVC-000004,EVT-0009451,2026-06-18 19:33:37.555511,0.28634910333796193,lstm
SVC-000006,EVT-0009452,2026-06-18 19:35:08.909809,0.4384739960299997,lstm
SVC-000048,EVT-0009453,2026-06-18 19:35:36.617443,0.9712941938117818,lstm
SVC-000057,EVT-0009454,2026-06-18 19:35:51.824765,0.24958670757632942,lstm
USR-000109,EVT-0009455,2026-06-18 19:38:10.747676,0.38984836066622913,lstm
SVC-000037,EVT-0009456,2026-06-18 19:38:31.820331,0.5217935140978286,lstm
DEV-000002,EVT-0009457,2026-06-18 19:39:43.595438,0.7352381113886081,lstm
DEV-000025,EVT-0009458,2026-06-18 19:43:41.160044,0.25540011492831627,lstm
SVC-000052,EVT-0009459,2026-06-18 19:44:12.826963,0.28470952252446335,lstm
SVC-000006,EVT-0009460,2026-06-18 19:44:49.651626,0.3469312707556099,lstm
SVC-000006,EVT-0009461,2026-06-18 19:47:16.134119,0.4840647707458594,lstm
SVC-000004,EVT-0009462,2026-06-18 19:48:28.304239,0.21487815330001214,lstm
DEV-000022,EVT-0009463,2026-06-18 19:50:59.782149,0.8601715564913669,lstm
DEV-000026,EVT-0009464,2026-06-18 19:52:42.613304,0.5804757608043493,lstm
SVC-000004,EVT-0009465,2026-06-18 19:55:04.687450,0.24131779682372897,lstm
SVC-000044,EVT-0009466,2026-06-18 19:56:09.560859,0.4916326405681877,lstm
USR-000198,EVT-0009467,2026-06-18 19:57:25.309330,0.4371611425948925,lstm
SVC-000004,EVT-0009468,2026-06-18 19:59:15.158419,0.41926702418832185,lstm
USR-000198,EVT-0009469,2026-06-18 20:00:11.872109,0.46807820516605203,lstm
DEV-000007,EVT-0009470,2026-06-18 20:01:32.167399,0.4400175206984664,lstm
SVC-000006,EVT-0009471,2026-06-18 20:01:32.935422,0.5176023664017738,lstm
DEV-000016,EVT-0009472,2026-06-18 20:01:36.988596,0.931544434986421,lstm
SVC-000057,EVT-0009473,2026-06-18 20:04:45.397922,0.5130000823690145,lstm
SVC-000006,EVT-0009474,2026-06-18 20:05:26.819723,0.4739814847531667,lstm
SVC-000061,EVT-0009475,2026-06-18 20:05:34.104169,0.9955306781607854,lstm
SVC-000060,EVT-0009476,2026-06-18 20:06:37.595588,0.9308487272416335,lstm
SVC-000004,EVT-0009477,2026-06-18 20:07:43.709779,0.2885296729897147,lstm
SVC-000035,EVT-0009478,2026-06-18 20:09:00.141664,0.9806283645571537,lstm
USR-000149,EVT-0009479,2026-06-18 20:10:56.154494,0.5580287579118703,lstm
USR-000113,EVT-0009480,2026-06-18 20:11:54.192597,0.6686503063963748,lstm
SVC-000006,EVT-0009481,2026-06-18 20:12:59.371027,0.7959788160169403,lstm
USR-000113,EVT-0009482,2026-06-18 20:13:53.965373,0.6775234297986438,lstm
SVC-000061,EVT-0009483,2026-06-18 20:15:47.181979,0.3422987695440564,lstm
DEV-000016,EVT-0009484,2026-06-18 20:16:18.584711,0.9540026722455259,lstm
USR-000056,EVT-0009485,2026-06-18 20:16:27.663194,0.7088162861915558,baseline_fallback
SVC-000048,EVT-0009486,2026-06-18 20:19:00.799140,0.3451675640734238,lstm
SVC-000044,EVT-0009487,2026-06-18 20:20:50.409790,0.4919376018945779,lstm
SVC-000061,EVT-0009488,2026-06-18 20:20:55.781976,0.3482414214627526,lstm
SVC-000048,EVT-0009489,2026-06-18 20:22:08.866125,0.41504454331340807,lstm
SVC-000061,EVT-0009490,2026-06-18 20:23:05.138496,0.3171739313276885,lstm
SVC-000048,EVT-0009491,2026-06-18 20:23:33.081630,0.4435497330633781,lstm
SVC-000004,EVT-0009492,2026-06-18 20:30:45.343153,0.436671311244871,lstm
SVC-000061,EVT-0009493,2026-06-18 20:34:34.724636,0.22592169365622106,lstm
SVC-000044,EVT-0009494,2026-06-18 20:36:33.296758,0.6324821327482626,lstm
DEV-000007,EVT-0009495,2026-06-18 20:38:21.479766,0.42571418647394726,lstm
SVC-000004,EVT-0009496,2026-06-18 20:39:10.707316,0.3980582888016497,lstm
USR-000068,EVT-0009497,2026-06-18 20:41:28.292721,0.9156693698995862,lstm
SVC-000035,EVT-0009498,2026-06-18 20:42:00.454718,0.47860446829689324,lstm
SVC-000061,EVT-0009499,2026-06-18 20:43:53.498016,0.21494478171722375,lstm
DEV-000022,EVT-0009500,2026-06-18 20:46:08.468587,0.8478349739903849,lstm
USR-000033,EVT-0009501,2026-06-18 20:52:10.477837,0.3901237846862038,lstm
SVC-000044,EVT-0009502,2026-06-18 20:53:07.146012,0.35262326825759344,lstm
SVC-000054,EVT-0009503,2026-06-18 21:01:35.180334,0.9907637969135891,lstm
SVC-000061,EVT-0009504,2026-06-18 21:07:11.555469,0.2628865634101029,lstm
USR-000092,EVT-0009505,2026-06-18 21:07:28.486591,0.5480392074886946,lstm
SVC-000052,EVT-0009506,2026-06-18 21:13:24.013488,0.6868581705687108,lstm
SVC-000045,EVT-0009507,2026-06-18 21:15:02.184314,0.9999999995243432,lstm
SVC-000035,EVT-0009508,2026-06-18 21:15:33.388251,0.3054579525471703,lstm
DEV-000001,EVT-0009509,2026-06-18 21:18:56.909819,0.9108059854944442,lstm
SVC-000060,EVT-0009510,2026-06-18 21:19:06.869344,0.5144445233004923,lstm
SVC-000060,EVT-0009511,2026-06-18 21:21:09.222815,0.8038589911644838,lstm
SVC-000035,EVT-0009512,2026-06-18 21:22:48.225980,0.4836756599217837,lstm
DEV-000014,EVT-0009513,2026-06-18 21:34:01.331784,0.9134379121112078,lstm
DEV-000002,EVT-0009514,2026-06-18 21:35:05.122348,0.7389799398179179,lstm
SVC-000054,EVT-0009515,2026-06-18 21:37:59.155692,0.47977020156487127,lstm
SVC-000044,EVT-0009516,2026-06-18 21:41:02.507214,0.4518690954180804,lstm
SVC-000045,EVT-0009517,2026-06-18 21:43:05.270064,0.9988942463171816,lstm
DEV-000007,EVT-0009518,2026-06-18 21:44:18.068143,0.2857190586225714,lstm
SVC-000035,EVT-0009519,2026-06-18 21:44:56.071897,0.2535003995440068,lstm
SVC-000054,EVT-0009520,2026-06-18 21:45:16.932316,0.35396983689723727,lstm
SVC-000054,EVT-0009521,2026-06-18 21:50:55.415137,0.36399581220599864,lstm
SVC-000045,EVT-0009522,2026-06-18 21:51:59.731885,0.8115924008746278,lstm
SVC-000035,EVT-0009523,2026-06-18 21:52:37.738240,0.2477926686350215,lstm
SVC-000045,EVT-0009524,2026-06-18 21:52:50.021335,0.6845958526737042,lstm
USR-000141,EVT-0009525,2026-06-18 21:57:02.766147,0.7096796274044439,baseline_fallback
SVC-000047,EVT-0009526,2026-06-18 21:57:58.762772,0.9317085226517202,lstm
DEV-000012,EVT-0009527,2026-06-18 21:58:33.231482,0.22811686316601795,lstm
SVC-000045,EVT-0009528,2026-06-18 22:01:35.827791,0.7744059704904502,lstm
SVC-000004,EVT-0009529,2026-06-18 22:01:47.754627,0.4781325517557886,lstm
SVC-000002,EVT-0009530,2026-06-18 22:03:34.598829,0.995857252455195,lstm
SVC-000048,EVT-0009531,2026-06-18 22:04:18.684194,0.4737155932159544,lstm
SVC-000047,EVT-0009532,2026-06-18 22:07:34.422197,0.33026435854321107,lstm
SVC-000045,EVT-0009533,2026-06-18 22:08:32.625045,0.502000131841439,lstm
SVC-000045,EVT-0009534,2026-06-18 22:08:34.022184,0.9075322630788085,lstm
SVC-000045,EVT-0009535,2026-06-18 22:10:30.425932,0.7291280609220993,lstm
SVC-000002,EVT-0009536,2026-06-18 22:16:22.841174,0.3489052631170856,lstm
SVC-000052,EVT-0009537,2026-06-18 22:20:34.039118,0.4853657180127753,lstm
SVC-000045,EVT-0009538,2026-06-18 22:22:22.453967,0.6437032883498404,lstm
SVC-000054,EVT-0009539,2026-06-18 22:23:19.630862,0.26174698136524516,lstm
DEV-000018,EVT-0009540,2026-06-18 22:24:24.639913,0.6969227644865429,lstm
SVC-000002,EVT-0009541,2026-06-18 22:27:36.653249,0.3398122362328344,lstm
SVC-000060,EVT-0009542,2026-06-18 22:28:11.511759,0.8171296369897739,lstm
SVC-000047,EVT-0009543,2026-06-18 22:28:40.388369,0.2254428077089636,lstm
SVC-000047,EVT-0009544,2026-06-18 22:30:09.391550,0.4818246887290562,lstm
SVC-000047,EVT-0009545,2026-06-18 22:30:30.477297,0.5953357790937731,lstm
SVC-000035,EVT-0009546,2026-06-18 22:35:17.631562,0.3458935095268446,lstm
SVC-000032,EVT-0009547,2026-06-18 22:36:29.102071,0.990443836564055,lstm
SVC-000041,EVT-0009548,2026-06-18 22:38:08.327284,0.9999960931936122,lstm
DEV-000014,EVT-0009549,2026-06-18 22:38:43.707783,0.5325781543427182,lstm
DEV-000009,EVT-0009550,2026-06-18 22:39:51.124857,0.3645992751358519,lstm
USR-000113,EVT-0009551,2026-06-18 22:42:28.048289,0.4367147017220373,lstm
DEV-000018,EVT-0009552,2026-06-18 22:45:11.494855,0.5688045756213868,lstm
SVC-000045,EVT-0009553,2026-06-18 22:47:40.752366,0.8423734672433906,lstm
SVC-000056,EVT-0009554,2026-06-18 22:50:49.549263,0.9676994281937352,lstm
DEV-000010,EVT-0009555,2026-06-18 22:52:32.516634,1.0,lstm
DEV-000018,EVT-0009556,2026-06-18 22:52:44.031641,1.0,lstm
SVC-000032,EVT-0009557,2026-06-18 22:53:55.727599,0.4212048495852192,lstm
SVC-000045,EVT-0009558,2026-06-18 22:54:27.160106,1.0,lstm
SVC-000028,EVT-0009559,2026-06-18 22:54:52.189017,1.0,lstm
SVC-000059,EVT-0009560,2026-06-18 22:55:12.620806,0.9949418534969496,lstm
USR-000182,EVT-0009561,2026-06-18 22:56:18.695211,0.999991180541784,lstm
SVC-000002,EVT-0009562,2026-06-18 22:56:30.172303,0.5270558773194827,lstm
SVC-000041,EVT-0009563,2026-06-18 22:56:34.994480,1.0,lstm
USR-000144,EVT-0009564,2026-06-18 22:57:00.152674,1.0,lstm
SVC-000002,EVT-0009565,2026-06-18 22:57:03.577759,0.44452217679425005,lstm
USR-000125,EVT-0009566,2026-06-18 22:57:04.713132,0.9999968366553403,lstm
SVC-000054,EVT-0009567,2026-06-18 22:57:59.374230,0.29811133042255694,lstm
SVC-000002,EVT-0009568,2026-06-18 22:59:15.190652,0.6848900681863763,lstm
SVC-000045,EVT-0009569,2026-06-18 22:59:29.854922,1.0,lstm
USR-000167,EVT-0009570,2026-06-18 23:00:36.272782,0.9999999799830184,lstm
USR-000020,EVT-0009571,2026-06-18 23:00:39.319337,0.9969146865598026,baseline_fallback
DEV-000020,EVT-0009572,2026-06-18 23:01:23.850731,1.0,lstm
SVC-000021,EVT-0009573,2026-06-18 23:01:26.590113,1.0,lstm
USR-000211,EVT-0009574,2026-06-18 23:02:33.731911,0.9969146865598026,baseline_fallback
USR-000149,EVT-0009575,2026-06-18 23:03:34.712033,0.9999999994467532,lstm
SVC-000047,EVT-0009576,2026-06-18 23:03:52.888724,0.2770453344285633,lstm
USR-000009,EVT-0009577,2026-06-18 23:04:08.034134,0.9969146865598026,baseline_fallback
USR-000166,EVT-0009578,2026-06-18 23:05:25.243221,0.9880199138117456,baseline_fallback
SVC-000038,EVT-0009579,2026-06-18 23:05:46.095887,1.0,lstm
USR-000136,EVT-0009580,2026-06-18 23:06:05.728031,0.99999802202283,lstm
DEV-000025,EVT-0009581,2026-06-18 23:06:22.069351,1.0,lstm
USR-000123,EVT-0009582,2026-06-18 23:07:50.766013,0.9880199138117456,baseline_fallback
USR-000072,EVT-0009583,2026-06-18 23:07:53.527261,0.9969146865598026,baseline_fallback
USR-000096,EVT-0009584,2026-06-18 23:07:56.845820,0.9969146865598026,baseline_fallback
SVC-000059,EVT-0009585,2026-06-18 23:08:39.259666,0.7592031812116289,lstm
USR-000122,EVT-0009586,2026-06-18 23:09:19.127788,0.3921579512306449,lstm
SVC-000003,EVT-0009587,2026-06-18 23:09:22.253735,1.0,lstm
SVC-000054,EVT-0009588,2026-06-18 23:09:57.940623,1.0,lstm
USR-000076,EVT-0009589,2026-06-18 23:10:51.711960,0.9999999371831474,lstm
DEV-000018,EVT-0009590,2026-06-18 23:11:04.713668,0.9932105388265738,lstm
USR-000002,EVT-0009591,2026-06-18 23:11:24.770083,0.9999999993155659,lstm
USR-000153,EVT-0009592,2026-06-18 23:11:47.663864,0.9880199138117456,baseline_fallback
SVC-000007,EVT-0009593,2026-06-18 23:11:49.818428,1.0,lstm
USR-000094,EVT-0009594,2026-06-18 23:12:07.378296,0.9999929522386942,lstm
SVC-000002,EVT-0009595,2026-06-18 23:12:25.527103,0.26940063523934676,lstm
SVC-000033,EVT-0009596,2026-06-18 23:13:17.886608,1.0,lstm
USR-000192,EVT-0009597,2026-06-18 23:13:24.902041,0.9999983123353684,lstm
SVC-000020,EVT-0009598,2026-06-18 23:13:38.010344,1.0,lstm
SVC-000032,EVT-0009599,2026-06-18 23:13:55.128120,0.5482294199610287,lstm
USR-000134,EVT-0009600,2026-06-18 23:14:13.074091,0.99999459638015,lstm
USR-000065,EVT-0009601,2026-06-18 23:14:15.613247,0.9999998400907726,lstm
DEV-000020,EVT-0009602,2026-06-18 23:14:57.797567,0.9989747293202348,lstm
SVC-000009,EVT-0009603,2026-06-18 23:15:49.013117,0.9999999999999998,lstm
SVC-000032,EVT-0009604,2026-06-18 23:17:04.881198,0.7599018567113622,lstm
SVC-000032,EVT-0009605,2026-06-18 23:17:42.449344,0.897797606396651,lstm
SVC-000056,EVT-0009606,2026-06-18 23:17:56.397924,0.5339157962943536,lstm
SVC-000045,EVT-0009607,2026-06-18 23:18:07.640432,0.9836454876692627,lstm
SVC-000059,EVT-0009608,2026-06-18 23:22:34.614523,0.6357288653033268,lstm
SVC-000032,EVT-0009609,2026-06-18 23:24:33.638382,0.8021743022929726,lstm
DEV-000006,EVT-0009610,2026-06-18 23:25:49.296883,0.6511390919665001,lstm
SVC-000002,EVT-0009611,2026-06-18 23:26:08.760634,0.6966981698307266,lstm
SVC-000032,EVT-0009612,2026-06-18 23:28:01.175151,0.8009453494984057,lstm
DEV-000017,EVT-0009613,2026-06-18 23:29:19.303658,0.29390587968122817,lstm
SVC-000035,EVT-0009614,2026-06-18 23:31:55.586826,0.4369076155158057,lstm
SVC-000002,EVT-0009615,2026-06-18 23:31:58.751283,0.33559436709382157,lstm
SVC-000032,EVT-0009616,2026-06-18 23:32:45.668366,0.8759353200730182,lstm
SVC-000059,EVT-0009617,2026-06-18 23:33:18.867438,0.4694976513612157,lstm
SVC-000032,EVT-0009618,2026-06-18 23:34:17.046028,0.39400960836967697,lstm
USR-000165,EVT-0009619,2026-06-18 23:37:41.465913,0.37412393816933365,lstm
DEV-000025,EVT-0009620,2026-06-18 23:37:41.618457,0.9997756285029058,lstm
SVC-000059,EVT-0009621,2026-06-18 23:38:56.040474,0.36975474769127126,lstm
SVC-000059,EVT-0009622,2026-06-18 23:39:03.868417,0.4748992476562996,lstm
SVC-000002,EVT-0009623,2026-06-18 23:39:43.749936,0.3162763854219742,lstm
DEV-000024,EVT-0009624,2026-06-18 23:40:14.088073,0.42081161894774516,lstm
SVC-000002,EVT-0009625,2026-06-18 23:40:39.152276,0.5304991586563128,lstm
SVC-000059,EVT-0009626,2026-06-18 23:41:36.173680,0.26607213212321,lstm
SVC-000056,EVT-0009627,2026-06-18 23:41:48.414842,0.40242655301695673,lstm
DEV-000022,EVT-0009628,2026-06-18 23:42:36.264178,0.7613301898254612,lstm
SVC-000002,EVT-0009629,2026-06-18 23:42:46.092432,0.463250864883075,lstm
DEV-000016,EVT-0009630,2026-06-18 23:42:52.773874,0.9704028042843509,lstm
USR-000153,EVT-0009631,2026-06-18 23:46:00.000000,0.7850557070466584,baseline_fallback
USR-000165,EVT-0009632,2026-06-18 23:48:05.208749,0.42163622161178216,lstm
SVC-000041,EVT-0009633,2026-06-18 23:48:11.407521,0.9999999940861874,lstm
USR-000165,EVT-0009634,2026-06-18 23:51:01.679336,0.456427872248359,lstm
SVC-000002,EVT-0009635,2026-06-18 23:52:06.178962,0.25663227096299096,lstm
DEV-000023,EVT-0009636,2026-06-18 23:52:35.961239,0.6847741671083949,lstm
SVC-000059,EVT-0009637,2026-06-18 23:53:24.368541,0.22231757186316195,lstm
SVC-000059,EVT-0009638,2026-06-19 00:02:28.559352,0.2674166080801699,lstm
DEV-000018,EVT-0009639,2026-06-19 00:05:36.059346,0.9789626147051472,lstm
DEV-000009,EVT-0009640,2026-06-19 00:08:42.978129,0.3440664470730228,lstm
SVC-000032,EVT-0009641,2026-06-19 00:11:04.348418,0.412304449416903,lstm
SVC-000041,EVT-0009642,2026-06-19 00:15:55.255414,0.9961043127890269,lstm
SVC-000056,EVT-0009643,2026-06-19 00:16:50.261116,0.5069308362798658,lstm
USR-000165,EVT-0009644,2026-06-19 00:19:36.422623,0.292723117624082,lstm
SVC-000032,EVT-0009645,2026-06-19 00:21:38.501374,0.3003903911077384,lstm
DEV-000022,EVT-0009646,2026-06-19 00:22:15.765836,0.5411549410280695,lstm
SVC-000041,EVT-0009647,2026-06-19 00:23:06.051945,0.9896944728252055,lstm
SVC-000056,EVT-0009648,2026-06-19 00:23:47.343251,0.5710235519012271,lstm
USR-000165,EVT-0009649,2026-06-19 00:28:02.985884,0.39268844349911824,lstm
SVC-000056,EVT-0009650,2026-06-19 00:28:16.244669,0.7860621354669313,lstm
SVC-000056,EVT-0009651,2026-06-19 00:29:53.253240,0.9136146078081804,lstm
SVC-000056,EVT-0009652,2026-06-19 00:34:46.779885,0.7016432978200456,lstm
USR-000088,EVT-0009653,2026-06-19 00:35:24.068686,0.5821813084817774,lstm
SVC-000041,EVT-0009654,2026-06-19 00:36:51.837818,0.891885220957159,lstm
SVC-000041,EVT-0009655,2026-06-19 00:46:19.676165,0.8642771728552694,lstm
SVC-000041,EVT-0009656,2026-06-19 00:50:09.845327,0.9496457919724784,lstm
DEV-000008,EVT-0009657,2026-06-19 00:51:27.370009,0.9957505719196664,lstm
SVC-000018,EVT-0009658,2026-06-19 00:53:03.214289,0.9902349312058074,lstm
SVC-000041,EVT-0009659,2026-06-19 00:53:38.354564,0.939226261736914,lstm
DEV-000007,EVT-0009660,2026-06-19 01:01:42.860499,0.2521325136715206,lstm
USR-000088,EVT-0009661,2026-06-19 01:04:18.211245,0.3402273394372338,lstm
DEV-000023,EVT-0009662,2026-06-19 01:05:26.341033,0.5624622044040435,lstm
SVC-000056,EVT-0009663,2026-06-19 01:06:33.376736,0.6348634360564096,lstm
DEV-000009,EVT-0009664,2026-06-19 01:08:13.469573,0.3864519336321209,lstm
USR-000141,EVT-0009665,2026-06-19 01:13:14.567059,0.7264769845710618,baseline_fallback
SVC-000041,EVT-0009666,2026-06-19 01:13:59.612059,0.9089341807219485,lstm
USR-000106,EVT-0009667,2026-06-19 01:16:48.313956,0.4236493690313004,lstm
DEV-000015,EVT-0009668,2026-06-19 01:19:35.986391,0.9170275984510742,lstm
SVC-000041,EVT-0009669,2026-06-19 01:22:25.106262,0.9697695391797088,lstm
DEV-000020,EVT-0009670,2026-06-19 01:31:51.664263,0.8426978228931419,lstm
USR-000165,EVT-0009671,2026-06-19 01:33:05.723547,0.2630497728331688,lstm
DEV-000009,EVT-0009672,2026-06-19 01:34:51.359638,0.4523167591825016,lstm
SVC-000041,EVT-0009673,2026-06-19 01:34:59.788513,0.9106600867837712,lstm
USR-000153,EVT-0009674,2026-06-19 01:36:43.792328,0.7548510310777823,baseline_fallback
SVC-000041,EVT-0009675,2026-06-19 01:40:10.903243,0.9308508577258218,lstm
SVC-000056,EVT-0009676,2026-06-19 01:41:42.883086,0.5045672176009762,lstm
SVC-000041,EVT-0009677,2026-06-19 01:43:02.958463,0.9231119909998183,lstm
SVC-000041,EVT-0009678,2026-06-19 01:43:22.318686,0.7048421610629364,lstm
SVC-000018,EVT-0009679,2026-06-19 01:47:33.488104,0.4969312537978252,lstm
DEV-000020,EVT-0009680,2026-06-19 01:49:12.912681,0.43707316667506196,lstm
DEV-000026,EVT-0009681,2026-06-19 01:49:32.435854,0.7875645380675891,lstm
DEV-000014,EVT-0009682,2026-06-19 01:57:32.417113,0.7519054377579285,lstm
DEV-000003,EVT-0009683,2026-06-19 02:01:28.235146,0.7390101147788696,lstm
SVC-000018,EVT-0009684,2026-06-19 02:10:31.265377,0.5432986433761743,lstm
DEV-000016,EVT-0009685,2026-06-19 02:10:44.069513,0.8221584140035196,lstm
DEV-000018,EVT-0009686,2026-06-19 02:18:54.994969,0.9669858120691043,lstm
SVC-000018,EVT-0009687,2026-06-19 02:19:56.765397,0.41422499990082273,lstm
SVC-000018,EVT-0009688,2026-06-19 02:27:19.960974,0.4304224599944912,lstm
SVC-000018,EVT-0009689,2026-06-19 02:29:03.791636,0.6529724251070855,lstm
SVC-000056,EVT-0009690,2026-06-19 02:30:57.321285,0.6619409535248164,lstm
SVC-000018,EVT-0009691,2026-06-19 02:31:09.558264,0.5582324549855158,lstm
SVC-000041,EVT-0009692,2026-06-19 02:31:52.415379,0.7201148328827113,lstm
SVC-000041,EVT-0009693,2026-06-19 02:32:13.352540,0.6410766840639153,lstm
DEV-000016,EVT-0009694,2026-06-19 02:33:58.812200,0.8435076584313586,lstm
SVC-000018,EVT-0009695,2026-06-19 02:35:17.305475,0.39228835772498805,lstm
SVC-000041,EVT-0009696,2026-06-19 02:36:50.304937,0.2893388969223147,lstm
USR-000106,EVT-0009697,2026-06-19 02:37:28.276439,0.33390668789774636,lstm
SVC-000018,EVT-0009698,2026-06-19 02:38:14.946158,0.8935868734138345,lstm
SVC-000018,EVT-0009699,2026-06-19 02:38:50.243678,0.583126492383551,lstm
USR-000106,EVT-0009700,2026-06-19 02:40:56.724156,0.504982983500765,lstm
DEV-000017,EVT-0009701,2026-06-19 02:45:01.806697,0.35113304397968764,lstm
SVC-000014,EVT-0009702,2026-06-19 02:48:28.188423,0.9964733870824884,lstm
SVC-000018,EVT-0009703,2026-06-19 02:49:37.523860,0.2916682186984487,lstm
DEV-000009,EVT-0009704,2026-06-19 02:51:26.816316,0.3001256462624453,lstm
DEV-000011,EVT-0009705,2026-06-19 02:58:39.439486,0.9999960013909086,lstm
SVC-000014,EVT-0009706,2026-06-19 03:01:25.329582,0.4760645552284801,lstm
DEV-000019,EVT-0009707,2026-06-19 03:01:31.449913,0.8961605278892318,lstm
SVC-000018,EVT-0009708,2026-06-19 03:04:24.853414,0.2943933337543301,lstm
SVC-000041,EVT-0009709,2026-06-19 03:04:31.431102,0.4174704218048777,lstm
SVC-000014,EVT-0009710,2026-06-19 03:07:40.921253,0.29422455676376397,lstm
DEV-000019,EVT-0009711,2026-06-19 03:15:26.584577,0.9129524665602896,lstm
SVC-000020,EVT-0009712,2026-06-19 03:25:40.796355,0.9999970729536172,lstm
DEV-000007,EVT-0009713,2026-06-19 03:26:46.248339,0.17080133112549323,lstm
SVC-000018,EVT-0009714,2026-06-19 03:34:40.005866,0.5079816159682443,lstm
SVC-000014,EVT-0009715,2026-06-19 03:38:34.151518,0.37250541967994294,lstm
SVC-000041,EVT-0009716,2026-06-19 03:40:18.663217,0.6868948782013333,lstm
SVC-000018,EVT-0009717,2026-06-19 03:41:31.525241,0.4303090746156868,lstm
SVC-000019,EVT-0009718,2026-06-19 03:49:16.911282,0.9957111647147332,lstm
SVC-000014,EVT-0009719,2026-06-19 04:01:53.605357,0.3476002452186326,lstm
DEV-000026,EVT-0009720,2026-06-19 04:02:40.688990,0.39538256843850433,lstm
SVC-000014,EVT-0009721,2026-06-19 04:07:41.985102,0.2226086348130571,lstm
DEV-000011,EVT-0009722,2026-06-19 04:09:42.023293,0.9910882999104741,lstm
SVC-000014,EVT-0009723,2026-06-19 04:11:49.290965,0.23677691080526891,lstm
DEV-000009,EVT-0009724,2026-06-19 04:18:17.560322,0.2664350307966271,lstm
DEV-000015,EVT-0009725,2026-06-19 04:28:37.701394,0.35938400034977475,lstm
SVC-000014,EVT-0009726,2026-06-19 04:30:49.592219,0.34068767142422174,lstm
SVC-000015,EVT-0009727,2026-06-19 04:31:40.534796,0.9999998785380851,lstm
SVC-000015,EVT-0009728,2026-06-19 04:35:47.159762,0.9994882113103167,lstm
SVC-000015,EVT-0009729,2026-06-19 04:36:31.191118,0.962817525268474,lstm
DEV-000025,EVT-0009730,2026-06-19 04:38:01.297893,0.9972835697335436,lstm
SVC-000020,EVT-0009731,2026-06-19 04:38:58.093469,0.9750426229230473,lstm
SVC-000019,EVT-0009732,2026-06-19 04:45:53.880667,0.5564871341025285,lstm
SVC-000014,EVT-0009733,2026-06-19 04:47:00.910863,0.3068923618642564,lstm
SVC-000020,EVT-0009734,2026-06-19 04:51:32.677490,0.9526230595999131,lstm
SVC-000020,EVT-0009735,2026-06-19 04:55:01.493375,0.9646311913746068,lstm
SVC-000019,EVT-0009736,2026-06-19 04:55:54.420050,0.28976578774046036,lstm
SVC-000015,EVT-0009737,2026-06-19 04:57:05.672722,0.8440088391319682,lstm
SVC-000014,EVT-0009738,2026-06-19 05:06:32.169107,0.2615386235363354,lstm
SVC-000019,EVT-0009739,2026-06-19 05:10:42.401609,0.2520581980815939,lstm
SVC-000020,EVT-0009740,2026-06-19 05:12:57.293217,0.7015546619925255,lstm
DEV-000017,EVT-0009741,2026-06-19 05:22:03.548625,0.2823029135151089,lstm
USR-000155,EVT-0009742,2026-06-19 05:26:43.692362,0.8414368477952456,lstm
DEV-000021,EVT-0009743,2026-06-19 05:36:12.990250,0.9999125413447411,lstm
DEV-000017,EVT-0009744,2026-06-19 05:36:56.189678,0.5026464451816215,lstm
DEV-000025,EVT-0009745,2026-06-19 05:38:15.935179,0.8560950842548021,lstm
USR-000116,EVT-0009746,2026-06-19 05:41:25.116122,0.6089233057303576,baseline_fallback
DEV-000008,EVT-0009747,2026-06-19 05:43:13.462062,0.6470356062405708,lstm
DEV-000011,EVT-0009748,2026-06-19 06:02:14.844114,0.9679420257772318,lstm
SVC-000009,EVT-0009749,2026-06-19 06:03:49.557439,0.9996721510747332,lstm
SVC-000009,EVT-0009750,2026-06-19 06:04:31.280161,0.9975007144265463,lstm
SVC-000055,EVT-0009751,2026-06-19 06:21:52.769305,0.993041713328942,lstm
SVC-000009,EVT-0009752,2026-06-19 06:23:31.989329,0.855161224333135,lstm
DEV-000001,EVT-0009753,2026-06-19 06:27:51.250728,0.6073577362322694,lstm
SVC-000019,EVT-0009754,2026-06-19 06:28:46.925963,0.3885030592602718,lstm
SVC-000031,EVT-0009755,2026-06-19 06:30:02.563431,0.915488001757693,lstm
SVC-000019,EVT-0009756,2026-06-19 06:30:20.635509,0.4586063553084137,lstm
DEV-000007,EVT-0009757,2026-06-19 06:32:40.571182,0.2489589174880071,lstm
SVC-000009,EVT-0009758,2026-06-19 06:33:31.411242,0.5582487086048942,lstm
SVC-000031,EVT-0009759,2026-06-19 06:35:04.713048,0.3685440277888797,lstm
SVC-000031,EVT-0009760,2026-06-19 06:47:19.541155,0.4596876608385486,lstm
USR-000142,EVT-0009761,2026-06-19 06:47:52.790252,0.8486130593749832,baseline_fallback
SVC-000009,EVT-0009762,2026-06-19 06:48:45.074695,0.5688870868513224,lstm
SVC-000055,EVT-0009763,2026-06-19 06:49:52.916264,0.3619414853701486,lstm
SVC-000031,EVT-0009764,2026-06-19 06:51:04.768234,0.5060352833123676,lstm
SVC-000009,EVT-0009765,2026-06-19 06:56:41.060745,0.6424875973084603,lstm
SVC-000040,EVT-0009766,2026-06-19 07:05:47.562701,0.9757329989042814,lstm
SVC-000031,EVT-0009767,2026-06-19 07:08:43.375855,0.37049284230495805,lstm
SVC-000011,EVT-0009768,2026-06-19 07:11:46.631700,0.9980390606573178,lstm
SVC-000011,EVT-0009769,2026-06-19 07:13:52.285770,0.49595055186361314,lstm
SVC-000031,EVT-0009770,2026-06-19 07:16:45.580241,0.37089234463269766,lstm
SVC-000009,EVT-0009771,2026-06-19 07:17:07.505588,0.6871983227945645,lstm
SVC-000011,EVT-0009772,2026-06-19 07:26:42.191453,0.4350936119055208,lstm
DEV-000006,EVT-0009773,2026-06-19 07:27:09.368732,0.9108201844092152,lstm
SVC-000051,EVT-0009774,2026-06-19 07:28:39.186618,0.8457930021795482,lstm
USR-000057,EVT-0009775,2026-06-19 07:30:00.091492,0.8219636047867412,lstm
DEV-000021,EVT-0009776,2026-06-19 07:30:11.699239,0.9901027441939239,lstm
USR-000096,EVT-0009777,2026-06-19 07:31:12.885828,0.8089777744230856,baseline_fallback
DEV-000026,EVT-0009778,2026-06-19 07:31:30.066163,0.242306179607566,lstm
DEV-000014,EVT-0009779,2026-06-19 07:32:17.029794,0.24310074427956,lstm
USR-000132,EVT-0009780,2026-06-19 07:32:19.818135,1.0,lstm
USR-000010,EVT-0009781,2026-06-19 07:33:35.507622,0.4876812005374125,baseline_fallback
SVC-000040,EVT-0009782,2026-06-19 07:33:39.461911,0.6439087157407808,lstm
SVC-000055,EVT-0009783,2026-06-19 07:36:27.054098,0.8991591306212225,lstm
SVC-000055,EVT-0009784,2026-06-19 07:36:49.602310,0.524780677454744,lstm
SVC-000040,EVT-0009785,2026-06-19 07:36:56.668984,0.5644025091911706,lstm
USR-000142,EVT-0009786,2026-06-19 07:41:50.541747,0.8433874356368826,baseline_fallback
USR-000155,EVT-0009787,2026-06-19 07:43:12.209060,0.5080650476495432,lstm
SVC-000055,EVT-0009788,2026-06-19 07:44:27.100390,0.5144860052880186,lstm
USR-000153,EVT-0009789,2026-06-19 07:44:45.278362,0.9454453728742716,lstm
USR-000155,EVT-0009790,2026-06-19 07:45:42.210059,0.9081875915939223,lstm
DEV-000011,EVT-0009791,2026-06-19 07:46:29.847437,0.6087303693579282,lstm
SVC-000046,EVT-0009792,2026-06-19 07:46:36.179308,0.9998118512325597,lstm
SVC-000040,EVT-0009793,2026-06-19 07:47:10.391128,0.580387247138411,lstm
USR-000164,EVT-0009794,2026-06-19 07:47:57.463212,0.8225938645505099,lstm
USR-000207,EVT-0009795,2026-06-19 07:48:28.978091,0.36951942479370703,lstm
DEV-000012,EVT-0009796,2026-06-19 07:52:58.817360,0.8752794000688158,lstm
USR-000041,EVT-0009797,2026-06-19 07:54:09.075473,0.5528388752888865,baseline_fallback
USR-000135,EVT-0009798,2026-06-19 07:56:28.590265,0.42812256515363284,lstm
SVC-000011,EVT-0009799,2026-06-19 07:58:31.086737,0.40749265455678196,lstm
USR-000041,EVT-0009800,2026-06-19 07:59:04.956940,0.5756259919565323,baseline_fallback
SVC-000031,EVT-0009801,2026-06-19 08:00:14.494533,0.39192996111256395,lstm
USR-000177,EVT-0009802,2026-06-19 08:00:51.610264,0.7686603348461993,lstm
SVC-000055,EVT-0009803,2026-06-19 08:02:44.811633,0.34322621399220116,lstm
SVC-000030,EVT-0009804,2026-06-19 08:04:29.745558,0.9049466456254349,lstm
SVC-000055,EVT-0009805,2026-06-19 08:04:40.495563,0.8707559746283439,lstm
USR-000019,EVT-0009806,2026-06-19 08:07:20.918056,0.5485550330801651,lstm
DEV-000025,EVT-0009807,2026-06-19 08:09:07.945000,0.8392293301752942,lstm
DEV-000017,EVT-0009808,2026-06-19 08:10:10.059541,0.35714769364298543,lstm
DEV-000006,EVT-0009809,2026-06-19 08:10:24.416392,0.6972961053847904,lstm
SVC-000055,EVT-0009810,2026-06-19 08:10:54.317532,0.4724536125843156,lstm
USR-000155,EVT-0009811,2026-06-19 08:12:18.001384,0.32922758055235934,lstm
SVC-000040,EVT-0009812,2026-06-19 08:12:50.339031,0.5090802659150653,lstm
SVC-000055,EVT-0009813,2026-06-19 08:13:51.555401,0.30573080666368657,lstm
SVC-000016,EVT-0009814,2026-06-19 08:15:09.762154,0.9653736204306338,lstm
USR-000120,EVT-0009815,2026-06-19 08:16:29.759663,0.7570666148965917,baseline_fallback
SVC-000016,EVT-0009816,2026-06-19 08:17:18.924871,0.7483646957735185,lstm
USR-000175,EVT-0009817,2026-06-19 08:18:36.366452,0.7418244746399033,baseline_fallback
SVC-000011,EVT-0009818,2026-06-19 08:20:56.035716,0.26047485179497554,lstm
DEV-000018,EVT-0009819,2026-06-19 08:22:13.716610,0.9986681027003496,lstm
SVC-000011,EVT-0009820,2026-06-19 08:22:25.076280,0.26936159232807305,lstm
SVC-000055,EVT-0009821,2026-06-19 08:22:28.122856,0.4534478822092316,lstm
SVC-000011,EVT-0009822,2026-06-19 08:22:37.854910,0.5460047540665265,lstm
USR-000162,EVT-0009823,2026-06-19 08:24:44.922642,0.5934399489159764,lstm
SVC-000008,EVT-0009824,2026-06-19 08:25:56.180247,0.9992846236586194,lstm
USR-000051,EVT-0009825,2026-06-19 08:26:33.409018,0.9240213758760201,lstm
SVC-000046,EVT-0009826,2026-06-19 08:27:59.017484,0.6412740755516722,lstm
USR-000158,EVT-0009827,2026-06-19 08:29:30.834433,0.40866339285825254,baseline_fallback
SVC-000024,EVT-0009828,2026-06-19 08:31:17.686587,0.9795186996437213,lstm
SVC-000011,EVT-0009829,2026-06-19 08:32:04.366381,0.43760710197209934,lstm
SVC-000011,EVT-0009830,2026-06-19 08:33:28.806433,0.38024602194532175,lstm
USR-000114,EVT-0009831,2026-06-19 08:34:31.511594,0.41548821047207857,baseline_fallback
SVC-000046,EVT-0009832,2026-06-19 08:36:14.043132,0.4596886616291526,lstm
SVC-000046,EVT-0009833,2026-06-19 08:36:34.844201,0.6991204649007233,lstm
SVC-000016,EVT-0009834,2026-06-19 08:37:27.313931,0.3796143651423372,lstm
USR-000167,EVT-0009835,2026-06-19 08:38:05.540552,0.8562484159146303,lstm
SVC-000051,EVT-0009836,2026-06-19 08:39:50.378912,0.3130894614134125,lstm
USR-000155,EVT-0009837,2026-06-19 08:39:54.892632,0.30886382578333305,lstm
DEV-000002,EVT-0009838,2026-06-19 08:45:12.344766,0.8019928170445304,lstm
SVC-000042,EVT-0009839,2026-06-19 08:45:56.203498,0.9934010412396072,lstm
DEV-000006,EVT-0009840,2026-06-19 08:46:31.735591,0.5121932238191256,lstm
SVC-000016,EVT-0009841,2026-06-19 08:46:53.103357,0.6488556669782417,lstm
USR-000171,EVT-0009842,2026-06-19 08:47:00.407487,0.8302913243439936,lstm
SVC-000030,EVT-0009843,2026-06-19 08:47:54.466515,0.46085244151271665,lstm
USR-000015,EVT-0009844,2026-06-19 08:48:14.825386,0.7328620735805339,baseline_fallback
USR-000013,EVT-0009845,2026-06-19 08:48:20.775875,0.6174936338320703,baseline_fallback
DEV-000010,EVT-0009846,2026-06-19 08:49:02.699509,0.9999688771699939,lstm
USR-000169,EVT-0009847,2026-06-19 08:49:41.767733,0.570791561418791,lstm
SVC-000024,EVT-0009848,2026-06-19 08:52:17.196035,0.4272877624674957,lstm
DEV-000020,EVT-0009849,2026-06-19 08:53:31.168348,0.9412268921629897,lstm
SVC-000039,EVT-0009850,2026-06-19 08:54:02.163239,0.9938805290590134,lstm
SVC-000031,EVT-0009851,2026-06-19 08:56:33.455845,0.44985467551816594,lstm
USR-000111,EVT-0009852,2026-06-19 08:56:46.366439,0.6110764677689863,lstm
SVC-000046,EVT-0009853,2026-06-19 08:57:57.015554,0.32557919512542655,lstm
USR-000167,EVT-0009854,2026-06-19 08:58:01.321507,0.710940365556992,lstm
SVC-000030,EVT-0009855,2026-06-19 08:58:30.466614,0.4750619202241483,lstm
DEV-000018,EVT-0009856,2026-06-19 09:00:24.393784,0.9977982779937464,lstm
SVC-000013,EVT-0009857,2026-06-19 09:01:43.515146,0.9960662743637996,lstm
USR-000076,EVT-0009858,2026-06-19 09:04:11.886709,0.940638376651031,lstm
SVC-000053,EVT-0009859,2026-06-19 09:06:16.245199,0.9929284400478644,lstm
USR-000022,EVT-0009860,2026-06-19 09:07:30.512708,0.8900604932316442,lstm
SVC-000046,EVT-0009861,2026-06-19 09:09:58.169315,0.37283754631229493,lstm
SVC-000042,EVT-0009862,2026-06-19 09:11:14.629625,0.37829758140383335,lstm
SVC-000016,EVT-0009863,2026-06-19 09:11:34.097518,0.44276020907572916,lstm
USR-000102,EVT-0009864,2026-06-19 09:11:35.671573,0.6281154589911395,lstm
SVC-000011,EVT-0009865,2026-06-19 09:11:45.209704,0.7629602662700442,lstm
SVC-000039,EVT-0009866,2026-06-19 09:12:43.359601,0.5276751846170094,lstm
USR-000180,EVT-0009867,2026-06-19 09:13:02.782513,0.6497691697516418,lstm
SVC-000016,EVT-0009868,2026-06-19 09:13:20.722202,0.6608130783884668,lstm
DEV-000025,EVT-0009869,2026-06-19 09:13:21.458509,0.7297739927490573,lstm
SVC-000039,EVT-0009870,2026-06-19 09:14:44.338698,0.5212527857266719,lstm
SVC-000011,EVT-0009871,2026-06-19 09:14:50.953743,0.41524709177353697,lstm
USR-000031,EVT-0009872,2026-06-19 09:16:08.372935,0.3978088975910993,lstm
DEV-000024,EVT-0009873,2026-06-19 09:17:52.365276,0.7207138688220461,lstm
SVC-000046,EVT-0009874,2026-06-19 09:19:02.947095,0.3249773286204414,lstm
USR-000120,EVT-0009875,2026-06-19 09:20:27.741935,0.38702168246603585,baseline_fallback
SVC-000013,EVT-0009876,2026-06-19 09:20:31.324360,0.6326342863939048,lstm
USR-000022,EVT-0009877,2026-06-19 09:21:12.778024,0.8805095213035101,lstm
SVC-000042,EVT-0009878,2026-06-19 09:21:55.838127,0.2881540648120003,lstm
USR-000155,EVT-0009879,2026-06-19 09:22:20.365103,0.2796766856168369,lstm
SVC-000016,EVT-0009880,2026-06-19 09:22:37.883549,0.7073400211323776,lstm
SVC-000011,EVT-0009881,2026-06-19 09:22:45.559464,0.2960736743237316,lstm
USR-000213,EVT-0009882,2026-06-19 09:24:58.266439,0.7689265087758058,lstm
USR-000022,EVT-0009883,2026-06-19 09:25:31.731959,0.6229382892544577,lstm
DEV-000004,EVT-0009884,2026-06-19 09:25:55.629522,0.6979224825784248,lstm
USR-000172,EVT-0009885,2026-06-19 09:26:31.640337,0.6259145481016745,lstm
SVC-000024,EVT-0009886,2026-06-19 09:28:26.087693,0.44361760863327354,lstm
SVC-000039,EVT-0009887,2026-06-19 09:28:40.617615,0.34600425032187526,lstm
DEV-000009,EVT-0009888,2026-06-19 09:30:35.417530,0.6481545289720945,lstm
USR-000111,EVT-0009889,2026-06-19 09:32:15.024850,0.3997593101391387,lstm
SVC-000024,EVT-0009890,2026-06-19 09:33:32.273548,0.5815756588418621,lstm
SVC-000024,EVT-0009891,2026-06-19 09:34:37.900168,0.8804772291568151,lstm
SVC-000024,EVT-0009892,2026-06-19 09:34:40.286054,0.800088510544643,lstm
SVC-000042,EVT-0009893,2026-06-19 09:34:54.499111,0.26204515414059615,lstm
SVC-000024,EVT-0009894,2026-06-19 09:35:21.392034,0.6072863105803723,lstm
SVC-000013,EVT-0009895,2026-06-19 09:36:40.300584,0.776654179738119,lstm
SVC-000024,EVT-0009896,2026-06-19 09:37:25.641297,0.3773916404363335,lstm
SVC-000024,EVT-0009897,2026-06-19 09:40:37.596365,0.3092087799469885,lstm
USR-000180,EVT-0009898,2026-06-19 09:41:10.786340,0.4676500700121819,lstm
SVC-000042,EVT-0009899,2026-06-19 09:41:42.948266,0.26342825819387555,lstm
SVC-000013,EVT-0009900,2026-06-19 09:41:44.473330,0.4127364299679242,lstm
USR-000022,EVT-0009901,2026-06-19 09:42:41.083279,0.5153431514470422,lstm
USR-000133,EVT-0009902,2026-06-19 09:43:07.654682,0.3305605740848138,lstm
USR-000008,EVT-0009903,2026-06-19 09:43:39.315647,0.8400397038530832,lstm
USR-000208,EVT-0009904,2026-06-19 09:44:03.559729,0.838676287140479,lstm
SVC-000042,EVT-0009905,2026-06-19 09:44:31.879975,0.2711350876765787,lstm
USR-000008,EVT-0009906,2026-06-19 09:46:11.547949,0.6138612705114719,lstm
SVC-000046,EVT-0009907,2026-06-19 09:46:25.989155,0.3378849496600937,lstm
SVC-000024,EVT-0009908,2026-06-19 09:49:02.392213,0.34304809476232057,lstm
SVC-000039,EVT-0009909,2026-06-19 09:50:51.097788,0.31045728584821636,lstm
SVC-000024,EVT-0009910,2026-06-19 09:51:44.266086,0.35372206531999556,lstm
SVC-000016,EVT-0009911,2026-06-19 09:51:51.335187,0.7427735843303435,lstm
SVC-000042,EVT-0009912,2026-06-19 09:51:54.121515,0.22679578874383183,lstm
USR-000102,EVT-0009913,2026-06-19 09:52:19.718661,0.6856651297763358,lstm
USR-000042,EVT-0009914,2026-06-19 09:52:49.774615,0.33246523470573647,lstm
SVC-000016,EVT-0009915,2026-06-19 09:53:17.289113,0.8420957082054669,lstm
USR-000042,EVT-0009916,2026-06-19 09:54:11.854858,0.4397774540973417,lstm
SVC-000024,EVT-0009917,2026-06-19 09:54:58.825789,0.3424449133815393,lstm
USR-000130,EVT-0009918,2026-06-19 09:56:50.962575,0.3642671769931847,baseline_fallback
SVC-000042,EVT-0009919,2026-06-19 09:57:39.309722,0.25112920598075367,lstm
USR-000166,EVT-0009920,2026-06-19 09:59:22.234993,0.415241698592894,baseline_fallback
SVC-000024,EVT-0009921,2026-06-19 09:59:38.181896,0.4252015625742745,lstm
SVC-000021,EVT-0009922,2026-06-19 10:00:36.872106,0.9999993060208159,lstm
SVC-000013,EVT-0009923,2026-06-19 10:00:58.607692,0.9022228047661743,lstm
SVC-000053,EVT-0009924,2026-06-19 10:01:56.001479,0.728113990261236,lstm
USR-000148,EVT-0009925,2026-06-19 10:04:45.422700,0.9998735773542702,lstm
USR-000022,EVT-0009926,2026-06-19 10:06:09.837050,0.3540731951689194,lstm
SVC-000039,EVT-0009927,2026-06-19 10:06:14.836030,0.3573507648867453,lstm
SVC-000013,EVT-0009928,2026-06-19 10:07:11.026938,0.42971492662557054,lstm
SVC-000050,EVT-0009929,2026-06-19 10:08:46.925535,0.9827366182011571,lstm
USR-000164,EVT-0009930,2026-06-19 10:09:22.448485,0.5101885351803498,lstm
SVC-000039,EVT-0009931,2026-06-19 10:09:32.670443,0.4353274228407717,lstm
USR-000060,EVT-0009932,2026-06-19 10:09:34.667472,0.9982588829259044,lstm
USR-000155,EVT-0009933,2026-06-19 10:11:09.282272,0.35999008086979645,lstm
USR-000057,EVT-0009934,2026-06-19 10:12:41.023960,0.6915988084601066,lstm
SVC-000042,EVT-0009935,2026-06-19 10:13:24.638387,0.2156945170725116,lstm
SVC-000042,EVT-0009936,2026-06-19 10:17:28.067079,0.257742169273917,lstm
USR-000187,EVT-0009937,2026-06-19 10:17:55.970173,0.7582497160929575,lstm
SVC-000024,EVT-0009938,2026-06-19 10:18:02.965221,0.3396763671492544,lstm
USR-000172,EVT-0009939,2026-06-19 10:18:15.342891,0.45649896035721244,lstm
DEV-000004,EVT-0009940,2026-06-19 10:19:53.822587,0.48902982751792756,lstm
SVC-000016,EVT-0009941,2026-06-19 10:20:06.529965,0.3424194603977432,lstm
DEV-000018,EVT-0009942,2026-06-19 10:20:18.112455,0.9370497383910096,lstm
SVC-000053,EVT-0009943,2026-06-19 10:20:48.415475,0.47281839642962625,lstm
USR-000098,EVT-0009944,2026-06-19 10:20:52.058781,0.7347146682042719,lstm
SVC-000042,EVT-0009945,2026-06-19 10:21:15.725437,0.27191118683545323,lstm
USR-000007,EVT-0009946,2026-06-19 10:21:42.497935,0.6843089381033016,baseline_fallback
USR-000022,EVT-0009947,2026-06-19 10:24:02.676605,0.4019895816367674,lstm
USR-000194,EVT-0009948,2026-06-19 10:26:01.439790,0.5362869719389108,lstm
USR-000162,EVT-0009949,2026-06-19 10:26:01.796118,0.32176452786573173,lstm
SVC-000039,EVT-0009950,2026-06-19 10:26:39.807132,0.3535719698426996,lstm
SVC-000039,EVT-0009951,2026-06-19 10:27:38.308439,0.8519209359053584,lstm
USR-000177,EVT-0009952,2026-06-19 10:27:48.551166,0.408967739122765,lstm
SVC-000042,EVT-0009953,2026-06-19 10:28:32.862853,0.22559555365519968,lstm
USR-000008,EVT-0009954,2026-06-19 10:28:56.901624,0.4657560391983865,lstm
USR-000120,EVT-0009955,2026-06-19 10:30:18.220767,0.5253839002403631,lstm
USR-000017,EVT-0009956,2026-06-19 10:30:31.345695,0.5297312708517858,lstm
USR-000098,EVT-0009957,2026-06-19 10:30:51.105283,0.677473007274592,lstm
DEV-000025,EVT-0009958,2026-06-19 10:31:00.049025,0.6720432400676177,lstm
SVC-000024,EVT-0009959,2026-06-19 10:31:27.733992,0.36041689848220076,lstm
SVC-000039,EVT-0009960,2026-06-19 10:31:43.033949,0.3753903372063124,lstm
SVC-000042,EVT-0009961,2026-06-19 10:32:03.964528,0.2855730513091006,lstm
SVC-000039,EVT-0009962,2026-06-19 10:32:50.013242,0.6749901553657189,lstm
USR-000096,EVT-0009963,2026-06-19 10:33:30.351091,0.6811094604185632,baseline_fallback
SVC-000042,EVT-0009964,2026-06-19 10:33:37.484805,0.7454616691608486,lstm
DEV-000007,EVT-0009965,2026-06-19 10:33:56.336304,0.4717422442222158,lstm
SVC-000053,EVT-0009966,2026-06-19 10:34:01.961632,0.40761838498554553,lstm
DEV-000017,EVT-0009967,2026-06-19 10:34:24.168403,0.3966626391495319,lstm
SVC-000021,EVT-0009968,2026-06-19 10:34:33.742312,0.9518020728122858,lstm
SVC-000013,EVT-0009969,2026-06-19 10:36:22.012474,0.3436761439503915,lstm
SVC-000024,EVT-0009970,2026-06-19 10:36:30.765952,0.374696742487628,lstm
USR-000148,EVT-0009971,2026-06-19 10:37:48.091242,0.9935666968313975,lstm
USR-000087,EVT-0009972,2026-06-19 10:37:52.678282,0.838902342634383,lstm
USR-000135,EVT-0009973,2026-06-19 10:40:14.035935,0.31914317634486383,lstm
USR-000104,EVT-0009974,2026-06-19 10:40:23.552165,0.3410995910888115,baseline_fallback
DEV-000014,EVT-0009975,2026-06-19 10:41:51.882340,0.27887948193874906,lstm
USR-000026,EVT-0009976,2026-06-19 10:42:15.503529,0.7289116236120134,lstm
USR-000155,EVT-0009977,2026-06-19 10:42:43.939783,0.36350133987457295,lstm
SVC-000013,EVT-0009978,2026-06-19 10:42:54.833071,0.4353048186802176,lstm
SVC-000021,EVT-0009979,2026-06-19 10:43:59.352445,0.7587340629032978,lstm
USR-000110,EVT-0009980,2026-06-19 10:44:16.690678,0.4382178294239863,baseline_fallback
SVC-000039,EVT-0009981,2026-06-19 10:44:59.912375,0.4370111736105325,lstm
USR-000191,EVT-0009982,2026-06-19 10:47:17.733001,0.3177298150184106,baseline_fallback
SVC-000053,EVT-0009983,2026-06-19 10:49:44.805023,0.4475691206908666,lstm
USR-000195,EVT-0009984,2026-06-19 10:52:07.881647,0.8441186078442559,baseline_fallback
USR-000008,EVT-0009985,2026-06-19 10:52:14.791040,0.3967500931795069,lstm
USR-000053,EVT-0009986,2026-06-19 10:52:36.963681,0.6550196454589949,baseline_fallback
SVC-000013,EVT-0009987,2026-06-19 10:53:21.088643,0.5209661700781294,lstm
SVC-000053,EVT-0009988,2026-06-19 10:53:28.494241,0.5352485021804477,lstm
SVC-000039,EVT-0009989,2026-06-19 10:54:42.770083,0.30317993574236346,lstm
USR-000092,EVT-0009990,2026-06-19 10:54:54.825316,0.42087966102669533,lstm
USR-000081,EVT-0009991,2026-06-19 10:55:06.627750,0.8213470091558227,lstm
USR-000166,EVT-0009992,2026-06-19 10:55:40.168567,0.6781791243026141,baseline_fallback
USR-000111,EVT-0009993,2026-06-19 10:55:48.282034,0.2948391894633861,lstm
USR-000042,EVT-0009994,2026-06-19 10:55:52.593725,0.30515435739632346,lstm
SVC-000053,EVT-0009995,2026-06-19 10:55:58.855231,0.6221991510622886,lstm
DEV-000009,EVT-0009996,2026-06-19 10:56:13.415599,0.5854156562001783,lstm
USR-000177,EVT-0009997,2026-06-19 10:56:36.080745,0.3120367418843552,lstm
USR-000024,EVT-0009998,2026-06-19 10:58:47.097007,0.3370172660251825,baseline_fallback
SVC-000021,EVT-0009999,2026-06-19 11:00:20.100885,0.6457828562406327,lstm
SVC-000042,EVT-0010000,2026-06-19 11:01:39.142974,0.6428734845787026,lstm
USR-000166,EVT-0010001,2026-06-19 11:07:41.523649,0.9074077416842407,lstm
USR-000119,EVT-0010002,2026-06-19 11:09:09.243839,0.28244870915612713,baseline_fallback
USR-000129,EVT-0010003,2026-06-19 11:09:17.639303,0.3704946004129693,lstm
DEV-000026,EVT-0010004,2026-06-19 11:09:27.172109,0.2122542519626367,lstm
SVC-000039,EVT-0010005,2026-06-19 11:14:18.082469,0.37821837061347796,lstm
DEV-000012,EVT-0010006,2026-06-19 11:14:22.570956,0.42023045872074893,lstm
USR-000166,EVT-0010007,2026-06-19 11:14:27.297728,0.8178683289446123,lstm
SVC-000013,EVT-0010008,2026-06-19 11:15:21.173310,0.38532078048226787,lstm
DEV-000002,EVT-0010009,2026-06-19 11:16:02.188389,0.23523414372071746,lstm
USR-000116,EVT-0010010,2026-06-19 11:16:40.932503,0.621768699997174,baseline_fallback
USR-000140,EVT-0010011,2026-06-19 11:17:28.681482,0.6170146836636102,baseline_fallback
USR-000133,EVT-0010012,2026-06-19 11:17:29.950278,0.2574472204867731,lstm
SVC-000050,EVT-0010013,2026-06-19 11:18:46.899279,0.5961943620553704,lstm
SVC-000008,EVT-0010014,2026-06-19 11:19:08.085982,0.6517046514083629,lstm
USR-000001,EVT-0010015,2026-06-19 11:19:13.398229,0.516270971286624,lstm
SVC-000021,EVT-0010016,2026-06-19 11:19:18.448851,0.5621997996348813,lstm
SVC-000053,EVT-0010017,2026-06-19 11:22:05.774245,0.4492125584742467,lstm
USR-000164,EVT-0010018,2026-06-19 11:22:36.863804,0.3690862605183604,lstm
SVC-000021,EVT-0010019,2026-06-19 11:24:13.959099,0.6710256722705807,lstm
USR-000153,EVT-0010020,2026-06-19 11:28:53.139314,0.8082862998596876,lstm
SVC-000024,EVT-0010021,2026-06-19 11:30:41.735622,0.5336714507980813,lstm
USR-000071,EVT-0010022,2026-06-19 11:33:24.456160,0.6300696506331372,baseline_fallback
DEV-000020,EVT-0010023,2026-06-19 11:33:37.562390,0.9381640654676253,lstm
USR-000207,EVT-0010024,2026-06-19 11:35:10.324987,0.3157994882972295,lstm
USR-000066,EVT-0010025,2026-06-19 11:35:17.187976,0.6749354334620908,lstm
USR-000041,EVT-0010026,2026-06-19 11:35:18.918084,0.9976203890093156,lstm
USR-000211,EVT-0010027,2026-06-19 11:36:00.696087,0.31095938006507334,baseline_fallback
USR-000121,EVT-0010028,2026-06-19 11:36:31.990171,0.7930082403810153,lstm
USR-000081,EVT-0010029,2026-06-19 11:37:20.884124,0.5854999992410007,lstm
SVC-000039,EVT-0010030,2026-06-19 11:38:31.065621,0.5236706844411708,lstm
USR-000126,EVT-0010031,2026-06-19 11:38:40.288894,0.7050911716242599,lstm
USR-000131,EVT-0010032,2026-06-19 11:39:38.582601,0.35566803167196565,baseline_fallback
DEV-000020,EVT-0010033,2026-06-19 11:39:39.619385,0.9528245101452286,lstm
USR-000164,EVT-0010034,2026-06-19 11:42:54.439895,0.4025754792182549,lstm
USR-000167,EVT-0010035,2026-06-19 11:43:11.983498,0.3889759649301413,lstm
USR-000013,EVT-0010036,2026-06-19 11:43:35.391971,0.4402608894432491,baseline_fallback
USR-000025,EVT-0010037,2026-06-19 11:43:41.429310,1.0,lstm
USR-000171,EVT-0010038,2026-06-19 11:44:21.833809,0.535450720656482,lstm
USR-000026,EVT-0010039,2026-06-19 11:44:23.395223,0.6616182837848082,lstm
SVC-000053,EVT-0010040,2026-06-19 11:45:05.225287,0.42373848281979304,lstm
USR-000194,EVT-0010041,2026-06-19 11:45:35.451022,0.29126261165569295,lstm
SVC-000039,EVT-0010042,2026-06-19 11:46:18.638408,0.339116141924182,lstm
SVC-000008,EVT-0010043,2026-06-19 11:46:33.812269,0.7143940205855936,lstm
USR-000015,EVT-0010044,2026-06-19 11:47:13.304041,0.983952396361967,baseline_fallback
USR-000153,EVT-0010045,2026-06-19 11:47:33.632757,0.780658756378841,lstm
USR-000010,EVT-0010046,2026-06-19 11:48:34.915716,0.6948796215493616,baseline_fallback
USR-000195,EVT-0010047,2026-06-19 11:48:35.031875,0.9150424458983667,baseline_fallback
SVC-000051,EVT-0010048,2026-06-19 11:49:14.522211,0.6370363104342429,lstm
DEV-000003,EVT-0010049,2026-06-19 11:50:07.981002,0.29301711376585937,lstm
USR-000148,EVT-0010050,2026-06-19 11:50:40.005029,0.9898357492519682,lstm
USR-000151,EVT-0010051,2026-06-19 11:50:46.341694,0.5550125084690718,lstm
DEV-000008,EVT-0010052,2026-06-19 11:51:31.250049,0.8755882441945807,lstm
SVC-000008,EVT-0010053,2026-06-19 11:51:43.308078,0.5568515456429144,lstm
SVC-000050,EVT-0010054,2026-06-19 11:56:42.495273,0.5621782998022916,lstm
USR-000066,EVT-0010055,2026-06-19 11:57:41.917648,0.3775213827926002,lstm
USR-000108,EVT-0010056,2026-06-19 11:58:41.958319,0.2819775133237175,baseline_fallback
USR-000024,EVT-0010057,2026-06-19 11:58:50.881256,0.2929283476003778,baseline_fallback
USR-000101,EVT-0010058,2026-06-19 11:58:53.419065,0.48410688480242947,lstm
USR-000105,EVT-0010059,2026-06-19 11:59:38.782914,0.6715618193274022,baseline_fallback
SVC-000008,EVT-0010060,2026-06-19 12:00:47.502463,0.5854100989847939,lstm
USR-000172,EVT-0010061,2026-06-19 12:02:26.053595,0.3358422905107567,lstm
USR-000101,EVT-0010062,2026-06-19 12:02:36.557355,0.526020966802248,lstm
USR-000117,EVT-0010063,2026-06-19 12:05:12.708452,0.674169486054338,lstm
SVC-000016,EVT-0010064,2026-06-19 12:05:49.936672,0.9154173413201789,lstm
USR-000116,EVT-0010065,2026-06-19 12:06:43.964152,0.3625154291729522,baseline_fallback
SVC-000021,EVT-0010066,2026-06-19 12:08:05.573238,0.6133491830009601,lstm
USR-000159,EVT-0010067,2026-06-19 12:08:28.471381,0.40440507213338395,baseline_fallback
SVC-000053,EVT-0010068,2026-06-19 12:11:50.772940,0.38753886532565285,lstm
USR-000015,EVT-0010069,2026-06-19 12:13:48.927168,0.6432833513146538,baseline_fallback
USR-000118,EVT-0010070,2026-06-19 12:15:50.150963,0.6782253059195158,lstm
USR-000062,EVT-0010071,2026-06-19 12:17:11.146699,0.555621008880545,lstm
SVC-000039,EVT-0010072,2026-06-19 12:17:11.378578,0.5090456320491795,lstm
SVC-000050,EVT-0010073,2026-06-19 12:17:28.666029,0.5056077620917183,lstm
DEV-000021,EVT-0010074,2026-06-19 12:18:05.069847,0.8777028147678678,lstm
USR-000180,EVT-0010075,2026-06-19 12:19:09.963652,0.48974904849012446,lstm
SVC-000034,EVT-0010076,2026-06-19 12:20:37.417536,0.9186158595257212,lstm
USR-000001,EVT-0010077,2026-06-19 12:21:15.290289,0.34678102516105475,lstm
USR-000053,EVT-0010078,2026-06-19 12:21:59.267913,0.9999999999999845,lstm
USR-000082,EVT-0010079,2026-06-19 12:22:13.118999,0.9545583132429315,lstm
SVC-000021,EVT-0010080,2026-06-19 12:22:40.103886,0.910383981609812,lstm
USR-000183,EVT-0010081,2026-06-19 12:22:46.305453,0.7693787617722871,lstm
SVC-000021,EVT-0010082,2026-06-19 12:23:36.913394,0.9684444585667719,lstm
DEV-000008,EVT-0010083,2026-06-19 12:23:38.863051,0.893541989594596,lstm
DEV-000005,EVT-0010084,2026-06-19 12:25:23.552955,0.5884170836299089,lstm
USR-000115,EVT-0010085,2026-06-19 12:25:52.526160,0.8278952975425996,lstm
USR-000213,EVT-0010086,2026-06-19 12:26:02.789693,0.745044498399357,lstm
USR-000044,EVT-0010087,2026-06-19 12:26:35.622862,0.9113330075836653,lstm
SVC-000021,EVT-0010088,2026-06-19 12:27:01.042123,0.9940361413184775,lstm
SVC-000008,EVT-0010089,2026-06-19 12:27:36.865643,0.36243523163648234,lstm
SVC-000021,EVT-0010090,2026-06-19 12:28:46.045060,0.9120704124096627,lstm
USR-000211,EVT-0010091,2026-06-19 12:29:35.887660,0.3652392861281051,baseline_fallback
SVC-000021,EVT-0010092,2026-06-19 12:30:35.209649,0.7373744670012874,lstm
USR-000063,EVT-0010093,2026-06-19 12:31:43.601900,0.6262138172421841,baseline_fallback
USR-000105,EVT-0010094,2026-06-19 12:33:27.189613,0.2960637935557264,baseline_fallback
USR-000195,EVT-0010095,2026-06-19 12:34:00.807241,0.7472104060701694,lstm
SVC-000017,EVT-0010096,2026-06-19 12:34:06.764585,0.9880234417080872,lstm
SVC-000008,EVT-0010097,2026-06-19 12:35:03.203589,0.432681193576681,lstm
DEV-000020,EVT-0010098,2026-06-19 12:35:53.315869,0.5353135763070489,lstm
USR-000151,EVT-0010099,2026-06-19 12:36:16.690796,0.3499825347029524,lstm
USR-000183,EVT-0010100,2026-06-19 12:36:35.265073,0.5520674884307085,lstm
USR-000086,EVT-0010101,2026-06-19 12:37:13.027734,0.8250586396066404,lstm
SVC-000008,EVT-0010102,2026-06-19 12:37:39.890590,0.4774762714841274,lstm
SVC-000050,EVT-0010103,2026-06-19 12:38:08.992688,0.5292891894238783,lstm
USR-000115,EVT-0010104,2026-06-19 12:39:52.661891,0.49530314278939663,lstm
DEV-000013,EVT-0010105,2026-06-19 12:40:30.212815,0.9290143981421509,lstm
USR-000008,EVT-0010106,2026-06-19 12:41:04.477223,0.34203360247112097,lstm
DEV-000021,EVT-0010107,2026-06-19 12:41:28.107513,0.4277322620497261,lstm
USR-000129,EVT-0010108,2026-06-19 12:41:43.306880,0.2533573084606345,lstm
USR-000006,EVT-0010109,2026-06-19 12:43:36.417296,0.78325233734393,lstm
USR-000116,EVT-0010110,2026-06-19 12:44:22.383153,0.319693063003345,baseline_fallback
USR-000008,EVT-0010111,2026-06-19 12:44:38.163525,0.3550187033781538,lstm
USR-000057,EVT-0010112,2026-06-19 12:44:55.439359,0.40291750227728684,lstm
SVC-000017,EVT-0010113,2026-06-19 12:45:46.653859,0.7710855320401707,lstm
SVC-000027,EVT-0010114,2026-06-19 12:46:30.128897,0.9933066331715487,lstm
USR-000208,EVT-0010115,2026-06-19 12:47:07.551300,0.7398998682818133,lstm
USR-000110,EVT-0010116,2026-06-19 12:47:13.340722,0.42550914438688797,baseline_fallback
SVC-000017,EVT-0010117,2026-06-19 12:47:18.003445,0.802477942840327,lstm
USR-000144,EVT-0010118,2026-06-19 12:47:33.215724,0.8435541995266673,lstm
USR-000110,EVT-0010119,2026-06-19 12:48:53.803702,0.3150542831915249,baseline_fallback
USR-000087,EVT-0010120,2026-06-19 12:49:52.841807,1.0,lstm
USR-000006,EVT-0010121,2026-06-19 12:50:18.288227,0.7915089883700492,lstm
SVC-000039,EVT-0010122,2026-06-19 12:52:40.602214,0.5555421378452245,lstm
SVC-000049,EVT-0010123,2026-06-19 12:53:38.649717,0.9603716449892611,lstm
DEV-000022,EVT-0010124,2026-06-19 12:54:13.548710,0.5154767010701258,lstm
USR-000086,EVT-0010125,2026-06-19 12:54:48.828504,0.5291445277771644,lstm
USR-000213,EVT-0010126,2026-06-19 12:56:20.400642,0.5005150465078869,lstm
USR-000187,EVT-0010127,2026-06-19 12:57:23.827294,0.44650748050757044,lstm
USR-000131,EVT-0010128,2026-06-19 12:59:40.685819,0.6611175199397016,baseline_fallback
USR-000005,EVT-0010129,2026-06-19 12:59:43.552420,0.3236051813501564,baseline_fallback
SVC-000021,EVT-0010130,2026-06-19 13:01:00.036171,0.8467884711358605,lstm
SVC-000053,EVT-0010131,2026-06-19 13:01:03.424679,0.4871909687361901,lstm
USR-000066,EVT-0010132,2026-06-19 13:01:48.438470,0.2717687334716861,lstm
SVC-000039,EVT-0010133,2026-06-19 13:01:58.724564,0.44462874420158516,lstm
USR-000178,EVT-0010134,2026-06-19 13:03:14.622636,0.7518548131580606,lstm
SVC-000008,EVT-0010135,2026-06-19 13:03:20.217429,0.31228230762253634,lstm
SVC-000021,EVT-0010136,2026-06-19 13:03:29.768472,0.7026189460615215,lstm
USR-000140,EVT-0010137,2026-06-19 13:05:21.868268,0.8159168606301292,lstm
USR-000115,EVT-0010138,2026-06-19 13:05:23.897097,0.38978777169457396,lstm
USR-000123,EVT-0010139,2026-06-19 13:06:11.758516,0.9435097220413395,baseline_fallback
SVC-000050,EVT-0010140,2026-06-19 13:06:37.646748,0.29858050512465306,lstm
SVC-000028,EVT-0010141,2026-06-19 13:06:44.115783,0.998353139690034,lstm
USR-000083,EVT-0010142,2026-06-19 13:07:44.475734,0.6572381535826175,baseline_fallback
USR-000044,EVT-0010143,2026-06-19 13:09:44.021042,0.6472070137224403,lstm
SVC-000017,EVT-0010144,2026-06-19 13:09:55.204815,0.5196202489582376,lstm
USR-000207,EVT-0010145,2026-06-19 13:10:32.114083,0.383597308540645,lstm
SVC-000034,EVT-0010146,2026-06-19 13:10:53.811939,0.275954343771232,lstm
USR-000102,EVT-0010147,2026-06-19 13:11:07.337830,0.5194757887667129,lstm
DEV-000024,EVT-0010148,2026-06-19 13:11:17.918543,0.33788141957310014,lstm
SVC-000021,EVT-0010149,2026-06-19 13:11:25.496285,0.5610871352557758,lstm
USR-000160,EVT-0010150,2026-06-19 13:11:46.015021,0.4837341854852136,lstm
USR-000177,EVT-0010151,2026-06-19 13:11:59.985787,0.26675903955909,lstm
SVC-000053,EVT-0010152,2026-06-19 13:12:31.970293,0.3984219632425018,lstm
DEV-000007,EVT-0010153,2026-06-19 13:14:33.153581,0.4424248221414873,lstm
SVC-000008,EVT-0010154,2026-06-19 13:15:26.919503,0.4281240919027909,lstm
USR-000081,EVT-0010155,2026-06-19 13:17:19.361251,0.5112307043921824,lstm
USR-000211,EVT-0010156,2026-06-19 13:19:52.571630,0.36108821166635185,baseline_fallback
USR-000196,EVT-0010157,2026-06-19 13:20:44.262417,0.9970104297888407,lstm
USR-000040,EVT-0010158,2026-06-19 13:21:41.066655,0.9323416026843774,lstm
USR-000109,EVT-0010159,2026-06-19 13:22:17.906984,0.5076313201824253,lstm
USR-000111,EVT-0010160,2026-06-19 13:22:20.945947,0.32451893585997066,lstm
USR-000011,EVT-0010161,2026-06-19 13:23:23.613517,0.9832138196981466,lstm
SVC-000034,EVT-0010162,2026-06-19 13:24:38.705265,0.39631437549622056,lstm
USR-000139,EVT-0010163,2026-06-19 13:25:11.801873,0.49485378267373203,lstm
USR-000079,EVT-0010164,2026-06-19 13:28:40.256183,0.33091134309852666,lstm
USR-000173,EVT-0010165,2026-06-19 13:29:04.993475,0.31119791926155044,baseline_fallback
USR-000146,EVT-0010166,2026-06-19 13:30:52.920868,0.4987112401123031,lstm
USR-000092,EVT-0010167,2026-06-19 13:31:58.103028,0.3959203344746699,lstm
USR-000060,EVT-0010168,2026-06-19 13:32:15.703377,0.9921795276361588,lstm
SVC-000017,EVT-0010169,2026-06-19 13:33:12.058024,0.5063627258975378,lstm
USR-000035,EVT-0010170,2026-06-19 13:33:18.630956,0.4178281142808961,lstm
SVC-000027,EVT-0010171,2026-06-19 13:33:26.618239,0.5828459449617605,lstm
DEV-000001,EVT-0010172,2026-06-19 13:34:45.543067,0.49006530457651054,lstm
USR-000086,EVT-0010173,2026-06-19 13:36:12.420815,0.36187315124689423,lstm
USR-000132,EVT-0010174,2026-06-19 13:36:49.027892,0.8807997786147187,lstm
USR-000172,EVT-0010175,2026-06-19 13:38:15.487032,0.43810328919014246,lstm
USR-000079,EVT-0010176,2026-06-19 13:40:54.167741,0.3561553277779832,lstm
SVC-000043,EVT-0010177,2026-06-19 13:40:56.860910,0.8817860205555773,lstm
USR-000111,EVT-0010178,2026-06-19 13:42:01.239553,0.41759400956693227,lstm
USR-000104,EVT-0010179,2026-06-19 13:43:02.552167,0.2918732943408324,baseline_fallback
USR-000131,EVT-0010180,2026-06-19 13:43:07.457097,0.944688501587173,lstm
DEV-000007,EVT-0010181,2026-06-19 13:43:32.924775,0.6534805159270709,lstm
SVC-000049,EVT-0010182,2026-06-19 13:44:07.637897,0.38076084827913526,lstm
USR-000066,EVT-0010183,2026-06-19 13:44:46.189553,0.28817562955580567,lstm
SVC-000050,EVT-0010184,2026-06-19 13:45:13.664686,0.345550403868961,lstm
USR-000073,EVT-0010185,2026-06-19 13:46:17.705244,0.8939616157855886,baseline_fallback
SVC-000027,EVT-0010186,2026-06-19 13:46:53.604635,0.41109458601878124,lstm
USR-000060,EVT-0010187,2026-06-19 13:47:25.943047,0.7293071909225326,lstm
SVC-000027,EVT-0010188,2026-06-19 13:48:30.808312,0.6669593982938238,lstm
SVC-000043,EVT-0010189,2026-06-19 13:48:58.587636,0.4937727396518233,lstm
SVC-000017,EVT-0010190,2026-06-19 13:49:08.154516,0.6866925547630011,lstm
SVC-000050,EVT-0010191,2026-06-19 13:49:42.567235,0.4619621014362268,lstm
USR-000008,EVT-0010192,2026-06-19 13:49:52.155729,0.29915931260296424,lstm
USR-000195,EVT-0010193,2026-06-19 13:50:45.093707,0.6235572781326381,lstm
USR-000073,EVT-0010194,2026-06-19 13:53:58.027482,0.6599627069033512,baseline_fallback
SVC-000017,EVT-0010195,2026-06-19 13:54:31.912953,0.6591806283324625,lstm
USR-000012,EVT-0010196,2026-06-19 13:59:02.878785,0.9374975513095318,lstm
USR-000017,EVT-0010197,2026-06-19 14:00:02.255592,0.2405436475640031,lstm
SVC-000022,EVT-0010198,2026-06-19 14:01:25.907422,0.9691377146330318,lstm
USR-000133,EVT-0010199,2026-06-19 14:03:24.787204,0.2985204109018651,lstm
USR-000192,EVT-0010200,2026-06-19 14:03:34.324156,0.8602719444099018,lstm
USR-000044,EVT-0010201,2026-06-19 14:04:16.560533,0.5800679967229156,lstm
USR-000040,EVT-0010202,2026-06-19 14:05:44.358334,0.7246332217574246,lstm
SVC-000049,EVT-0010203,2026-06-19 14:05:49.586647,0.5195757786329351,lstm
DEV-000006,EVT-0010204,2026-06-19 14:07:09.312234,0.617993092887872,lstm
USR-000040,EVT-0010205,2026-06-19 14:08:14.605429,0.8554223543843464,lstm
SVC-000027,EVT-0010206,2026-06-19 14:08:39.515249,0.44719896739628406,lstm
USR-000040,EVT-0010207,2026-06-19 14:12:09.888867,0.7357467868414195,lstm
USR-000069,EVT-0010208,2026-06-19 14:12:12.523004,0.48432265751290826,lstm
USR-000139,EVT-0010209,2026-06-19 14:13:05.921942,0.3935238050745481,lstm
USR-000073,EVT-0010210,2026-06-19 14:13:06.240284,0.6600335990570256,baseline_fallback
USR-000087,EVT-0010211,2026-06-19 14:13:32.292519,0.8223541629368576,lstm
DEV-000020,EVT-0010212,2026-06-19 14:13:40.016090,0.5512095778447705,lstm
USR-000079,EVT-0010213,2026-06-19 14:14:17.301001,0.36897761775363813,lstm
SVC-000033,EVT-0010214,2026-06-19 14:14:17.902389,0.9999517872274565,lstm
USR-000173,EVT-0010215,2026-06-19 14:14:21.482515,0.5484641738169254,lstm
SVC-000027,EVT-0010216,2026-06-19 14:14:45.863892,0.4702971597492156,lstm
SVC-000050,EVT-0010217,2026-06-19 14:15:49.913660,0.3779845158870526,lstm
SVC-000027,EVT-0010218,2026-06-19 14:15:57.752752,0.6077925519322238,lstm
USR-000164,EVT-0010219,2026-06-19 14:16:45.734330,0.3299991985835393,lstm
USR-000025,EVT-0010220,2026-06-19 14:20:12.342949,0.9838564109180984,lstm
SVC-000022,EVT-0010221,2026-06-19 14:21:47.101261,0.3205069769040282,lstm
DEV-000011,EVT-0010222,2026-06-19 14:22:56.430382,0.6466729087357478,lstm
USR-000079,EVT-0010223,2026-06-19 14:22:56.714394,0.3916448145729239,lstm
USR-000151,EVT-0010224,2026-06-19 14:23:06.973401,0.36230532574615343,lstm
USR-000065,EVT-0010225,2026-06-19 14:24:50.253095,0.6937847557362786,lstm
SVC-000027,EVT-0010226,2026-06-19 14:28:44.528210,0.4131004909676967,lstm
SVC-000017,EVT-0010227,2026-06-19 14:30:31.761060,0.6522065686516126,lstm
USR-000079,EVT-0010228,2026-06-19 14:31:13.887055,0.3733852611901263,lstm
USR-000146,EVT-0010229,2026-06-19 14:36:52.105570,0.3649534499171617,lstm
USR-000105,EVT-0010230,2026-06-19 14:36:53.451337,0.46980643841693465,baseline_fallback
USR-000033,EVT-0010231,2026-06-19 14:37:16.645920,0.3310847859787002,lstm
SVC-000028,EVT-0010232,2026-06-19 14:37:29.410728,0.9769745253319236,lstm
SVC-000027,EVT-0010233,2026-06-19 14:38:19.395276,0.4737228044892685,lstm
USR-000065,EVT-0010234,2026-06-19 14:38:38.130222,0.6436795557256518,lstm
SVC-000027,EVT-0010235,2026-06-19 14:38:59.460668,0.7385016053493941,lstm
DEV-000001,EVT-0010236,2026-06-19 14:42:56.167384,0.4773339392737711,lstm
SVC-000012,EVT-0010237,2026-06-19 14:43:43.947754,0.9882188020960165,lstm
SVC-000022,EVT-0010238,2026-06-19 14:44:05.892450,0.23329657928688613,lstm
USR-000180,EVT-0010239,2026-06-19 14:44:11.143316,0.6287021706494217,lstm
USR-000144,EVT-0010240,2026-06-19 14:44:32.252478,0.7879726843578315,lstm
SVC-000027,EVT-0010241,2026-06-19 14:45:35.584996,0.477792266002177,lstm
USR-000117,EVT-0010242,2026-06-19 14:46:10.765177,0.39251718439422517,lstm
DEV-000005,EVT-0010243,2026-06-19 14:46:41.980011,0.16019013038515623,lstm
SVC-000027,EVT-0010244,2026-06-19 14:46:43.760375,0.6595624072413016,lstm
SVC-000043,EVT-0010245,2026-06-19 14:47:29.561296,0.30149403842015826,lstm
USR-000042,EVT-0010246,2026-06-19 14:47:41.875927,0.37711845921228826,lstm
SVC-000022,EVT-0010247,2026-06-19 14:48:36.865871,0.3062686684100228,lstm
USR-000086,EVT-0010248,2026-06-19 14:49:40.949932,0.25836066729564294,lstm
SVC-000012,EVT-0010249,2026-06-19 14:49:56.685794,0.4998246871348054,lstm
USR-000160,EVT-0010250,2026-06-19 14:50:02.436902,0.3328631476778442,lstm
USR-000126,EVT-0010251,2026-06-19 14:50:23.569549,0.6432996032163648,lstm
SVC-000027,EVT-0010252,2026-06-19 14:50:23.650942,0.5815018725267643,lstm
USR-000196,EVT-0010253,2026-06-19 14:50:34.159158,0.7492567698418344,lstm
USR-000008,EVT-0010254,2026-06-19 14:50:36.975525,0.3465291763897931,lstm
SVC-000033,EVT-0010255,2026-06-19 14:51:14.826821,0.9972439424786013,lstm
SVC-000017,EVT-0010256,2026-06-19 14:51:24.945580,0.6537661560269747,lstm
USR-000115,EVT-0010257,2026-06-19 14:52:09.716119,0.326363483560348,lstm
SVC-000022,EVT-0010258,2026-06-19 14:53:28.022811,0.27417824355257164,lstm
USR-000074,EVT-0010259,2026-06-19 14:53:36.936679,0.551997225295086,lstm
USR-000042,EVT-0010260,2026-06-19 14:53:52.054253,0.4433183804644776,lstm
SVC-000022,EVT-0010261,2026-06-19 14:54:58.241305,0.44068638518345227,lstm
SVC-000050,EVT-0010262,2026-06-19 14:55:15.397237,0.42806155458712714,lstm
USR-000144,EVT-0010263,2026-06-19 14:55:58.307592,0.7284740350273927,lstm
SVC-000027,EVT-0010264,2026-06-19 14:57:46.111333,0.5209325912196516,lstm
USR-000035,EVT-0010265,2026-06-19 14:58:06.288889,0.3530020864782279,lstm
USR-000040,EVT-0010266,2026-06-19 14:58:50.805766,0.5738347004652073,lstm
SVC-000008,EVT-0010267,2026-06-19 14:59:45.021856,0.6726408444572457,lstm
SVC-000012,EVT-0010268,2026-06-19 15:03:54.566122,0.2973022205818529,lstm
SVC-000036,EVT-0010269,2026-06-19 15:03:58.681453,0.9938904951805435,lstm
USR-000075,EVT-0010270,2026-06-19 15:05:40.080432,0.40141106793751236,baseline_fallback
USR-000166,EVT-0010271,2026-06-19 15:05:40.651864,0.49754103994683213,lstm
SVC-000028,EVT-0010272,2026-06-19 15:07:45.929189,0.8513166654924085,lstm
SVC-000008,EVT-0010273,2026-06-19 15:08:58.333938,0.5632740669628741,lstm
USR-000169,EVT-0010274,2026-06-19 15:09:01.987993,0.9115654202462875,lstm
SVC-000036,EVT-0010275,2026-06-19 15:17:02.365414,0.3912107414663707,lstm
SVC-000017,EVT-0010276,2026-06-19 15:17:22.889978,0.4404614814692299,lstm
USR-000101,EVT-0010277,2026-06-19 15:17:31.957458,0.3476299690016485,lstm
USR-000092,EVT-0010278,2026-06-19 15:19:21.514480,0.2949158958432832,lstm
DEV-000005,EVT-0010279,2026-06-19 15:20:04.706426,0.16916565708073647,lstm
USR-000146,EVT-0010280,2026-06-19 15:20:27.040175,0.3497366120855912,lstm
USR-000001,EVT-0010281,2026-06-19 15:20:38.031248,0.6964960332178438,lstm
USR-000208,EVT-0010282,2026-06-19 15:21:48.860445,0.7093134067256877,lstm
USR-000086,EVT-0010283,2026-06-19 15:22:08.205782,0.2801520082194589,lstm
USR-000129,EVT-0010284,2026-06-19 15:22:46.297938,0.29449456203713836,lstm
SVC-000012,EVT-0010285,2026-06-19 15:23:10.682628,0.3295193326804034,lstm
USR-000075,EVT-0010286,2026-06-19 15:23:17.295871,0.9870975764629868,lstm
USR-000146,EVT-0010287,2026-06-19 15:25:16.972843,0.5459105115373868,lstm
USR-000136,EVT-0010288,2026-06-19 15:27:21.629788,0.6680094689438788,lstm
DEV-000026,EVT-0010289,2026-06-19 15:28:21.563110,0.4307134597662503,lstm
SVC-000017,EVT-0010290,2026-06-19 15:28:44.131381,0.5461564976569621,lstm
USR-000136,EVT-0010291,2026-06-19 15:29:28.508458,0.6724779690944003,lstm
USR-000207,EVT-0010292,2026-06-19 15:30:09.197369,0.5843322520251751,lstm
USR-000160,EVT-0010293,2026-06-19 15:31:12.102804,0.3400512638517634,lstm
SVC-000036,EVT-0010294,2026-06-19 15:32:57.141981,0.5871768368521229,lstm
SVC-000036,EVT-0010295,2026-06-19 15:35:14.371443,0.35495870807489216,lstm
SVC-000027,EVT-0010296,2026-06-19 15:36:49.219309,0.6359930939817522,lstm
USR-000151,EVT-0010297,2026-06-19 15:37:51.727570,0.35110676951849273,lstm
USR-000073,EVT-0010298,2026-06-19 15:39:08.024267,0.9029284262901349,baseline_fallback
USR-000146,EVT-0010299,2026-06-19 15:39:58.946473,0.4824331003341561,lstm
SVC-000028,EVT-0010300,2026-06-19 15:43:21.983133,0.6418873652909131,lstm
SVC-000012,EVT-0010301,2026-06-19 15:43:34.789741,0.32097057932354583,lstm
USR-000079,EVT-0010302,2026-06-19 15:46:31.658606,0.3615243389614652,lstm
SVC-000050,EVT-0010303,2026-06-19 15:47:37.494154,0.5592340893317443,lstm
SVC-000033,EVT-0010304,2026-06-19 15:48:16.513301,0.9875184155062176,lstm
SVC-000010,EVT-0010305,2026-06-19 15:49:11.007401,0.971764274833049,lstm
USR-000192,EVT-0010306,2026-06-19 15:49:30.332210,0.7486244667012794,lstm
SVC-000012,EVT-0010307,2026-06-19 15:51:51.280809,0.34959028895991745,lstm
SVC-000038,EVT-0010308,2026-06-19 15:52:20.518788,0.9998626381274294,lstm
USR-000152,EVT-0010309,2026-06-19 15:54:08.951749,0.9089010668797253,lstm
SVC-000012,EVT-0010310,2026-06-19 15:57:41.832819,0.6518035529443977,lstm
SVC-000036,EVT-0010311,2026-06-19 15:58:09.309538,0.4375008917444809,lstm
USR-000087,EVT-0010312,2026-06-19 15:58:38.438255,0.7665054655286332,lstm
SVC-000036,EVT-0010313,2026-06-19 16:01:26.795281,0.5585710580566323,lstm
USR-000101,EVT-0010314,2026-06-19 16:01:34.584901,0.25525949171893675,lstm
DEV-000012,EVT-0010315,2026-06-19 16:02:18.930261,0.21985481166363116,lstm
SVC-000049,EVT-0010316,2026-06-19 16:07:04.449940,0.24731683130857424,lstm
USR-000151,EVT-0010317,2026-06-19 16:09:17.998933,0.34910132230479524,lstm
SVC-000010,EVT-0010318,2026-06-19 16:09:41.002715,0.4423569114290264,lstm
USR-000033,EVT-0010319,2026-06-19 16:11:02.331327,0.32929492683344114,lstm
USR-000081,EVT-0010320,2026-06-19 16:11:03.397859,0.6106697772078165,lstm
USR-000040,EVT-0010321,2026-06-19 16:11:35.491146,0.6664798784683045,lstm
SVC-000023,EVT-0010322,2026-06-19 16:11:44.424868,0.8916237930467603,lstm
SVC-000033,EVT-0010323,2026-06-19 16:13:00.463992,0.8142931058572048,lstm
SVC-000036,EVT-0010324,2026-06-19 16:13:57.379132,0.31459276620085913,lstm
SVC-000049,EVT-0010325,2026-06-19 16:15:52.600288,0.466170508850583,lstm
USR-000053,EVT-0010326,2026-06-19 16:16:18.238884,0.9999956480203561,lstm
SVC-000033,EVT-0010327,2026-06-19 16:17:27.525224,0.6902699527629399,lstm
SVC-000010,EVT-0010328,2026-06-19 16:20:32.496161,0.40217381446553085,lstm
USR-000176,EVT-0010329,2026-06-19 16:24:02.028787,0.8964104934970991,baseline_fallback
USR-000125,EVT-0010330,2026-06-19 16:24:35.090378,0.7862562595749341,lstm
USR-000192,EVT-0010331,2026-06-19 16:25:14.387170,0.5008979598015634,lstm
USR-000169,EVT-0010332,2026-06-19 16:25:15.915471,0.5340296578382246,lstm
USR-000073,EVT-0010333,2026-06-19 16:26:39.185999,0.7289615253209096,baseline_fallback
SVC-000010,EVT-0010334,2026-06-19 16:27:13.707871,0.3747462402474697,lstm
USR-000192,EVT-0010335,2026-06-19 16:27:24.064264,0.7325420442019297,lstm
USR-000196,EVT-0010336,2026-06-19 16:28:06.526406,0.7523204207708876,lstm
DEV-000010,EVT-0010337,2026-06-19 16:28:58.583462,0.9490463146581795,lstm
DEV-000016,EVT-0010338,2026-06-19 16:29:22.821648,0.8744415596367734,lstm
USR-000089,EVT-0010339,2026-06-19 16:31:33.271005,0.7113996069955989,baseline_fallback
SVC-000005,EVT-0010340,2026-06-19 16:32:16.977386,0.9908182869118843,lstm
DEV-000011,EVT-0010341,2026-06-19 16:34:31.881339,0.4370782172291489,lstm
USR-000186,EVT-0010342,2026-06-19 16:36:02.509859,0.6946197300382547,baseline_fallback
SVC-000038,EVT-0010343,2026-06-19 16:38:12.839763,0.9972550295105046,lstm
USR-000101,EVT-0010344,2026-06-19 16:38:22.528499,0.28529164581112837,lstm
DEV-000023,EVT-0010345,2026-06-19 16:38:24.369060,0.7363717551244231,lstm
SVC-000028,EVT-0010346,2026-06-19 16:41:32.316266,0.7172159416555842,lstm
SVC-000005,EVT-0010347,2026-06-19 16:41:48.777916,0.8090789564737716,lstm
USR-000117,EVT-0010348,2026-06-19 16:42:01.621412,0.31909906348708394,lstm
USR-000003,EVT-0010349,2026-06-19 16:45:48.554245,0.7232861599732685,lstm
SVC-000049,EVT-0010350,2026-06-19 16:45:55.717711,0.6331713120541606,lstm
USR-000208,EVT-0010351,2026-06-19 16:46:10.474486,0.6462413940224697,lstm
USR-000209,EVT-0010352,2026-06-19 16:47:04.888363,0.38252394630309566,baseline_fallback
USR-000144,EVT-0010353,2026-06-19 16:48:15.080222,0.7190372801706691,lstm
DEV-000025,EVT-0010354,2026-06-19 16:51:11.409760,0.6629632930536808,lstm
DEV-000013,EVT-0010355,2026-06-19 16:54:06.263026,0.5405571355348147,lstm
USR-000018,EVT-0010356,2026-06-19 16:55:05.755467,0.471944906398119,lstm
SVC-000038,EVT-0010357,2026-06-19 16:57:39.529306,0.9202103009811442,lstm
USR-000074,EVT-0010358,2026-06-19 16:57:45.249786,0.36901952317017167,lstm
SVC-000010,EVT-0010359,2026-06-19 16:59:03.496772,0.3943817170725256,lstm
SVC-000033,EVT-0010360,2026-06-19 17:00:25.417326,0.8242100135670739,lstm
SVC-000036,EVT-0010361,2026-06-19 17:00:40.217109,0.7163218052007098,lstm
USR-000017,EVT-0010362,2026-06-19 17:01:33.285787,0.2550530466156463,lstm
SVC-000005,EVT-0010363,2026-06-19 17:04:32.289753,0.9161498868120093,lstm
USR-000073,EVT-0010364,2026-06-19 17:04:40.641102,0.9431128245006651,baseline_fallback
DEV-000015,EVT-0010365,2026-06-19 17:04:43.929282,0.752181910173152,lstm
SVC-000049,EVT-0010366,2026-06-19 17:05:18.452311,0.44097761507700384,lstm
SVC-000010,EVT-0010367,2026-06-19 17:06:33.401888,0.35896962476927086,lstm
SVC-000033,EVT-0010368,2026-06-19 17:07:27.311933,0.7766553779215399,lstm
USR-000089,EVT-0010369,2026-06-19 17:07:44.214912,0.7705988735222022,baseline_fallback
USR-000117,EVT-0010370,2026-06-19 17:08:19.902142,0.3233219357127977,lstm
USR-000192,EVT-0010371,2026-06-19 17:09:25.617714,0.4931327365593321,lstm
USR-000192,EVT-0010372,2026-06-19 17:09:41.431940,0.6580813544288501,lstm
USR-000152,EVT-0010373,2026-06-19 17:10:13.318716,0.564189691402893,lstm
USR-000192,EVT-0010374,2026-06-19 17:10:45.749198,0.4847975017169203,lstm
USR-000140,EVT-0010375,2026-06-19 17:11:53.077590,0.930810268216389,lstm
SVC-000010,EVT-0010376,2026-06-19 17:12:06.237383,0.2986502645643128,lstm
USR-000017,EVT-0010377,2026-06-19 17:12:49.548021,0.3410700643628093,lstm
DEV-000026,EVT-0010378,2026-06-19 17:13:15.734382,0.37455078502022326,lstm
SVC-000037,EVT-0010379,2026-06-19 17:14:19.634143,0.9523999332765243,lstm
USR-000126,EVT-0010380,2026-06-19 17:15:27.649276,0.4666646364339792,lstm
DEV-000017,EVT-0010381,2026-06-19 17:16:22.859716,0.892938597767694,lstm
SVC-000010,EVT-0010382,2026-06-19 17:16:35.422618,0.36782606839838866,lstm
SVC-000023,EVT-0010383,2026-06-19 17:21:00.094999,0.2728055876676703,lstm
USR-000075,EVT-0010384,2026-06-19 17:21:25.059951,0.9677275081835164,lstm
USR-000026,EVT-0010385,2026-06-19 17:22:02.196084,0.8360811230856351,lstm
SVC-000005,EVT-0010386,2026-06-19 17:25:29.929878,0.9465953321134121,lstm
USR-000037,EVT-0010387,2026-06-19 17:29:11.264503,0.3783127404606407,lstm
USR-000185,EVT-0010388,2026-06-19 17:29:15.128393,0.3469082074509523,lstm
SVC-000044,EVT-0010389,2026-06-19 17:30:10.872296,0.9523555905956901,lstm
SVC-000052,EVT-0010390,2026-06-19 17:32:05.287552,0.9631367968760974,lstm
USR-000128,EVT-0010391,2026-06-19 17:32:15.786469,0.9298158012105553,lstm
USR-000040,EVT-0010392,2026-06-19 17:36:34.858389,0.6208152666408462,lstm
DEV-000026,EVT-0010393,2026-06-19 17:36:36.228256,0.34764148645320603,lstm
USR-000033,EVT-0010394,2026-06-19 17:37:03.678093,0.3290346464038635,lstm
USR-000131,EVT-0010395,2026-06-19 17:38:10.540328,0.5453755327126536,lstm
USR-000111,EVT-0010396,2026-06-19 17:39:48.593794,0.45603744193126233,lstm
USR-000152,EVT-0010397,2026-06-19 17:43:53.149569,0.6140685823886467,lstm
USR-000111,EVT-0010398,2026-06-19 17:45:39.586604,0.5785263137038228,lstm
SVC-000037,EVT-0010399,2026-06-19 17:48:53.839647,0.5517816901804782,lstm
USR-000125,EVT-0010400,2026-06-19 17:51:47.159248,0.7151035055976648,lstm
DEV-000020,EVT-0010401,2026-06-19 17:54:27.860728,0.8014523795719544,lstm
USR-000027,EVT-0010402,2026-06-19 17:55:40.140029,0.7110392447511692,lstm
DEV-000008,EVT-0010403,2026-06-19 17:56:53.690648,0.7639961190712705,lstm
DEV-000010,EVT-0010404,2026-06-19 17:59:56.302029,0.5593593344198097,lstm
DEV-000017,EVT-0010405,2026-06-19 18:00:30.709641,0.8816547969723642,lstm
USR-000075,EVT-0010406,2026-06-19 18:00:33.876703,0.6250158757369804,lstm
SVC-000033,EVT-0010407,2026-06-19 18:00:44.276582,0.9581984131457016,lstm
SVC-000006,EVT-0010408,2026-06-19 18:05:42.705122,0.9932259386857512,lstm
USR-000044,EVT-0010409,2026-06-19 18:07:43.031365,0.6355687733322574,lstm
DEV-000009,EVT-0010410,2026-06-19 18:07:47.085833,0.44257259769658075,lstm
SVC-000023,EVT-0010411,2026-06-19 18:11:01.196114,0.23421479131914533,lstm
SVC-000052,EVT-0010412,2026-06-19 18:14:18.019178,0.3405692947433366,lstm
DEV-000017,EVT-0010413,2026-06-19 18:17:15.175918,0.8364722995710216,lstm
DEV-000001,EVT-0010414,2026-06-19 18:19:11.443666,0.6566113293455681,lstm
SVC-000010,EVT-0010415,2026-06-19 18:22:22.804836,0.4746246578433986,lstm
SVC-000033,EVT-0010416,2026-06-19 18:22:27.409744,0.9536905535770287,lstm
USR-000195,EVT-0010417,2026-06-19 18:27:08.300991,0.5241301633553845,lstm
SVC-000033,EVT-0010418,2026-06-19 18:27:13.033424,0.9506222578095285,lstm
SVC-000033,EVT-0010419,2026-06-19 18:27:20.605797,0.9698851058357346,lstm
SVC-000023,EVT-0010420,2026-06-19 18:29:41.531095,0.27763321061051094,lstm
USR-000088,EVT-0010421,2026-06-19 18:33:20.180030,0.4965917169166524,lstm
SVC-000005,EVT-0010422,2026-06-19 18:33:52.208303,0.9637882663316177,lstm
SVC-000004,EVT-0010423,2026-06-19 18:35:32.128509,0.9654778542379066,lstm
SVC-000052,EVT-0010424,2026-06-19 18:37:20.532715,0.2933643802089326,lstm
SVC-000052,EVT-0010425,2026-06-19 18:39:12.740745,0.8043937306038315,lstm
USR-000152,EVT-0010426,2026-06-19 18:45:11.237230,0.4376049817491879,lstm
USR-000185,EVT-0010427,2026-06-19 18:46:43.351417,0.29399840626440127,lstm
SVC-000037,EVT-0010428,2026-06-19 18:48:16.441072,0.7157899380225565,lstm
SVC-000033,EVT-0010429,2026-06-19 18:49:28.509098,0.7603942778391983,lstm
USR-000113,EVT-0010430,2026-06-19 18:50:15.781669,0.440413186144008,lstm
DEV-000010,EVT-0010431,2026-06-19 18:51:36.331429,0.5540338788910566,lstm
SVC-000023,EVT-0010432,2026-06-19 18:52:38.889219,0.6633290255397142,lstm
SVC-000033,EVT-0010433,2026-06-19 18:54:54.986126,0.9297116241259692,lstm
SVC-000057,EVT-0010434,2026-06-19 18:56:53.205318,0.9144032601239412,lstm
SVC-000044,EVT-0010435,2026-06-19 18:57:14.250840,0.508730686502586,lstm
DEV-000006,EVT-0010436,2026-06-19 19:02:28.594661,0.7501063953893199,lstm
USR-000062,EVT-0010437,2026-06-19 19:03:16.832556,0.4779200167045547,lstm
SVC-000052,EVT-0010438,2026-06-19 19:05:32.028965,0.37775560573881883,lstm
SVC-000044,EVT-0010439,2026-06-19 19:08:10.419238,0.5874458960983701,lstm
DEV-000008,EVT-0010440,2026-06-19 19:09:47.219092,0.7354531686931967,lstm
USR-000185,EVT-0010441,2026-06-19 19:11:28.273181,0.44316237011611237,lstm
SVC-000006,EVT-0010442,2026-06-19 19:13:48.994516,0.5533893006175511,lstm
SVC-000057,EVT-0010443,2026-06-19 19:15:15.166414,0.6948355299965735,lstm
SVC-000048,EVT-0010444,2026-06-19 19:15:58.005125,0.9742599371131186,lstm
SVC-000023,EVT-0010445,2026-06-19 19:20:14.356718,0.27605330041924914,lstm
SVC-000004,EVT-0010446,2026-06-19 19:22:59.105545,0.40255771791231704,lstm
SVC-000006,EVT-0010447,2026-06-19 19:26:04.405561,0.4520961870093785,lstm
SVC-000004,EVT-0010448,2026-06-19 19:31:19.983692,0.32099160923708264,lstm
SVC-000004,EVT-0010449,2026-06-19 19:33:37.592737,0.3986951506164423,lstm
SVC-000044,EVT-0010450,2026-06-19 19:34:31.558753,0.3789780526022251,lstm
SVC-000061,EVT-0010451,2026-06-19 19:36:09.783610,0.9780818089741544,lstm
SVC-000052,EVT-0010452,2026-06-19 19:36:39.290227,0.4655830295572925,lstm
SVC-000057,EVT-0010453,2026-06-19 19:38:57.953719,0.48966028130895856,lstm
DEV-000019,EVT-0010454,2026-06-19 19:39:38.178079,0.9670923832206412,lstm
SVC-000048,EVT-0010455,2026-06-19 19:41:48.935002,0.5779771698502284,lstm
SVC-000006,EVT-0010456,2026-06-19 19:42:28.992763,0.32262818493755896,lstm
SVC-000006,EVT-0010457,2026-06-19 19:44:02.746776,0.7172544662657822,lstm
SVC-000023,EVT-0010458,2026-06-19 19:45:19.946122,0.3129277603749818,lstm
SVC-000048,EVT-0010459,2026-06-19 19:46:58.327842,0.6908297488458602,lstm
SVC-000061,EVT-0010460,2026-06-19 19:47:04.727359,0.7831521546423518,lstm
USR-000066,EVT-0010461,2026-06-19 19:51:16.154297,0.6145995738602039,lstm
USR-000146,EVT-0010462,2026-06-19 19:53:08.556372,0.8595385389169018,lstm
SVC-000044,EVT-0010463,2026-06-19 19:56:48.659820,0.8278805684019453,lstm
SVC-000048,EVT-0010464,2026-06-19 19:57:23.141622,0.4870312678732166,lstm
USR-000176,EVT-0010465,2026-06-19 20:00:26.802854,0.9999802678513128,lstm
SVC-000061,EVT-0010466,2026-06-19 20:01:00.001284,0.35413600508003207,lstm
USR-000176,EVT-0010467,2026-06-19 20:02:24.696423,0.9923942898217635,lstm
SVC-000044,EVT-0010468,2026-06-19 20:03:22.038670,0.6592374622342428,lstm
SVC-000052,EVT-0010469,2026-06-19 20:04:07.586500,0.2534647403977252,lstm
SVC-000052,EVT-0010470,2026-06-19 20:04:54.495326,0.649412068618294,lstm
USR-000018,EVT-0010471,2026-06-19 20:05:14.338927,0.36223827095547373,lstm
DEV-000024,EVT-0010472,2026-06-19 20:05:17.175565,0.2737255460121356,lstm
USR-000176,EVT-0010473,2026-06-19 20:06:39.524401,0.9973798906822028,lstm
SVC-000004,EVT-0010474,2026-06-19 20:06:47.668325,0.43384178471824725,lstm
DEV-000002,EVT-0010475,2026-06-19 20:06:57.133735,0.798898549775656,lstm
USR-000176,EVT-0010476,2026-06-19 20:08:38.485980,0.9999189766162958,lstm
SVC-000061,EVT-0010477,2026-06-19 20:10:20.186203,0.24923644187840735,lstm
SVC-000052,EVT-0010478,2026-06-19 20:10:42.673104,0.42263387088851884,lstm
USR-000176,EVT-0010479,2026-06-19 20:13:22.902907,0.9186151423692194,lstm
USR-000176,EVT-0010480,2026-06-19 20:15:19.694539,0.9999994173352833,lstm
SVC-000048,EVT-0010481,2026-06-19 20:16:22.978933,0.3806144836766383,lstm
SVC-000048,EVT-0010482,2026-06-19 20:17:04.913474,0.8283383061542139,lstm
SVC-000052,EVT-0010483,2026-06-19 20:18:04.585131,0.32469350078608866,lstm
SVC-000058,EVT-0010484,2026-06-19 20:18:09.427261,0.9981309946506878,lstm
USR-000176,EVT-0010485,2026-06-19 20:18:24.587731,0.996281430191122,lstm
SVC-000004,EVT-0010486,2026-06-19 20:18:45.477227,0.31291437887080215,lstm
SVC-000058,EVT-0010487,2026-06-19 20:19:41.655368,0.8839347193156656,lstm
USR-000176,EVT-0010488,2026-06-19 20:20:29.159370,0.996392281325187,lstm
SVC-000052,EVT-0010489,2026-06-19 20:20:31.080148,0.5727035392726273,lstm
USR-000176,EVT-0010490,2026-06-19 20:22:05.528289,0.9969904280790564,lstm
SVC-000052,EVT-0010491,2026-06-19 20:23:30.192746,0.5024345739670044,lstm
DEV-000018,EVT-0010492,2026-06-19 20:24:30.773852,0.9374378529068352,lstm
DEV-000018,EVT-0010493,2026-06-19 20:24:59.757289,0.9534231698461121,lstm
SVC-000057,EVT-0010494,2026-06-19 20:25:51.302252,0.40861240455135645,lstm
SVC-000035,EVT-0010495,2026-06-19 20:27:01.900731,0.970095842116854,lstm
SVC-000061,EVT-0010496,2026-06-19 20:27:16.779125,0.3761435203100334,lstm
SVC-000023,EVT-0010497,2026-06-19 20:30:27.988177,0.8156023450540509,lstm
SVC-000057,EVT-0010498,2026-06-19 20:30:51.587435,0.6628623264100261,lstm
SVC-000052,EVT-0010499,2026-06-19 20:30:51.940326,0.26940911837543496,lstm
DEV-000007,EVT-0010500,2026-06-19 20:32:19.044216,0.4142803192881871,lstm
SVC-000048,EVT-0010501,2026-06-19 20:39:38.494884,0.3554468505136054,lstm
SVC-000035,EVT-0010502,2026-06-19 20:41:34.864510,0.5211789873877205,lstm
SVC-000061,EVT-0010503,2026-06-19 20:41:42.539774,0.363126348453341,lstm
SVC-000044,EVT-0010504,2026-06-19 20:45:36.928697,0.4197897477222802,lstm
SVC-000048,EVT-0010505,2026-06-19 20:47:32.160712,0.44940942751300156,lstm
SVC-000047,EVT-0010506,2026-06-19 20:48:18.158174,0.991757655537469,lstm
SVC-000033,EVT-0010507,2026-06-19 20:49:10.150478,0.9588731529043162,lstm
SVC-000047,EVT-0010508,2026-06-19 20:51:03.282597,0.40856406885243146,lstm
SVC-000052,EVT-0010509,2026-06-19 20:51:56.603192,0.35869925940679565,lstm
SVC-000052,EVT-0010510,2026-06-19 20:56:10.354535,0.4310706673535419,lstm
SVC-000052,EVT-0010511,2026-06-19 20:56:45.264651,0.5211540645280277,lstm
SVC-000061,EVT-0010512,2026-06-19 20:58:28.440664,0.23806184098953742,lstm
SVC-000044,EVT-0010513,2026-06-19 20:58:37.200554,0.5536447583939784,lstm
SVC-000061,EVT-0010514,2026-06-19 20:59:39.289101,0.4643048798247639,lstm
SVC-000061,EVT-0010515,2026-06-19 20:59:44.232857,0.6959201802514221,lstm
SVC-000035,EVT-0010516,2026-06-19 20:59:50.164056,0.7051105147008991,lstm
SVC-000044,EVT-0010517,2026-06-19 21:00:35.241841,0.6766512911709466,lstm
SVC-000003,EVT-0010518,2026-06-19 21:01:56.951873,0.9981431238361271,lstm
USR-000003,EVT-0010519,2026-06-19 21:03:52.844014,0.7280367559178647,lstm
SVC-000047,EVT-0010520,2026-06-19 21:13:15.896688,0.30892162215488794,lstm
SVC-000054,EVT-0010521,2026-06-19 21:13:21.476064,0.999994388434784,lstm
SVC-000058,EVT-0010522,2026-06-19 21:13:30.699093,0.4703122165294938,lstm
DEV-000016,EVT-0010523,2026-06-19 21:13:48.571196,0.46463690905631577,lstm
DEV-000016,EVT-0010524,2026-06-19 21:15:05.701552,0.9123026027477431,lstm
SVC-000054,EVT-0010525,2026-06-19 21:15:59.531344,0.9985326685671705,lstm
DEV-000011,EVT-0010526,2026-06-19 21:17:01.262524,0.7368866358465236,lstm
SVC-000048,EVT-0010527,2026-06-19 21:17:46.037666,0.315016147028762,lstm
USR-000183,EVT-0010528,2026-06-19 21:18:53.400452,0.6795920787035229,lstm
DEV-000006,EVT-0010529,2026-06-19 21:21:22.258908,0.8653937405677542,lstm
SVC-000003,EVT-0010530,2026-06-19 21:24:07.267903,0.92092718347238,lstm
SVC-000045,EVT-0010531,2026-06-19 21:24:09.100828,0.9997690746864211,lstm
USR-000106,EVT-0010532,2026-06-19 21:26:34.079012,0.38551623319391004,lstm
DEV-000001,EVT-0010533,2026-06-19 21:27:26.527109,0.7449170494716428,lstm
SVC-000058,EVT-0010534,2026-06-19 21:28:56.000779,0.34454783974067643,lstm
SVC-000047,EVT-0010535,2026-06-19 21:31:54.242883,0.27897845736342225,lstm
SVC-000004,EVT-0010536,2026-06-19 21:38:00.011021,0.4311279482349935,lstm
USR-000016,EVT-0010537,2026-06-19 21:38:07.096541,0.9848628604580335,baseline_fallback
USR-000016,EVT-0010538,2026-06-19 21:39:13.589592,0.9308920097062315,baseline_fallback
USR-000016,EVT-0010539,2026-06-19 21:41:00.578725,0.9346212686612767,baseline_fallback
USR-000016,EVT-0010540,2026-06-19 21:41:34.334705,0.883785149455965,lstm
USR-000016,EVT-0010541,2026-06-19 21:44:31.520015,0.711262794481725,lstm
SVC-000045,EVT-0010542,2026-06-19 21:49:21.489939,0.7273434450143933,lstm
SVC-000003,EVT-0010543,2026-06-19 21:50:22.090718,0.9344191254488298,lstm
SVC-000054,EVT-0010544,2026-06-19 21:54:14.409980,0.768792941817779,lstm
SVC-000058,EVT-0010545,2026-06-19 21:54:41.748604,0.3109834105614061,lstm
USR-000100,EVT-0010546,2026-06-19 21:54:42.866998,0.8037516144423327,baseline_fallback
SVC-000045,EVT-0010547,2026-06-19 21:56:30.388860,0.6794898734113924,lstm
SVC-000045,EVT-0010548,2026-06-19 22:00:22.711492,0.655294166203434,lstm
SVC-000058,EVT-0010549,2026-06-19 22:00:23.383587,0.4150488231937743,lstm
SVC-000054,EVT-0010550,2026-06-19 22:01:53.826180,0.7035356065898997,lstm
SVC-000035,EVT-0010551,2026-06-19 22:02:27.698831,0.3996324412048768,lstm
SVC-000054,EVT-0010552,2026-06-19 22:05:08.554977,0.5458080525502984,lstm
SVC-000003,EVT-0010553,2026-06-19 22:07:05.845836,0.926825962411622,lstm
SVC-000045,EVT-0010554,2026-06-19 22:07:23.591709,0.5934528963673406,lstm
SVC-000045,EVT-0010555,2026-06-19 22:09:59.318850,0.7454022470377407,lstm
SVC-000035,EVT-0010556,2026-06-19 22:10:19.446552,0.5519113784901603,lstm
SVC-000045,EVT-0010557,2026-06-19 22:13:57.699102,0.8289616762776147,lstm
SVC-000045,EVT-0010558,2026-06-19 22:15:50.999506,0.884209929035536,lstm
SVC-000054,EVT-0010559,2026-06-19 22:16:57.646930,0.415452971431802,lstm
SVC-000047,EVT-0010560,2026-06-19 22:17:12.886869,0.29154968222786976,lstm
DEV-000026,EVT-0010561,2026-06-19 22:18:05.327979,0.6990485905255052,lstm
SVC-000003,EVT-0010562,2026-06-19 22:20:19.729104,0.73268899925919,lstm
SVC-000054,EVT-0010563,2026-06-19 22:22:55.636684,0.534574405614165,lstm
SVC-000003,EVT-0010564,2026-06-19 22:24:48.321740,0.6815601334660816,lstm
SVC-000003,EVT-0010565,2026-06-19 22:25:38.250704,0.9206083218055883,lstm
SVC-000003,EVT-0010566,2026-06-19 22:26:00.031718,0.9431528149620158,lstm
SVC-000047,EVT-0010567,2026-06-19 22:26:09.503690,0.3170752047841193,lstm
SVC-000002,EVT-0010568,2026-06-19 22:27:26.307786,0.9933731272265758,lstm
SVC-000047,EVT-0010569,2026-06-19 22:31:43.539350,0.41293571680184704,lstm
SVC-000045,EVT-0010570,2026-06-19 22:33:29.100990,0.9803954932764604,lstm
SVC-000045,EVT-0010571,2026-06-19 22:35:29.527886,0.9336108105142504,lstm
SVC-000048,EVT-0010572,2026-06-19 22:35:45.478773,0.4717958925958558,lstm
SVC-000045,EVT-0010573,2026-06-19 22:35:49.662292,0.8599209429435124,lstm
SVC-000003,EVT-0010574,2026-06-19 22:39:03.153799,0.9216517665238457,lstm
SVC-000045,EVT-0010575,2026-06-19 22:40:30.110203,0.7333167115234553,lstm
SVC-000025,EVT-0010576,2026-06-19 22:43:12.602471,0.9968946222930125,lstm
SVC-000047,EVT-0010577,2026-06-19 22:44:34.443270,0.3339053345995241,lstm
SVC-000054,EVT-0010578,2026-06-19 22:45:24.765873,0.6402675494495322,lstm
USR-000088,EVT-0010579,2026-06-19 22:45:38.307558,0.33797868179840906,lstm
SVC-000054,EVT-0010580,2026-06-19 22:45:38.728649,0.8925602712389795,lstm
SVC-000041,EVT-0010581,2026-06-19 22:46:54.943108,0.9974902670812803,lstm
SVC-000045,EVT-0010582,2026-06-19 22:47:28.641467,0.4160547918981851,lstm
SVC-000045,EVT-0010583,2026-06-19 22:48:17.440851,0.5065091614503461,lstm
DEV-000009,EVT-0010584,2026-06-19 22:49:35.365322,0.2469864999974099,lstm
SVC-000032,EVT-0010585,2026-06-19 22:50:30.547131,0.9556314496638203,lstm
SVC-000032,EVT-0010586,2026-06-19 22:50:33.569677,0.6836808867287183,lstm
SVC-000002,EVT-0010587,2026-06-19 22:51:45.206863,0.5667860748933895,lstm
SVC-000002,EVT-0010588,2026-06-19 22:54:06.000968,0.3443328917106203,lstm
SVC-000047,EVT-0010589,2026-06-19 22:56:24.199494,0.24888616170456676,lstm
SVC-000047,EVT-0010590,2026-06-19 22:56:35.610504,0.6346504124582214,lstm
SVC-000002,EVT-0010591,2026-06-19 22:57:08.416739,0.2868345300150526,lstm
SVC-000032,EVT-0010592,2026-06-19 22:57:52.199438,0.2545979031676167,lstm
SVC-000002,EVT-0010593,2026-06-19 22:58:15.641892,0.5192858518408036,lstm
SVC-000032,EVT-0010594,2026-06-19 22:58:56.740761,0.36886278881317053,lstm
SVC-000025,EVT-0010595,2026-06-19 23:00:09.802952,0.4734894661790228,lstm
SVC-000002,EVT-0010596,2026-06-19 23:02:35.326210,0.39388282804783814,lstm
SVC-000032,EVT-0010597,2026-06-19 23:05:21.568370,0.2201891513021808,lstm
SVC-000002,EVT-0010598,2026-06-19 23:07:06.725161,0.34655303930573367,lstm
SVC-000054,EVT-0010599,2026-06-19 23:07:13.151917,0.6800724587331994,lstm
SVC-000002,EVT-0010600,2026-06-19 23:10:15.195391,0.24773936225290352,lstm
SVC-000035,EVT-0010601,2026-06-19 23:11:25.554352,0.30008694874393094,lstm
SVC-000002,EVT-0010602,2026-06-19 23:13:06.231897,0.30397648873009636,lstm
SVC-000032,EVT-0010603,2026-06-19 23:13:12.205418,0.24524044955475682,lstm
SVC-000032,EVT-0010604,2026-06-19 23:13:22.215610,0.3905963779698495,lstm
USR-000141,EVT-0010605,2026-06-19 23:16:00.196000,0.689359893110654,baseline_fallback
USR-000165,EVT-0010606,2026-06-19 23:18:37.483216,0.39125200924136466,lstm
SVC-000041,EVT-0010607,2026-06-19 23:19:36.055012,0.5119569503221044,lstm
SVC-000045,EVT-0010608,2026-06-19 23:20:02.520703,0.43194532720764156,lstm
DEV-000012,EVT-0010609,2026-06-19 23:20:09.032788,0.43643789607285616,lstm
SVC-000056,EVT-0010610,2026-06-19 23:20:41.274418,0.9731099957577519,lstm
SVC-000047,EVT-0010611,2026-06-19 23:21:47.908393,0.4644623368654333,lstm
SVC-000002,EVT-0010612,2026-06-19 23:22:24.006741,0.3639617654329381,lstm
SVC-000035,EVT-0010613,2026-06-19 23:23:26.464945,0.46340394386650996,lstm
SVC-000047,EVT-0010614,2026-06-19 23:25:04.452043,0.379855426156497,lstm
SVC-000032,EVT-0010615,2026-06-19 23:25:20.416492,0.24195773682975732,lstm
USR-000141,EVT-0010616,2026-06-19 23:26:16.076873,0.7117281201860342,baseline_fallback
DEV-000008,EVT-0010617,2026-06-19 23:26:23.983473,0.6226822891734685,lstm
SVC-000002,EVT-0010618,2026-06-19 23:26:41.105915,0.26390626996089456,lstm
SVC-000045,EVT-0010619,2026-06-19 23:33:44.376269,0.3931310985293337,lstm
SVC-000025,EVT-0010620,2026-06-19 23:36:09.966263,0.34847063043518073,lstm
SVC-000059,EVT-0010621,2026-06-19 23:37:25.672153,0.9767153399880982,lstm
SVC-000002,EVT-0010622,2026-06-19 23:37:43.306625,0.42945895330546674,lstm
SVC-000032,EVT-0010623,2026-06-19 23:38:23.887811,0.3040979850315062,lstm
SVC-000002,EVT-0010624,2026-06-19 23:38:46.360518,0.35642841100484696,lstm
SVC-000002,EVT-0010625,2026-06-19 23:40:30.832353,0.33740548502493334,lstm
SVC-000002,EVT-0010626,2026-06-19 23:40:56.999043,0.4535505979979677,lstm
SVC-000059,EVT-0010627,2026-06-19 23:41:04.365789,0.2508849638543682,lstm
SVC-000059,EVT-0010628,2026-06-19 23:44:37.128784,0.24175485552191475,lstm
SVC-000059,EVT-0010629,2026-06-19 23:44:48.678725,0.4367856187463766,lstm
SVC-000059,EVT-0010630,2026-06-19 23:45:04.151862,0.383732033111782,lstm
DEV-000018,EVT-0010631,2026-06-19 23:45:52.494351,0.620842725274935,lstm
SVC-000041,EVT-0010632,2026-06-19 23:46:02.689183,0.3884902903416131,lstm
SVC-000059,EVT-0010633,2026-06-19 23:52:12.145650,0.19965140088123948,lstm
USR-000106,EVT-0010634,2026-06-19 23:52:48.304421,0.2624427449939929,lstm
SVC-000032,EVT-0010635,2026-06-19 23:53:08.348280,0.2973609836620023,lstm
SVC-000056,EVT-0010636,2026-06-19 23:56:06.191364,0.4910579463843215,lstm
SVC-000002,EVT-0010637,2026-06-20 00:01:17.571114,0.6047480515559674,lstm
SVC-000041,EVT-0010638,2026-06-20 00:01:22.264736,0.46421063808305363,lstm
USR-000106,EVT-0010639,2026-06-20 00:01:49.961943,0.3671700191844715,lstm
SVC-000025,EVT-0010640,2026-06-20 00:02:14.320857,0.5798670337889079,lstm
SVC-000059,EVT-0010641,2026-06-20 00:02:28.770159,0.3542112514590502,lstm
SVC-000059,EVT-0010642,2026-06-20 00:02:48.385479,0.3965913062485652,lstm
DEV-000009,EVT-0010643,2026-06-20 00:08:20.831642,0.2730023209371484,lstm
SVC-000059,EVT-0010644,2026-06-20 00:17:36.572639,0.262802190276443,lstm
SVC-000059,EVT-0010645,2026-06-20 00:20:02.517728,0.22745429695814187,lstm
DEV-000009,EVT-0010646,2026-06-20 00:31:38.406979,0.2980840283451529,lstm
SVC-000041,EVT-0010647,2026-06-20 00:31:50.601732,0.5867856419543024,lstm
USR-000165,EVT-0010648,2026-06-20 00:32:48.591045,0.318674181205971,lstm
SVC-000056,EVT-0010649,2026-06-20 00:37:58.528512,0.585308878093095,lstm
SVC-000056,EVT-0010650,2026-06-20 00:38:12.844972,0.8711436432731408,lstm
DEV-000010,EVT-0010651,2026-06-20 00:41:13.028555,0.9426828480959394,lstm
SVC-000041,EVT-0010652,2026-06-20 00:43:45.437014,0.7203681423561826,lstm
USR-000113,EVT-0010653,2026-06-20 00:47:55.076195,0.8544932587645714,lstm
SVC-000025,EVT-0010654,2026-06-20 00:48:39.694435,0.49507499363516555,lstm
SVC-000041,EVT-0010655,2026-06-20 01:00:23.883627,0.27824862924010746,lstm
DEV-000009,EVT-0010656,2026-06-20 01:07:10.075838,0.17447759330782123,lstm
SVC-000025,EVT-0010657,2026-06-20 01:15:48.074998,0.8142470979291162,lstm
SVC-000056,EVT-0010658,2026-06-20 01:16:29.370776,0.4953266611572281,lstm
DEV-000011,EVT-0010659,2026-06-20 01:23:13.912902,0.5532266904970407,lstm
SVC-000056,EVT-0010660,2026-06-20 01:26:30.681199,0.6329828791087098,lstm
DEV-000003,EVT-0010661,2026-06-20 01:29:58.731326,0.9084932629144911,lstm
SVC-000041,EVT-0010662,2026-06-20 01:35:01.854829,0.6312597349612942,lstm
SVC-000041,EVT-0010663,2026-06-20 01:40:13.480411,0.8035951593307539,lstm
SVC-000041,EVT-0010664,2026-06-20 01:41:24.946054,0.8599330072595289,lstm
SVC-000041,EVT-0010665,2026-06-20 01:42:23.987696,0.8361425721335038,lstm
DEV-000023,EVT-0010666,2026-06-20 01:43:35.946204,0.922809242613389,lstm
DEV-000007,EVT-0010667,2026-06-20 01:47:01.578659,0.20347207372990292,lstm
SVC-000041,EVT-0010668,2026-06-20 01:48:21.724880,0.5920041426570581,lstm
DEV-000002,EVT-0010669,2026-06-20 01:48:45.326954,0.8420014645889324,lstm
DEV-000025,EVT-0010670,2026-06-20 01:51:23.172511,0.9520558263557466,lstm
SVC-000041,EVT-0010671,2026-06-20 01:53:18.543699,0.4542374326999044,lstm
USR-000122,EVT-0010672,2026-06-20 01:57:10.159956,0.5355200803787276,lstm
DEV-000018,EVT-0010673,2026-06-20 01:57:29.178046,0.8507721786943886,lstm
DEV-000026,EVT-0010674,2026-06-20 02:06:09.269433,0.8534602803132496,lstm
SVC-000018,EVT-0010675,2026-06-20 02:15:48.965744,0.9935971043098306,lstm
SVC-000018,EVT-0010676,2026-06-20 02:15:55.870919,0.7221011640958931,lstm
SVC-000014,EVT-0010677,2026-06-20 02:17:57.459846,0.964126778277893,lstm
SVC-000018,EVT-0010678,2026-06-20 02:18:46.075649,0.36161416614410674,lstm
DEV-000004,EVT-0010679,2026-06-20 02:20:51.117877,0.9050442436893921,lstm
SVC-000018,EVT-0010680,2026-06-20 02:22:13.316800,0.3278709994794065,lstm
DEV-000001,EVT-0010681,2026-06-20 02:22:56.471754,0.8560733957445344,lstm
USR-000124,EVT-0010682,2026-06-20 02:27:13.229284,0.7206639922065364,baseline_fallback
USR-000122,EVT-0010683,2026-06-20 02:29:37.196521,0.4798317445349969,lstm
DEV-000023,EVT-0010684,2026-06-20 02:31:49.905593,0.6567127953791245,lstm
DEV-000001,EVT-0010685,2026-06-20 02:36:51.242685,0.9543940602859059,lstm
DEV-000005,EVT-0010686,2026-06-20 02:40:44.720454,0.83217037224453,lstm
DEV-000002,EVT-0010687,2026-06-20 02:40:55.502500,0.7201394307789666,lstm
DEV-000004,EVT-0010688,2026-06-20 02:40:58.356255,0.8752528806528216,lstm
SVC-000018,EVT-0010689,2026-06-20 02:41:48.074954,0.435801429129367,lstm
DEV-000022,EVT-0010690,2026-06-20 02:44:51.022833,0.6349372267841181,lstm
SVC-000018,EVT-0010691,2026-06-20 02:46:54.257874,0.4594907258819183,lstm
USR-000124,EVT-0010692,2026-06-20 02:49:40.123807,0.778555597737286,baseline_fallback
SVC-000020,EVT-0010693,2026-06-20 02:53:05.031848,0.9994632772827621,lstm
DEV-000002,EVT-0010694,2026-06-20 02:56:14.443419,0.6403751915573505,lstm
USR-000122,EVT-0010695,2026-06-20 02:57:06.114568,0.570170599376671,lstm
SVC-000018,EVT-0010696,2026-06-20 02:57:56.930108,0.28302360240865304,lstm
USR-000124,EVT-0010697,2026-06-20 02:58:06.489354,0.9999838212854686,lstm
SVC-000018,EVT-0010698,2026-06-20 02:59:50.145292,0.44942986662586853,lstm
DEV-000022,EVT-0010699,2026-06-20 03:00:29.569200,0.7237333666377275,lstm
SVC-000018,EVT-0010700,2026-06-20 03:02:16.235960,0.3235476044669783,lstm
SVC-000018,EVT-0010701,2026-06-20 03:03:23.650617,0.49300146932075295,lstm
SVC-000018,EVT-0010702,2026-06-20 03:06:39.256882,0.5645576066122392,lstm
SVC-000041,EVT-0010703,2026-06-20 03:07:40.003353,0.5767523573911134,lstm
USR-000124,EVT-0010704,2026-06-20 03:10:22.329176,0.9978647909596318,lstm
SVC-000014,EVT-0010705,2026-06-20 03:10:50.024492,0.27193177829931414,lstm
SVC-000018,EVT-0010706,2026-06-20 03:14:00.288988,0.3305624231432971,lstm
SVC-000041,EVT-0010707,2026-06-20 03:14:29.829506,0.7014513951339088,lstm
SVC-000014,EVT-0010708,2026-06-20 03:21:53.070301,0.33149621047311406,lstm
SVC-000018,EVT-0010709,2026-06-20 03:24:28.201838,0.4192677424762097,lstm
SVC-000014,EVT-0010710,2026-06-20 03:27:25.442999,0.3420970588861253,lstm
DEV-000013,EVT-0010711,2026-06-20 03:27:56.519147,0.9287002309041186,lstm
DEV-000008,EVT-0010712,2026-06-20 03:28:07.349466,0.784281025009776,lstm
DEV-000019,EVT-0010713,2026-06-20 03:35:12.855845,0.7429105744978713,lstm
DEV-000009,EVT-0010714,2026-06-20 03:39:21.622536,0.19448156129533767,lstm
SVC-000020,EVT-0010715,2026-06-20 03:41:48.842114,0.9778907404920153,lstm
SVC-000018,EVT-0010716,2026-06-20 03:42:51.327279,0.4369178117611544,lstm
DEV-000020,EVT-0010717,2026-06-20 03:44:11.347849,0.9805644398476524,lstm
SVC-000014,EVT-0010718,2026-06-20 03:50:19.808440,0.23665230120381522,lstm
SVC-000014,EVT-0010719,2026-06-20 03:53:01.746370,0.472739482996494,lstm
SVC-000020,EVT-0010720,2026-06-20 03:54:13.129417,0.9687301947469915,lstm
SVC-000014,EVT-0010721,2026-06-20 03:54:32.128242,0.3774856961063676,lstm
SVC-000014,EVT-0010722,2026-06-20 03:57:27.484639,0.4312968369696897,lstm
DEV-000011,EVT-0010723,2026-06-20 03:58:23.352753,0.46448349547964485,lstm
SVC-000015,EVT-0010724,2026-06-20 04:00:57.995642,0.9994758020083748,lstm
SVC-000015,EVT-0010725,2026-06-20 04:03:03.659524,0.974686964293713,lstm
DEV-000002,EVT-0010726,2026-06-20 04:05:33.792561,0.6081000064057358,lstm
SVC-000014,EVT-0010727,2026-06-20 04:07:21.238791,0.5890519734267871,lstm
SVC-000014,EVT-0010728,2026-06-20 04:07:53.855771,0.822496653662952,lstm
USR-000113,EVT-0010729,2026-06-20 04:09:06.517469,0.3771613574690084,lstm
SVC-000015,EVT-0010730,2026-06-20 04:11:21.020821,0.9233882491482094,lstm
DEV-000023,EVT-0010731,2026-06-20 04:16:59.739937,0.5984184990843995,lstm
SVC-000015,EVT-0010732,2026-06-20 04:20:45.541967,0.6525909984755869,lstm
DEV-000007,EVT-0010733,2026-06-20 04:24:30.262787,0.2264122912502276,lstm
SVC-000019,EVT-0010734,2026-06-20 04:29:36.961241,0.9695603981966139,lstm
SVC-000015,EVT-0010735,2026-06-20 04:32:03.807088,0.557151239927073,lstm
SVC-000015,EVT-0010736,2026-06-20 04:32:06.322916,0.9126294809648694,lstm
SVC-000015,EVT-0010737,2026-06-20 04:37:29.979875,0.6199159483616765,lstm
DEV-000018,EVT-0010738,2026-06-20 04:38:02.617844,0.8585936037755766,lstm
DEV-000018,EVT-0010739,2026-06-20 04:38:04.325952,0.9439755032708775,lstm
DEV-000004,EVT-0010740,2026-06-20 04:38:13.991082,0.36363751388249194,lstm
SVC-000014,EVT-0010741,2026-06-20 04:40:03.291597,0.3539525770422629,lstm
SVC-000020,EVT-0010742,2026-06-20 04:44:42.916180,0.9939693971681549,lstm
SVC-000020,EVT-0010743,2026-06-20 04:46:19.445447,0.9974338264495697,lstm
SVC-000014,EVT-0010744,2026-06-20 04:48:24.468825,0.43685458173872016,lstm
USR-000076,EVT-0010745,2026-06-20 04:51:42.755883,0.8531925347284319,lstm
SVC-000019,EVT-0010746,2026-06-20 04:54:29.100560,0.31118239304077927,lstm
SVC-000020,EVT-0010747,2026-06-20 04:57:31.285180,0.8153276710156134,lstm
SVC-000014,EVT-0010748,2026-06-20 04:58:26.067694,0.4403628521707156,lstm
SVC-000015,EVT-0010749,2026-06-20 04:58:32.232450,0.8625262501025889,lstm
SVC-000031,EVT-0010750,2026-06-20 05:01:05.754448,0.9808178349119415,lstm
SVC-000020,EVT-0010751,2026-06-20 05:01:33.027657,0.9351234119229661,lstm
DEV-000022,EVT-0010752,2026-06-20 05:09:57.693159,0.2801789505469358,lstm
SVC-000041,EVT-0010753,2026-06-20 05:11:50.908679,0.9258441643513877,lstm
SVC-000015,EVT-0010754,2026-06-20 05:12:38.560303,0.6446431343008695,lstm
USR-000019,EVT-0010755,2026-06-20 05:13:48.721239,0.5523821763688898,lstm
SVC-000019,EVT-0010756,2026-06-20 05:13:51.496101,0.25368912546311995,lstm
SVC-000014,EVT-0010757,2026-06-20 05:16:03.886357,0.3193908434505807,lstm
SVC-000015,EVT-0010758,2026-06-20 05:16:35.200644,0.9436951650187182,lstm
USR-000058,EVT-0010759,2026-06-20 05:23:25.662679,0.8137333055495402,lstm
DEV-000012,EVT-0010760,2026-06-20 05:25:31.502490,0.7372896768909961,lstm
USR-000157,EVT-0010761,2026-06-20 05:28:30.592066,0.8340347075242708,lstm
DEV-000010,EVT-0010762,2026-06-20 05:29:04.964018,0.919237987689681,lstm
SVC-000031,EVT-0010763,2026-06-20 05:36:00.493246,0.414093680864718,lstm
SVC-000014,EVT-0010764,2026-06-20 05:36:35.371925,0.4629941028014447,lstm
SVC-000019,EVT-0010765,2026-06-20 05:39:08.873450,0.5625793199187306,lstm
SVC-000019,EVT-0010766,2026-06-20 05:44:32.499401,0.38695674620791154,lstm
DEV-000001,EVT-0010767,2026-06-20 05:44:58.455036,0.2411898896583757,lstm
SVC-000014,EVT-0010768,2026-06-20 05:46:03.280595,0.27409483656127165,lstm
DEV-000019,EVT-0010769,2026-06-20 05:55:07.572279,0.6407850064223758,lstm
DEV-000014,EVT-0010770,2026-06-20 05:58:57.500759,0.6155664190788206,lstm
USR-000067,EVT-0010771,2026-06-20 06:02:09.329375,0.7727932388962514,baseline_fallback
USR-000137,EVT-0010772,2026-06-20 06:06:40.431684,0.9916933486635274,lstm
SVC-000019,EVT-0010773,2026-06-20 06:07:32.355267,0.3199789389519913,lstm
DEV-000005,EVT-0010774,2026-06-20 06:07:39.425221,0.6910477077656354,lstm
SVC-000009,EVT-0010775,2026-06-20 06:08:15.147199,0.9989149606281436,lstm
DEV-000018,EVT-0010776,2026-06-20 06:09:40.847849,0.5864886581765214,lstm
DEV-000018,EVT-0010777,2026-06-20 06:13:02.041112,0.9416729779224788,lstm
SVC-000031,EVT-0010778,2026-06-20 06:14:48.731228,0.34889743364740067,lstm
SVC-000019,EVT-0010779,2026-06-20 06:16:33.771517,0.3801081259296214,lstm
SVC-000019,EVT-0010780,2026-06-20 06:27:39.095984,0.34172316902987143,lstm
SVC-000009,EVT-0010781,2026-06-20 06:30:10.176105,0.88745346938617,lstm
SVC-000009,EVT-0010782,2026-06-20 06:33:42.773430,0.858443748948571,lstm
DEV-000020,EVT-0010783,2026-06-20 06:33:54.705103,0.6681259482537694,lstm
SVC-000009,EVT-0010784,2026-06-20 06:37:07.558859,0.7144568506621173,lstm
SVC-000009,EVT-0010785,2026-06-20 06:37:19.720567,0.7241352626007782,lstm
SVC-000031,EVT-0010786,2026-06-20 06:37:39.248103,0.3896092176670854,lstm
SVC-000009,EVT-0010787,2026-06-20 06:38:34.248301,0.7173250864595073,lstm
SVC-000009,EVT-0010788,2026-06-20 06:38:47.045842,0.9489788463445816,lstm
SVC-000031,EVT-0010789,2026-06-20 06:38:51.344978,0.6836895072364917,lstm
SVC-000009,EVT-0010790,2026-06-20 06:38:55.759682,0.6714947344429348,lstm
USR-000019,EVT-0010791,2026-06-20 06:40:16.442123,0.36694696398582904,lstm
SVC-000009,EVT-0010792,2026-06-20 06:40:54.766858,0.399475579346462,lstm
DEV-000001,EVT-0010793,2026-06-20 06:41:56.319874,0.30231995700194186,lstm
USR-000082,EVT-0010794,2026-06-20 06:42:19.358152,0.8953984074166954,lstm
SVC-000031,EVT-0010795,2026-06-20 06:43:17.301408,0.4035701276879757,lstm
USR-000099,EVT-0010796,2026-06-20 06:44:49.345062,0.9459539692335578,lstm
SVC-000031,EVT-0010797,2026-06-20 06:52:54.049393,0.7513325138424479,lstm
DEV-000014,EVT-0010798,2026-06-20 06:53:55.104002,0.2912124701847192,lstm
SVC-000031,EVT-0010799,2026-06-20 06:55:08.829321,0.5154417240389662,lstm
DEV-000010,EVT-0010800,2026-06-20 06:55:51.036296,0.8242694877143362,lstm
USR-000207,EVT-0010801,2026-06-20 06:56:46.887529,0.3464613043501347,lstm
DEV-000003,EVT-0010802,2026-06-20 06:56:48.375916,0.598831829317564,lstm
SVC-000009,EVT-0010803,2026-06-20 06:57:23.203392,0.3613425664386283,lstm
SVC-000031,EVT-0010804,2026-06-20 06:58:05.341526,0.36131264506933797,lstm
USR-000015,EVT-0010805,2026-06-20 06:58:17.882283,0.9999999999990301,lstm
SVC-000009,EVT-0010806,2026-06-20 06:58:50.619910,0.5948755760334025,lstm
SVC-000031,EVT-0010807,2026-06-20 07:03:46.467642,0.3163731732680369,lstm
DEV-000015,EVT-0010808,2026-06-20 07:10:55.119321,0.6132343080967325,lstm
SVC-000055,EVT-0010809,2026-06-20 07:13:21.067478,0.9848100759285221,lstm
DEV-000022,EVT-0010810,2026-06-20 07:14:35.508965,0.22391711424223437,lstm
USR-000023,EVT-0010811,2026-06-20 07:16:01.745973,0.6593883407853621,lstm
USR-000167,EVT-0010812,2026-06-20 07:16:43.941023,0.527935643411378,lstm
SVC-000055,EVT-0010813,2026-06-20 07:18:17.666031,0.4855215074661697,lstm
USR-000093,EVT-0010814,2026-06-20 07:18:46.244295,0.6626233423597,lstm
DEV-000015,EVT-0010815,2026-06-20 07:19:08.542897,0.8789284008383548,lstm
SVC-000055,EVT-0010816,2026-06-20 07:20:13.253264,0.8979490399531354,lstm
SVC-000055,EVT-0010817,2026-06-20 07:21:09.552285,0.591871985146772,lstm
SVC-000055,EVT-0010818,2026-06-20 07:27:44.312700,0.2897957600279926,lstm
SVC-000055,EVT-0010819,2026-06-20 07:29:09.551195,0.3474499315635251,lstm
SVC-000055,EVT-0010820,2026-06-20 07:32:04.295116,0.4469674912060113,lstm
USR-000099,EVT-0010821,2026-06-20 07:37:39.139224,0.7456964370217959,lstm
USR-000207,EVT-0010822,2026-06-20 07:38:18.864647,0.25317466334175065,lstm
SVC-000030,EVT-0010823,2026-06-20 07:41:39.662197,0.9348293998670729,lstm
SVC-000031,EVT-0010824,2026-06-20 07:41:52.562329,0.42854574131620377,lstm
USR-000190,EVT-0010825,2026-06-20 07:42:42.822789,0.8217159117285753,baseline_fallback
USR-000158,EVT-0010826,2026-06-20 07:42:49.001490,0.7703746843826766,baseline_fallback
SVC-000011,EVT-0010827,2026-06-20 07:46:29.076859,0.9804748271644925,lstm
SVC-000040,EVT-0010828,2026-06-20 07:46:48.318985,0.9950538962647147,lstm
USR-000039,EVT-0010829,2026-06-20 07:48:39.740141,0.8526330982057211,baseline_fallback
USR-000009,EVT-0010830,2026-06-20 07:48:42.891245,0.8034419459256306,baseline_fallback
USR-000156,EVT-0010831,2026-06-20 07:49:53.867057,0.496980382630568,baseline_fallback
USR-000019,EVT-0010832,2026-06-20 07:51:00.792144,0.3073337477206227,lstm
SVC-000055,EVT-0010833,2026-06-20 07:51:34.860849,0.47649964361027003,lstm
USR-000042,EVT-0010834,2026-06-20 07:55:01.389910,0.3857917843695625,lstm
SVC-000055,EVT-0010835,2026-06-20 07:55:10.101096,0.42756225471240294,lstm
SVC-000042,EVT-0010836,2026-06-20 07:56:49.187739,0.992159977171554,lstm
USR-000050,EVT-0010837,2026-06-20 07:56:49.551640,0.7302811143218446,lstm
DEV-000003,EVT-0010838,2026-06-20 07:57:33.671126,0.4340494252848328,lstm
SVC-000031,EVT-0010839,2026-06-20 07:59:24.690094,0.3942268000632436,lstm
SVC-000055,EVT-0010840,2026-06-20 08:00:12.115317,0.45462382049074007,lstm
USR-000177,EVT-0010841,2026-06-20 08:00:16.897117,0.3622872543912749,lstm
USR-000013,EVT-0010842,2026-06-20 08:00:30.655674,0.630715002202456,baseline_fallback
SVC-000011,EVT-0010843,2026-06-20 08:02:31.594821,0.3961682496410157,lstm
SVC-000055,EVT-0010844,2026-06-20 08:03:31.596630,0.4227717209418797,lstm
USR-000207,EVT-0010845,2026-06-20 08:04:05.606760,0.26129878411150714,lstm
SVC-000030,EVT-0010846,2026-06-20 08:04:09.223701,0.7398412210866921,lstm
USR-000129,EVT-0010847,2026-06-20 08:04:43.760738,0.6156679298054764,lstm
DEV-000009,EVT-0010848,2026-06-20 08:09:19.005790,0.5937803781996767,lstm
SVC-000055,EVT-0010849,2026-06-20 08:10:08.139599,0.46632740317908394,lstm
SVC-000030,EVT-0010850,2026-06-20 08:11:55.637349,0.5417074788079999,lstm
SVC-000011,EVT-0010851,2026-06-20 08:14:24.951619,0.29007946213548036,lstm
SVC-000030,EVT-0010852,2026-06-20 08:15:42.783720,0.8434811028979198,lstm
SVC-000011,EVT-0010853,2026-06-20 08:16:06.720288,0.4212869282339953,lstm
SVC-000055,EVT-0010854,2026-06-20 08:16:16.443922,0.3396253544598151,lstm
DEV-000013,EVT-0010855,2026-06-20 08:19:53.640044,0.9289858008637543,lstm
USR-000031,EVT-0010856,2026-06-20 08:22:29.249625,0.4832247958424454,lstm
USR-000120,EVT-0010857,2026-06-20 08:25:57.599315,0.7736318701951641,lstm
USR-000114,EVT-0010858,2026-06-20 08:28:00.486223,0.44915038284960423,baseline_fallback
SVC-000046,EVT-0010859,2026-06-20 08:31:31.158406,0.9821940375545499,lstm
USR-000155,EVT-0010860,2026-06-20 08:31:33.357125,0.50871980634515,lstm
SVC-000040,EVT-0010861,2026-06-20 08:32:05.532044,0.9033366155972419,lstm
DEV-000009,EVT-0010862,2026-06-20 08:35:09.150147,0.45692370148102135,lstm
USR-000162,EVT-0010863,2026-06-20 08:35:25.576267,0.42689887516973657,lstm
SVC-000051,EVT-0010864,2026-06-20 08:35:46.863923,0.810075272216861,lstm
SVC-000011,EVT-0010865,2026-06-20 08:35:59.413754,0.2766376452954792,lstm
SVC-000051,EVT-0010866,2026-06-20 08:37:01.159705,0.8235156699172866,lstm
USR-000162,EVT-0010867,2026-06-20 08:37:55.513226,0.6539974954533561,lstm
SVC-000024,EVT-0010868,2026-06-20 08:38:42.661703,0.9940381713855097,lstm
SVC-000011,EVT-0010869,2026-06-20 08:39:06.570349,0.35590484494592567,lstm
SVC-000011,EVT-0010870,2026-06-20 08:39:35.946596,0.38997482966054287,lstm
SVC-000046,EVT-0010871,2026-06-20 08:40:00.139507,0.371408025887216,lstm
DEV-000022,EVT-0010872,2026-06-20 08:40:05.181482,0.4028288385117474,lstm
DEV-000008,EVT-0010873,2026-06-20 08:40:23.385007,0.8349424228155269,lstm
USR-000178,EVT-0010874,2026-06-20 08:40:52.920619,0.861664244898318,lstm
SVC-000046,EVT-0010875,2026-06-20 08:43:09.759213,0.8102211341507655,lstm
SVC-000046,EVT-0010876,2026-06-20 08:43:29.911534,0.6603105926291573,lstm
DEV-000020,EVT-0010877,2026-06-20 08:43:35.782175,0.46702483135893613,lstm
USR-000177,EVT-0010878,2026-06-20 08:44:49.478787,0.32655070941177733,lstm
SVC-000011,EVT-0010879,2026-06-20 08:46:28.054647,0.34931772489451157,lstm
SVC-000011,EVT-0010880,2026-06-20 08:47:05.830930,0.7820236092685989,lstm
SVC-000046,EVT-0010881,2026-06-20 08:48:02.212071,0.2994177676478871,lstm
SVC-000046,EVT-0010882,2026-06-20 08:48:43.054970,0.46980511974135186,lstm
SVC-000024,EVT-0010883,2026-06-20 08:52:56.468542,0.3094898113855302,lstm
SVC-000011,EVT-0010884,2026-06-20 08:52:57.974967,0.3474353798524965,lstm
SVC-000046,EVT-0010885,2026-06-20 08:55:43.254087,0.50957315052715,lstm
DEV-000006,EVT-0010886,2026-06-20 08:59:06.843193,0.8687920883696147,lstm
USR-000016,EVT-0010887,2026-06-20 09:00:34.802414,0.4211835416549351,lstm
SVC-000050,EVT-0010888,2026-06-20 09:01:21.337214,0.9690598516793387,lstm
USR-000103,EVT-0010889,2026-06-20 09:01:50.096882,0.3806441936986569,baseline_fallback
DEV-000005,EVT-0010890,2026-06-20 09:02:22.532483,0.48520039036027807,lstm
SVC-000046,EVT-0010891,2026-06-20 09:02:43.732310,0.24482868225834328,lstm
SVC-000051,EVT-0010892,2026-06-20 09:07:10.075509,0.33558567164786723,lstm
SVC-000024,EVT-0010893,2026-06-20 09:08:57.176614,0.29238659745529627,lstm
USR-000162,EVT-0010894,2026-06-20 09:09:16.377524,0.45548743965362337,lstm
DEV-000013,EVT-0010895,2026-06-20 09:09:18.950058,0.7251073064518431,lstm
USR-000022,EVT-0010896,2026-06-20 09:11:42.204396,0.47362610244684367,lstm
SVC-000024,EVT-0010897,2026-06-20 09:11:56.314810,0.5461990157157521,lstm
USR-000015,EVT-0010898,2026-06-20 09:12:51.839910,0.8969939294858681,lstm
USR-000098,EVT-0010899,2026-06-20 09:15:07.904460,0.4893310490501391,lstm
SVC-000024,EVT-0010900,2026-06-20 09:15:29.786240,0.478061132064682,lstm
USR-000158,EVT-0010901,2026-06-20 09:16:07.784790,0.3458725258102195,baseline_fallback
SVC-000046,EVT-0010902,2026-06-20 09:16:59.016029,0.5068044391512528,lstm
USR-000031,EVT-0010903,2026-06-20 09:17:21.996167,0.3150698255546813,lstm
USR-000099,EVT-0010904,2026-06-20 09:17:56.561691,0.6629597586336547,lstm
SVC-000008,EVT-0010905,2026-06-20 09:18:20.568854,0.9913896309906904,lstm
SVC-000039,EVT-0010906,2026-06-20 09:20:18.242044,0.9925061214403389,lstm
SVC-000042,EVT-0010907,2026-06-20 09:21:45.015254,0.48204511566285935,lstm
SVC-000011,EVT-0010908,2026-06-20 09:21:52.712446,0.29299081578816993,lstm
USR-000167,EVT-0010909,2026-06-20 09:24:07.551208,0.414885661646574,lstm
USR-000118,EVT-0010910,2026-06-20 09:24:25.603616,0.8509209903908524,lstm
SVC-000046,EVT-0010911,2026-06-20 09:25:10.693190,0.4874106425818678,lstm
USR-000114,EVT-0010912,2026-06-20 09:25:42.440307,0.48904421173213247,baseline_fallback
USR-000042,EVT-0010913,2026-06-20 09:26:12.404872,0.2652923508728332,lstm
USR-000067,EVT-0010914,2026-06-20 09:27:03.544743,0.4156124667749101,baseline_fallback
SVC-000030,EVT-0010915,2026-06-20 09:27:26.760527,0.778939314727079,lstm
USR-000130,EVT-0010916,2026-06-20 09:29:02.297440,0.4092832187688181,baseline_fallback
SVC-000016,EVT-0010917,2026-06-20 09:30:18.599495,0.9697893781854662,lstm
SVC-000030,EVT-0010918,2026-06-20 09:32:33.592072,0.7232069184977818,lstm
USR-000102,EVT-0010919,2026-06-20 09:33:05.612781,0.5970907042041691,lstm
SVC-000042,EVT-0010920,2026-06-20 09:34:49.000376,0.26189646807523015,lstm
SVC-000042,EVT-0010921,2026-06-20 09:35:55.748959,0.47213497983609043,lstm
SVC-000046,EVT-0010922,2026-06-20 09:36:14.421133,0.6345346870188318,lstm
SVC-000039,EVT-0010923,2026-06-20 09:36:33.356059,0.528696678863475,lstm
SVC-000051,EVT-0010924,2026-06-20 09:37:47.874688,0.3279495407629078,lstm
SVC-000011,EVT-0010925,2026-06-20 09:38:55.306081,0.2538760836689773,lstm
USR-000175,EVT-0010926,2026-06-20 09:38:56.026466,0.7513971585756603,baseline_fallback
DEV-000012,EVT-0010927,2026-06-20 09:39:11.717907,0.5337298292804654,lstm
DEV-000012,EVT-0010928,2026-06-20 09:40:39.770305,0.9897203532328434,lstm
SVC-000046,EVT-0010929,2026-06-20 09:41:50.395260,0.6296372711745549,lstm
SVC-000024,EVT-0010930,2026-06-20 09:42:54.162114,0.2696641584881083,lstm
USR-000029,EVT-0010931,2026-06-20 09:43:25.993543,0.5549686502309726,lstm
USR-000090,EVT-0010932,2026-06-20 09:44:25.974618,0.9289141893385046,lstm
USR-000139,EVT-0010933,2026-06-20 09:44:29.245319,0.5013236976678986,lstm
USR-000069,EVT-0010934,2026-06-20 09:44:34.168215,0.39281524542478696,lstm
USR-000137,EVT-0010935,2026-06-20 09:47:23.128506,0.8641875338886965,lstm
USR-000039,EVT-0010936,2026-06-20 09:48:21.797218,0.6898611491214878,baseline_fallback
SVC-000011,EVT-0010937,2026-06-20 09:48:32.043954,0.33187007200142693,lstm
USR-000182,EVT-0010938,2026-06-20 09:51:09.557609,0.9990201436145241,lstm
SVC-000042,EVT-0010939,2026-06-20 09:51:30.062787,0.2713506785817325,lstm
USR-000099,EVT-0010940,2026-06-20 09:52:06.197272,0.5123797550671604,lstm
USR-000067,EVT-0010941,2026-06-20 09:52:58.654830,0.45418885475565574,lstm
SVC-000016,EVT-0010942,2026-06-20 09:56:05.212860,0.43200757960927044,lstm
USR-000203,EVT-0010943,2026-06-20 09:56:51.689559,0.4244982279873804,baseline_fallback
SVC-000039,EVT-0010944,2026-06-20 09:57:49.554716,0.4883703604089667,lstm
USR-000022,EVT-0010945,2026-06-20 09:58:24.878207,0.40236898010915606,lstm
USR-000015,EVT-0010946,2026-06-20 09:58:48.389583,0.8443943309130683,lstm
USR-000118,EVT-0010947,2026-06-20 09:59:08.206972,0.8827582108903231,lstm
SVC-000042,EVT-0010948,2026-06-20 09:59:30.519567,0.26432215746358784,lstm
SVC-000042,EVT-0010949,2026-06-20 09:59:57.308440,0.5232964221932381,lstm
USR-000120,EVT-0010950,2026-06-20 10:00:52.911438,0.6467593204203967,lstm
SVC-000016,EVT-0010951,2026-06-20 10:01:29.961056,0.3604359066007322,lstm
SVC-000008,EVT-0010952,2026-06-20 10:01:35.055614,0.5430965012833588,lstm
USR-000132,EVT-0010953,2026-06-20 10:04:33.167829,0.6480564516930721,lstm
USR-000116,EVT-0010954,2026-06-20 10:06:25.138913,0.7417589099541977,baseline_fallback
USR-000015,EVT-0010955,2026-06-20 10:06:25.889142,0.9139151143794423,lstm
DEV-000020,EVT-0010956,2026-06-20 10:06:55.564510,0.25211131356033,lstm
USR-000162,EVT-0010957,2026-06-20 10:07:04.563894,0.4164167990010183,lstm
USR-000058,EVT-0010958,2026-06-20 10:07:51.419534,0.3243268838866334,lstm
SVC-000008,EVT-0010959,2026-06-20 10:08:13.225945,0.5271304884625219,lstm
USR-000058,EVT-0010960,2026-06-20 10:08:22.807055,0.7192677260210153,lstm
USR-000103,EVT-0010961,2026-06-20 10:08:28.903381,1.0,lstm
SVC-000042,EVT-0010962,2026-06-20 10:08:40.369381,0.2815675571005523,lstm
USR-000200,EVT-0010963,2026-06-20 10:08:59.628110,0.6661148969486176,lstm
SVC-000050,EVT-0010964,2026-06-20 10:11:47.184601,0.5305408791289993,lstm
USR-000015,EVT-0010965,2026-06-20 10:11:51.604226,0.9349482479808091,lstm
USR-000162,EVT-0010966,2026-06-20 10:15:21.297067,0.43419489639304076,lstm
USR-000167,EVT-0010967,2026-06-20 10:15:21.842458,0.42438958476518723,lstm
SVC-000039,EVT-0010968,2026-06-20 10:16:01.358297,0.5086103817189013,lstm
USR-000102,EVT-0010969,2026-06-20 10:16:56.280934,0.6318826112227234,lstm
USR-000118,EVT-0010970,2026-06-20 10:17:01.535634,0.7837258825866256,lstm
SVC-000016,EVT-0010971,2026-06-20 10:17:04.201511,0.36961778371093373,lstm
SVC-000024,EVT-0010972,2026-06-20 10:17:16.628231,0.27478776272100663,lstm
SVC-000050,EVT-0010973,2026-06-20 10:17:21.681238,0.6865924502033003,lstm
SVC-000008,EVT-0010974,2026-06-20 10:17:33.599391,0.45314257582891493,lstm
USR-000039,EVT-0010975,2026-06-20 10:17:42.388284,0.3564235110559326,baseline_fallback
USR-000008,EVT-0010976,2026-06-20 10:19:50.850239,0.4098347993793743,lstm
SVC-000024,EVT-0010977,2026-06-20 10:19:51.802063,0.7678562882025615,lstm
USR-000118,EVT-0010978,2026-06-20 10:19:58.699595,0.733487333989428,lstm
DEV-000026,EVT-0010979,2026-06-20 10:20:30.042077,0.43707416148013817,lstm
SVC-000016,EVT-0010980,2026-06-20 10:21:38.995269,0.40142918906405073,lstm
USR-000009,EVT-0010981,2026-06-20 10:22:23.703061,0.38666473585702443,baseline_fallback
SVC-000053,EVT-0010982,2026-06-20 10:22:36.396269,0.9715810720741559,lstm
USR-000015,EVT-0010983,2026-06-20 10:25:01.494137,0.8523401322130288,lstm
USR-000008,EVT-0010984,2026-06-20 10:26:40.653587,0.3800785641529738,lstm
USR-000042,EVT-0010985,2026-06-20 10:27:02.337505,0.25652793874648444,lstm
USR-000070,EVT-0010986,2026-06-20 10:27:58.290457,0.4137562964017384,baseline_fallback
USR-000042,EVT-0010987,2026-06-20 10:28:19.085456,0.42721458762497444,lstm
USR-000153,EVT-0010988,2026-06-20 10:29:28.673126,0.7383753816605473,lstm
USR-000164,EVT-0010989,2026-06-20 10:29:57.268814,0.42326205958707963,lstm
USR-000167,EVT-0010990,2026-06-20 10:30:48.652447,0.5170308347223597,lstm
SVC-000039,EVT-0010991,2026-06-20 10:32:58.753643,0.4147059843110811,lstm
USR-000164,EVT-0010992,2026-06-20 10:35:16.074351,0.48749609778620734,lstm
USR-000005,EVT-0010993,2026-06-20 10:37:34.402688,0.35900308991282887,baseline_fallback
USR-000132,EVT-0010994,2026-06-20 10:38:09.348389,0.6567980667388768,lstm
DEV-000026,EVT-0010995,2026-06-20 10:40:43.116826,0.5033039960163067,lstm
SVC-000042,EVT-0010996,2026-06-20 10:42:02.922298,0.2824881936176507,lstm
USR-000095,EVT-0010997,2026-06-20 10:42:08.713561,0.80498640840944,lstm
USR-000041,EVT-0010998,2026-06-20 10:42:58.323169,0.9256771054532451,lstm
DEV-000009,EVT-0010999,2026-06-20 10:43:25.496576,0.4332812833694425,lstm
SVC-000021,EVT-0011000,2026-06-20 10:44:40.159457,0.9862366832386681,lstm
DEV-000009,EVT-0011001,2026-06-20 10:46:38.908317,0.8661952966988293,lstm
SVC-000008,EVT-0011002,2026-06-20 10:48:38.958571,0.7641186844328348,lstm
SVC-000039,EVT-0011003,2026-06-20 10:49:44.740287,0.3050452969577221,lstm
USR-000120,EVT-0011004,2026-06-20 10:51:46.555364,0.44610138713738845,lstm
USR-000102,EVT-0011005,2026-06-20 10:52:10.639925,0.5463577270796289,lstm
SVC-000008,EVT-0011006,2026-06-20 10:52:57.207370,0.7163686490271846,lstm
USR-000080,EVT-0011007,2026-06-20 10:53:09.833855,0.7747879573569977,lstm
USR-000176,EVT-0011008,2026-06-20 10:54:16.498230,0.9991323154183297,lstm
USR-000203,EVT-0011009,2026-06-20 10:55:13.514686,0.42322391910906504,baseline_fallback
USR-000177,EVT-0011010,2026-06-20 10:59:30.486525,0.21865236088557102,lstm
USR-000042,EVT-0011011,2026-06-20 11:02:06.990973,0.2539802125250533,lstm
USR-000105,EVT-0011012,2026-06-20 11:02:59.749160,0.36264984280810375,baseline_fallback
USR-000031,EVT-0011013,2026-06-20 11:04:59.873940,0.34085645873213516,lstm
USR-000098,EVT-0011014,2026-06-20 11:05:25.749554,0.3275361115403722,lstm
USR-000009,EVT-0011015,2026-06-20 11:05:30.754625,0.6805281753269795,baseline_fallback
SVC-000053,EVT-0011016,2026-06-20 11:06:48.316446,0.385732833783942,lstm
USR-000182,EVT-0011017,2026-06-20 11:07:08.658383,0.8532734597465689,lstm
USR-000162,EVT-0011018,2026-06-20 11:07:33.634175,0.3353324180751786,lstm
SVC-000021,EVT-0011019,2026-06-20 11:07:46.205196,0.5877791306476444,lstm
USR-000157,EVT-0011020,2026-06-20 11:08:31.319825,0.5263074895155796,lstm
USR-000062,EVT-0011021,2026-06-20 11:09:04.329840,0.5865103546374699,lstm
SVC-000008,EVT-0011022,2026-06-20 11:09:21.195763,0.6326059581819918,lstm
USR-000164,EVT-0011023,2026-06-20 11:09:35.746224,0.4652490341068761,lstm
DEV-000024,EVT-0011024,2026-06-20 11:11:32.413715,0.5397938759250395,lstm
SVC-000050,EVT-0011025,2026-06-20 11:11:59.932494,0.2776042642767466,lstm
USR-000120,EVT-0011026,2026-06-20 11:12:39.540388,0.37479584733226395,lstm
SVC-000039,EVT-0011027,2026-06-20 11:12:39.850819,0.364027828075656,lstm
USR-000099,EVT-0011028,2026-06-20 11:14:12.091257,0.5435023101866713,lstm
USR-000093,EVT-0011029,2026-06-20 11:16:26.714956,1.0,lstm
USR-000157,EVT-0011030,2026-06-20 11:16:27.433272,0.6281481411798394,lstm
USR-000023,EVT-0011031,2026-06-20 11:16:27.704409,0.36906348847977877,lstm
USR-000135,EVT-0011032,2026-06-20 11:16:47.804006,0.3238256625275475,lstm
USR-000076,EVT-0011033,2026-06-20 11:18:27.283591,0.7005570139017765,lstm
SVC-000016,EVT-0011034,2026-06-20 11:18:27.725148,0.4472177155876207,lstm
SVC-000008,EVT-0011035,2026-06-20 11:20:06.388761,0.3156602268913731,lstm
USR-000031,EVT-0011036,2026-06-20 11:20:29.114475,0.3503454208712466,lstm
USR-000135,EVT-0011037,2026-06-20 11:24:21.511201,0.40394843242899914,lstm
USR-000049,EVT-0011038,2026-06-20 11:24:45.475739,0.9992584085688612,lstm
USR-000052,EVT-0011039,2026-06-20 11:24:58.226767,0.686568539768004,lstm
USR-000034,EVT-0011040,2026-06-20 11:25:07.344968,0.2901312908294954,baseline_fallback
SVC-000050,EVT-0011041,2026-06-20 11:26:10.966852,0.41240819057182215,lstm
SVC-000021,EVT-0011042,2026-06-20 11:26:12.594289,0.5668769176502799,lstm
DEV-000021,EVT-0011043,2026-06-20 11:26:33.055744,0.4514716824931854,lstm
SVC-000021,EVT-0011044,2026-06-20 11:29:34.301413,0.6880121299472456,lstm
USR-000212,EVT-0011045,2026-06-20 11:29:36.481957,0.6919745193362137,lstm
USR-000097,EVT-0011046,2026-06-20 11:32:07.027883,0.5434949738125732,lstm
SVC-000021,EVT-0011047,2026-06-20 11:32:18.155403,0.5108712102267386,lstm
USR-000190,EVT-0011048,2026-06-20 11:33:34.946612,0.35038599960925343,baseline_fallback
USR-000177,EVT-0011049,2026-06-20 11:35:49.642611,0.2640153983293108,lstm
USR-000153,EVT-0011050,2026-06-20 11:36:30.386798,0.6621591337476641,lstm
USR-000066,EVT-0011051,2026-06-20 11:38:31.180388,0.3358996995530732,lstm
SVC-000008,EVT-0011052,2026-06-20 11:39:07.304327,0.3016230660394316,lstm
SVC-000039,EVT-0011053,2026-06-20 11:39:17.966967,0.3684411035181076,lstm
SVC-000039,EVT-0011054,2026-06-20 11:39:35.470442,0.7612597369129817,lstm
USR-000139,EVT-0011055,2026-06-20 11:40:42.372846,0.35921250932925175,lstm
DEV-000026,EVT-0011056,2026-06-20 11:40:45.526973,0.3044103411921233,lstm
USR-000130,EVT-0011057,2026-06-20 11:40:48.980998,0.33623363873141743,baseline_fallback
DEV-000003,EVT-0011058,2026-06-20 11:41:03.645047,0.20200389035889618,lstm
USR-000023,EVT-0011059,2026-06-20 11:41:09.387058,0.27901074918319735,lstm
SVC-000008,EVT-0011060,2026-06-20 11:43:08.616971,0.42195954366803706,lstm
USR-000132,EVT-0011061,2026-06-20 11:44:01.569291,0.45137787796084167,lstm
DEV-000026,EVT-0011062,2026-06-20 11:44:54.774593,0.8021247542574826,lstm
USR-000166,EVT-0011063,2026-06-20 11:45:12.846928,0.7378126516539245,lstm
USR-000178,EVT-0011064,2026-06-20 11:45:23.160459,0.6920478214831333,lstm
USR-000039,EVT-0011065,2026-06-20 11:45:32.879448,0.6753150687432297,lstm
USR-000167,EVT-0011066,2026-06-20 11:47:00.644046,0.4175600410483641,lstm
USR-000156,EVT-0011067,2026-06-20 11:47:23.004150,0.33366005538557403,baseline_fallback
USR-000021,EVT-0011068,2026-06-20 11:47:49.063865,0.3537955811075695,baseline_fallback
SVC-000039,EVT-0011069,2026-06-20 11:48:11.371946,0.3594735126794495,lstm
USR-000182,EVT-0011070,2026-06-20 11:48:36.809349,0.7025792981413469,lstm
SVC-000008,EVT-0011071,2026-06-20 11:50:36.501076,0.33783392349864794,lstm
USR-000147,EVT-0011072,2026-06-20 11:50:40.986573,0.5034173269008603,lstm
USR-000098,EVT-0011073,2026-06-20 11:50:45.531291,0.3703006168032468,lstm
SVC-000021,EVT-0011074,2026-06-20 11:50:53.959300,0.5484482146470672,lstm
SVC-000053,EVT-0011075,2026-06-20 11:52:30.019209,0.5900900116219464,lstm
USR-000035,EVT-0011076,2026-06-20 11:52:31.152149,0.4053268729705849,lstm
USR-000070,EVT-0011077,2026-06-20 11:53:14.191574,0.42728243532320453,baseline_fallback
USR-000009,EVT-0011078,2026-06-20 11:54:38.522025,0.9806201736895196,lstm
DEV-000022,EVT-0011079,2026-06-20 11:55:27.438728,0.4110805250018918,lstm
SVC-000008,EVT-0011080,2026-06-20 11:55:41.041557,0.42654600564237555,lstm
SVC-000021,EVT-0011081,2026-06-20 11:57:42.674732,0.49696244415137136,lstm
DEV-000009,EVT-0011082,2026-06-20 11:59:55.892796,0.30085536358983705,lstm
USR-000173,EVT-0011083,2026-06-20 12:00:12.354556,0.36592355014442307,lstm
USR-000097,EVT-0011084,2026-06-20 12:00:13.672112,0.4105736489674831,lstm
USR-000173,EVT-0011085,2026-06-20 12:01:04.437389,0.5802676086496009,lstm
SVC-000053,EVT-0011086,2026-06-20 12:01:28.979304,0.4274627223380382,lstm
USR-000097,EVT-0011087,2026-06-20 12:01:38.866782,0.5921072108060323,lstm
SVC-000050,EVT-0011088,2026-06-20 12:03:22.301338,0.32915463159317077,lstm
DEV-000009,EVT-0011089,2026-06-20 12:05:16.314942,0.6077776831359388,lstm
USR-000167,EVT-0011090,2026-06-20 12:05:28.713485,0.5645022562315873,lstm
USR-000019,EVT-0011091,2026-06-20 12:05:46.233736,0.39755344348988236,lstm
USR-000093,EVT-0011092,2026-06-20 12:08:10.537985,0.37434657089767415,lstm
USR-000062,EVT-0011093,2026-06-20 12:08:16.152498,0.39299939692384234,lstm
USR-000081,EVT-0011094,2026-06-20 12:08:31.100200,1.0,lstm
USR-000009,EVT-0011095,2026-06-20 12:09:05.326284,0.8577761787624119,lstm
SVC-000050,EVT-0011096,2026-06-20 12:09:49.291100,0.32510306129278843,lstm
USR-000115,EVT-0011097,2026-06-20 12:10:51.163454,0.36359441083939587,lstm
USR-000111,EVT-0011098,2026-06-20 12:12:14.829292,0.48243604948932994,lstm
SVC-000008,EVT-0011099,2026-06-20 12:12:53.358014,0.6592351669833583,lstm
SVC-000017,EVT-0011100,2026-06-20 12:14:23.477470,0.9865884579887251,lstm
USR-000129,EVT-0011101,2026-06-20 12:15:10.098827,0.2837130181766834,lstm
USR-000116,EVT-0011102,2026-06-20 12:15:19.221793,0.33605527532363494,baseline_fallback
SVC-000021,EVT-0011103,2026-06-20 12:15:46.721177,0.5977515008834666,lstm
USR-000023,EVT-0011104,2026-06-20 12:17:48.526113,0.304325931614992,lstm
USR-000153,EVT-0011105,2026-06-20 12:17:50.393995,0.755511520441431,lstm
USR-000081,EVT-0011106,2026-06-20 12:18:51.986675,0.6373276099212625,lstm
USR-000021,EVT-0011107,2026-06-20 12:18:56.103661,0.7680130792724688,baseline_fallback
USR-000061,EVT-0011108,2026-06-20 12:19:22.299338,0.9146117496109338,lstm
USR-000039,EVT-0011109,2026-06-20 12:19:24.426037,0.9999999999999987,lstm
USR-000079,EVT-0011110,2026-06-20 12:19:27.947363,0.36425822408196185,lstm
SVC-000021,EVT-0011111,2026-06-20 12:20:02.846394,0.5769108499015841,lstm
SVC-000053,EVT-0011112,2026-06-20 12:21:56.461435,0.5333913450256788,lstm
USR-000187,EVT-0011113,2026-06-20 12:22:24.208315,0.539423131711223,lstm
SVC-000050,EVT-0011114,2026-06-20 12:23:59.252827,0.34894431361031636,lstm
USR-000046,EVT-0011115,2026-06-20 12:24:59.127785,0.30742066638512555,baseline_fallback
USR-000200,EVT-0011116,2026-06-20 12:26:25.121659,0.5701067946308433,lstm
SVC-000050,EVT-0011117,2026-06-20 12:26:35.000415,0.4473761028774533,lstm
USR-000201,EVT-0011118,2026-06-20 12:26:46.574209,0.9960957911795,baseline_fallback
USR-000048,EVT-0011119,2026-06-20 12:27:28.839411,0.6246916109199266,lstm
USR-000207,EVT-0011120,2026-06-20 12:28:05.621070,0.3106888372531033,lstm
USR-000190,EVT-0011121,2026-06-20 12:28:37.278675,0.29821121962099256,baseline_fallback
USR-000161,EVT-0011122,2026-06-20 12:29:15.644815,0.3610535058300454,baseline_fallback
SVC-000034,EVT-0011123,2026-06-20 12:30:41.923632,0.95637347215536,lstm
USR-000064,EVT-0011124,2026-06-20 12:31:24.401918,0.631910852934866,lstm
USR-000200,EVT-0011125,2026-06-20 12:31:43.859631,0.8757076340904552,lstm
USR-000161,EVT-0011126,2026-06-20 12:32:38.615969,0.9196080940407677,baseline_fallback
SVC-000017,EVT-0011127,2026-06-20 12:33:14.529554,0.37985481597218446,lstm
USR-000178,EVT-0011128,2026-06-20 12:33:58.744797,0.4740929345564313,lstm
USR-000147,EVT-0011129,2026-06-20 12:34:13.352439,0.40208632158611596,lstm
USR-000158,EVT-0011130,2026-06-20 12:35:32.591214,0.41118258144209147,baseline_fallback
SVC-000021,EVT-0011131,2026-06-20 12:36:06.848618,0.4735607508136164,lstm
USR-000104,EVT-0011132,2026-06-20 12:36:40.043873,0.3267269129769726,baseline_fallback
USR-000029,EVT-0011133,2026-06-20 12:37:01.651344,0.30356591795616594,lstm
USR-000212,EVT-0011134,2026-06-20 12:37:26.125280,0.44121987562581283,lstm
USR-000069,EVT-0011135,2026-06-20 12:38:06.334344,0.39489756226846906,lstm
SVC-000050,EVT-0011136,2026-06-20 12:39:39.075990,0.3100797108125019,lstm
USR-000057,EVT-0011137,2026-06-20 12:41:31.732221,0.5518991393885329,lstm
USR-000175,EVT-0011138,2026-06-20 12:41:39.721436,0.6196629812822998,baseline_fallback
USR-000030,EVT-0011139,2026-06-20 12:42:07.153915,0.5263696351117654,lstm
SVC-000053,EVT-0011140,2026-06-20 12:42:18.836917,0.6806549519839935,lstm
USR-000090,EVT-0011141,2026-06-20 12:43:28.345570,0.9616675629493705,lstm
USR-000021,EVT-0011142,2026-06-20 12:44:06.973931,0.3106399179083106,baseline_fallback
USR-000137,EVT-0011143,2026-06-20 12:44:25.954057,0.8267180373762762,lstm
USR-000112,EVT-0011144,2026-06-20 12:44:44.472775,0.39842778640412285,baseline_fallback
USR-000024,EVT-0011145,2026-06-20 12:47:33.257271,0.2924154488378393,baseline_fallback
USR-000008,EVT-0011146,2026-06-20 12:48:40.709366,0.24791219810799942,lstm
USR-000049,EVT-0011147,2026-06-20 12:49:15.505680,0.9263265143605893,lstm
USR-000213,EVT-0011148,2026-06-20 12:49:46.756385,0.3099369618031561,lstm
DEV-000010,EVT-0011149,2026-06-20 12:50:32.246631,0.7479285617316493,lstm
USR-000008,EVT-0011150,2026-06-20 12:51:10.987493,0.3768743968401751,lstm
SVC-000033,EVT-0011151,2026-06-20 12:51:43.673469,1.0,lstm
SVC-000033,EVT-0011152,2026-06-20 12:51:49.696658,0.9999999899694242,lstm
SVC-000033,EVT-0011153,2026-06-20 12:51:51.054586,0.999999345427837,lstm
SVC-000033,EVT-0011154,2026-06-20 12:51:59.763061,0.9999992575765403,lstm
SVC-000033,EVT-0011155,2026-06-20 12:52:03.779965,0.9999741716439736,lstm
SVC-000033,EVT-0011156,2026-06-20 12:52:10.396100,0.999617229627185,lstm
SVC-000033,EVT-0011157,2026-06-20 12:52:22.301032,0.9978622403518781,lstm
SVC-000033,EVT-0011158,2026-06-20 12:52:31.884177,0.9981096941938875,lstm
DEV-000025,EVT-0011159,2026-06-20 12:54:35.207380,0.5901299930620787,lstm
DEV-000007,EVT-0011160,2026-06-20 12:54:54.774511,0.5401521215356886,lstm
SVC-000017,EVT-0011161,2026-06-20 12:55:10.067170,0.4054023534116896,lstm
SVC-000053,EVT-0011162,2026-06-20 12:58:00.815671,0.35749653659073216,lstm
USR-000167,EVT-0011163,2026-06-20 12:58:35.264505,0.3690263505362713,lstm
USR-000053,EVT-0011164,2026-06-20 12:58:41.392666,0.8577365538605132,lstm
SVC-000043,EVT-0011165,2026-06-20 13:01:42.100827,0.9152884463955817,lstm
USR-000039,EVT-0011166,2026-06-20 13:02:56.511081,0.9989373798017317,lstm
USR-000041,EVT-0011167,2026-06-20 13:03:00.576176,0.6478344658319912,lstm
USR-000011,EVT-0011168,2026-06-20 13:05:36.578237,0.9702968656068358,lstm
USR-000200,EVT-0011169,2026-06-20 13:06:29.142248,0.6451305424772805,lstm
SVC-000008,EVT-0011170,2026-06-20 13:07:33.053482,0.8511353708407171,lstm
DEV-000026,EVT-0011171,2026-06-20 13:08:12.385718,0.15157620665280686,lstm
USR-000197,EVT-0011172,2026-06-20 13:08:29.413057,0.7085347053812197,baseline_fallback
USR-000160,EVT-0011173,2026-06-20 13:08:38.462089,0.3998906777333902,lstm
SVC-000043,EVT-0011174,2026-06-20 13:09:08.096653,0.5727071312720341,lstm
USR-000064,EVT-0011175,2026-06-20 13:09:54.411091,0.4803985893201455,lstm
USR-000178,EVT-0011176,2026-06-20 13:11:29.546737,0.45201938584973406,lstm
USR-000139,EVT-0011177,2026-06-20 13:12:16.531597,0.32943679285547023,lstm
USR-000111,EVT-0011178,2026-06-20 13:13:17.322249,0.39018857856359723,lstm
USR-000078,EVT-0011179,2026-06-20 13:13:20.368451,0.337758225087686,baseline_fallback
USR-000160,EVT-0011180,2026-06-20 13:13:58.633540,0.4866650375042319,lstm
DEV-000011,EVT-0011181,2026-06-20 13:14:18.777369,0.5065157351558953,lstm
USR-000079,EVT-0011182,2026-06-20 13:15:15.952510,0.25528213413161616,lstm
USR-000064,EVT-0011183,2026-06-20 13:15:41.468149,0.5925523794964974,lstm
USR-000065,EVT-0011184,2026-06-20 13:16:51.854582,0.6397618277881755,lstm
USR-000115,EVT-0011185,2026-06-20 13:17:18.557542,0.23878521700069089,lstm
USR-000037,EVT-0011186,2026-06-20 13:18:21.814913,0.36435887656220256,lstm
SVC-000050,EVT-0011187,2026-06-20 13:19:02.169826,0.33512357788729236,lstm
SVC-000053,EVT-0011188,2026-06-20 13:19:03.057470,0.6549498146811075,lstm
USR-000193,EVT-0011189,2026-06-20 13:19:12.260534,0.38873564160075713,baseline_fallback
SVC-000008,EVT-0011190,2026-06-20 13:20:03.073440,0.5100900749441909,lstm
USR-000035,EVT-0011191,2026-06-20 13:22:06.620400,0.2881730881259488,lstm
USR-000023,EVT-0011192,2026-06-20 13:23:38.927007,0.33501686377697726,lstm
USR-000048,EVT-0011193,2026-06-20 13:27:12.297937,0.40526286829901315,lstm
USR-000061,EVT-0011194,2026-06-20 13:27:38.949250,0.8957990679980737,lstm
SVC-000016,EVT-0011195,2026-06-20 13:28:37.544781,0.9582255302159687,lstm
USR-000066,EVT-0011196,2026-06-20 13:29:08.840488,0.2996230500234171,lstm
USR-000023,EVT-0011197,2026-06-20 13:29:58.899784,0.44986984980349887,lstm
USR-000101,EVT-0011198,2026-06-20 13:31:48.085117,0.38619311899125847,lstm
USR-000079,EVT-0011199,2026-06-20 13:33:38.216538,0.3258493833672159,lstm
USR-000203,EVT-0011200,2026-06-20 13:34:03.219234,0.371319682967265,baseline_fallback
USR-000200,EVT-0011201,2026-06-20 13:34:29.972244,0.4406023194390765,lstm
USR-000073,EVT-0011202,2026-06-20 13:36:22.433034,0.7178176801576807,baseline_fallback
DEV-000003,EVT-0011203,2026-06-20 13:38:59.120984,0.231533772614742,lstm
USR-000085,EVT-0011204,2026-06-20 13:39:25.456670,0.7112819143353276,baseline_fallback
SVC-000008,EVT-0011205,2026-06-20 13:39:53.242797,0.4636497506020269,lstm
USR-000123,EVT-0011206,2026-06-20 13:40:00.575635,0.35545363446526596,baseline_fallback
SVC-000026,EVT-0011207,2026-06-20 13:40:09.421548,0.9995011318622921,lstm
USR-000078,EVT-0011208,2026-06-20 13:40:52.974443,0.30410251194995713,baseline_fallback
DEV-000011,EVT-0011209,2026-06-20 13:41:03.936758,0.6738147615020679,lstm
USR-000115,EVT-0011210,2026-06-20 13:41:46.062971,0.2724531805232771,lstm
USR-000115,EVT-0011211,2026-06-20 13:43:13.914133,0.43925275146678466,lstm
SVC-000027,EVT-0011212,2026-06-20 13:45:25.088707,0.9931589283349707,lstm
DEV-000014,EVT-0011213,2026-06-20 13:45:35.281675,0.6418598726253888,lstm
SVC-000050,EVT-0011214,2026-06-20 13:45:47.734512,0.29567194058876045,lstm
DEV-000019,EVT-0011215,2026-06-20 13:45:49.921230,0.4813031187345597,lstm
SVC-000027,EVT-0011216,2026-06-20 13:46:27.784120,0.6703364656987486,lstm
USR-000050,EVT-0011217,2026-06-20 13:46:46.285920,0.45080268339217955,lstm
DEV-000013,EVT-0011218,2026-06-20 13:46:52.421904,0.8532048865136683,lstm
SVC-000021,EVT-0011219,2026-06-20 13:47:34.538680,0.6584209496423237,lstm
USR-000178,EVT-0011220,2026-06-20 13:47:52.852655,0.44604548756429,lstm
USR-000212,EVT-0011221,2026-06-20 13:47:58.760402,0.3803253427224404,lstm
USR-000166,EVT-0011222,2026-06-20 13:48:44.434495,0.6937827202496161,lstm
USR-000098,EVT-0011223,2026-06-20 13:50:07.163741,0.4296823063725353,lstm
USR-000193,EVT-0011224,2026-06-20 13:50:12.358543,0.3699829736582413,baseline_fallback
USR-000019,EVT-0011225,2026-06-20 13:51:37.566290,0.5565049682461912,lstm
USR-000073,EVT-0011226,2026-06-20 13:52:38.829811,0.6474399623674565,baseline_fallback
DEV-000005,EVT-0011227,2026-06-20 13:53:06.061211,0.30099616706217874,lstm
SVC-000049,EVT-0011228,2026-06-20 13:53:19.590500,0.9675000563039754,lstm
SVC-000017,EVT-0011229,2026-06-20 13:58:33.939426,0.37237732132160406,lstm
USR-000021,EVT-0011230,2026-06-20 13:59:38.516355,0.6228184361372564,baseline_fallback
USR-000097,EVT-0011231,2026-06-20 13:59:51.082735,0.36683073842577607,lstm
USR-000064,EVT-0011232,2026-06-20 14:00:05.180808,0.5618749955749146,lstm
SVC-000017,EVT-0011233,2026-06-20 14:00:27.659027,0.6310808428945687,lstm
USR-000140,EVT-0011234,2026-06-20 14:01:36.216854,0.7542160907162349,lstm
USR-000182,EVT-0011235,2026-06-20 14:03:14.377695,0.6536459615033023,lstm
USR-000012,EVT-0011236,2026-06-20 14:05:41.436888,0.9013668018650016,lstm
DEV-000016,EVT-0011237,2026-06-20 14:06:22.472070,0.7499485448265991,lstm
USR-000027,EVT-0011238,2026-06-20 14:06:35.270519,0.7474199048768012,lstm
USR-000209,EVT-0011239,2026-06-20 14:07:08.895943,0.38000793186160237,baseline_fallback
USR-000008,EVT-0011240,2026-06-20 14:09:43.155752,0.3051332281156243,lstm
USR-000213,EVT-0011241,2026-06-20 14:09:52.828825,1.0,lstm
SVC-000043,EVT-0011242,2026-06-20 14:10:01.076492,0.3117606919630518,lstm
SVC-000043,EVT-0011243,2026-06-20 14:10:04.560510,0.9368144126046204,lstm
USR-000034,EVT-0011244,2026-06-20 14:10:24.447655,0.477097748033701,baseline_fallback
USR-000075,EVT-0011245,2026-06-20 14:12:20.987263,0.6210832757919689,lstm
SVC-000017,EVT-0011246,2026-06-20 14:13:29.472468,0.4151327987857931,lstm
SVC-000043,EVT-0011247,2026-06-20 14:13:33.744220,0.6132877176200193,lstm
SVC-000028,EVT-0011248,2026-06-20 14:15:14.569842,0.9990629639945053,lstm
SVC-000043,EVT-0011249,2026-06-20 14:15:23.127577,0.6448924470933722,lstm
USR-000105,EVT-0011250,2026-06-20 14:16:52.961187,0.4582766985285956,baseline_fallback
SVC-000027,EVT-0011251,2026-06-20 14:19:11.760714,0.5085811056051925,lstm
USR-000115,EVT-0011252,2026-06-20 14:19:46.004659,0.26429140217867625,lstm
DEV-000013,EVT-0011253,2026-06-20 14:19:48.541203,0.5778752662712378,lstm
DEV-000001,EVT-0011254,2026-06-20 14:20:05.023822,0.40266911176105835,lstm
DEV-000018,EVT-0011255,2026-06-20 14:21:02.125002,0.9255535172378939,lstm
SVC-000022,EVT-0011256,2026-06-20 14:22:52.381187,0.976020639743124,lstm
SVC-000012,EVT-0011257,2026-06-20 14:23:32.000317,0.9825497822826341,lstm
USR-000095,EVT-0011258,2026-06-20 14:24:04.857366,0.6799099334060775,lstm
DEV-000002,EVT-0011259,2026-06-20 14:24:36.183837,0.9460332517368246,lstm
USR-000175,EVT-0011260,2026-06-20 14:25:00.886295,0.9107749681131387,baseline_fallback
USR-000209,EVT-0011261,2026-06-20 14:25:13.898066,0.6949159098310134,lstm
USR-000062,EVT-0011262,2026-06-20 14:25:25.522232,0.3360502278561097,lstm
USR-000111,EVT-0011263,2026-06-20 14:25:30.345676,0.2931158183727842,lstm
USR-000046,EVT-0011264,2026-06-20 14:26:57.096195,0.3107602094917175,baseline_fallback
USR-000178,EVT-0011265,2026-06-20 14:27:05.351488,0.4488159961355605,lstm
SVC-000012,EVT-0011266,2026-06-20 14:27:21.794907,0.43106643224142643,lstm
DEV-000025,EVT-0011267,2026-06-20 14:28:43.260839,0.39281843219740464,lstm
USR-000045,EVT-0011268,2026-06-20 14:29:03.475200,0.5068558673683746,lstm
USR-000062,EVT-0011269,2026-06-20 14:29:07.228731,0.45315169943162364,lstm
SVC-000022,EVT-0011270,2026-06-20 14:29:16.589204,0.32975360105986345,lstm
SVC-000049,EVT-0011271,2026-06-20 14:31:03.734834,0.3019429362808795,lstm
USR-000064,EVT-0011272,2026-06-20 14:31:17.030053,0.4294028675941536,lstm
USR-000011,EVT-0011273,2026-06-20 14:31:17.967535,0.6875631994410321,lstm
SVC-000008,EVT-0011274,2026-06-20 14:32:01.513187,0.7309372429565149,lstm
DEV-000018,EVT-0011275,2026-06-20 14:32:31.072122,0.8941718188864817,lstm
DEV-000013,EVT-0011276,2026-06-20 14:33:13.964913,0.8350643741496014,lstm
USR-000135,EVT-0011277,2026-06-20 14:34:59.766810,0.3218160095836835,lstm
SVC-000026,EVT-0011278,2026-06-20 14:35:22.221458,0.9021309060984332,lstm
SVC-000043,EVT-0011279,2026-06-20 14:35:31.067980,0.23779509502553292,lstm
SVC-000027,EVT-0011280,2026-06-20 14:36:30.895454,0.8066172044440237,lstm
SVC-000017,EVT-0011281,2026-06-20 14:36:46.165302,0.784696886321147,lstm
SVC-000028,EVT-0011282,2026-06-20 14:37:39.833798,0.9233270639997538,lstm
SVC-000012,EVT-0011283,2026-06-20 14:37:57.287904,0.3671597846844211,lstm
USR-000175,EVT-0011284,2026-06-20 14:38:39.307387,0.7186144089045863,baseline_fallback
SVC-000017,EVT-0011285,2026-06-20 14:38:42.219305,0.7217700470080463,lstm
USR-000197,EVT-0011286,2026-06-20 14:38:51.534545,0.7009355802665815,baseline_fallback
USR-000021,EVT-0011287,2026-06-20 14:40:09.050677,0.6944582047086415,baseline_fallback
SVC-000022,EVT-0011288,2026-06-20 14:42:05.305393,0.31912936525858737,lstm
SVC-000027,EVT-0011289,2026-06-20 14:43:06.371055,0.4047574997595004,lstm
SVC-000017,EVT-0011290,2026-06-20 14:43:39.247855,0.9061862822356213,lstm
SVC-000027,EVT-0011291,2026-06-20 14:45:03.340932,0.5060392401365841,lstm
USR-000166,EVT-0011292,2026-06-20 14:47:13.327844,0.3356402920081067,lstm
SVC-000022,EVT-0011293,2026-06-20 14:47:49.795099,0.2902948961870718,lstm
USR-000097,EVT-0011294,2026-06-20 14:49:29.433840,0.3123936595175898,lstm
USR-000212,EVT-0011295,2026-06-20 14:50:16.793026,0.3280047697225716,lstm
USR-000152,EVT-0011296,2026-06-20 14:51:45.010411,0.44172454543539025,lstm
SVC-000012,EVT-0011297,2026-06-20 14:53:18.269880,0.4091227319781925,lstm
USR-000104,EVT-0011298,2026-06-20 14:53:45.594421,0.33795737318760083,baseline_fallback
USR-000041,EVT-0011299,2026-06-20 14:53:50.457359,0.8431244257923236,lstm
DEV-000009,EVT-0011300,2026-06-20 14:54:06.485492,0.43703383401858803,lstm
USR-000023,EVT-0011301,2026-06-20 14:54:29.534452,0.3419252618270193,lstm
USR-000073,EVT-0011302,2026-06-20 14:55:20.247317,0.8899835914956409,lstm
SVC-000022,EVT-0011303,2026-06-20 14:55:59.170247,0.26307820335744303,lstm
SVC-000027,EVT-0011304,2026-06-20 14:57:24.792269,0.5080564635459529,lstm
SVC-000027,EVT-0011305,2026-06-20 14:58:27.661248,0.7291333472670085,lstm
USR-000078,EVT-0011306,2026-06-20 14:58:32.421384,0.999999998530644,lstm
USR-000075,EVT-0011307,2026-06-20 15:00:03.097163,0.5634232129741239,lstm
USR-000176,EVT-0011308,2026-06-20 15:00:21.774394,0.9999999999935636,lstm
SVC-000017,EVT-0011309,2026-06-20 15:00:36.799419,0.5782986652685368,lstm
USR-000079,EVT-0011310,2026-06-20 15:02:10.942720,0.24753804512563365,lstm
USR-000097,EVT-0011311,2026-06-20 15:03:15.453322,0.4289525249602165,lstm
SVC-000017,EVT-0011312,2026-06-20 15:03:45.728968,0.5047912588334046,lstm
USR-000115,EVT-0011313,2026-06-20 15:04:56.076607,0.26744089168304586,lstm
USR-000137,EVT-0011314,2026-06-20 15:05:25.646933,0.7971768519426723,lstm
SVC-000022,EVT-0011315,2026-06-20 15:05:36.230823,0.29731093916253926,lstm
USR-000149,EVT-0011316,2026-06-20 15:06:32.258807,0.935055346781856,lstm
USR-000144,EVT-0011317,2026-06-20 15:07:28.208793,0.6342071395833488,lstm
USR-000201,EVT-0011318,2026-06-20 15:07:28.377933,0.8929880174030287,baseline_fallback
SVC-000010,EVT-0011319,2026-06-20 15:09:02.855960,0.9767329802301566,lstm
USR-000198,EVT-0011320,2026-06-20 15:09:45.674916,0.8809605304283278,lstm
USR-000173,EVT-0011321,2026-06-20 15:10:13.374909,0.28174698681828775,lstm
DEV-000020,EVT-0011322,2026-06-20 15:10:26.383696,0.5674733314271199,lstm
USR-000052,EVT-0011323,2026-06-20 15:11:40.381484,0.4403301976881449,lstm
SVC-000029,EVT-0011324,2026-06-20 15:12:34.312497,0.9981602996748319,lstm
USR-000062,EVT-0011325,2026-06-20 15:14:23.309314,0.2968996985121202,lstm
SVC-000029,EVT-0011326,2026-06-20 15:15:09.192240,0.9404931745251923,lstm
USR-000107,EVT-0011327,2026-06-20 15:15:49.485188,0.7321645154908824,baseline_fallback
DEV-000018,EVT-0011328,2026-06-20 15:15:49.886816,0.6245862966713818,lstm
USR-000209,EVT-0011329,2026-06-20 15:16:26.344018,0.46095192462444984,lstm
USR-000204,EVT-0011330,2026-06-20 15:16:29.520242,0.48117116549370825,baseline_fallback
DEV-000009,EVT-0011331,2026-06-20 15:16:31.611991,0.4443370143953406,lstm
USR-000104,EVT-0011332,2026-06-20 15:17:47.140953,0.35492311507636876,baseline_fallback
USR-000101,EVT-0011333,2026-06-20 15:19:34.200364,0.2943184808127159,lstm
USR-000144,EVT-0011334,2026-06-20 15:21:49.028638,0.4770760314652015,lstm
USR-000079,EVT-0011335,2026-06-20 15:24:34.348884,0.4915068519157114,lstm
USR-000069,EVT-0011336,2026-06-20 15:25:13.670638,0.5773008196713043,lstm
SVC-000036,EVT-0011337,2026-06-20 15:27:12.177119,0.9837362377158945,lstm
USR-000079,EVT-0011338,2026-06-20 15:27:13.647397,0.4266288227636015,lstm
SVC-000017,EVT-0011339,2026-06-20 15:31:09.507465,0.857039879689861,lstm
SVC-000029,EVT-0011340,2026-06-20 15:32:21.475748,0.692242087844531,lstm
SVC-000036,EVT-0011341,2026-06-20 15:33:24.536325,0.6519124340198109,lstm
USR-000097,EVT-0011342,2026-06-20 15:33:52.126702,0.36848839969751246,lstm
SVC-000028,EVT-0011343,2026-06-20 15:34:35.005427,0.972388917156802,lstm
DEV-000012,EVT-0011344,2026-06-20 15:34:37.941959,0.31729431816510184,lstm
USR-000152,EVT-0011345,2026-06-20 15:35:29.447049,0.3381199444828535,lstm
SVC-000028,EVT-0011346,2026-06-20 15:36:52.010614,0.999779388900154,lstm
SVC-000028,EVT-0011347,2026-06-20 15:36:53.526666,0.9740851293467467,lstm
SVC-000026,EVT-0011348,2026-06-20 15:40:03.638704,0.7320859784833745,lstm
SVC-000036,EVT-0011349,2026-06-20 15:40:17.561794,0.5964698961535008,lstm
USR-000008,EVT-0011350,2026-06-20 15:41:27.027789,0.408368979816177,lstm
USR-000081,EVT-0011351,2026-06-20 15:42:22.384795,0.42227907681676646,lstm
USR-000212,EVT-0011352,2026-06-20 15:43:07.234371,0.39874334500711195,lstm
DEV-000001,EVT-0011353,2026-06-20 15:44:26.645233,0.35398936952801674,lstm
SVC-000033,EVT-0011354,2026-06-20 15:44:41.257980,0.9999883991420868,lstm
USR-000035,EVT-0011355,2026-06-20 15:45:19.679643,0.4350830531571193,lstm
SVC-000036,EVT-0011356,2026-06-20 15:45:40.316080,0.8647662642699115,lstm
USR-000178,EVT-0011357,2026-06-20 15:45:41.773141,0.5018680809122164,lstm
USR-000181,EVT-0011358,2026-06-20 15:45:55.485449,0.6753901858993812,lstm
SVC-000036,EVT-0011359,2026-06-20 15:46:10.833001,0.6728464301306816,lstm
USR-000197,EVT-0011360,2026-06-20 15:47:25.757598,0.7506803341288544,baseline_fallback
USR-000045,EVT-0011361,2026-06-20 15:47:44.855160,0.3013298686969518,lstm
USR-000111,EVT-0011362,2026-06-20 15:48:03.862105,0.40262186483243645,lstm
USR-000052,EVT-0011363,2026-06-20 15:48:56.984577,0.2763275616602429,lstm
SVC-000036,EVT-0011364,2026-06-20 15:49:40.461764,0.41508087903178165,lstm
SVC-000038,EVT-0011365,2026-06-20 15:49:58.859450,0.9949312631743924,lstm
SVC-000028,EVT-0011366,2026-06-20 15:51:57.592719,0.5293668102956245,lstm
USR-000101,EVT-0011367,2026-06-20 15:52:15.666622,0.27564662572710524,lstm
DEV-000012,EVT-0011368,2026-06-20 15:53:06.197871,0.6743137872419476,lstm
SVC-000010,EVT-0011369,2026-06-20 15:53:39.490999,0.4109761040079887,lstm
SVC-000036,EVT-0011370,2026-06-20 15:54:51.488740,0.6444098351195443,lstm
USR-000045,EVT-0011371,2026-06-20 15:55:29.816641,0.4941890077924711,lstm
USR-000041,EVT-0011372,2026-06-20 15:55:43.753872,0.7883717096006722,lstm
SVC-000029,EVT-0011373,2026-06-20 15:55:48.056426,0.5143353535501424,lstm
USR-000037,EVT-0011374,2026-06-20 15:55:54.870626,0.3807966495321988,lstm
USR-000073,EVT-0011375,2026-06-20 15:56:02.300728,0.9800739556584427,lstm
DEV-000010,EVT-0011376,2026-06-20 15:57:03.618182,0.732784057700361,lstm
USR-000203,EVT-0011377,2026-06-20 15:57:27.646110,0.4714615810844611,baseline_fallback
SVC-000010,EVT-0011378,2026-06-20 15:57:46.944967,0.43490233994809524,lstm
USR-000101,EVT-0011379,2026-06-20 15:59:06.553183,0.3958312661412489,lstm
SVC-000028,EVT-0011380,2026-06-20 15:59:11.180639,0.5942860701757757,lstm
SVC-000036,EVT-0011381,2026-06-20 15:59:19.703570,0.634781969517959,lstm
USR-000209,EVT-0011382,2026-06-20 15:59:23.431496,0.417021410351719,lstm
USR-000011,EVT-0011383,2026-06-20 15:59:24.885677,0.5963848280925917,lstm
USR-000100,EVT-0011384,2026-06-20 15:59:48.397858,0.4116360978718168,baseline_fallback
SVC-000026,EVT-0011385,2026-06-20 16:00:16.685563,0.3800636228608698,lstm
USR-000129,EVT-0011386,2026-06-20 16:00:58.126391,0.3798901790790095,lstm
USR-000045,EVT-0011387,2026-06-20 16:01:54.550214,0.3610755333366735,lstm
SVC-000029,EVT-0011388,2026-06-20 16:01:55.357150,0.5262992956967408,lstm
SVC-000036,EVT-0011389,2026-06-20 16:01:58.935513,0.4071867617192743,lstm
USR-000209,EVT-0011390,2026-06-20 16:02:51.949109,0.6049936841356202,lstm
USR-000111,EVT-0011391,2026-06-20 16:04:12.138095,0.8431204055035153,lstm
SVC-000023,EVT-0011392,2026-06-20 16:06:46.059458,0.9475150757380757,lstm
USR-000152,EVT-0011393,2026-06-20 16:07:06.054574,0.46933598283781697,lstm
SVC-000029,EVT-0011394,2026-06-20 16:07:23.080232,0.6583487402136289,lstm
SVC-000036,EVT-0011395,2026-06-20 16:10:48.610135,0.3498829021189737,lstm
USR-000045,EVT-0011396,2026-06-20 16:10:50.647227,0.42069703530862174,lstm
USR-000187,EVT-0011397,2026-06-20 16:11:21.899344,0.6082478694990072,lstm
SVC-000010,EVT-0011398,2026-06-20 16:11:22.801248,0.5931419450894531,lstm
USR-000176,EVT-0011399,2026-06-20 16:11:47.095763,0.9999984975378499,lstm
USR-000029,EVT-0011400,2026-06-20 16:11:54.966141,0.8402180007494139,lstm
USR-000053,EVT-0011401,2026-06-20 16:12:38.192869,0.9881759125945551,lstm
USR-000075,EVT-0011402,2026-06-20 16:13:03.401369,0.39076896774047654,lstm
USR-000166,EVT-0011403,2026-06-20 16:13:54.758523,0.35362906382495984,lstm
USR-000201,EVT-0011404,2026-06-20 16:14:21.567957,0.9198724695231292,baseline_fallback
USR-000097,EVT-0011405,2026-06-20 16:14:23.351948,0.40686290943296854,lstm
USR-000213,EVT-0011406,2026-06-20 16:14:37.456499,0.461289751236238,lstm
SVC-000028,EVT-0011407,2026-06-20 16:15:48.147692,0.9420726321135178,lstm
DEV-000004,EVT-0011408,2026-06-20 16:16:39.875503,0.5800893580022243,lstm
SVC-000036,EVT-0011409,2026-06-20 16:17:08.389647,0.5750759150009804,lstm
DEV-000020,EVT-0011410,2026-06-20 16:18:12.839241,0.41129272533518796,lstm
SVC-000010,EVT-0011411,2026-06-20 16:18:31.520449,0.26930080465705386,lstm
USR-000192,EVT-0011412,2026-06-20 16:18:52.568603,0.6282934411806025,lstm
USR-000116,EVT-0011413,2026-06-20 16:19:24.446606,0.47930077827201045,baseline_fallback
USR-000011,EVT-0011414,2026-06-20 16:21:34.844726,0.5979272010204684,lstm
SVC-000038,EVT-0011415,2026-06-20 16:21:38.312533,0.9848502963021182,lstm
SVC-000029,EVT-0011416,2026-06-20 16:21:58.299451,0.37328305411745955,lstm
USR-000210,EVT-0011417,2026-06-20 16:22:02.345817,0.6883480412574602,baseline_fallback
USR-000085,EVT-0011418,2026-06-20 16:22:38.023733,0.9265106974806305,baseline_fallback
SVC-000029,EVT-0011419,2026-06-20 16:23:11.950551,0.8343013011911508,lstm
SVC-000029,EVT-0011420,2026-06-20 16:25:07.371425,0.8279242411914792,lstm
USR-000152,EVT-0011421,2026-06-20 16:25:33.411758,1.0,lstm
USR-000074,EVT-0011422,2026-06-20 16:25:50.764426,0.49753096350531173,lstm
SVC-000038,EVT-0011423,2026-06-20 16:26:07.044042,0.9344468983558534,lstm
DEV-000012,EVT-0011424,2026-06-20 16:28:09.682456,0.3961025120076571,lstm
USR-000187,EVT-0011425,2026-06-20 16:28:17.901613,0.5224484544052493,lstm
SVC-000026,EVT-0011426,2026-06-20 16:29:37.530149,0.29988595968826554,lstm
SVC-000023,EVT-0011427,2026-06-20 16:32:37.499710,0.45416747491766685,lstm
USR-000070,EVT-0011428,2026-06-20 16:32:49.043157,0.3956497921017528,baseline_fallback
SVC-000029,EVT-0011429,2026-06-20 16:33:05.483833,0.5350294500157676,lstm
USR-000201,EVT-0011430,2026-06-20 16:33:37.931215,0.7405092000922114,baseline_fallback
USR-000011,EVT-0011431,2026-06-20 16:34:01.853267,0.5342173046413778,lstm
SVC-000027,EVT-0011432,2026-06-20 16:34:18.348678,0.7525232688211672,lstm
USR-000074,EVT-0011433,2026-06-20 16:34:47.977385,0.40130739693441303,lstm
SVC-000012,EVT-0011434,2026-06-20 16:34:49.964051,0.5043110860119359,lstm
USR-000210,EVT-0011435,2026-06-20 16:37:28.307639,0.7350247669411918,baseline_fallback
SVC-000036,EVT-0011436,2026-06-20 16:40:07.193564,0.3695913288934062,lstm
SVC-000038,EVT-0011437,2026-06-20 16:40:47.578483,0.8381588273677777,lstm
SVC-000029,EVT-0011438,2026-06-20 16:41:13.313154,0.5208685574286106,lstm
USR-000018,EVT-0011439,2026-06-20 16:42:38.203588,0.536387617388813,lstm
SVC-000038,EVT-0011440,2026-06-20 16:42:53.259152,0.9819311842690923,lstm
USR-000099,EVT-0011441,2026-06-20 16:43:29.183681,0.5754156978492423,lstm
SVC-000010,EVT-0011442,2026-06-20 16:43:59.587963,0.3738920138194561,lstm
USR-000037,EVT-0011443,2026-06-20 16:44:39.649450,0.3582351281179789,lstm
USR-000144,EVT-0011444,2026-06-20 16:45:00.153551,0.5174471588595098,lstm
SVC-000036,EVT-0011445,2026-06-20 16:45:15.720601,0.45034428106540986,lstm
USR-000178,EVT-0011446,2026-06-20 16:45:36.017866,0.5687824451447652,lstm
SVC-000029,EVT-0011447,2026-06-20 16:47:46.368796,0.6421119754196203,lstm
SVC-000026,EVT-0011448,2026-06-20 16:48:31.397443,0.3487270198735849,lstm
USR-000011,EVT-0011449,2026-06-20 16:50:37.254042,0.4300831556739168,lstm
SVC-000033,EVT-0011450,2026-06-20 16:52:24.637788,0.9998566461643469,lstm
SVC-000010,EVT-0011451,2026-06-20 16:53:34.948963,0.4376640165757589,lstm
SVC-000029,EVT-0011452,2026-06-20 16:54:23.391935,0.448842684311568,lstm
SVC-000010,EVT-0011453,2026-06-20 16:54:46.417986,0.6670323063375635,lstm
SVC-000029,EVT-0011454,2026-06-20 16:54:56.410717,0.6904770046611535,lstm
SVC-000026,EVT-0011455,2026-06-20 16:55:58.391864,0.6613761815688051,lstm
SVC-000026,EVT-0011456,2026-06-20 16:57:38.893114,0.5926674747984492,lstm
USR-000181,EVT-0011457,2026-06-20 16:58:11.813705,1.0,lstm
SVC-000026,EVT-0011458,2026-06-20 16:58:34.562616,0.8443183226073568,lstm
SVC-000004,EVT-0011459,2026-06-20 16:58:37.232911,0.9805100479271217,lstm
SVC-000049,EVT-0011460,2026-06-20 16:59:01.864470,0.6484417414337459,lstm
USR-000186,EVT-0011461,2026-06-20 16:59:20.256563,0.999999999550292,lstm
USR-000080,EVT-0011462,2026-06-20 16:59:41.276675,0.6785249941297156,lstm
SVC-000004,EVT-0011463,2026-06-20 17:00:10.988600,0.8000992823934723,lstm
SVC-000038,EVT-0011464,2026-06-20 17:02:07.963801,0.9248291348851427,lstm
SVC-000029,EVT-0011465,2026-06-20 17:02:44.611301,0.4304485319026541,lstm
USR-000152,EVT-0011466,2026-06-20 17:03:21.335253,0.41847155522423324,lstm
USR-000181,EVT-0011467,2026-06-20 17:04:18.928214,0.8608629025791796,lstm
DEV-000021,EVT-0011468,2026-06-20 17:04:56.296172,0.47062908077519394,lstm
DEV-000017,EVT-0011469,2026-06-20 17:05:13.524934,0.8492661695530261,lstm
SVC-000029,EVT-0011470,2026-06-20 17:05:39.626219,0.45914588790037764,lstm
USR-000045,EVT-0011471,2026-06-20 17:05:42.629725,0.288058483507851,lstm
DEV-000009,EVT-0011472,2026-06-20 17:08:31.296834,0.3656131910780694,lstm
USR-000147,EVT-0011473,2026-06-20 17:09:22.245317,0.5165430376277539,lstm
USR-000052,EVT-0011474,2026-06-20 17:10:07.429910,0.31430433213675557,lstm
USR-000045,EVT-0011475,2026-06-20 17:10:15.651932,0.44906869882680583,lstm
USR-000193,EVT-0011476,2026-06-20 17:10:50.709942,0.5315017198493631,baseline_fallback
USR-000137,EVT-0011477,2026-06-20 17:12:25.331107,0.8327105857205294,lstm
SVC-000027,EVT-0011478,2026-06-20 17:12:40.878695,0.7143448076851803,lstm
USR-000193,EVT-0011479,2026-06-20 17:12:55.566076,0.5712034732824648,baseline_fallback
SVC-000026,EVT-0011480,2026-06-20 17:13:11.577155,0.3827237700374477,lstm
SVC-000038,EVT-0011481,2026-06-20 17:13:13.871087,0.8144929227261077,lstm
SVC-000044,EVT-0011482,2026-06-20 17:13:14.167262,0.9871366237247063,lstm
DEV-000003,EVT-0011483,2026-06-20 17:13:46.105364,0.6647681976162306,lstm
SVC-000004,EVT-0011484,2026-06-20 17:16:15.361872,0.4509431153009179,lstm
SVC-000023,EVT-0011485,2026-06-20 17:17:18.766447,0.2381927124632425,lstm
DEV-000023,EVT-0011486,2026-06-20 17:20:59.199445,0.7452623274302234,lstm
USR-000052,EVT-0011487,2026-06-20 17:21:22.529511,0.35461774006711455,lstm
DEV-000026,EVT-0011488,2026-06-20 17:21:49.168332,0.3122543167041283,lstm
USR-000149,EVT-0011489,2026-06-20 17:23:40.086127,0.7336442126470449,lstm
USR-000210,EVT-0011490,2026-06-20 17:24:08.537044,0.9060056366156941,lstm
SVC-000004,EVT-0011491,2026-06-20 17:24:35.749740,0.46368571594837493,lstm
SVC-000038,EVT-0011492,2026-06-20 17:25:42.364765,0.7270919473815883,lstm
USR-000037,EVT-0011493,2026-06-20 17:27:20.021984,0.3744071416225901,lstm
DEV-000002,EVT-0011494,2026-06-20 17:29:58.480641,0.851929016661886,lstm
SVC-000005,EVT-0011495,2026-06-20 17:30:05.080327,0.9891935951239684,lstm
USR-000109,EVT-0011496,2026-06-20 17:33:12.119372,0.39933107828179265,lstm
SVC-000060,EVT-0011497,2026-06-20 17:36:29.175069,0.9989044038939876,lstm
SVC-000052,EVT-0011498,2026-06-20 17:38:04.044256,0.9989313674219471,lstm
USR-000186,EVT-0011499,2026-06-20 17:39:03.392978,0.9852265873138994,lstm
USR-000052,EVT-0011500,2026-06-20 17:42:56.606987,0.3266614654871514,lstm
USR-000192,EVT-0011501,2026-06-20 17:43:53.190916,0.325006653482353,lstm
USR-000018,EVT-0011502,2026-06-20 17:47:02.508788,0.3738386748120289,lstm
USR-000210,EVT-0011503,2026-06-20 17:50:13.775995,0.6287136233782498,lstm
SVC-000044,EVT-0011504,2026-06-20 17:51:32.828827,0.8590911061683567,lstm
SVC-000044,EVT-0011505,2026-06-20 17:51:40.471066,0.9292959485948955,lstm
SVC-000023,EVT-0011506,2026-06-20 17:53:52.457045,0.33511490451908504,lstm
USR-000109,EVT-0011507,2026-06-20 17:55:04.421074,0.4285407513772161,lstm
SVC-000037,EVT-0011508,2026-06-20 17:55:50.041994,0.9496289712484216,lstm
DEV-000016,EVT-0011509,2026-06-20 17:57:31.343689,0.2262780655337368,lstm
SVC-000033,EVT-0011510,2026-06-20 17:58:53.770646,0.9999008166546993,lstm
USR-000074,EVT-0011511,2026-06-20 18:00:05.618817,0.2684366182497676,lstm
SVC-000026,EVT-0011512,2026-06-20 18:02:10.197727,0.4444351215119949,lstm
SVC-000044,EVT-0011513,2026-06-20 18:03:22.907830,0.5501302594954575,lstm
USR-000144,EVT-0011514,2026-06-20 18:08:09.288604,0.6933023800092293,lstm
USR-000074,EVT-0011515,2026-06-20 18:08:44.409044,0.42229378640312526,lstm
USR-000152,EVT-0011516,2026-06-20 18:08:51.011015,0.3774871248835207,lstm
USR-000018,EVT-0011517,2026-06-20 18:10:00.267034,0.3251991861272234,lstm
USR-000202,EVT-0011518,2026-06-20 18:10:22.708908,0.6021179996368806,baseline_fallback
SVC-000037,EVT-0011519,2026-06-20 18:10:24.956497,0.6327185298187081,lstm
DEV-000016,EVT-0011520,2026-06-20 18:12:12.066946,0.34270308955954587,lstm
DEV-000018,EVT-0011521,2026-06-20 18:12:38.447821,0.6505732523569249,lstm
DEV-000026,EVT-0011522,2026-06-20 18:16:22.751509,0.30915465888581406,lstm
SVC-000037,EVT-0011523,2026-06-20 18:17:46.375526,0.4778737000447381,lstm
SVC-000037,EVT-0011524,2026-06-20 18:19:03.103778,0.8467219942110883,lstm
DEV-000024,EVT-0011525,2026-06-20 18:20:51.776992,0.2673151927318697,lstm
USR-000202,EVT-0011526,2026-06-20 18:22:33.500364,0.5734080392424681,baseline_fallback
SVC-000005,EVT-0011527,2026-06-20 18:22:48.451543,0.829468392630407,lstm
SVC-000037,EVT-0011528,2026-06-20 18:24:55.131208,0.6197014629560829,lstm
USR-000113,EVT-0011529,2026-06-20 18:26:42.194417,0.471655464539655,lstm
SVC-000057,EVT-0011530,2026-06-20 18:28:54.666051,0.9413311003524896,lstm
USR-000192,EVT-0011531,2026-06-20 18:30:18.908122,0.39269884398253735,lstm
SVC-000044,EVT-0011532,2026-06-20 18:30:36.424061,0.44529231956501136,lstm
SVC-000033,EVT-0011533,2026-06-20 18:32:52.564850,0.9997080459640924,lstm
USR-000029,EVT-0011534,2026-06-20 18:35:57.175989,0.43626519447724443,lstm
SVC-000037,EVT-0011535,2026-06-20 18:36:57.553228,0.741982923407252,lstm
USR-000201,EVT-0011536,2026-06-20 18:41:09.579902,0.8373303456544396,baseline_fallback
USR-000192,EVT-0011537,2026-06-20 18:41:20.395984,0.31603813541319503,lstm
SVC-000004,EVT-0011538,2026-06-20 18:42:08.012114,0.32236495021007994,lstm
SVC-000044,EVT-0011539,2026-06-20 18:42:39.466356,0.4547526642705918,lstm
SVC-000005,EVT-0011540,2026-06-20 18:43:19.861596,0.9431934623905737,lstm
SVC-000023,EVT-0011541,2026-06-20 18:43:29.214391,0.22164281418957263,lstm
SVC-000052,EVT-0011542,2026-06-20 18:43:37.268768,0.5762619212837856,lstm
USR-000073,EVT-0011543,2026-06-20 18:46:09.211614,0.6486125105678404,lstm
SVC-000004,EVT-0011544,2026-06-20 18:47:09.841170,0.40268097024535354,lstm
SVC-000006,EVT-0011545,2026-06-20 18:47:39.107923,0.9890949476599274,lstm
SVC-000044,EVT-0011546,2026-06-20 18:51:59.147742,0.40258597729424306,lstm
USR-000149,EVT-0011547,2026-06-20 18:52:55.066714,0.4796090409243129,lstm
USR-000037,EVT-0011548,2026-06-20 18:53:26.678875,0.3364383754841118,lstm
SVC-000037,EVT-0011549,2026-06-20 18:54:33.883952,0.3557379576270307,lstm
SVC-000006,EVT-0011550,2026-06-20 18:54:54.638037,0.4363659106713815,lstm
SVC-000023,EVT-0011551,2026-06-20 18:55:25.007239,0.3339613641299384,lstm
SVC-000033,EVT-0011552,2026-06-20 18:56:57.895308,0.9988242781275767,lstm
SVC-000006,EVT-0011553,2026-06-20 18:58:11.174293,0.7578504237676655,lstm
USR-000011,EVT-0011554,2026-06-20 18:59:46.349905,0.7767896668195825,lstm
SVC-000006,EVT-0011555,2026-06-20 19:01:35.313194,0.6115100857152508,lstm
SVC-000006,EVT-0011556,2026-06-20 19:01:50.806620,0.8256984400371974,lstm
SVC-000052,EVT-0011557,2026-06-20 19:02:54.620843,0.3443764123273767,lstm
DEV-000016,EVT-0011558,2026-06-20 19:06:03.461542,0.14266205142351723,lstm
SVC-000052,EVT-0011559,2026-06-20 19:06:08.783368,0.3274064505780849,lstm
SVC-000052,EVT-0011560,2026-06-20 19:09:34.604629,0.2989770633482403,lstm
USR-000109,EVT-0011561,2026-06-20 19:09:38.113714,0.2801068121291156,lstm
USR-000198,EVT-0011562,2026-06-20 19:11:38.985539,0.5225899424899031,lstm
SVC-000006,EVT-0011563,2026-06-20 19:11:45.047706,0.4759984749225236,lstm
SVC-000006,EVT-0011564,2026-06-20 19:12:43.555772,0.7760484120307297,lstm
SVC-000006,EVT-0011565,2026-06-20 19:13:08.305101,0.6858811556735491,lstm
SVC-000044,EVT-0011566,2026-06-20 19:14:24.482953,0.4918550937705833,lstm
SVC-000037,EVT-0011567,2026-06-20 19:16:38.587631,0.5068047988483644,lstm
DEV-000006,EVT-0011568,2026-06-20 19:17:55.982337,0.7748061129518853,lstm
SVC-000004,EVT-0011569,2026-06-20 19:19:21.069334,0.26533056039305986,lstm
USR-000202,EVT-0011570,2026-06-20 19:22:03.041094,0.6620460177205163,baseline_fallback
SVC-000004,EVT-0011571,2026-06-20 19:23:06.601545,0.7714017748683535,lstm
SVC-000006,EVT-0011572,2026-06-20 19:29:10.677002,0.6205098875623322,lstm
USR-000152,EVT-0011573,2026-06-20 19:32:28.637580,0.40296779548510286,lstm
SVC-000052,EVT-0011574,2026-06-20 19:38:09.919562,0.4271101094742581,lstm
DEV-000002,EVT-0011575,2026-06-20 19:38:56.127150,0.4652642488074665,lstm
DEV-000001,EVT-0011576,2026-06-20 19:41:38.005310,0.47268839101313886,lstm
SVC-000061,EVT-0011577,2026-06-20 19:42:07.379655,0.9830912327276299,lstm
SVC-000061,EVT-0011578,2026-06-20 19:43:25.274931,0.552701526730885,lstm
SVC-000048,EVT-0011579,2026-06-20 19:49:11.256693,0.9472964176749075,lstm
DEV-000009,EVT-0011580,2026-06-20 19:50:21.417607,0.5146672301290083,lstm
DEV-000006,EVT-0011581,2026-06-20 19:51:16.545182,0.5465312761475688,lstm
SVC-000006,EVT-0011582,2026-06-20 19:55:11.915448,0.5269481194788563,lstm
SVC-000004,EVT-0011583,2026-06-20 19:55:46.406688,0.3961813828245944,lstm
DEV-000018,EVT-0011584,2026-06-20 19:56:43.381233,0.5076898317197672,lstm
SVC-000004,EVT-0011585,2026-06-20 19:58:10.832118,0.46433183207184553,lstm
SVC-000006,EVT-0011586,2026-06-20 19:58:45.693159,0.4401116365108006,lstm
SVC-000061,EVT-0011587,2026-06-20 20:03:34.089881,0.4202859689044376,lstm
SVC-000057,EVT-0011588,2026-06-20 20:04:05.874382,0.5237141899031132,lstm
DEV-000010,EVT-0011589,2026-06-20 20:04:44.042840,0.9164857267166183,lstm
SVC-000052,EVT-0011590,2026-06-20 20:05:11.671581,0.3458152749244188,lstm
SVC-000061,EVT-0011591,2026-06-20 20:08:08.048809,0.3453904372372357,lstm
SVC-000004,EVT-0011592,2026-06-20 20:08:12.662226,0.6809001359627791,lstm
SVC-000060,EVT-0011593,2026-06-20 20:09:48.197783,0.6462907480323009,lstm
SVC-000004,EVT-0011594,2026-06-20 20:10:00.456573,0.6971997995501092,lstm
SVC-000048,EVT-0011595,2026-06-20 20:10:10.083639,0.41014162348342836,lstm
SVC-000004,EVT-0011596,2026-06-20 20:10:58.855081,0.6368256265765605,lstm
SVC-000057,EVT-0011597,2026-06-20 20:13:28.578650,0.4610900121524736,lstm
SVC-000048,EVT-0011598,2026-06-20 20:13:45.460616,0.5169177254649961,lstm
SVC-000052,EVT-0011599,2026-06-20 20:14:24.526896,0.23769371352676674,lstm
SVC-000052,EVT-0011600,2026-06-20 20:14:39.797500,0.5759576903115249,lstm
SVC-000061,EVT-0011601,2026-06-20 20:15:36.292810,0.2576227108860136,lstm
SVC-000052,EVT-0011602,2026-06-20 20:18:29.576444,0.4115733393675132,lstm
SVC-000060,EVT-0011603,2026-06-20 20:20:20.627231,0.6211852146357,lstm
SVC-000006,EVT-0011604,2026-06-20 20:22:25.104810,0.6321568656361438,lstm
SVC-000052,EVT-0011605,2026-06-20 20:24:33.356619,0.382200758096882,lstm
SVC-000061,EVT-0011606,2026-06-20 20:28:32.135762,0.23702257679277494,lstm
SVC-000052,EVT-0011607,2026-06-20 20:31:25.904834,0.5415488152016186,lstm
DEV-000017,EVT-0011608,2026-06-20 20:31:55.251609,0.5517438626388437,lstm
SVC-000058,EVT-0011609,2026-06-20 20:32:25.758468,0.9619123040332336,lstm
SVC-000052,EVT-0011610,2026-06-20 20:33:33.158107,0.47236677897964235,lstm
DEV-000022,EVT-0011611,2026-06-20 20:34:12.421819,0.7741265578343968,lstm
DEV-000014,EVT-0011612,2026-06-20 20:34:37.537044,0.5632773557537784,lstm
SVC-000061,EVT-0011613,2026-06-20 20:39:16.553645,0.2752274765619954,lstm
SVC-000061,EVT-0011614,2026-06-20 20:41:08.276120,0.3303755198837861,lstm
SVC-000004,EVT-0011615,2026-06-20 20:44:12.435492,0.8151902587239288,lstm
DEV-000020,EVT-0011616,2026-06-20 20:45:19.321518,0.8001760889591044,lstm
SVC-000048,EVT-0011617,2026-06-20 20:46:54.701798,0.41219688068147947,lstm
SVC-000006,EVT-0011618,2026-06-20 20:47:08.212048,0.8093131858872985,lstm
SVC-000004,EVT-0011619,2026-06-20 20:48:21.568129,0.42363422747960156,lstm
USR-000109,EVT-0011620,2026-06-20 20:49:56.375192,0.34438654424126364,lstm
SVC-000061,EVT-0011621,2026-06-20 20:50:42.267644,0.2608175706771716,lstm
SVC-000058,EVT-0011622,2026-06-20 20:54:31.862053,0.3754760117190186,lstm
SVC-000061,EVT-0011623,2026-06-20 20:56:25.261660,0.275119584272914,lstm
SVC-000003,EVT-0011624,2026-06-20 20:57:42.344846,0.9977342051806706,lstm
SVC-000058,EVT-0011625,2026-06-20 20:59:49.810136,0.5604424967172624,lstm
SVC-000060,EVT-0011626,2026-06-20 21:00:25.802922,0.6286477766290861,lstm
SVC-000058,EVT-0011627,2026-06-20 21:02:40.440986,0.4116111185219642,lstm
SVC-000035,EVT-0011628,2026-06-20 21:03:40.736477,0.9565988170225219,lstm
USR-000113,EVT-0011629,2026-06-20 21:03:41.262214,0.38095398357286003,lstm
SVC-000047,EVT-0011630,2026-06-20 21:04:47.661888,0.964534095716788,lstm
SVC-000047,EVT-0011631,2026-06-20 21:05:50.355069,0.5535423368415199,lstm
SVC-000004,EVT-0011632,2026-06-20 21:09:24.815131,0.5057027275695897,lstm
SVC-000047,EVT-0011633,2026-06-20 21:11:22.046782,0.746774970747143,lstm
SVC-000054,EVT-0011634,2026-06-20 21:11:32.083588,0.9911907494939823,lstm
SVC-000047,EVT-0011635,2026-06-20 21:13:18.749710,0.38398343432675774,lstm
SVC-000052,EVT-0011636,2026-06-20 21:13:36.461471,0.44288774638733197,lstm
SVC-000023,EVT-0011637,2026-06-20 21:15:02.904949,0.6768650736748707,lstm
DEV-000011,EVT-0011638,2026-06-20 21:18:34.361324,0.39482693035992295,lstm
SVC-000047,EVT-0011639,2026-06-20 21:18:40.217173,0.23537064102445604,lstm
SVC-000004,EVT-0011640,2026-06-20 21:20:41.090637,0.3874900741383645,lstm
SVC-000035,EVT-0011641,2026-06-20 21:21:10.025205,0.7961758924331497,lstm
SVC-000004,EVT-0011642,2026-06-20 21:21:19.081479,0.5217541946750411,lstm
DEV-000020,EVT-0011643,2026-06-20 21:21:39.901160,0.827260296016984,lstm
SVC-000045,EVT-0011644,2026-06-20 21:23:08.012568,0.998059122709318,lstm
SVC-000045,EVT-0011645,2026-06-20 21:24:29.868437,0.5893262726575481,lstm
SVC-000054,EVT-0011646,2026-06-20 21:27:54.395353,0.49715397573587,lstm
SVC-000003,EVT-0011647,2026-06-20 21:29:19.874489,0.8417198363695325,lstm
SVC-000003,EVT-0011648,2026-06-20 21:29:28.155243,0.8739556054313056,lstm
DEV-000007,EVT-0011649,2026-06-20 21:29:45.892416,0.2743377562148949,lstm
SVC-000054,EVT-0011650,2026-06-20 21:30:02.856098,0.6111827635099757,lstm
SVC-000058,EVT-0011651,2026-06-20 21:30:34.461624,0.27879959583063635,lstm
SVC-000048,EVT-0011652,2026-06-20 21:36:57.400772,0.3507604197125678,lstm
SVC-000035,EVT-0011653,2026-06-20 21:39:58.682565,0.3551610905203513,lstm
DEV-000001,EVT-0011654,2026-06-20 21:40:05.204819,0.3698293958316323,lstm
DEV-000020,EVT-0011655,2026-06-20 21:40:19.121947,0.8707353140338756,lstm
SVC-000048,EVT-0011656,2026-06-20 21:41:30.642447,0.536194289473915,lstm
DEV-000026,EVT-0011657,2026-06-20 21:43:08.260644,0.5635442032056395,lstm
SVC-000054,EVT-0011658,2026-06-20 21:43:28.638779,0.48719726047185385,lstm
SVC-000048,EVT-0011659,2026-06-20 21:45:18.029704,0.5006275355689014,lstm
SVC-000058,EVT-0011660,2026-06-20 21:47:20.515766,0.28257309483212123,lstm
SVC-000003,EVT-0011661,2026-06-20 21:47:30.602383,0.8110107030201203,lstm
SVC-000025,EVT-0011662,2026-06-20 21:48:33.855634,0.909804147201633,lstm
DEV-000003,EVT-0011663,2026-06-20 21:49:01.787541,0.7836619955904128,lstm
SVC-000047,EVT-0011664,2026-06-20 21:51:13.725463,0.3270476347241215,lstm
SVC-000003,EVT-0011665,2026-06-20 21:56:51.178543,0.4926804819847666,lstm
SVC-000054,EVT-0011666,2026-06-20 21:57:23.134653,0.2171674082650583,lstm
SVC-000045,EVT-0011667,2026-06-20 21:57:43.115467,0.5743119115818087,lstm
USR-000113,EVT-0011668,2026-06-20 21:58:13.106501,0.5168158779348742,lstm
SVC-000035,EVT-0011669,2026-06-20 22:00:38.042351,0.33099275856578086,lstm
SVC-000058,EVT-0011670,2026-06-20 22:02:19.743061,0.3467916707585577,lstm
SVC-000045,EVT-0011671,2026-06-20 22:02:28.327155,0.5184290360049968,lstm
SVC-000045,EVT-0011672,2026-06-20 22:03:08.784241,0.6420977551576864,lstm
USR-000113,EVT-0011673,2026-06-20 22:05:18.979126,0.45202775351257285,lstm
SVC-000054,EVT-0011674,2026-06-20 22:05:33.631268,0.3199016953472599,lstm
SVC-000035,EVT-0011675,2026-06-20 22:06:07.619773,0.4528552042103165,lstm
SVC-000003,EVT-0011676,2026-06-20 22:08:42.607586,0.556858612371687,lstm
SVC-000004,EVT-0011677,2026-06-20 22:12:51.108641,0.7979644117539362,lstm
DEV-000013,EVT-0011678,2026-06-20 22:14:55.278984,0.7114205942565099,lstm
SVC-000047,EVT-0011679,2026-06-20 22:15:44.561179,0.26383673067336655,lstm
SVC-000035,EVT-0011680,2026-06-20 22:16:03.458042,0.37469004970144637,lstm
DEV-000022,EVT-0011681,2026-06-20 22:18:23.220530,0.48578080887972175,lstm
SVC-000054,EVT-0011682,2026-06-20 22:21:10.161215,0.35644438804283285,lstm
SVC-000058,EVT-0011683,2026-06-20 22:21:51.263236,0.28542245960823553,lstm
SVC-000048,EVT-0011684,2026-06-20 22:21:52.580722,0.44806801581167083,lstm
SVC-000041,EVT-0011685,2026-06-20 22:22:22.803136,0.985100100415533,lstm
SVC-000045,EVT-0011686,2026-06-20 22:28:46.864378,0.34285795831912025,lstm
DEV-000009,EVT-0011687,2026-06-20 22:28:54.638870,0.6060988010455565,lstm
SVC-000045,EVT-0011688,2026-06-20 22:30:25.350796,0.5310296290405929,lstm
DEV-000023,EVT-0011689,2026-06-20 22:31:18.685890,0.32825134914945414,lstm
DEV-000015,EVT-0011690,2026-06-20 22:31:55.918552,0.5722546434227883,lstm
DEV-000007,EVT-0011691,2026-06-20 22:33:57.061943,0.2859440322832542,lstm
SVC-000045,EVT-0011692,2026-06-20 22:35:28.835062,0.3973088793507058,lstm
DEV-000011,EVT-0011693,2026-06-20 22:35:47.706215,0.31410660476125085,lstm
SVC-000032,EVT-0011694,2026-06-20 22:37:46.259308,0.9974361606582239,lstm
SVC-000002,EVT-0011695,2026-06-20 22:39:22.483535,0.9974549569867983,lstm
SVC-000054,EVT-0011696,2026-06-20 22:40:06.073937,0.605178006971751,lstm
SVC-000045,EVT-0011697,2026-06-20 22:40:20.673093,0.3950180183869458,lstm
SVC-000054,EVT-0011698,2026-06-20 22:40:58.967260,0.5433533810468507,lstm
SVC-000035,EVT-0011699,2026-06-20 22:43:09.401770,0.28444054474143765,lstm
SVC-000032,EVT-0011700,2026-06-20 22:43:32.237539,0.31631475632016687,lstm
SVC-000002,EVT-0011701,2026-06-20 22:44:03.721512,0.29491459066637893,lstm
SVC-000054,EVT-0011702,2026-06-20 22:46:10.556500,0.2740313415800077,lstm
SVC-000059,EVT-0011703,2026-06-20 22:46:10.838684,0.987758603934713,lstm
SVC-000003,EVT-0011704,2026-06-20 22:49:29.458064,0.6152685478270404,lstm
SVC-000047,EVT-0011705,2026-06-20 22:50:29.135698,0.3708635690497082,lstm
SVC-000002,EVT-0011706,2026-06-20 22:52:02.453350,0.38123114949509207,lstm
DEV-000007,EVT-0011707,2026-06-20 22:54:24.107280,0.4023915281349489,lstm
DEV-000003,EVT-0011708,2026-06-20 22:56:00.901279,0.8211512708922539,lstm
SVC-000056,EVT-0011709,2026-06-20 22:57:36.471222,0.9825958817669028,lstm
SVC-000032,EVT-0011710,2026-06-20 22:57:54.689023,0.278498958043917,lstm
SVC-000025,EVT-0011711,2026-06-20 22:58:30.114044,0.3241686815947246,lstm
SVC-000003,EVT-0011712,2026-06-20 22:59:24.347794,0.3332715245596777,lstm
SVC-000045,EVT-0011713,2026-06-20 23:01:58.160542,0.4589231881530292,lstm
SVC-000032,EVT-0011714,2026-06-20 23:02:33.327308,0.2980931286879597,lstm
SVC-000054,EVT-0011715,2026-06-20 23:03:05.429679,0.3503993824851171,lstm
DEV-000012,EVT-0011716,2026-06-20 23:03:36.073789,0.7046673192814357,lstm
DEV-000005,EVT-0011717,2026-06-20 23:05:50.646665,0.484998173796702,lstm
SVC-000047,EVT-0011718,2026-06-20 23:09:34.838271,0.3511708095595633,lstm
SVC-000059,EVT-0011719,2026-06-20 23:13:53.362952,0.26034753928534976,lstm
SVC-000025,EVT-0011720,2026-06-20 23:16:31.458812,0.40884656210948506,lstm
SVC-000059,EVT-0011721,2026-06-20 23:19:36.922679,0.23676748387524849,lstm
SVC-000032,EVT-0011722,2026-06-20 23:20:00.528499,0.2588564800119872,lstm
SVC-000047,EVT-0011723,2026-06-20 23:22:35.213290,0.4336175246555555,lstm
DEV-000020,EVT-0011724,2026-06-20 23:22:45.722759,0.6861632377686063,lstm
SVC-000041,EVT-0011725,2026-06-20 23:23:15.989677,0.4935267369198235,lstm
SVC-000025,EVT-0011726,2026-06-20 23:25:05.077857,0.7986562781280132,lstm
SVC-000032,EVT-0011727,2026-06-20 23:25:31.917642,0.2808353304315768,lstm
SVC-000025,EVT-0011728,2026-06-20 23:27:26.544809,0.6569707638611002,lstm
SVC-000056,EVT-0011729,2026-06-20 23:28:54.507900,0.5056923677191497,lstm
SVC-000045,EVT-0011730,2026-06-20 23:31:00.201531,0.402037258998061,lstm
SVC-000059,EVT-0011731,2026-06-20 23:37:00.725989,0.21520592518556658,lstm
SVC-000035,EVT-0011732,2026-06-20 23:41:54.428543,0.38905977535504904,lstm
SVC-000041,EVT-0011733,2026-06-20 23:42:02.529288,0.679822709245841,lstm
SVC-000045,EVT-0011734,2026-06-20 23:42:38.801859,0.6679464445591791,lstm
DEV-000026,EVT-0011735,2026-06-20 23:44:27.896526,0.69901646229011,lstm
SVC-000059,EVT-0011736,2026-06-20 23:47:52.632939,0.21423702725406651,lstm
SVC-000032,EVT-0011737,2026-06-20 23:51:21.720435,0.27654045936634936,lstm
SVC-000059,EVT-0011738,2026-06-20 23:54:12.461140,0.2392517046699886,lstm
SVC-000059,EVT-0011739,2026-06-20 23:54:38.050930,0.37380362120840366,lstm
SVC-000059,EVT-0011740,2026-06-20 23:55:33.994959,0.3320738871215253,lstm
SVC-000059,EVT-0011741,2026-06-20 23:55:47.336729,0.4322544917175191,lstm
SVC-000053,EVT-0011742,2026-06-21 00:01:07.833937,0.9998867690310351,lstm
SVC-000053,EVT-0011743,2026-06-21 00:02:06.877438,1.0,lstm
SVC-000059,EVT-0011744,2026-06-21 00:02:35.816245,0.3133286846523989,lstm
SVC-000053,EVT-0011745,2026-06-21 00:02:42.084209,0.9999997540081945,lstm
SVC-000059,EVT-0011746,2026-06-21 00:08:27.859614,0.6375997498933204,lstm
SVC-000059,EVT-0011747,2026-06-21 00:10:01.224472,0.31605411374900294,lstm
DEV-000001,EVT-0011748,2026-06-21 00:10:13.825287,0.2307772752167472,lstm
SVC-000059,EVT-0011749,2026-06-21 00:13:28.475754,0.2426458215010856,lstm
SVC-000056,EVT-0011750,2026-06-21 00:16:41.032340,0.5401203958818795,lstm
SVC-000025,EVT-0011751,2026-06-21 00:17:47.711930,0.29451697096210167,lstm
SVC-000041,EVT-0011752,2026-06-21 00:20:29.319986,0.5329578756355428,lstm
SVC-000025,EVT-0011753,2026-06-21 00:33:01.140182,0.399755949664926,lstm
DEV-000008,EVT-0011754,2026-06-21 00:33:53.617010,0.9896738225624971,lstm
SVC-000056,EVT-0011755,2026-06-21 00:34:21.782867,0.5389476770875117,lstm
SVC-000041,EVT-0011756,2026-06-21 00:37:05.165781,0.8104167066819697,lstm
DEV-000001,EVT-0011757,2026-06-21 00:38:09.350039,0.35949875582653845,lstm
DEV-000004,EVT-0011758,2026-06-21 00:40:27.901703,0.5933222266110222,lstm
DEV-000015,EVT-0011759,2026-06-21 00:48:33.243151,0.32374254806756336,lstm
SVC-000041,EVT-0011760,2026-06-21 00:49:58.702830,0.28029544660075095,lstm
DEV-000017,EVT-0011761,2026-06-21 00:55:41.831530,0.7754706784386028,lstm
SVC-000025,EVT-0011762,2026-06-21 00:56:34.000434,0.2916202507457451,lstm
SVC-000025,EVT-0011763,2026-06-21 00:56:34.830180,0.9018530156256962,lstm
DEV-000016,EVT-0011764,2026-06-21 01:00:20.100895,0.5407742591036506,lstm
SVC-000041,EVT-0011765,2026-06-21 01:09:46.678709,0.4925965672972576,lstm
SVC-000041,EVT-0011766,2026-06-21 01:10:26.394259,0.8345922629833167,lstm
DEV-000021,EVT-0011767,2026-06-21 01:10:28.422548,0.9130615048901987,lstm
SVC-000041,EVT-0011768,2026-06-21 01:13:29.079283,0.37161643374794834,lstm
SVC-000025,EVT-0011769,2026-06-21 01:16:11.974056,0.2908856898282371,lstm
SVC-000041,EVT-0011770,2026-06-21 01:26:25.900806,0.5894812141241385,lstm
DEV-000001,EVT-0011771,2026-06-21 01:26:28.386828,0.34054194932537807,lstm
DEV-000009,EVT-0011772,2026-06-21 01:27:48.411171,0.5883259390465461,lstm
SVC-000041,EVT-0011773,2026-06-21 01:32:21.297691,0.8213218710671165,lstm
SVC-000041,EVT-0011774,2026-06-21 01:38:55.216021,0.492061221033447,lstm
SVC-000025,EVT-0011775,2026-06-21 01:43:09.807872,0.3459073145836119,lstm
USR-000088,EVT-0011776,2026-06-21 01:45:51.297109,0.6039026145556469,lstm
USR-000187,EVT-0011777,2026-06-21 01:46:13.000000,0.6635337805880033,lstm
DEV-000002,EVT-0011778,2026-06-21 01:50:08.623514,0.2893238607831736,lstm
SVC-000056,EVT-0011779,2026-06-21 01:53:44.827344,0.5281546894274578,lstm
USR-000122,EVT-0011780,2026-06-21 01:54:12.484248,0.647120370158613,lstm
SVC-000041,EVT-0011781,2026-06-21 01:58:55.075378,0.45273393916770316,lstm
SVC-000018,EVT-0011782,2026-06-21 02:04:42.406723,0.9942322143010671,lstm
DEV-000018,EVT-0011783,2026-06-21 02:07:15.023207,0.6515537657989812,lstm
DEV-000014,EVT-0011784,2026-06-21 02:08:23.412193,0.6487052309663365,lstm
DEV-000018,EVT-0011785,2026-06-21 02:09:26.528663,0.7847105649813674,lstm
USR-000150,EVT-0011786,2026-06-21 02:11:01.699963,0.982248595123366,baseline_fallback
DEV-000009,EVT-0011787,2026-06-21 02:12:02.858718,0.5903497926488069,lstm
DEV-000001,EVT-0011788,2026-06-21 02:17:55.168717,0.2051698448445689,lstm
DEV-000002,EVT-0011789,2026-06-21 02:18:58.991560,0.36198321063563127,lstm
SVC-000018,EVT-0011790,2026-06-21 02:28:34.754507,0.36347716325862345,lstm
SVC-000041,EVT-0011791,2026-06-21 02:29:04.580087,0.8842860791378314,lstm
DEV-000017,EVT-0011792,2026-06-21 02:29:26.815331,0.6982604610380918,lstm
DEV-000013,EVT-0011793,2026-06-21 02:31:29.087931,0.8800622852933386,lstm
SVC-000018,EVT-0011794,2026-06-21 02:33:21.852413,0.42074157908535254,lstm
SVC-000018,EVT-0011795,2026-06-21 02:33:50.336247,0.48359677636243026,lstm
DEV-000002,EVT-0011796,2026-06-21 02:36:39.635747,0.47717285393034164,lstm
DEV-000016,EVT-0011797,2026-06-21 02:37:26.215220,0.4536999016262544,lstm
USR-000187,EVT-0011798,2026-06-21 02:38:54.424731,0.9999999999998364,lstm
USR-000106,EVT-0011799,2026-06-21 02:41:06.055835,0.32821245607852007,lstm
DEV-000020,EVT-0011800,2026-06-21 02:41:08.779297,0.5837749360393102,lstm
DEV-000026,EVT-0011801,2026-06-21 02:51:07.297796,0.7680819832043682,lstm
DEV-000026,EVT-0011802,2026-06-21 02:52:46.790807,0.9530922358354303,lstm
SVC-000018,EVT-0011803,2026-06-21 02:54:30.173362,0.5883924189615278,lstm
SVC-000041,EVT-0011804,2026-06-21 02:57:20.678652,0.7629442341375728,lstm
SVC-000018,EVT-0011805,2026-06-21 02:58:54.421102,0.31137820536135447,lstm
SVC-000018,EVT-0011806,2026-06-21 02:59:25.152343,0.5141214674691511,lstm
SVC-000014,EVT-0011807,2026-06-21 02:59:55.410201,0.9876615563654326,lstm
DEV-000008,EVT-0011808,2026-06-21 03:02:53.899890,0.897435015011536,lstm
DEV-000008,EVT-0011809,2026-06-21 03:02:57.565880,0.9912470331887445,lstm
DEV-000002,EVT-0011810,2026-06-21 03:03:47.876970,0.2605595530082583,lstm
SVC-000018,EVT-0011811,2026-06-21 03:06:06.861013,0.2955576691930773,lstm
SVC-000014,EVT-0011812,2026-06-21 03:07:42.608624,0.3639708100152177,lstm
DEV-000008,EVT-0011813,2026-06-21 03:20:53.877493,0.8308373154130013,lstm
SVC-000014,EVT-0011814,2026-06-21 03:21:37.441105,0.3698137883351337,lstm
SVC-000014,EVT-0011815,2026-06-21 03:21:37.499529,0.5700877165748934,lstm
USR-000122,EVT-0011816,2026-06-21 03:24:10.749979,0.3440236353465556,lstm
SVC-000020,EVT-0011817,2026-06-21 03:26:47.730893,0.9766981976151673,lstm
SVC-000014,EVT-0011818,2026-06-21 03:27:56.823969,0.35611845703733325,lstm
DEV-000008,EVT-0011819,2026-06-21 03:30:10.464709,0.7174645970654498,lstm
SVC-000018,EVT-0011820,2026-06-21 03:30:47.457885,0.6834556195719428,lstm
DEV-000009,EVT-0011821,2026-06-21 03:33:11.324025,0.40108979501371833,lstm
DEV-000026,EVT-0011822,2026-06-21 03:33:13.827372,0.3393635066426996,lstm
DEV-000002,EVT-0011823,2026-06-21 03:38:49.430353,0.2080617829908514,lstm
USR-000036,EVT-0011824,2026-06-21 03:40:20.803537,0.9482482373924767,lstm
DEV-000016,EVT-0011825,2026-06-21 03:44:16.380342,0.5136552837268744,lstm
SVC-000014,EVT-0011826,2026-06-21 03:50:35.663785,0.3412847863730291,lstm
SVC-000015,EVT-0011827,2026-06-21 03:56:22.150927,0.9791231836314014,lstm
SVC-000020,EVT-0011828,2026-06-21 04:00:58.733958,0.7476441398095834,lstm
SVC-000020,EVT-0011829,2026-06-21 04:04:43.786009,0.5641379937475078,lstm
DEV-000016,EVT-0011830,2026-06-21 04:04:56.851971,0.6243653005779813,lstm
SVC-000014,EVT-0011831,2026-06-21 04:11:27.471449,0.2587133846376948,lstm
DEV-000021,EVT-0011832,2026-06-21 04:11:32.701806,0.7979528388860326,lstm
SVC-000041,EVT-0011833,2026-06-21 04:16:17.194567,0.9767694885706921,lstm
SVC-000015,EVT-0011834,2026-06-21 04:26:29.478194,0.3527864058854845,lstm
USR-000019,EVT-0011835,2026-06-21 04:28:59.114991,0.48219729563952396,lstm
SVC-000014,EVT-0011836,2026-06-21 04:29:42.355058,0.2579455635642085,lstm
DEV-000001,EVT-0011837,2026-06-21 04:33:56.251523,0.3197435572717025,lstm
SVC-000015,EVT-0011838,2026-06-21 04:34:44.653278,0.38793414505253965,lstm
SVC-000020,EVT-0011839,2026-06-21 04:37:18.720783,0.40666064166257754,lstm
SVC-000014,EVT-0011840,2026-06-21 04:37:43.086519,0.30795734802176855,lstm
SVC-000007,EVT-0011841,2026-06-21 04:39:36.945414,0.9999999999759903,lstm
SVC-000007,EVT-0011842,2026-06-21 04:41:51.936335,0.9999989947999054,lstm
SVC-000020,EVT-0011843,2026-06-21 04:43:03.337687,0.4842116582126523,lstm
SVC-000014,EVT-0011844,2026-06-21 04:43:30.009311,0.693907126877252,lstm
DEV-000003,EVT-0011845,2026-06-21 04:46:00.868654,0.4950198778457665,lstm
USR-000106,EVT-0011846,2026-06-21 04:49:13.140322,0.36868391226127684,lstm
USR-000059,EVT-0011847,2026-06-21 04:49:40.676947,0.7394725315693271,lstm
SVC-000015,EVT-0011848,2026-06-21 04:49:54.667111,0.2943745165250191,lstm
DEV-000010,EVT-0011849,2026-06-21 04:50:47.993970,0.9875855290811644,lstm
SVC-000015,EVT-0011850,2026-06-21 04:52:16.905014,0.5158912028360825,lstm
SVC-000015,EVT-0011851,2026-06-21 04:55:26.483535,0.6972848877587849,lstm
SVC-000014,EVT-0011852,2026-06-21 04:59:31.440378,0.2567897189969623,lstm
SVC-000015,EVT-0011853,2026-06-21 04:59:33.603702,0.48531956404474763,lstm
SVC-000014,EVT-0011854,2026-06-21 05:00:07.338420,0.5334898375093658,lstm
SVC-000007,EVT-0011855,2026-06-21 05:02:27.930955,0.9994888777964996,lstm
DEV-000010,EVT-0011856,2026-06-21 05:06:28.160335,0.8659107703866696,lstm
SVC-000007,EVT-0011857,2026-06-21 05:07:12.421770,0.9842045944731999,lstm
SVC-000007,EVT-0011858,2026-06-21 05:07:30.610554,0.9852871258119222,lstm
USR-000088,EVT-0011859,2026-06-21 05:09:23.420953,0.5624881764794939,lstm
DEV-000023,EVT-0011860,2026-06-21 05:14:35.953346,0.44971333154438126,lstm
SVC-000007,EVT-0011861,2026-06-21 05:14:38.198005,0.955452133209031,lstm
SVC-000007,EVT-0011862,2026-06-21 05:15:14.355882,0.9226868580279697,lstm
SVC-000014,EVT-0011863,2026-06-21 05:25:17.708010,0.24792498885492828,lstm
SVC-000014,EVT-0011864,2026-06-21 05:28:50.612904,0.32283071830806315,lstm
SVC-000007,EVT-0011865,2026-06-21 05:34:20.820150,0.8830153278639792,lstm
SVC-000020,EVT-0011866,2026-06-21 05:35:27.259945,0.5073163527724553,lstm
SVC-000009,EVT-0011867,2026-06-21 05:35:32.935529,0.99774167007504,lstm
USR-000094,EVT-0011868,2026-06-21 05:40:05.173717,0.9974821725476265,lstm
SVC-000031,EVT-0011869,2026-06-21 05:41:46.393356,0.9739600623256508,lstm
DEV-000013,EVT-0011870,2026-06-21 05:41:49.488266,0.7512698773640976,lstm
USR-000014,EVT-0011871,2026-06-21 05:41:57.020451,0.6738600767255631,baseline_fallback
DEV-000004,EVT-0011872,2026-06-21 05:42:00.069758,0.6173501987622017,lstm
USR-000076,EVT-0011873,2026-06-21 05:43:37.826694,0.8473682890369729,lstm
SVC-000031,EVT-0011874,2026-06-21 05:44:12.521489,0.5512756820023957,lstm
DEV-000001,EVT-0011875,2026-06-21 05:44:50.196342,0.3321148821822723,lstm
USR-000094,EVT-0011876,2026-06-21 05:52:44.180119,0.9314195622201313,lstm
USR-000124,EVT-0011877,2026-06-21 05:54:48.436319,0.9729473372099013,lstm
DEV-000017,EVT-0011878,2026-06-21 05:56:02.557040,0.5458276598005032,lstm
SVC-000009,EVT-0011879,2026-06-21 05:59:15.719394,0.6717323899470347,lstm
USR-000050,EVT-0011880,2026-06-21 06:01:08.792106,0.6665423721640749,lstm
SVC-000014,EVT-0011881,2026-06-21 06:05:46.811427,0.4756822271872714,lstm
SVC-000031,EVT-0011882,2026-06-21 06:09:17.439566,0.4122027209081494,lstm
SVC-000031,EVT-0011883,2026-06-21 06:10:27.649933,0.5361002734952298,lstm
SVC-000009,EVT-0011884,2026-06-21 06:11:29.960231,0.7058331587700152,lstm
DEV-000007,EVT-0011885,2026-06-21 06:11:33.431155,0.4489692359212411,lstm
USR-000207,EVT-0011886,2026-06-21 06:16:23.820222,0.3493606309359425,lstm
USR-000009,EVT-0011887,2026-06-21 06:18:16.733312,0.7729928801992286,lstm
DEV-000013,EVT-0011888,2026-06-21 06:21:07.308038,0.8479518211661952,lstm
USR-000036,EVT-0011889,2026-06-21 06:22:14.602526,0.8076949571354578,lstm
SVC-000031,EVT-0011890,2026-06-21 06:23:51.502069,0.3102590971093957,lstm
SVC-000031,EVT-0011891,2026-06-21 06:31:15.670117,0.2752691594601062,lstm
SVC-000009,EVT-0011892,2026-06-21 06:31:45.813888,0.4170927036600304,lstm
SVC-000009,EVT-0011893,2026-06-21 06:32:23.758708,0.4536605225383905,lstm
USR-000041,EVT-0011894,2026-06-21 06:32:25.101190,0.9999999999999989,lstm
USR-000094,EVT-0011895,2026-06-21 06:32:42.885390,0.8787419239955802,lstm
SVC-000009,EVT-0011896,2026-06-21 06:33:22.490305,0.42957714983381245,lstm
DEV-000011,EVT-0011897,2026-06-21 06:38:54.528490,0.36296768645238375,lstm
SVC-000031,EVT-0011898,2026-06-21 06:44:51.370781,0.28110728385193257,lstm
SVC-000040,EVT-0011899,2026-06-21 06:44:55.614394,0.9971629501156722,lstm
DEV-000003,EVT-0011900,2026-06-21 06:49:35.601672,0.35632841874820353,lstm
USR-000111,EVT-0011901,2026-06-21 06:59:19.446408,0.5888271056790756,lstm
USR-000014,EVT-0011902,2026-06-21 06:59:49.673629,0.6166312836556651,baseline_fallback
SVC-000031,EVT-0011903,2026-06-21 07:00:15.626946,0.34599441615029586,lstm
USR-000025,EVT-0011904,2026-06-21 07:01:05.784175,0.9979223637261132,lstm
SVC-000031,EVT-0011905,2026-06-21 07:01:10.420908,0.8099293244745992,lstm
SVC-000030,EVT-0011906,2026-06-21 07:03:02.820594,0.9385468912845712,lstm
USR-000019,EVT-0011907,2026-06-21 07:03:30.330881,0.45751243896456206,lstm
SVC-000031,EVT-0011908,2026-06-21 07:04:05.689200,0.3710501397536306,lstm
USR-000014,EVT-0011909,2026-06-21 07:11:41.725918,0.4648442482337368,baseline_fallback
USR-000036,EVT-0011910,2026-06-21 07:15:38.168865,0.8418942585263162,lstm
DEV-000006,EVT-0011911,2026-06-21 07:16:05.592835,0.9898085331985329,lstm
SVC-000031,EVT-0011912,2026-06-21 07:16:59.062838,0.3334469521740363,lstm
USR-000009,EVT-0011913,2026-06-21 07:17:18.461449,0.703219463632238,lstm
USR-000009,EVT-0011914,2026-06-21 07:17:48.763090,0.8318208148744658,lstm
DEV-000006,EVT-0011915,2026-06-21 07:21:15.327091,0.9282985440038347,lstm
DEV-000021,EVT-0011916,2026-06-21 07:23:13.018860,0.44513033359645304,lstm
USR-000036,EVT-0011917,2026-06-21 07:26:12.858385,0.9999999999972498,lstm
USR-000118,EVT-0011918,2026-06-21 07:28:50.574878,0.8743213676472815,lstm
USR-000015,EVT-0011919,2026-06-21 07:36:38.207260,0.775645939010581,lstm
USR-000094,EVT-0011920,2026-06-21 07:38:09.805442,0.672055815546025,lstm
SVC-000031,EVT-0011921,2026-06-21 07:41:56.497227,0.7165985896647216,lstm
USR-000200,EVT-0011922,2026-06-21 07:53:26.683149,0.704422667465566,lstm
SVC-000051,EVT-0011923,2026-06-21 07:55:39.623158,0.9343619405541453,lstm
SVC-000031,EVT-0011924,2026-06-21 07:57:38.009866,0.3324765161543317,lstm
USR-000050,EVT-0011925,2026-06-21 07:59:45.548084,0.42965504257055787,lstm
USR-000014,EVT-0011926,2026-06-21 07:59:58.327269,0.5624482755168441,baseline_fallback
USR-000060,EVT-0011927,2026-06-21 08:00:04.244246,0.8878928153201351,lstm
SVC-000031,EVT-0011928,2026-06-21 08:01:00.943787,0.39333168896237153,lstm
SVC-000024,EVT-0011929,2026-06-21 08:09:52.680434,0.9826593197233972,lstm
SVC-000030,EVT-0011930,2026-06-21 08:10:29.296307,0.5676403344008132,lstm
SVC-000040,EVT-0011931,2026-06-21 08:11:39.753805,0.4543904471163395,lstm
SVC-000053,EVT-0011932,2026-06-21 08:14:02.548402,0.9994154244887997,lstm
USR-000182,EVT-0011933,2026-06-21 08:15:44.496390,0.7698754388753141,lstm
USR-000103,EVT-0011934,2026-06-21 08:19:22.328807,0.7933554837301477,lstm
USR-000179,EVT-0011935,2026-06-21 08:21:51.929856,0.7988561336054206,baseline_fallback
DEV-000013,EVT-0011936,2026-06-21 08:23:27.375684,0.4581082376668327,lstm
USR-000042,EVT-0011937,2026-06-21 08:25:22.785469,0.40782289247329395,lstm
SVC-000042,EVT-0011938,2026-06-21 08:26:37.314092,0.9820569632775191,lstm
USR-000025,EVT-0011939,2026-06-21 08:29:03.673205,0.9611282762409646,lstm
USR-000050,EVT-0011940,2026-06-21 08:29:33.437266,0.4041296551944573,lstm
USR-000019,EVT-0011941,2026-06-21 08:29:47.450865,0.38237058458318657,lstm
SVC-000008,EVT-0011942,2026-06-21 08:29:55.965373,0.9971229127869549,lstm
SVC-000030,EVT-0011943,2026-06-21 08:31:25.140245,0.7374902133461347,lstm
USR-000164,EVT-0011944,2026-06-21 08:34:49.739841,0.6096455967141565,lstm
DEV-000001,EVT-0011945,2026-06-21 08:35:33.078536,0.4653611295671059,lstm
SVC-000053,EVT-0011946,2026-06-21 08:38:56.810657,0.9747253095375829,lstm
USR-000007,EVT-0011947,2026-06-21 08:40:21.310259,0.7644932552513969,baseline_fallback
SVC-000051,EVT-0011948,2026-06-21 08:42:50.212761,0.4298826220531985,lstm
SVC-000031,EVT-0011949,2026-06-21 08:42:57.185399,0.5262635263506377,lstm
DEV-000006,EVT-0011950,2026-06-21 08:44:06.831683,0.3555558777826038,lstm
SVC-000016,EVT-0011951,2026-06-21 08:44:20.358583,0.9668348458430932,lstm
USR-000058,EVT-0011952,2026-06-21 08:44:34.055386,0.3325520910523334,lstm
USR-000014,EVT-0011953,2026-06-21 08:44:46.916668,0.37657149474857726,baseline_fallback
USR-000047,EVT-0011954,2026-06-21 08:45:55.709558,0.6885293881452416,lstm
SVC-000040,EVT-0011955,2026-06-21 08:47:06.288936,0.335623662903922,lstm
SVC-000042,EVT-0011956,2026-06-21 08:47:35.792600,0.3176385064262724,lstm
USR-000172,EVT-0011957,2026-06-21 08:48:13.185732,0.6482503496453592,lstm
USR-000042,EVT-0011958,2026-06-21 08:48:17.606409,0.3670454742903557,lstm
DEV-000023,EVT-0011959,2026-06-21 08:48:24.183768,0.6324192148531815,lstm
SVC-000030,EVT-0011960,2026-06-21 08:48:34.198070,0.6970516451430685,lstm
DEV-000015,EVT-0011961,2026-06-21 08:48:56.084571,0.35224582287815565,lstm
USR-000076,EVT-0011962,2026-06-21 08:53:14.262422,0.8143385230627442,lstm
USR-000060,EVT-0011963,2026-06-21 08:53:51.350986,0.882734546997049,lstm
SVC-000031,EVT-0011964,2026-06-21 08:54:24.858438,0.42195310284142357,lstm
DEV-000015,EVT-0011965,2026-06-21 08:54:52.354690,0.7737772259418778,lstm
DEV-000013,EVT-0011966,2026-06-21 08:56:06.039105,0.5357356661580855,lstm
USR-000060,EVT-0011967,2026-06-21 08:56:20.536483,0.8932831506186009,lstm
USR-000047,EVT-0011968,2026-06-21 08:56:31.065267,0.5173430078890026,lstm
USR-000060,EVT-0011969,2026-06-21 08:56:31.080639,0.8804467992486131,lstm
USR-000098,EVT-0011970,2026-06-21 08:56:44.699860,0.44981140858632057,lstm
DEV-000013,EVT-0011971,2026-06-21 08:57:32.208487,0.9316184564097725,lstm
SVC-000024,EVT-0011972,2026-06-21 08:57:55.818347,0.5406688858032569,lstm
SVC-000042,EVT-0011973,2026-06-21 08:58:10.380570,0.37888623892076306,lstm
DEV-000009,EVT-0011974,2026-06-21 08:59:51.198607,0.2662204431912885,lstm
USR-000058,EVT-0011975,2026-06-21 09:00:07.831427,0.3702601341899692,lstm
SVC-000039,EVT-0011976,2026-06-21 09:01:15.673779,0.9850960697449339,lstm
SVC-000016,EVT-0011977,2026-06-21 09:01:44.702084,0.4338477229419378,lstm
USR-000151,EVT-0011978,2026-06-21 09:02:34.070617,0.6007233239596388,lstm
SVC-000030,EVT-0011979,2026-06-21 09:03:42.116214,0.4252252505835368,lstm
USR-000172,EVT-0011980,2026-06-21 09:05:46.673484,0.4935074480412972,lstm
DEV-000007,EVT-0011981,2026-06-21 09:10:08.122855,0.2684849931943283,lstm
USR-000024,EVT-0011982,2026-06-21 09:10:41.043060,0.9999997855044174,lstm
USR-000033,EVT-0011983,2026-06-21 09:10:55.189709,0.7100370003836003,lstm
SVC-000024,EVT-0011984,2026-06-21 09:12:15.796089,0.38783113022536647,lstm
SVC-000042,EVT-0011985,2026-06-21 09:12:18.305335,0.268866622592091,lstm
SVC-000013,EVT-0011986,2026-06-21 09:13:50.140530,0.9988609792473323,lstm
USR-000054,EVT-0011987,2026-06-21 09:14:30.194653,1.0,lstm
SVC-000008,EVT-0011988,2026-06-21 09:14:55.970847,0.6411453560331734,lstm
DEV-000013,EVT-0011989,2026-06-21 09:17:58.012464,0.3578321097883617,lstm
USR-000190,EVT-0011990,2026-06-21 09:23:17.258896,0.35789753360386095,baseline_fallback
SVC-000024,EVT-0011991,2026-06-21 09:23:56.485419,0.6403042733278009,lstm
USR-000095,EVT-0011992,2026-06-21 09:28:10.499412,0.5247706862813004,lstm
SVC-000042,EVT-0011993,2026-06-21 09:28:42.133086,0.27078590192939134,lstm
DEV-000002,EVT-0011994,2026-06-21 09:28:44.884574,0.6803240205303192,lstm
SVC-000016,EVT-0011995,2026-06-21 09:31:00.617421,0.2864654538036945,lstm
SVC-000051,EVT-0011996,2026-06-21 09:32:43.367597,0.6520576058642622,lstm
USR-000111,EVT-0011997,2026-06-21 09:33:25.100509,0.339607433765899,lstm
USR-000200,EVT-0011998,2026-06-21 09:34:01.453868,0.35129092447913507,lstm
USR-000207,EVT-0011999,2026-06-21 09:38:55.650967,0.2268803376788546,lstm
USR-000111,EVT-0012000,2026-06-21 09:39:58.465538,0.42999318836463646,lstm
USR-000207,EVT-0012001,2026-06-21 09:40:09.017172,0.5555461637645532,lstm
SVC-000050,EVT-0012002,2026-06-21 09:41:14.930192,0.9387419001244309,lstm
SVC-000013,EVT-0012003,2026-06-21 09:43:05.006329,0.6831012496949278,lstm
USR-000095,EVT-0012004,2026-06-21 09:43:27.671098,0.45352255858919305,lstm
USR-000155,EVT-0012005,2026-06-21 09:44:14.845884,0.6485638658370502,lstm
SVC-000024,EVT-0012006,2026-06-21 09:45:11.989170,0.24190273534382548,lstm
SVC-000008,EVT-0012007,2026-06-21 09:46:00.240583,0.7025301764605213,lstm
USR-000190,EVT-0012008,2026-06-21 09:46:54.696481,0.9528698510960351,lstm
USR-000190,EVT-0012009,2026-06-21 09:49:39.994783,0.8159196394686149,lstm
SVC-000042,EVT-0012010,2026-06-21 09:49:44.560511,0.2241264465787551,lstm
SVC-000039,EVT-0012011,2026-06-21 09:51:19.852076,0.4693887991850271,lstm
DEV-000020,EVT-0012012,2026-06-21 09:52:35.734093,0.41392905154668064,lstm
USR-000153,EVT-0012013,2026-06-21 09:52:54.293889,0.9013591059732577,lstm
SVC-000042,EVT-0012014,2026-06-21 09:53:28.851021,0.3532371633151429,lstm
DEV-000018,EVT-0012015,2026-06-21 09:53:56.718468,0.6886342938782343,lstm
SVC-000024,EVT-0012016,2026-06-21 09:54:57.053133,0.6803525250629692,lstm
USR-000024,EVT-0012017,2026-06-21 09:55:42.309387,0.9999891968384857,lstm
USR-000054,EVT-0012018,2026-06-21 09:57:17.721037,0.8631026655180931,lstm
SVC-000013,EVT-0012019,2026-06-21 09:57:22.913680,0.6363406646349312,lstm
USR-000042,EVT-0012020,2026-06-21 09:58:06.917738,0.3274794088613119,lstm
USR-000133,EVT-0012021,2026-06-21 09:58:10.102027,0.5026725058386602,lstm
SVC-000042,EVT-0012022,2026-06-21 10:01:01.406878,0.2634141296360169,lstm
USR-000007,EVT-0012023,2026-06-21 10:02:12.451881,0.6717129301972429,baseline_fallback
DEV-000010,EVT-0012024,2026-06-21 10:04:07.529420,0.5319971912333655,lstm
SVC-000042,EVT-0012025,2026-06-21 10:04:25.610801,0.299340374956918,lstm
USR-000031,EVT-0012026,2026-06-21 10:04:39.088794,0.3643063682284328,lstm
DEV-000007,EVT-0012027,2026-06-21 10:06:11.549172,0.30419177353448845,lstm
USR-000200,EVT-0012028,2026-06-21 10:07:06.594182,0.40943023696146064,lstm
USR-000207,EVT-0012029,2026-06-21 10:07:19.462698,0.24934597197362884,lstm
SVC-000013,EVT-0012030,2026-06-21 10:07:26.188354,0.6447535944399522,lstm
SVC-000042,EVT-0012031,2026-06-21 10:08:06.419805,0.2781869680366679,lstm
SVC-000013,EVT-0012032,2026-06-21 10:08:41.006105,0.902622319329177,lstm
SVC-000053,EVT-0012033,2026-06-21 10:12:01.401600,0.9064417052050894,lstm
SVC-000024,EVT-0012034,2026-06-21 10:12:38.947726,0.3100715526494497,lstm
USR-000036,EVT-0012035,2026-06-21 10:12:41.461894,0.9640467665149107,lstm
SVC-000030,EVT-0012036,2026-06-21 10:13:11.262959,0.6575273481524732,lstm
USR-000076,EVT-0012037,2026-06-21 10:14:53.732578,0.7935811475047923,lstm
SVC-000053,EVT-0012038,2026-06-21 10:15:33.541101,0.8927139619183666,lstm
USR-000111,EVT-0012039,2026-06-21 10:15:34.450936,0.42889037330069585,lstm
SVC-000016,EVT-0012040,2026-06-21 10:15:55.522950,0.378427249993655,lstm
USR-000069,EVT-0012041,2026-06-21 10:16:03.167058,0.5103107668591106,lstm
USR-000042,EVT-0012042,2026-06-21 10:16:37.709004,0.24417442959443178,lstm
USR-000103,EVT-0012043,2026-06-21 10:17:24.668489,0.6790025693411132,lstm
SVC-000053,EVT-0012044,2026-06-21 10:18:01.268898,0.8244727794278799,lstm
USR-000172,EVT-0012045,2026-06-21 10:18:10.590873,0.4449997513521554,lstm
SVC-000042,EVT-0012046,2026-06-21 10:18:11.075129,0.27506875425929134,lstm
USR-000190,EVT-0012047,2026-06-21 10:19:10.316984,0.5888648599553331,lstm
USR-000047,EVT-0012048,2026-06-21 10:20:23.403587,0.35908534925057173,lstm
SVC-000024,EVT-0012049,2026-06-21 10:22:00.681156,0.4705599083002589,lstm
DEV-000007,EVT-0012050,2026-06-21 10:22:36.421793,0.4149440039374467,lstm
USR-000190,EVT-0012051,2026-06-21 10:25:38.735774,0.6263415033235677,lstm
SVC-000053,EVT-0012052,2026-06-21 10:26:16.921021,0.5942448840854486,lstm
SVC-000053,EVT-0012053,2026-06-21 10:26:21.008786,0.9096265010547926,lstm
SVC-000053,EVT-0012054,2026-06-21 10:26:21.839612,0.9778157211573287,lstm
USR-000024,EVT-0012055,2026-06-21 10:26:27.659928,0.9979816041838522,lstm
SVC-000039,EVT-0012056,2026-06-21 10:26:36.531024,0.2866119100069354,lstm
USR-000111,EVT-0012057,2026-06-21 10:26:39.389162,0.41855949506162743,lstm
SVC-000024,EVT-0012058,2026-06-21 10:27:21.230548,0.41914840626766386,lstm
SVC-000039,EVT-0012059,2026-06-21 10:28:27.716730,0.849883303751281,lstm
DEV-000025,EVT-0012060,2026-06-21 10:29:08.324575,0.9340518082661339,lstm
SVC-000042,EVT-0012061,2026-06-21 10:30:56.101616,0.24074271417033613,lstm
USR-000120,EVT-0012062,2026-06-21 10:32:31.019380,0.4162328113582504,lstm
USR-000155,EVT-0012063,2026-06-21 10:32:52.853828,0.37753584329705175,lstm
SVC-000013,EVT-0012064,2026-06-21 10:33:11.584390,0.47185979896643704,lstm
SVC-000024,EVT-0012065,2026-06-21 10:33:39.742532,0.4167941006665111,lstm
SVC-000053,EVT-0012066,2026-06-21 10:36:35.374085,0.9185500148533415,lstm
USR-000095,EVT-0012067,2026-06-21 10:38:39.947012,0.33789373109683923,lstm
DEV-000020,EVT-0012068,2026-06-21 10:39:51.663676,0.27059107124172116,lstm
SVC-000042,EVT-0012069,2026-06-21 10:40:55.238011,0.31413451715127483,lstm
USR-000213,EVT-0012070,2026-06-21 10:41:06.174121,0.49244506330226717,lstm
USR-000155,EVT-0012071,2026-06-21 10:42:34.459072,0.585077304440119,lstm
USR-000024,EVT-0012072,2026-06-21 10:42:37.772891,0.8524621718542668,lstm
USR-000036,EVT-0012073,2026-06-21 10:42:46.450075,0.9410526466065334,lstm
SVC-000013,EVT-0012074,2026-06-21 10:42:51.935790,0.44218823056282414,lstm
USR-000059,EVT-0012075,2026-06-21 10:43:39.926699,0.3830129693450485,lstm
SVC-000039,EVT-0012076,2026-06-21 10:44:04.233351,0.3767307894986795,lstm
USR-000047,EVT-0012077,2026-06-21 10:45:14.165809,0.4054293468689242,lstm
SVC-000042,EVT-0012078,2026-06-21 10:47:25.270681,0.2882735318482295,lstm
USR-000050,EVT-0012079,2026-06-21 10:48:12.198160,0.24537648230101763,lstm
USR-000036,EVT-0012080,2026-06-21 10:48:16.570226,0.7416690453092881,lstm
USR-000153,EVT-0012081,2026-06-21 10:48:50.881930,0.7320646164551196,lstm
SVC-000013,EVT-0012082,2026-06-21 10:50:02.408163,0.4221121130209098,lstm
SVC-000039,EVT-0012083,2026-06-21 10:51:02.404493,0.5290590432937641,lstm
USR-000112,EVT-0012084,2026-06-21 10:51:06.277497,0.3528522973152514,baseline_fallback
USR-000207,EVT-0012085,2026-06-21 10:52:37.965183,0.2454104403971842,lstm
DEV-000021,EVT-0012086,2026-06-21 10:53:26.341411,0.3412373719602969,lstm
USR-000139,EVT-0012087,2026-06-21 10:53:57.834285,0.34707836688976407,lstm
SVC-000013,EVT-0012088,2026-06-21 10:54:05.477882,0.5082358300995955,lstm
SVC-000053,EVT-0012089,2026-06-21 10:54:31.667103,0.9441811415943537,lstm
SVC-000013,EVT-0012090,2026-06-21 10:56:25.283610,0.5721799763969246,lstm
USR-000050,EVT-0012091,2026-06-21 10:57:07.945532,0.4253008412085137,lstm
USR-000028,EVT-0012092,2026-06-21 10:59:00.977908,0.7494630321606377,lstm
SVC-000024,EVT-0012093,2026-06-21 10:59:31.030101,0.3432785083068434,lstm
USR-000137,EVT-0012094,2026-06-21 11:01:02.185093,0.8168935493120111,lstm
DEV-000009,EVT-0012095,2026-06-21 11:01:43.361675,0.11323244939426348,lstm
USR-000016,EVT-0012096,2026-06-21 11:02:09.709776,0.7220267190439948,lstm
USR-000133,EVT-0012097,2026-06-21 11:03:13.932220,0.3094153015528148,lstm
SVC-000013,EVT-0012098,2026-06-21 11:06:10.160003,0.36010409041490626,lstm
SVC-000050,EVT-0012099,2026-06-21 11:08:36.100307,0.39776151479531835,lstm
SVC-000053,EVT-0012100,2026-06-21 11:09:08.508694,0.9778729243974634,lstm
SVC-000039,EVT-0012101,2026-06-21 11:09:52.577946,0.3716647918729837,lstm
SVC-000008,EVT-0012102,2026-06-21 11:10:30.709927,0.3771724553885227,lstm
SVC-000008,EVT-0012103,2026-06-21 11:11:39.899862,0.7599315769116338,lstm
SVC-000024,EVT-0012104,2026-06-21 11:11:41.066931,0.4353395917020739,lstm
USR-000072,EVT-0012105,2026-06-21 11:12:11.132875,0.3734916133562846,baseline_fallback
USR-000129,EVT-0012106,2026-06-21 11:12:26.268632,0.34009886552862606,lstm
USR-000207,EVT-0012107,2026-06-21 11:13:12.412787,0.3645236149139316,lstm
USR-000172,EVT-0012108,2026-06-21 11:13:19.971631,0.4365659988853639,lstm
SVC-000053,EVT-0012109,2026-06-21 11:13:22.633131,0.9195822939075797,lstm
USR-000050,EVT-0012110,2026-06-21 11:14:09.414231,0.4401853778982091,lstm
USR-000161,EVT-0012111,2026-06-21 11:14:19.963827,0.284906218435044,baseline_fallback
USR-000161,EVT-0012112,2026-06-21 11:14:59.807942,0.3109972909009272,baseline_fallback
DEV-000017,EVT-0012113,2026-06-21 11:15:03.838590,0.48412069091138116,lstm
USR-000125,EVT-0012114,2026-06-21 11:15:41.973880,0.8805212003177177,lstm
USR-000016,EVT-0012115,2026-06-21 11:16:00.130615,0.40386043586976367,lstm
SVC-000016,EVT-0012116,2026-06-21 11:17:54.430788,0.49565405549393593,lstm
USR-000196,EVT-0012117,2026-06-21 11:20:08.005051,0.9674652165432427,lstm
USR-000024,EVT-0012118,2026-06-21 11:20:19.781771,0.5616670215744286,lstm
USR-000129,EVT-0012119,2026-06-21 11:21:08.269281,0.3313144859604656,lstm
SVC-000042,EVT-0012120,2026-06-21 11:21:27.008829,0.3772087630009187,lstm
USR-000024,EVT-0012121,2026-06-21 11:22:18.170517,0.8226025910927413,lstm
USR-000194,EVT-0012122,2026-06-21 11:22:40.230904,0.6214744061061019,lstm
SVC-000001,EVT-0012123,2026-06-21 11:26:19.581902,0.9998223582697534,lstm
USR-000085,EVT-0012124,2026-06-21 11:27:04.144094,0.8674969129707847,baseline_fallback
SVC-000039,EVT-0012125,2026-06-21 11:27:06.562179,0.34461808938867156,lstm
USR-000207,EVT-0012126,2026-06-21 11:27:44.819301,0.31340045437864605,lstm
USR-000115,EVT-0012127,2026-06-21 11:28:25.307389,0.4275209189301651,lstm
SVC-000001,EVT-0012128,2026-06-21 11:28:51.781674,0.9638323368721461,lstm
USR-000008,EVT-0012129,2026-06-21 11:30:56.109631,0.37305778274571927,lstm
SVC-000021,EVT-0012130,2026-06-21 11:31:52.553967,0.975961345181514,lstm
USR-000079,EVT-0012131,2026-06-21 11:32:22.155612,0.463781530277903,lstm
SVC-000021,EVT-0012132,2026-06-21 11:32:23.925434,0.6618473668073712,lstm
USR-000003,EVT-0012133,2026-06-21 11:33:49.229293,0.7119856739542241,lstm
DEV-000022,EVT-0012134,2026-06-21 11:34:20.386146,0.7258086527221139,lstm
USR-000080,EVT-0012135,2026-06-21 11:35:40.980104,0.7944682764368683,lstm
USR-000213,EVT-0012136,2026-06-21 11:35:46.236868,0.37213571588748634,lstm
USR-000182,EVT-0012137,2026-06-21 11:36:58.924994,0.6995138457794636,lstm
USR-000111,EVT-0012138,2026-06-21 11:37:28.741378,0.3135798386209902,lstm
SVC-000039,EVT-0012139,2026-06-21 11:38:10.722272,0.46797098005491433,lstm
USR-000144,EVT-0012140,2026-06-21 11:39:35.697205,0.719319991527439,lstm
SVC-000021,EVT-0012141,2026-06-21 11:41:20.547332,0.36310325217721195,lstm
USR-000011,EVT-0012142,2026-06-21 11:41:42.698769,0.43238356949257184,lstm
USR-000123,EVT-0012143,2026-06-21 11:41:49.525216,0.38690062344626797,baseline_fallback
DEV-000010,EVT-0012144,2026-06-21 11:41:49.781631,0.6917283218767533,lstm
USR-000029,EVT-0012145,2026-06-21 11:44:04.916167,0.30471864572589213,lstm
SVC-000008,EVT-0012146,2026-06-21 11:46:23.345417,0.6989391124644055,lstm
USR-000130,EVT-0012147,2026-06-21 11:46:47.066262,0.6216370441027591,baseline_fallback
SVC-000008,EVT-0012148,2026-06-21 11:47:41.411037,0.8864920709365288,lstm
USR-000179,EVT-0012149,2026-06-21 11:49:42.929153,0.6298894068133603,baseline_fallback
SVC-000001,EVT-0012150,2026-06-21 11:50:01.829770,0.8058437124695222,lstm
USR-000037,EVT-0012151,2026-06-21 11:51:05.313956,0.37387939373387113,lstm
SVC-000008,EVT-0012152,2026-06-21 11:51:23.412426,0.6421421347753116,lstm
DEV-000021,EVT-0012153,2026-06-21 11:51:39.332482,0.3936334713429006,lstm
DEV-000018,EVT-0012154,2026-06-21 11:52:23.147170,0.504111670580719,lstm
USR-000044,EVT-0012155,2026-06-21 11:53:07.331716,0.503429467912634,lstm
USR-000179,EVT-0012156,2026-06-21 11:53:27.108457,0.6245617777059426,baseline_fallback
USR-000139,EVT-0012157,2026-06-21 11:54:19.457752,0.2652111879679471,lstm
USR-000038,EVT-0012158,2026-06-21 11:54:24.375309,0.8070181640971367,lstm
USR-000024,EVT-0012159,2026-06-21 11:54:50.751354,0.7414104750246338,lstm
DEV-000015,EVT-0012160,2026-06-21 11:55:00.984339,0.5143890244839965,lstm
SVC-000008,EVT-0012161,2026-06-21 11:55:01.287002,0.5717510732274159,lstm
USR-000047,EVT-0012162,2026-06-21 11:55:04.417454,0.35889598607018497,lstm
USR-000140,EVT-0012163,2026-06-21 11:55:50.379778,0.6349611506928307,lstm
USR-000174,EVT-0012164,2026-06-21 11:57:14.240521,0.3468689242167757,baseline_fallback
USR-000035,EVT-0012165,2026-06-21 11:57:56.350223,0.3537469744387682,lstm
SVC-000039,EVT-0012166,2026-06-21 11:58:12.640294,0.4685734510163175,lstm
USR-000002,EVT-0012167,2026-06-21 12:00:27.862674,0.9031921162376293,lstm
SVC-000013,EVT-0012168,2026-06-21 12:01:23.672882,0.8521087667436826,lstm
USR-000170,EVT-0012169,2026-06-21 12:02:32.871115,0.9019849198780464,lstm
USR-000047,EVT-0012170,2026-06-21 12:03:30.173186,0.5180564835491631,lstm
USR-000064,EVT-0012171,2026-06-21 12:03:40.858306,0.45643076164108487,lstm
USR-000153,EVT-0012172,2026-06-21 12:03:45.679167,0.4850543061806277,lstm
SVC-000016,EVT-0012173,2026-06-21 12:04:24.160505,0.5135859389127002,lstm
USR-000042,EVT-0012174,2026-06-21 12:04:28.049928,0.23530550151894397,lstm
SVC-000001,EVT-0012175,2026-06-21 12:04:53.170211,0.5752088342766379,lstm
DEV-000022,EVT-0012176,2026-06-21 12:05:10.509802,0.7043954588615353,lstm
USR-000128,EVT-0012177,2026-06-21 12:05:29.582882,0.9999999999999993,lstm
USR-000036,EVT-0012178,2026-06-21 12:06:33.090972,0.5265051665079206,lstm
USR-000054,EVT-0012179,2026-06-21 12:07:10.551617,0.5782076721071701,lstm
USR-000190,EVT-0012180,2026-06-21 12:09:11.428024,0.450580759824413,lstm
USR-000172,EVT-0012181,2026-06-21 12:10:05.247250,0.4741072264742073,lstm
DEV-000009,EVT-0012182,2026-06-21 12:10:42.857515,0.12736780668022166,lstm
SVC-000039,EVT-0012183,2026-06-21 12:11:55.093158,0.4433727195204663,lstm
SVC-000050,EVT-0012184,2026-06-21 12:11:59.115923,0.2829925257637334,lstm
USR-000170,EVT-0012185,2026-06-21 12:12:10.188336,0.5539188993202632,lstm
USR-000190,EVT-0012186,2026-06-21 12:12:12.056555,0.671225984827451,lstm
DEV-000002,EVT-0012187,2026-06-21 12:12:46.152818,0.775218818339829,lstm
USR-000073,EVT-0012188,2026-06-21 12:15:02.467581,0.44681371023004884,lstm
DEV-000017,EVT-0012189,2026-06-21 12:15:30.210512,0.4834463320255504,lstm
SVC-000021,EVT-0012190,2026-06-21 12:16:21.457408,0.7104176932594027,lstm
SVC-000021,EVT-0012191,2026-06-21 12:17:13.660653,0.7465547556802475,lstm
USR-000054,EVT-0012192,2026-06-21 12:18:55.431954,0.5835458667475093,lstm
SVC-000053,EVT-0012193,2026-06-21 12:19:35.847015,0.8492368173695186,lstm
USR-000047,EVT-0012194,2026-06-21 12:19:55.152197,0.4662514193105795,lstm
USR-000112,EVT-0012195,2026-06-21 12:20:14.025089,0.6990780988181564,baseline_fallback
SVC-000017,EVT-0012196,2026-06-21 12:20:39.567885,0.9878243347661901,lstm
SVC-000034,EVT-0012197,2026-06-21 12:21:23.939752,0.9818279500813798,lstm
SVC-000039,EVT-0012198,2026-06-21 12:22:15.446996,0.42471066342278674,lstm
USR-000038,EVT-0012199,2026-06-21 12:23:04.134492,0.44009572296079813,lstm
USR-000042,EVT-0012200,2026-06-21 12:26:40.446275,0.3339761498999287,lstm
SVC-000050,EVT-0012201,2026-06-21 12:28:57.748675,0.3229345113700789,lstm
USR-000028,EVT-0012202,2026-06-21 12:28:58.564888,0.46816618229491214,lstm
USR-000138,EVT-0012203,2026-06-21 12:29:30.160416,0.7248361243466085,lstm
USR-000054,EVT-0012204,2026-06-21 12:30:54.678126,0.4217817726009304,lstm
USR-000058,EVT-0012205,2026-06-21 12:32:21.223853,0.3178434529858434,lstm
USR-000188,EVT-0012206,2026-06-21 12:33:19.366448,0.71559474362606,baseline_fallback
USR-000213,EVT-0012207,2026-06-21 12:34:00.014072,0.46911885875463716,lstm
SVC-000017,EVT-0012208,2026-06-21 12:34:23.376086,0.4399482422169127,lstm
SVC-000050,EVT-0012209,2026-06-21 12:34:25.403084,0.826045696583415,lstm
USR-000078,EVT-0012210,2026-06-21 12:35:10.731778,0.9925634079350715,lstm
USR-000059,EVT-0012211,2026-06-21 12:35:50.875086,0.5332785225780511,lstm
USR-000014,EVT-0012212,2026-06-21 12:36:47.160058,0.33815447211996164,baseline_fallback
SVC-000049,EVT-0012213,2026-06-21 12:37:04.362359,0.9745365014641688,lstm
SVC-000053,EVT-0012214,2026-06-21 12:37:38.703683,0.9282561883522421,lstm
USR-000054,EVT-0012215,2026-06-21 12:38:46.941351,0.4282047300437075,lstm
USR-000190,EVT-0012216,2026-06-21 12:38:55.852482,0.36783562698241107,lstm
DEV-000025,EVT-0012217,2026-06-21 12:42:18.695403,0.6278528188077681,lstm
SVC-000039,EVT-0012218,2026-06-21 12:42:37.488190,0.5086459877235318,lstm
USR-000190,EVT-0012219,2026-06-21 12:42:48.140355,0.4762820966939554,lstm
USR-000008,EVT-0012220,2026-06-21 12:43:35.849273,0.25446327153297493,lstm
DEV-000011,EVT-0012221,2026-06-21 12:43:48.092551,0.2875107312715645,lstm
USR-000190,EVT-0012222,2026-06-21 12:45:13.827426,0.3969247999647158,lstm
USR-000015,EVT-0012223,2026-06-21 12:45:15.787300,0.5589493998950805,lstm
USR-000103,EVT-0012224,2026-06-21 12:46:23.214204,0.698008679963973,lstm
USR-000130,EVT-0012225,2026-06-21 12:48:36.729150,0.7448781206232391,baseline_fallback
SVC-000053,EVT-0012226,2026-06-21 12:49:13.554518,0.6953359970846621,lstm
USR-000005,EVT-0012227,2026-06-21 12:50:01.094239,0.3707001857625391,baseline_fallback
USR-000002,EVT-0012228,2026-06-21 12:54:25.650202,0.7764972659529875,lstm
SVC-000001,EVT-0012229,2026-06-21 12:54:33.483650,0.5032026809752408,lstm
SVC-000027,EVT-0012230,2026-06-21 12:58:53.715453,0.9854868790814157,lstm
SVC-000043,EVT-0012231,2026-06-21 12:59:00.892266,0.902146939296312,lstm
SVC-000053,EVT-0012232,2026-06-21 13:00:06.188559,0.3814412152797078,lstm
USR-000031,EVT-0012233,2026-06-21 13:00:29.775121,0.2684890770676155,lstm
USR-000054,EVT-0012234,2026-06-21 13:00:48.836118,0.48545962267473014,lstm
SVC-000039,EVT-0012235,2026-06-21 13:03:32.603363,0.5420794708356057,lstm
USR-000066,EVT-0012236,2026-06-21 13:04:29.227867,0.4278078555326579,lstm
SVC-000043,EVT-0012237,2026-06-21 13:07:28.705183,0.41638583529678225,lstm
USR-000107,EVT-0012238,2026-06-21 13:07:33.278064,0.7171370161200243,baseline_fallback
SVC-000017,EVT-0012239,2026-06-21 13:07:40.084081,0.46925694034219695,lstm
SVC-000021,EVT-0012240,2026-06-21 13:08:08.967560,0.6914377124630166,lstm
USR-000179,EVT-0012241,2026-06-21 13:08:24.634834,0.723497508094846,baseline_fallback
SVC-000034,EVT-0012242,2026-06-21 13:10:40.275510,0.5209609985871262,lstm
USR-000100,EVT-0012243,2026-06-21 13:10:40.716376,0.3198885014572091,baseline_fallback
USR-000210,EVT-0012244,2026-06-21 13:12:23.242930,0.7309512916036743,lstm
USR-000115,EVT-0012245,2026-06-21 13:12:25.995067,0.2766167640214636,lstm
USR-000025,EVT-0012246,2026-06-21 13:12:39.410167,0.5808320610184723,lstm
USR-000003,EVT-0012247,2026-06-21 13:12:54.934133,0.57989250489438,lstm
USR-000033,EVT-0012248,2026-06-21 13:14:34.108366,0.3074218190340911,lstm
USR-000125,EVT-0012249,2026-06-21 13:14:54.830515,0.6566023247710436,lstm
USR-000115,EVT-0012250,2026-06-21 13:15:01.341747,0.35979493398394335,lstm
SVC-000050,EVT-0012251,2026-06-21 13:15:13.129683,0.3550591596067533,lstm
SVC-000021,EVT-0012252,2026-06-21 13:15:29.378997,0.4780036450713326,lstm
SVC-000017,EVT-0012253,2026-06-21 13:16:45.839218,0.4494579617826681,lstm
USR-000080,EVT-0012254,2026-06-21 13:18:19.921382,0.5676506684451927,lstm
SVC-000008,EVT-0012255,2026-06-21 13:19:27.982056,0.7246431630616471,lstm
USR-000015,EVT-0012256,2026-06-21 13:20:27.059086,0.5329310029189145,lstm
USR-000213,EVT-0012257,2026-06-21 13:21:06.870044,0.330031267281826,lstm
SVC-000017,EVT-0012258,2026-06-21 13:22:44.590577,0.9039676305036636,lstm
USR-000044,EVT-0012259,2026-06-21 13:24:03.552078,0.2930975326546265,lstm
USR-000126,EVT-0012260,2026-06-21 13:24:26.925638,0.6093132814174401,lstm
DEV-000010,EVT-0012261,2026-06-21 13:25:16.431794,0.2827121876342994,lstm
DEV-000010,EVT-0012262,2026-06-21 13:25:41.575676,0.9805599938258921,lstm
USR-000144,EVT-0012263,2026-06-21 13:26:37.720351,0.49708215104332926,lstm
USR-000103,EVT-0012264,2026-06-21 13:27:43.164629,0.6625146142572258,lstm
DEV-000012,EVT-0012265,2026-06-21 13:29:06.273619,0.2979547410261717,lstm
SVC-000034,EVT-0012266,2026-06-21 13:30:35.801443,0.5380654041631188,lstm
USR-000173,EVT-0012267,2026-06-21 13:30:40.131233,0.29685587148914716,lstm
USR-000036,EVT-0012268,2026-06-21 13:32:09.545801,0.6921689142841476,lstm
USR-000066,EVT-0012269,2026-06-21 13:32:50.865689,0.3079121868076351,lstm
SVC-000008,EVT-0012270,2026-06-21 13:33:54.720074,0.4491302406673953,lstm
USR-000003,EVT-0012271,2026-06-21 13:34:09.168173,0.5184014400046251,lstm
USR-000170,EVT-0012272,2026-06-21 13:34:38.183511,0.3493303480084013,lstm
USR-000004,EVT-0012273,2026-06-21 13:34:44.858042,0.3440758777544691,baseline_fallback
USR-000164,EVT-0012274,2026-06-21 13:36:57.413291,0.5258558491096127,lstm
USR-000054,EVT-0012275,2026-06-21 13:37:02.036465,0.25118260390880687,lstm
USR-000054,EVT-0012276,2026-06-21 13:38:44.993356,0.5225345923529948,lstm
USR-000016,EVT-0012277,2026-06-21 13:39:01.610538,0.41979954268674785,lstm
SVC-000043,EVT-0012278,2026-06-21 13:39:35.922707,0.23458192770472389,lstm
SVC-000017,EVT-0012279,2026-06-21 13:39:50.210256,0.6250954201435788,lstm
SVC-000028,EVT-0012280,2026-06-21 13:41:07.238268,0.99036479945446,lstm
SVC-000008,EVT-0012281,2026-06-21 13:41:19.306479,0.6276567309581312,lstm
USR-000064,EVT-0012282,2026-06-21 13:41:57.708000,0.5599948845965129,lstm
SVC-000021,EVT-0012283,2026-06-21 13:42:18.333294,0.5599964434617609,lstm
USR-000210,EVT-0012284,2026-06-21 13:42:42.520003,0.5760801826324738,lstm
USR-000009,EVT-0012285,2026-06-21 13:42:42.724832,0.5608713643897024,lstm
USR-000210,EVT-0012286,2026-06-21 13:44:00.211058,0.756267089431242,lstm
USR-000005,EVT-0012287,2026-06-21 13:44:14.737219,0.29294825586883605,baseline_fallback
USR-000075,EVT-0012288,2026-06-21 13:44:28.544369,0.6226609755370316,lstm
SVC-000043,EVT-0012289,2026-06-21 13:45:48.056088,0.347654174974514,lstm
SVC-000001,EVT-0012290,2026-06-21 13:45:48.228684,0.4641726271350603,lstm
USR-000038,EVT-0012291,2026-06-21 13:47:09.386775,0.4844854604520856,lstm
USR-000131,EVT-0012292,2026-06-21 13:47:17.003574,0.6508270360408605,lstm
DEV-000026,EVT-0012293,2026-06-21 13:47:27.232156,0.4787991280995748,lstm
USR-000138,EVT-0012294,2026-06-21 13:48:00.920310,0.4327566203313633,lstm
USR-000016,EVT-0012295,2026-06-21 13:48:06.042323,0.3675894762256815,lstm
USR-000160,EVT-0012296,2026-06-21 13:49:09.207996,0.41993840127092413,lstm
USR-000131,EVT-0012297,2026-06-21 13:52:05.758622,0.6776399235931668,lstm
USR-000048,EVT-0012298,2026-06-21 13:52:07.753342,0.4833520575221196,lstm
USR-000037,EVT-0012299,2026-06-21 13:52:39.146777,0.2497911197517419,lstm
USR-000050,EVT-0012300,2026-06-21 13:53:14.807891,0.41432788348893573,lstm
SVC-000017,EVT-0012301,2026-06-21 13:54:10.346377,0.5401594288890058,lstm
USR-000021,EVT-0012302,2026-06-21 13:54:26.328328,0.705565903158009,baseline_fallback
SVC-000017,EVT-0012303,2026-06-21 13:54:33.264784,0.7596041484106341,lstm
SVC-000017,EVT-0012304,2026-06-21 13:55:56.745007,0.5171679738454593,lstm
SVC-000033,EVT-0012305,2026-06-21 13:56:03.990430,0.9999940843439442,lstm
USR-000037,EVT-0012306,2026-06-21 13:56:15.682906,0.4332751174199049,lstm
USR-000211,EVT-0012307,2026-06-21 13:56:48.538844,0.8904462615323145,lstm
USR-000111,EVT-0012308,2026-06-21 13:57:19.461994,0.3127739501270505,lstm
SVC-000008,EVT-0012309,2026-06-21 13:57:33.588030,0.620465461367097,lstm
SVC-000027,EVT-0012310,2026-06-21 13:57:56.399985,0.48273992799985044,lstm
SVC-000027,EVT-0012311,2026-06-21 13:59:05.435790,0.7437392205381396,lstm
SVC-000043,EVT-0012312,2026-06-21 13:59:53.254098,0.24790455657841814,lstm
USR-000080,EVT-0012313,2026-06-21 14:00:41.001386,0.5645795366510865,lstm
SVC-000028,EVT-0012314,2026-06-21 14:00:55.443410,0.7198800137194803,lstm
USR-000060,EVT-0012315,2026-06-21 14:02:20.348152,0.5715186548146745,lstm
USR-000115,EVT-0012316,2026-06-21 14:02:39.051619,0.28103730492768325,lstm
USR-000011,EVT-0012317,2026-06-21 14:02:42.753469,0.33229800691194933,lstm
DEV-000013,EVT-0012318,2026-06-21 14:03:07.169775,0.5482373867102341,lstm
USR-000040,EVT-0012319,2026-06-21 14:03:15.750267,0.6477571646366245,lstm
SVC-000017,EVT-0012320,2026-06-21 14:05:15.993821,0.31486632452407004,lstm
USR-000064,EVT-0012321,2026-06-21 14:05:16.775408,0.29181370603159135,lstm
SVC-000017,EVT-0012322,2026-06-21 14:05:21.958039,0.9367788482139773,lstm
SVC-000027,EVT-0012323,2026-06-21 14:05:33.151710,0.5176612224231425,lstm
SVC-000001,EVT-0012324,2026-06-21 14:06:28.257571,0.5068700118178968,lstm
SVC-000017,EVT-0012325,2026-06-21 14:06:35.768407,0.8286005990473532,lstm
DEV-000002,EVT-0012326,2026-06-21 14:06:57.532743,0.762760945560885,lstm
DEV-000013,EVT-0012327,2026-06-21 14:07:18.974950,0.8069259896887554,lstm
DEV-000022,EVT-0012328,2026-06-21 14:08:16.058834,0.48831865652379725,lstm
DEV-000016,EVT-0012329,2026-06-21 14:08:17.654540,0.8613128915551097,lstm
SVC-000027,EVT-0012330,2026-06-21 14:08:39.233900,0.6342569560200154,lstm
SVC-000033,EVT-0012331,2026-06-21 14:09:03.707864,0.998966930614294,lstm
USR-000011,EVT-0012332,2026-06-21 14:11:02.296033,0.372210828992837,lstm
USR-000128,EVT-0012333,2026-06-21 14:12:36.256875,0.9902386201786447,lstm
USR-000089,EVT-0012334,2026-06-21 14:17:03.644993,0.6275870867434059,baseline_fallback
DEV-000026,EVT-0012335,2026-06-21 14:17:46.434696,0.23836530289109,lstm
SVC-000027,EVT-0012336,2026-06-21 14:19:54.076665,0.4211397195308713,lstm
USR-000074,EVT-0012337,2026-06-21 14:20:54.640721,0.3577069505873565,lstm
SVC-000049,EVT-0012338,2026-06-21 14:21:47.605039,0.3951224667031084,lstm
USR-000035,EVT-0012339,2026-06-21 14:22:15.541867,0.3603065317885118,lstm
USR-000144,EVT-0012340,2026-06-21 14:26:10.874380,0.5679881886508477,lstm
USR-000089,EVT-0012341,2026-06-21 14:26:19.288223,0.8846691205063536,baseline_fallback
SVC-000010,EVT-0012342,2026-06-21 14:26:19.369842,0.9792279863836977,lstm
USR-000079,EVT-0012343,2026-06-21 14:26:41.436232,0.29474111014512244,lstm
SVC-000017,EVT-0012344,2026-06-21 14:26:43.521873,0.8449028643576991,lstm
USR-000200,EVT-0012345,2026-06-21 14:28:51.584208,0.276840187677983,lstm
SVC-000026,EVT-0012346,2026-06-21 14:29:48.653419,0.9532295123520017,lstm
USR-000097,EVT-0012347,2026-06-21 14:31:03.147052,0.40747089236735784,lstm
USR-000139,EVT-0012348,2026-06-21 14:33:05.765704,0.23676118862376316,lstm
SVC-000027,EVT-0012349,2026-06-21 14:33:33.371526,0.41903862600938746,lstm
USR-000089,EVT-0012350,2026-06-21 14:34:18.726155,0.6757814023514479,baseline_fallback
USR-000078,EVT-0012351,2026-06-21 14:34:29.934819,0.9986976774624526,lstm
SVC-000028,EVT-0012352,2026-06-21 14:34:39.943654,0.555473097250067,lstm
USR-000131,EVT-0012353,2026-06-21 14:35:20.529642,0.4210289059915306,lstm
SVC-000023,EVT-0012354,2026-06-21 14:35:49.047269,0.9389706447447779,lstm
USR-000194,EVT-0012355,2026-06-21 14:35:52.986154,0.4623610758415772,lstm
USR-000176,EVT-0012356,2026-06-21 14:37:53.644677,0.8139741041426886,lstm
USR-000160,EVT-0012357,2026-06-21 14:38:38.213852,0.2569152861486734,lstm
SVC-000027,EVT-0012358,2026-06-21 14:40:40.494662,0.6061691168364233,lstm
SVC-000017,EVT-0012359,2026-06-21 14:40:47.999056,0.37888303863719236,lstm
USR-000054,EVT-0012360,2026-06-21 14:41:08.043512,0.43729956607126735,lstm
SVC-000028,EVT-0012361,2026-06-21 14:41:29.630220,0.7385756327268919,lstm
SVC-000001,EVT-0012362,2026-06-21 14:43:27.679005,0.4738887744297634,lstm
SVC-000012,EVT-0012363,2026-06-21 14:44:22.420370,0.9461939182221272,lstm
SVC-000027,EVT-0012364,2026-06-21 14:46:00.514256,0.5872616690411268,lstm
USR-000066,EVT-0012365,2026-06-21 14:46:09.197293,0.26666841629775,lstm
SVC-000028,EVT-0012366,2026-06-21 14:46:21.551959,0.6612367782354488,lstm
DEV-000019,EVT-0012367,2026-06-21 14:46:27.897886,0.919362585813255,lstm
USR-000050,EVT-0012368,2026-06-21 14:49:37.634511,0.4279732709989037,lstm
USR-000125,EVT-0012369,2026-06-21 14:49:52.424543,0.5006932053623705,lstm
DEV-000025,EVT-0012370,2026-06-21 14:49:57.018385,0.6783367677893405,lstm
SVC-000010,EVT-0012371,2026-06-21 14:50:26.715595,0.4622169594947587,lstm
DEV-000024,EVT-0012372,2026-06-21 14:50:32.380522,0.29046626351828264,lstm
USR-000041,EVT-0012373,2026-06-21 14:50:58.880052,0.914945035774956,lstm
USR-000109,EVT-0012374,2026-06-21 14:51:19.351545,0.3790582042449691,lstm
SVC-000012,EVT-0012375,2026-06-21 14:51:38.996623,0.5094925927423117,lstm
SVC-000012,EVT-0012376,2026-06-21 14:51:44.842383,0.8415918392594653,lstm
SVC-000026,EVT-0012377,2026-06-21 14:52:01.610808,0.5866391555028491,lstm
USR-000008,EVT-0012378,2026-06-21 14:52:17.199323,0.2788335069961993,lstm
SVC-000017,EVT-0012379,2026-06-21 14:52:18.666671,0.4424516227639751,lstm
USR-000120,EVT-0012380,2026-06-21 14:53:15.709564,0.4907249994654338,lstm
USR-000125,EVT-0012381,2026-06-21 14:53:41.346956,0.6525622647484787,lstm
DEV-000016,EVT-0012382,2026-06-21 14:53:51.151530,0.5061206472566754,lstm
USR-000038,EVT-0012383,2026-06-21 14:54:11.502726,0.3690893570990487,lstm
USR-000033,EVT-0012384,2026-06-21 14:54:20.285708,0.266504827139067,lstm
USR-000070,EVT-0012385,2026-06-21 14:54:43.119119,0.423343144121375,baseline_fallback
SVC-000028,EVT-0012386,2026-06-21 14:54:58.088856,0.38609608581824284,lstm
USR-000048,EVT-0012387,2026-06-21 14:55:24.075335,0.3602206216001192,lstm
USR-000097,EVT-0012388,2026-06-21 14:55:24.398423,0.26197374994239714,lstm
SVC-000012,EVT-0012389,2026-06-21 14:55:50.646928,0.4143387136704564,lstm
SVC-000050,EVT-0012390,2026-06-21 14:55:56.733505,0.5464679482011495,lstm
SVC-000028,EVT-0012391,2026-06-21 14:56:42.750636,0.5788019389433219,lstm
USR-000196,EVT-0012392,2026-06-21 14:59:42.322327,0.5520825620535933,lstm
SVC-000033,EVT-0012393,2026-06-21 15:02:21.573901,0.9878976958648991,lstm
SVC-000033,EVT-0012394,2026-06-21 15:03:22.918791,0.9760216097122237,lstm
SVC-000028,EVT-0012395,2026-06-21 15:03:34.241055,0.33826399727895046,lstm
SVC-000001,EVT-0012396,2026-06-21 15:04:03.938963,0.5105241971505433,lstm
SVC-000049,EVT-0012397,2026-06-21 15:10:50.557338,0.3168669607593181,lstm
USR-000028,EVT-0012398,2026-06-21 15:11:25.452607,0.47228546005483246,lstm
SVC-000028,EVT-0012399,2026-06-21 15:13:12.727008,0.6063110941421884,lstm
USR-000140,EVT-0012400,2026-06-21 15:13:46.105506,0.4541056636456107,lstm
USR-000170,EVT-0012401,2026-06-21 15:14:01.560579,0.3524030969838346,lstm
SVC-000008,EVT-0012402,2026-06-21 15:14:15.709057,0.7199391505125484,lstm
DEV-000002,EVT-0012403,2026-06-21 15:15:28.499473,0.6119038146576622,lstm
SVC-000026,EVT-0012404,2026-06-21 15:15:30.675200,0.37666851714099475,lstm
SVC-000026,EVT-0012405,2026-06-21 15:18:45.168668,0.5244142117613915,lstm
SVC-000029,EVT-0012406,2026-06-21 15:20:01.294641,0.994328022195124,lstm
SVC-000010,EVT-0012407,2026-06-21 15:20:26.727438,0.44414825411091885,lstm
USR-000048,EVT-0012408,2026-06-21 15:21:15.969570,0.5489354531219606,lstm
USR-000044,EVT-0012409,2026-06-21 15:22:07.070121,0.3198461161031445,lstm
DEV-000011,EVT-0012410,2026-06-21 15:22:21.173363,0.3057114851920785,lstm
SVC-000027,EVT-0012411,2026-06-21 15:23:24.497059,0.44495387906904577,lstm
SVC-000010,EVT-0012412,2026-06-21 15:23:41.709648,0.3672413411895005,lstm
SVC-000010,EVT-0012413,2026-06-21 15:24:00.993273,0.7648718088226197,lstm
USR-000211,EVT-0012414,2026-06-21 15:25:47.852077,0.5733505081023713,lstm
USR-000052,EVT-0012415,2026-06-21 15:26:04.097703,0.33169136422625395,lstm
DEV-000023,EVT-0012416,2026-06-21 15:27:15.953886,0.8591649448447765,lstm
SVC-000010,EVT-0012417,2026-06-21 15:27:51.594910,0.42945105501735215,lstm
DEV-000026,EVT-0012418,2026-06-21 15:28:42.317691,0.14632334595268248,lstm
SVC-000038,EVT-0012419,2026-06-21 15:28:46.407186,0.9899121384588865,lstm
USR-000044,EVT-0012420,2026-06-21 15:31:21.358667,0.4364562923927648,lstm
USR-000003,EVT-0012421,2026-06-21 15:31:39.652334,0.5161848733708354,lstm
DEV-000009,EVT-0012422,2026-06-21 15:32:01.795001,0.21885411278793873,lstm
USR-000115,EVT-0012423,2026-06-21 15:33:04.873811,0.26054163064369557,lstm
SVC-000049,EVT-0012424,2026-06-21 15:33:42.782221,0.33398865241655495,lstm
USR-000035,EVT-0012425,2026-06-21 15:35:34.789756,0.28889623832253236,lstm
DEV-000004,EVT-0012426,2026-06-21 15:35:50.989181,0.523488818341085,lstm
DEV-000013,EVT-0012427,2026-06-21 15:37:21.255353,0.6508061136747046,lstm
DEV-000020,EVT-0012428,2026-06-21 15:37:24.493436,0.2813310404177902,lstm
USR-000074,EVT-0012429,2026-06-21 15:38:28.471124,0.23189761379685309,lstm
SVC-000012,EVT-0012430,2026-06-21 15:38:44.772335,0.6999548509868541,lstm
USR-000101,EVT-0012431,2026-06-21 15:38:56.188728,0.4075431035945097,lstm
USR-000066,EVT-0012432,2026-06-21 15:42:48.812882,0.3688615852587944,lstm
SVC-000010,EVT-0012433,2026-06-21 15:42:53.774754,0.3279346975773969,lstm
SVC-000027,EVT-0012434,2026-06-21 15:44:18.686934,0.5380653326274001,lstm
USR-000080,EVT-0012435,2026-06-21 15:45:34.966877,0.4819007052742224,lstm
SVC-000033,EVT-0012436,2026-06-21 15:49:04.734404,0.8636514187990231,lstm
SVC-000027,EVT-0012437,2026-06-21 15:51:48.162253,0.526965302072685,lstm
SVC-000010,EVT-0012438,2026-06-21 15:52:32.636813,0.3360669603946514,lstm
SVC-000010,EVT-0012439,2026-06-21 15:53:04.664584,0.6231546058838119,lstm
DEV-000009,EVT-0012440,2026-06-21 16:01:09.731418,0.23629999310719865,lstm
USR-000052,EVT-0012441,2026-06-21 16:05:02.080521,0.26913460409846335,lstm
SVC-000010,EVT-0012442,2026-06-21 16:05:52.658762,0.6886829334619861,lstm
SVC-000038,EVT-0012443,2026-06-21 16:05:52.876801,0.6322237221731827,lstm
USR-000073,EVT-0012444,2026-06-21 16:05:55.440571,0.3032422110885749,lstm
USR-000005,EVT-0012445,2026-06-21 16:06:40.387258,0.4745811968369295,baseline_fallback
SVC-000038,EVT-0012446,2026-06-21 16:07:09.064330,0.9316513829932097,lstm
DEV-000002,EVT-0012447,2026-06-21 16:07:10.553541,0.6334533802157462,lstm
USR-000075,EVT-0012448,2026-06-21 16:07:54.709509,0.36938735240679443,lstm
USR-000126,EVT-0012449,2026-06-21 16:08:08.405852,0.41247265176136044,lstm
USR-000170,EVT-0012450,2026-06-21 16:09:08.960933,0.3006784293927873,lstm
USR-000032,EVT-0012451,2026-06-21 16:10:45.797269,0.7388150564217201,baseline_fallback
SVC-000017,EVT-0012452,2026-06-21 16:11:55.397016,0.6483528663985786,lstm
USR-000080,EVT-0012453,2026-06-21 16:12:17.107343,0.7820073170414739,lstm
USR-000061,EVT-0012454,2026-06-21 16:15:08.989959,0.8868564611719587,lstm
SVC-000010,EVT-0012455,2026-06-21 16:18:16.913355,0.34151446943800856,lstm
USR-000173,EVT-0012456,2026-06-21 16:21:24.414037,0.3105831829565229,lstm
SVC-000049,EVT-0012457,2026-06-21 16:25:25.483302,0.4443880420148296,lstm
USR-000002,EVT-0012458,2026-06-21 16:26:57.594464,0.6164011876629941,lstm
DEV-000026,EVT-0012459,2026-06-21 16:29:16.874015,0.1895491805282215,lstm
USR-000003,EVT-0012460,2026-06-21 16:29:22.780484,0.47039934722806653,lstm
DEV-000020,EVT-0012461,2026-06-21 16:30:15.769705,0.27220129211753613,lstm
SVC-000028,EVT-0012462,2026-06-21 16:34:06.783791,0.9223768227253476,lstm
USR-000075,EVT-0012463,2026-06-21 16:37:04.095111,0.6344566982083715,lstm
SVC-000038,EVT-0012464,2026-06-21 16:37:21.284479,0.5082047189471207,lstm
USR-000138,EVT-0012465,2026-06-21 16:38:12.273170,0.5691368875604781,lstm
USR-000073,EVT-0012466,2026-06-21 16:39:12.800103,0.4009990533575258,lstm
USR-000133,EVT-0012467,2026-06-21 16:40:24.068911,0.47995376799627026,lstm
USR-000054,EVT-0012468,2026-06-21 16:41:27.320593,0.7164560949371628,lstm
USR-000065,EVT-0012469,2026-06-21 16:41:38.642079,0.8115996070268877,lstm
SVC-000033,EVT-0012470,2026-06-21 16:41:44.339616,0.9604478110557726,lstm
USR-000200,EVT-0012471,2026-06-21 16:42:04.755258,0.5368570788439093,lstm
SVC-000026,EVT-0012472,2026-06-21 16:42:12.984062,0.45716593681084705,lstm
DEV-000026,EVT-0012473,2026-06-21 16:42:14.558336,0.2327026668267867,lstm
USR-000058,EVT-0012474,2026-06-21 16:42:31.488099,0.48104284759796617,lstm
USR-000066,EVT-0012475,2026-06-21 16:43:06.918614,0.40182088082151524,lstm
USR-000196,EVT-0012476,2026-06-21 16:44:35.436515,0.5333825830704765,lstm
SVC-000005,EVT-0012477,2026-06-21 16:45:21.554224,0.9993214567260107,lstm
SVC-000033,EVT-0012478,2026-06-21 16:46:50.039601,0.9193615601185693,lstm
SVC-000029,EVT-0012479,2026-06-21 16:48:18.656347,0.5507189361779155,lstm
SVC-000044,EVT-0012480,2026-06-21 16:50:14.709898,0.9894983678649736,lstm
USR-000057,EVT-0012481,2026-06-21 16:50:56.997751,0.7797122903717183,lstm
USR-000074,EVT-0012482,2026-06-21 16:56:40.234508,0.2850016513321584,lstm
USR-000130,EVT-0012483,2026-06-21 16:58:37.523076,0.7593832837068923,baseline_fallback
USR-000044,EVT-0012484,2026-06-21 16:58:44.402202,0.3518024617032784,lstm
USR-000021,EVT-0012485,2026-06-21 17:01:00.612236,0.8023493065140854,baseline_fallback
SVC-000005,EVT-0012486,2026-06-21 17:04:38.983821,0.9868665372654157,lstm
USR-000181,EVT-0012487,2026-06-21 17:08:19.073321,0.878630142653771,lstm
SVC-000005,EVT-0012488,2026-06-21 17:09:23.850949,0.9169486488809885,lstm
USR-000011,EVT-0012489,2026-06-21 17:13:29.530742,0.30210473591477965,lstm
USR-000185,EVT-0012490,2026-06-21 17:15:31.567821,0.5676560605067517,lstm
USR-000075,EVT-0012491,2026-06-21 17:15:53.753164,0.3549199468158831,lstm
SVC-000010,EVT-0012492,2026-06-21 17:18:30.449890,0.5352300305818578,lstm
SVC-000033,EVT-0012493,2026-06-21 17:18:48.636615,0.7741196928659086,lstm
DEV-000018,EVT-0012494,2026-06-21 17:20:24.787296,0.6851220981187244,lstm
SVC-000033,EVT-0012495,2026-06-21 17:23:04.260885,0.6846827876368826,lstm
SVC-000005,EVT-0012496,2026-06-21 17:23:23.984448,0.5247621233221601,lstm
USR-000033,EVT-0012497,2026-06-21 17:23:30.770153,0.2679387938343509,lstm
USR-000126,EVT-0012498,2026-06-21 17:26:32.311094,0.3777989654566215,lstm
USR-000018,EVT-0012499,2026-06-21 17:26:46.718819,0.3549837154387101,lstm
DEV-000019,EVT-0012500,2026-06-21 17:27:19.175282,0.8023304282651152,lstm
SVC-000038,EVT-0012501,2026-06-21 17:27:26.767833,0.5514882639891785,lstm
USR-000211,EVT-0012502,2026-06-21 17:28:21.684724,0.5085516914851308,lstm
DEV-000007,EVT-0012503,2026-06-21 17:29:46.439784,0.493506188048933,lstm
USR-000117,EVT-0012504,2026-06-21 17:29:53.810317,0.5478066266570144,lstm
USR-000101,EVT-0012505,2026-06-21 17:30:56.548213,0.2887499191042049,lstm
USR-000061,EVT-0012506,2026-06-21 17:32:33.647436,0.7562174841051342,lstm
USR-000003,EVT-0012507,2026-06-21 17:32:59.093531,0.34879349285403755,lstm
DEV-000018,EVT-0012508,2026-06-21 17:33:18.921527,0.5774181659278528,lstm
SVC-000023,EVT-0012509,2026-06-21 17:36:25.799188,0.46326356752762826,lstm
SVC-000010,EVT-0012510,2026-06-21 17:37:38.070976,0.5106910883529032,lstm
SVC-000010,EVT-0012511,2026-06-21 17:37:49.408852,0.6570281312444757,lstm
USR-000052,EVT-0012512,2026-06-21 17:39:40.305245,0.2727441486039586,lstm
DEV-000009,EVT-0012513,2026-06-21 17:42:50.672144,0.25227936346529944,lstm
USR-000109,EVT-0012514,2026-06-21 17:43:13.225500,0.3168816503730726,lstm
USR-000075,EVT-0012515,2026-06-21 17:43:32.937972,0.3877200758716508,lstm
USR-000149,EVT-0012516,2026-06-21 17:44:04.518564,0.7445052894685014,lstm
USR-000185,EVT-0012517,2026-06-21 17:45:21.156003,0.3454788247286473,lstm
SVC-000026,EVT-0012518,2026-06-21 17:45:42.517588,0.33293523761136423,lstm
USR-000109,EVT-0012519,2026-06-21 17:47:34.696780,0.40460369851235045,lstm
USR-000065,EVT-0012520,2026-06-21 17:48:24.499313,0.7062129502864586,lstm
USR-000018,EVT-0012521,2026-06-21 17:48:42.729511,0.28480950535705907,lstm
USR-000074,EVT-0012522,2026-06-21 17:54:32.335446,0.3288479678792526,lstm
USR-000131,EVT-0012523,2026-06-21 17:55:01.527040,0.46761680001614014,lstm
USR-000211,EVT-0012524,2026-06-21 17:55:16.994031,0.7203843857807055,lstm
SVC-000010,EVT-0012525,2026-06-21 17:56:59.034898,0.8694127764750167,lstm
USR-000035,EVT-0012526,2026-06-21 18:00:37.759870,0.48059676504155957,lstm
SVC-000037,EVT-0012527,2026-06-21 18:01:50.257352,0.9376774513967713,lstm
SVC-000044,EVT-0012528,2026-06-21 18:03:31.226651,0.5448216194439744,lstm
SVC-000026,EVT-0012529,2026-06-21 18:06:47.287489,0.6739948884181248,lstm
USR-000152,EVT-0012530,2026-06-21 18:08:09.341110,0.5265685037561844,lstm
SVC-000033,EVT-0012531,2026-06-21 18:09:56.194349,0.7439677313339397,lstm
SVC-000023,EVT-0012532,2026-06-21 18:13:38.352769,0.28038649384124037,lstm
USR-000198,EVT-0012533,2026-06-21 18:17:25.200975,0.6940649840786219,lstm
SVC-000026,EVT-0012534,2026-06-21 18:19:15.087181,0.4019889475337064,lstm
USR-000185,EVT-0012535,2026-06-21 18:19:17.573992,0.38269231110604846,lstm
SVC-000005,EVT-0012536,2026-06-21 18:29:49.358852,0.5234186903142757,lstm
SVC-000037,EVT-0012537,2026-06-21 18:30:31.245264,0.34171392707872034,lstm
SVC-000052,EVT-0012538,2026-06-21 18:33:50.619249,0.9676296350277396,lstm
SVC-000037,EVT-0012539,2026-06-21 18:34:23.298694,0.7440736333879809,lstm
SVC-000033,EVT-0012540,2026-06-21 18:34:48.881166,0.5382450611673605,lstm
DEV-000014,EVT-0012541,2026-06-21 18:35:17.740859,0.6080850339506976,lstm
SVC-000037,EVT-0012542,2026-06-21 18:35:53.697363,0.7158168705954115,lstm
SVC-000006,EVT-0012543,2026-06-21 18:37:48.277638,0.9830456743734404,lstm
DEV-000009,EVT-0012544,2026-06-21 18:37:50.467583,0.2780717067324371,lstm
USR-000149,EVT-0012545,2026-06-21 18:38:35.454793,0.680151296461003,lstm
DEV-000003,EVT-0012546,2026-06-21 18:38:36.484142,0.5073780271489101,lstm
USR-000016,EVT-0012547,2026-06-21 18:38:51.390249,0.3896573322801105,lstm
SVC-000006,EVT-0012548,2026-06-21 18:39:52.118490,0.6283599251966165,lstm
USR-000040,EVT-0012549,2026-06-21 18:40:07.183688,0.45785888634932026,lstm
DEV-000002,EVT-0012550,2026-06-21 18:41:30.611205,0.5179785372267828,lstm
DEV-000009,EVT-0012551,2026-06-21 18:45:14.966106,0.5035632190253696,lstm
DEV-000017,EVT-0012552,2026-06-21 18:45:21.895330,0.5171910766952564,lstm
USR-000002,EVT-0012553,2026-06-21 18:50:06.246793,0.5674586519651953,lstm
SVC-000006,EVT-0012554,2026-06-21 18:53:25.099317,0.6107006073790816,lstm
SVC-000037,EVT-0012555,2026-06-21 18:55:11.754025,0.528934840274077,lstm
DEV-000003,EVT-0012556,2026-06-21 18:55:19.310826,0.8354166234529907,lstm
USR-000075,EVT-0012557,2026-06-21 18:55:21.624767,0.46458936314962446,lstm
SVC-000037,EVT-0012558,2026-06-21 19:02:00.113508,0.6834584215439332,lstm
SVC-000026,EVT-0012559,2026-06-21 19:02:24.868982,0.4469806527528594,lstm
USR-000101,EVT-0012560,2026-06-21 19:02:28.863739,0.40339995195044015,lstm
SVC-000057,EVT-0012561,2026-06-21 19:04:07.947624,0.893331125019245,lstm
SVC-000057,EVT-0012562,2026-06-21 19:06:24.979236,0.7719207141256305,lstm
SVC-000033,EVT-0012563,2026-06-21 19:06:29.702983,0.7767871002367644,lstm
DEV-000024,EVT-0012564,2026-06-21 19:09:33.947470,0.23140441640501494,lstm
SVC-000006,EVT-0012565,2026-06-21 19:10:58.624705,0.4276562628952707,lstm
SVC-000044,EVT-0012566,2026-06-21 19:14:54.776035,0.6377883656580008,lstm
SVC-000037,EVT-0012567,2026-06-21 19:16:10.968465,0.859497830833346,lstm
SVC-000057,EVT-0012568,2026-06-21 19:17:26.706936,0.5229821954258992,lstm
SVC-000006,EVT-0012569,2026-06-21 19:21:58.514289,0.49193155943636196,lstm
SVC-000023,EVT-0012570,2026-06-21 19:22:40.795973,0.24168910477074934,lstm
SVC-000010,EVT-0012571,2026-06-21 19:23:48.974804,0.8520063841683869,lstm
DEV-000006,EVT-0012572,2026-06-21 19:24:33.994340,0.6332569310344661,lstm
SVC-000033,EVT-0012573,2026-06-21 19:26:53.865390,0.6996763349689367,lstm
USR-000066,EVT-0012574,2026-06-21 19:26:58.645125,0.4630575920589925,lstm
SVC-000057,EVT-0012575,2026-06-21 19:27:48.323299,0.7988274181605439,lstm
SVC-000044,EVT-0012576,2026-06-21 19:28:17.715945,0.4183046869168484,lstm
SVC-000048,EVT-0012577,2026-06-21 19:28:43.280083,0.9585428780360162,lstm
SVC-000060,EVT-0012578,2026-06-21 19:29:32.976582,0.8884411296742051,lstm
SVC-000006,EVT-0012579,2026-06-21 19:29:41.736750,0.7836576584526121,lstm
SVC-000060,EVT-0012580,2026-06-21 19:29:59.247557,0.8926707042729212,lstm
SVC-000052,EVT-0012581,2026-06-21 19:30:59.371643,0.36123426016989807,lstm
SVC-000044,EVT-0012582,2026-06-21 19:34:41.875455,0.5687992392109595,lstm
SVC-000033,EVT-0012583,2026-06-21 19:34:54.072605,0.8313956444087576,lstm
SVC-000006,EVT-0012584,2026-06-21 19:35:13.400586,0.40829486443158025,lstm
USR-000198,EVT-0012585,2026-06-21 19:36:36.114289,0.48849154577375836,lstm
SVC-000061,EVT-0012586,2026-06-21 19:37:42.498524,0.9886503749058358,lstm
SVC-000058,EVT-0012587,2026-06-21 19:38:08.823624,0.9486353405621758,lstm
SVC-000023,EVT-0012588,2026-06-21 19:41:45.796635,0.37253355763751433,lstm
SVC-000006,EVT-0012589,2026-06-21 19:41:57.892672,0.3776864680960166,lstm
USR-000052,EVT-0012590,2026-06-21 19:43:33.676707,0.47382312596742754,lstm
SVC-000023,EVT-0012591,2026-06-21 19:46:13.860051,0.6025344430856535,lstm
SVC-000052,EVT-0012592,2026-06-21 19:46:21.809340,0.3045724017437268,lstm
USR-000068,EVT-0012593,2026-06-21 19:46:55.759980,0.9697432242192676,lstm
SVC-000004,EVT-0012594,2026-06-21 19:48:10.598810,0.9810375428382463,lstm
SVC-000006,EVT-0012595,2026-06-21 19:51:42.779083,0.3344317262568309,lstm
SVC-000052,EVT-0012596,2026-06-21 19:53:13.873093,0.39527370502026987,lstm
USR-000003,EVT-0012597,2026-06-21 19:55:32.468034,0.4713778142156008,lstm
SVC-000023,EVT-0012598,2026-06-21 20:00:49.577955,0.44845371706561427,lstm
SVC-000058,EVT-0012599,2026-06-21 20:01:30.234944,0.5160577831212915,lstm
SVC-000060,EVT-0012600,2026-06-21 20:01:49.733173,0.3522432126109058,lstm
SVC-000037,EVT-0012601,2026-06-21 20:02:18.737843,0.6963900419467324,lstm
SVC-000006,EVT-0012602,2026-06-21 20:04:20.686386,0.6942162099338822,lstm
SVC-000061,EVT-0012603,2026-06-21 20:05:33.627798,0.2950240334670492,lstm
DEV-000014,EVT-0012604,2026-06-21 20:05:50.173737,0.3853921680737253,lstm
SVC-000048,EVT-0012605,2026-06-21 20:06:06.729514,0.3905628438721322,lstm
SVC-000061,EVT-0012606,2026-06-21 20:10:02.360729,0.34697328305670816,lstm
SVC-000061,EVT-0012607,2026-06-21 20:13:01.438525,0.3030927658241144,lstm
SVC-000058,EVT-0012608,2026-06-21 20:15:13.969622,0.3275487212324732,lstm
SVC-000048,EVT-0012609,2026-06-21 20:15:31.007088,0.4340749095917564,lstm
SVC-000044,EVT-0012610,2026-06-21 20:18:01.492037,0.731145208934811,lstm
DEV-000002,EVT-0012611,2026-06-21 20:19:25.930253,0.44244216184021695,lstm
SVC-000052,EVT-0012612,2026-06-21 20:20:10.727243,0.33227024611253075,lstm
DEV-000026,EVT-0012613,2026-06-21 20:21:55.248027,0.3590498510457871,lstm
USR-000109,EVT-0012614,2026-06-21 20:22:02.460158,0.31438224259505987,lstm
SVC-000057,EVT-0012615,2026-06-21 20:24:19.590434,0.5461675196009649,lstm
DEV-000017,EVT-0012616,2026-06-21 20:24:32.539946,0.5282835654237475,lstm
USR-000088,EVT-0012617,2026-06-21 20:25:40.417605,0.5468673354320367,lstm
SVC-000057,EVT-0012618,2026-06-21 20:25:54.914213,0.8412725357687517,lstm
SVC-000061,EVT-0012619,2026-06-21 20:26:54.154533,0.21771799257158905,lstm
SVC-000048,EVT-0012620,2026-06-21 20:29:25.064525,0.2821350811381105,lstm
SVC-000004,EVT-0012621,2026-06-21 20:29:45.692281,0.3022701766737934,lstm
SVC-000061,EVT-0012622,2026-06-21 20:30:50.091691,0.24778670732556987,lstm
USR-000126,EVT-0012623,2026-06-21 20:32:51.842213,0.7089063178511261,lstm
SVC-000004,EVT-0012624,2026-06-21 20:34:21.605545,0.35439337360861695,lstm
SVC-000058,EVT-0012625,2026-06-21 20:34:50.978390,0.3681901471277078,lstm
USR-000109,EVT-0012626,2026-06-21 20:35:13.504689,0.48188127948110976,lstm
DEV-000005,EVT-0012627,2026-06-21 20:35:14.318371,0.46161493362096684,lstm
SVC-000048,EVT-0012628,2026-06-21 20:37:27.169541,0.7789210269150731,lstm
SVC-000057,EVT-0012629,2026-06-21 20:41:39.517361,0.40140828674611806,lstm
SVC-000061,EVT-0012630,2026-06-21 20:44:40.327368,0.42692413098742504,lstm
DEV-000016,EVT-0012631,2026-06-21 20:44:49.985064,0.27045208394318476,lstm
SVC-000060,EVT-0012632,2026-06-21 20:44:54.271792,0.4456847778478636,lstm
SVC-000004,EVT-0012633,2026-06-21 20:50:08.576026,0.21910146566864055,lstm
SVC-000048,EVT-0012634,2026-06-21 20:50:40.596028,0.6001639373892538,lstm
SVC-000052,EVT-0012635,2026-06-21 20:53:01.143114,0.2509091165659369,lstm
SVC-000048,EVT-0012636,2026-06-21 20:55:15.255540,0.8335063706331093,lstm
SVC-000060,EVT-0012637,2026-06-21 20:56:06.604217,0.5591414003526846,lstm
SVC-000060,EVT-0012638,2026-06-21 21:00:37.692016,0.7119921973228409,lstm
SVC-000004,EVT-0012639,2026-06-21 21:01:08.807991,0.2760680613268983,lstm
DEV-000001,EVT-0012640,2026-06-21 21:06:16.173284,0.5958590545702656,lstm
DEV-000010,EVT-0012641,2026-06-21 21:07:25.063478,0.695648498704665,lstm
SVC-000054,EVT-0012642,2026-06-21 21:07:54.467731,0.9748547695680747,lstm
SVC-000060,EVT-0012643,2026-06-21 21:09:34.431780,0.5186745600693088,lstm
SVC-000048,EVT-0012644,2026-06-21 21:11:10.605403,0.4743772817773775,lstm
SVC-000025,EVT-0012645,2026-06-21 21:11:12.636587,0.9481697663165435,lstm
SVC-000052,EVT-0012646,2026-06-21 21:12:13.372005,0.285441882671099,lstm
SVC-000045,EVT-0012647,2026-06-21 21:13:52.910144,0.9770931089877697,lstm
SVC-000061,EVT-0012648,2026-06-21 21:16:57.312501,0.26450037948026617,lstm
DEV-000024,EVT-0012649,2026-06-21 21:17:49.796789,0.3233286147337122,lstm
SVC-000060,EVT-0012650,2026-06-21 21:18:40.952314,0.8839072557148276,lstm
SVC-000035,EVT-0012651,2026-06-21 21:19:19.604047,0.9280337031707842,lstm
SVC-000058,EVT-0012652,2026-06-21 21:19:53.844552,0.2632456645641608,lstm
SVC-000035,EVT-0012653,2026-06-21 21:20:16.788165,0.8114443091603545,lstm
SVC-000048,EVT-0012654,2026-06-21 21:20:28.060969,0.5202444168329032,lstm
SVC-000045,EVT-0012655,2026-06-21 21:20:28.892693,0.8186419214150032,lstm
SVC-000033,EVT-0012656,2026-06-21 21:21:43.505728,0.939840257905618,lstm
USR-000211,EVT-0012657,2026-06-21 21:22:17.134086,0.7431563586843525,lstm
SVC-000035,EVT-0012658,2026-06-21 21:23:01.980291,0.7564536398586043,lstm
SVC-000045,EVT-0012659,2026-06-21 21:28:33.255525,0.4058423674919487,lstm
SVC-000054,EVT-0012660,2026-06-21 21:28:36.927751,0.37108229653021896,lstm
SVC-000048,EVT-0012661,2026-06-21 21:30:35.773072,0.5170060895605832,lstm
SVC-000058,EVT-0012662,2026-06-21 21:36:48.046318,0.269105912102184,lstm
SVC-000023,EVT-0012663,2026-06-21 21:36:48.583099,0.5727415718182888,lstm
DEV-000011,EVT-0012664,2026-06-21 21:37:34.085656,0.41659496144055513,lstm
SVC-000054,EVT-0012665,2026-06-21 21:38:26.563831,0.34947117831728525,lstm
SVC-000054,EVT-0012666,2026-06-21 21:38:31.790697,0.8159068360586825,lstm
SVC-000048,EVT-0012667,2026-06-21 21:40:57.667108,0.5093805662541917,lstm
SVC-000035,EVT-0012668,2026-06-21 21:41:52.581834,0.30264583048329013,lstm
SVC-000054,EVT-0012669,2026-06-21 21:41:53.449815,0.27442557924631467,lstm
SVC-000058,EVT-0012670,2026-06-21 21:47:40.820809,0.3265660258631059,lstm
SVC-000047,EVT-0012671,2026-06-21 21:49:25.337147,0.9708948629732242,lstm
SVC-000058,EVT-0012672,2026-06-21 21:56:37.658265,0.31049959997166443,lstm
USR-000088,EVT-0012673,2026-06-21 21:57:40.557866,0.4732766983407204,lstm
USR-000005,EVT-0012674,2026-06-21 22:01:11.456017,0.8050824437889239,lstm
SVC-000054,EVT-0012675,2026-06-21 22:01:28.867763,0.7436578083708154,lstm
SVC-000048,EVT-0012676,2026-06-21 22:02:43.759746,0.5030666596510078,lstm
SVC-000058,EVT-0012677,2026-06-21 22:05:13.043168,0.31962927684617987,lstm
SVC-000058,EVT-0012678,2026-06-21 22:06:58.753420,0.5232208916935642,lstm
SVC-000004,EVT-0012679,2026-06-21 22:07:42.887455,0.48677155291328145,lstm
SVC-000054,EVT-0012680,2026-06-21 22:07:44.822885,0.3305558631107486,lstm
SVC-000004,EVT-0012681,2026-06-21 22:08:41.878655,0.6803719905842257,lstm
SVC-000054,EVT-0012682,2026-06-21 22:11:38.247555,0.5566219887500315,lstm
SVC-000002,EVT-0012683,2026-06-21 22:14:21.857914,0.9983546570299251,lstm
DEV-000014,EVT-0012684,2026-06-21 22:14:54.154837,0.39404830550598047,lstm
DEV-000005,EVT-0012685,2026-06-21 22:17:51.892913,0.4329571953427698,lstm
SVC-000002,EVT-0012686,2026-06-21 22:20:26.654194,0.6034698532082395,lstm
SVC-000054,EVT-0012687,2026-06-21 22:20:29.608595,0.25916115689663405,lstm
SVC-000058,EVT-0012688,2026-06-21 22:21:10.190311,0.30404464813800597,lstm
DEV-000003,EVT-0012689,2026-06-21 22:24:08.352222,0.3707311268371482,lstm
SVC-000002,EVT-0012690,2026-06-21 22:27:13.299310,0.4053196584616069,lstm
SVC-000054,EVT-0012691,2026-06-21 22:27:53.752625,0.2578620011673819,lstm
SVC-000002,EVT-0012692,2026-06-21 22:30:04.672556,0.4735886622527089,lstm
SVC-000047,EVT-0012693,2026-06-21 22:30:59.767603,0.3001083032523219,lstm
SVC-000045,EVT-0012694,2026-06-21 22:31:18.457611,0.46351551910461547,lstm
DEV-000013,EVT-0012695,2026-06-21 22:31:39.221683,0.9631098130857907,lstm
SVC-000002,EVT-0012696,2026-06-21 22:32:18.569626,0.6376021107615628,lstm
DEV-000019,EVT-0012697,2026-06-21 22:33:38.127141,0.9592424790810521,lstm
DEV-000009,EVT-0012698,2026-06-21 22:34:02.558918,0.3430656349091965,lstm
SVC-000048,EVT-0012699,2026-06-21 22:35:50.767987,0.556264252310993,lstm
DEV-000006,EVT-0012700,2026-06-21 22:36:14.296057,0.5582332917348846,lstm
USR-000106,EVT-0012701,2026-06-21 22:36:53.004464,0.3846689841450988,lstm
SVC-000045,EVT-0012702,2026-06-21 22:37:35.117837,0.424122515091879,lstm
SVC-000032,EVT-0012703,2026-06-21 22:38:23.007768,0.9805223643243609,lstm
SVC-000025,EVT-0012704,2026-06-21 22:40:19.235357,0.39051843590519686,lstm
SVC-000032,EVT-0012705,2026-06-21 22:40:32.335174,0.5304185122048308,lstm
SVC-000047,EVT-0012706,2026-06-21 22:41:42.636818,0.25503848775579274,lstm
SVC-000002,EVT-0012707,2026-06-21 22:46:23.201364,0.3518220430433283,lstm
SVC-000047,EVT-0012708,2026-06-21 22:48:18.660376,0.36025378834030036,lstm
SVC-000045,EVT-0012709,2026-06-21 22:49:49.488917,0.2846646785993117,lstm
SVC-000002,EVT-0012710,2026-06-21 22:51:56.663452,0.22588963648399338,lstm
SVC-000002,EVT-0012711,2026-06-21 22:54:38.199283,0.2988930261586663,lstm
SVC-000045,EVT-0012712,2026-06-21 22:54:51.699124,0.484429784118079,lstm
SVC-000054,EVT-0012713,2026-06-21 22:59:02.679220,0.45111286258322897,lstm
SVC-000032,EVT-0012714,2026-06-21 23:00:38.441296,0.34222320639689435,lstm
SVC-000032,EVT-0012715,2026-06-21 23:00:44.984155,0.6052188893259429,lstm
SVC-000025,EVT-0012716,2026-06-21 23:01:09.136421,0.532717407927734,lstm
SVC-000059,EVT-0012717,2026-06-21 23:01:56.825643,0.978057831766344,lstm
SVC-000056,EVT-0012718,2026-06-21 23:04:42.996267,0.9079027681839098,lstm
SVC-000032,EVT-0012719,2026-06-21 23:04:44.406242,0.3090924793321473,lstm
SVC-000059,EVT-0012720,2026-06-21 23:05:12.442750,0.26551697660484064,lstm
SVC-000002,EVT-0012721,2026-06-21 23:05:19.945341,0.4694329203455908,lstm
DEV-000013,EVT-0012722,2026-06-21 23:05:46.478774,0.8629906111450879,lstm
USR-000124,EVT-0012723,2026-06-21 23:05:59.150921,0.985715120966188,lstm
SVC-000032,EVT-0012724,2026-06-21 23:06:09.800937,0.515373146297062,lstm
SVC-000032,EVT-0012725,2026-06-21 23:06:10.771375,0.7099177373543406,lstm
SVC-000002,EVT-0012726,2026-06-21 23:06:17.744344,0.5547894695513945,lstm
SVC-000002,EVT-0012727,2026-06-21 23:07:26.787585,0.7218384164550778,lstm
SVC-000032,EVT-0012728,2026-06-21 23:08:25.944943,0.4115641038471342,lstm
USR-000106,EVT-0012729,2026-06-21 23:09:20.700387,0.3305635167923392,lstm
SVC-000032,EVT-0012730,2026-06-21 23:11:22.626564,0.2872170738788253,lstm
SVC-000035,EVT-0012731,2026-06-21 23:14:19.511118,0.6190228731273942,lstm
SVC-000059,EVT-0012732,2026-06-21 23:15:49.018039,0.21407918021834776,lstm
SVC-000047,EVT-0012733,2026-06-21 23:17:08.065541,0.29358540835631797,lstm
SVC-000045,EVT-0012734,2026-06-21 23:17:35.064128,0.5576293507173238,lstm
SVC-000059,EVT-0012735,2026-06-21 23:26:19.604934,0.21264143082656725,lstm
SVC-000032,EVT-0012736,2026-06-21 23:26:53.273808,0.283224588277115,lstm
SVC-000025,EVT-0012737,2026-06-21 23:29:32.031695,0.273743892912526,lstm
USR-000150,EVT-0012738,2026-06-21 23:30:57.959375,0.9270213384569748,baseline_fallback
SVC-000025,EVT-0012739,2026-06-21 23:33:09.198305,0.5331213190314493,lstm
SVC-000059,EVT-0012740,2026-06-21 23:34:18.372840,0.2196138725650048,lstm
SVC-000059,EVT-0012741,2026-06-21 23:35:37.424791,0.2783115995207546,lstm
SVC-000032,EVT-0012742,2026-06-21 23:36:53.320735,0.4021412224474727,lstm
SVC-000032,EVT-0012743,2026-06-21 23:36:58.807192,0.6129556193299983,lstm
SVC-000059,EVT-0012744,2026-06-21 23:38:36.296127,0.22980715389359635,lstm
SVC-000059,EVT-0012745,2026-06-21 23:38:50.792249,0.36724657457452553,lstm
SVC-000059,EVT-0012746,2026-06-21 23:41:37.476688,0.23735342637567358,lstm
SVC-000032,EVT-0012747,2026-06-21 23:42:03.828964,0.2863856362777043,lstm
DEV-000006,EVT-0012748,2026-06-21 23:42:07.142456,0.45458702550291014,lstm
SVC-000047,EVT-0012749,2026-06-21 23:43:43.732761,0.4146951212929954,lstm
SVC-000041,EVT-0012750,2026-06-21 23:44:04.794785,0.9592348540394441,lstm
DEV-000014,EVT-0012751,2026-06-21 23:44:21.110459,0.2931745095755723,lstm
SVC-000056,EVT-0012752,2026-06-21 23:45:39.939977,0.42702049780167634,lstm
SVC-000059,EVT-0012753,2026-06-21 23:47:29.830910,0.2169441646937118,lstm
SVC-000056,EVT-0012754,2026-06-21 23:47:46.747073,0.7695073130671782,lstm
SVC-000025,EVT-0012755,2026-06-21 23:51:00.529291,0.32624070681327294,lstm
SVC-000059,EVT-0012756,2026-06-21 23:51:48.392623,0.24000816995685398,lstm
SVC-000059,EVT-0012757,2026-06-21 23:52:13.243348,0.7047377862799777,lstm
USR-000150,EVT-0012758,2026-06-21 23:52:35.213465,0.9211053781671759,baseline_fallback
SVC-000059,EVT-0012759,2026-06-21 23:53:03.316199,0.3233739766232991,lstm
SVC-000032,EVT-0012760,2026-06-21 23:53:58.981357,0.27203446529292163,lstm
SVC-000041,EVT-0012761,2026-06-21 23:54:11.805151,0.7109858944365272,lstm
DEV-000006,EVT-0012762,2026-06-21 23:54:48.076890,0.7012579746546452,lstm
SVC-000059,EVT-0012763,2026-06-21 23:57:14.267877,0.23651996689418073,lstm
USR-000088,EVT-0012764,2026-06-21 23:59:12.427946,0.3605058557876156,lstm
SVC-000059,EVT-0012765,2026-06-22 00:01:28.254351,0.37052155571795736,lstm
SVC-000059,EVT-0012766,2026-06-22 00:02:52.162574,0.3435107643380007,lstm
DEV-000006,EVT-0012767,2026-06-22 00:06:01.180118,0.43963537258410085,lstm
SVC-000047,EVT-0012768,2026-06-22 00:07:12.585332,0.4276745790730961,lstm
USR-000088,EVT-0012769,2026-06-22 00:07:13.737598,0.5307336915025168,lstm
SVC-000056,EVT-0012770,2026-06-22 00:07:33.816777,0.40827490881073675,lstm
SVC-000059,EVT-0012771,2026-06-22 00:09:19.657215,0.29074109272738935,lstm
USR-000156,EVT-0012772,2026-06-22 00:13:38.587081,0.9963907174241168,baseline_fallback
USR-000156,EVT-0012773,2026-06-22 00:13:43.209988,0.9963907174241168,baseline_fallback
USR-000156,EVT-0012774,2026-06-22 00:13:56.947544,0.9990762872978137,baseline_fallback
USR-000156,EVT-0012775,2026-06-22 00:13:59.361053,0.9994409550005233,lstm
USR-000156,EVT-0012776,2026-06-22 00:14:05.054797,0.9223919255002516,lstm
USR-000156,EVT-0012777,2026-06-22 00:14:12.743030,0.9156625069587933,lstm
USR-000156,EVT-0012778,2026-06-22 00:14:26.471939,0.9130296850838152,lstm
USR-000156,EVT-0012779,2026-06-22 00:14:34.943218,0.9799841324651881,lstm
USR-000156,EVT-0012780,2026-06-22 00:14:39.244499,0.9989406859509528,lstm
SVC-000032,EVT-0012781,2026-06-22 00:14:50.737856,0.6895077478483818,lstm
SVC-000032,EVT-0012782,2026-06-22 00:15:19.414997,0.3845188787393527,lstm
DEV-000026,EVT-0012783,2026-06-22 00:17:43.012043,0.5212351777296806,lstm
SVC-000059,EVT-0012784,2026-06-22 00:20:44.885927,0.2832115882152087,lstm
SVC-000059,EVT-0012785,2026-06-22 00:20:48.096683,0.34898321900648366,lstm
SVC-000025,EVT-0012786,2026-06-22 00:22:41.974834,0.3438727793425285,lstm
USR-000106,EVT-0012787,2026-06-22 00:23:13.470820,0.2923499741585098,lstm
SVC-000041,EVT-0012788,2026-06-22 00:25:22.547860,0.45821403209844375,lstm
SVC-000041,EVT-0012789,2026-06-22 00:29:18.401853,0.6788184456726302,lstm
USR-000163,EVT-0012790,2026-06-22 00:31:59.310131,0.8963110211623785,lstm
SVC-000032,EVT-0012791,2026-06-22 00:37:19.597784,0.44457760968768745,lstm
SVC-000032,EVT-0012792,2026-06-22 00:39:11.625706,0.28483490440211984,lstm
SVC-000059,EVT-0012793,2026-06-22 00:39:49.986119,0.3194823822007247,lstm
DEV-000010,EVT-0012794,2026-06-22 00:42:40.629907,0.4677223435682487,lstm
USR-000150,EVT-0012795,2026-06-22 00:43:10.026746,0.8554302402088259,lstm
DEV-000001,EVT-0012796,2026-06-22 00:43:59.898525,0.2493431938035528,lstm
SVC-000056,EVT-0012797,2026-06-22 00:44:44.465135,0.44499297377247926,lstm
DEV-000009,EVT-0012798,2026-06-22 00:51:02.492388,0.3189368395543099,lstm
SVC-000018,EVT-0012799,2026-06-22 00:53:54.958716,0.9966586131765206,lstm
SVC-000056,EVT-0012800,2026-06-22 00:56:26.058545,0.4714425953272417,lstm
DEV-000014,EVT-0012801,2026-06-22 01:03:30.590841,0.4417166235514555,lstm
DEV-000012,EVT-0012802,2026-06-22 01:07:53.889084,0.8081187250687928,lstm
SVC-000056,EVT-0012803,2026-06-22 01:08:16.716869,0.6319848155291999,lstm
DEV-000005,EVT-0012804,2026-06-22 01:09:46.938886,0.6801292487608789,lstm
SVC-000025,EVT-0012805,2026-06-22 01:15:39.827979,0.4858999214247205,lstm
SVC-000041,EVT-0012806,2026-06-22 01:30:13.487608,0.524452399215875,lstm
SVC-000056,EVT-0012807,2026-06-22 01:30:31.583023,0.5512883548637564,lstm
DEV-000017,EVT-0012808,2026-06-22 01:37:19.444305,0.796790422610583,lstm
SVC-000056,EVT-0012809,2026-06-22 01:41:04.219338,0.44299647150081545,lstm
DEV-000025,EVT-0012810,2026-06-22 01:43:13.699589,0.9909281571983151,lstm
SVC-000041,EVT-0012811,2026-06-22 01:44:11.032618,0.5784638796887585,lstm
DEV-000007,EVT-0012812,2026-06-22 01:48:48.310976,0.4291046891757244,lstm
USR-000163,EVT-0012813,2026-06-22 02:03:35.103510,0.6534503429449027,lstm
DEV-000009,EVT-0012814,2026-06-22 02:04:18.041549,0.385665150652953,lstm
SVC-000056,EVT-0012815,2026-06-22 02:06:24.844825,0.5487253609455259,lstm
DEV-000005,EVT-0012816,2026-06-22 02:06:27.188262,0.703655801378526,lstm
SVC-000018,EVT-0012817,2026-06-22 02:07:06.289792,0.41095490653615574,lstm
USR-000088,EVT-0012818,2026-06-22 02:14:27.714092,0.313506284602572,lstm
SVC-000041,EVT-0012819,2026-06-22 02:21:38.581889,0.3207731750821532,lstm
SVC-000018,EVT-0012820,2026-06-22 02:23:50.401839,0.33634154814012973,lstm
DEV-000004,EVT-0012821,2026-06-22 02:25:16.294793,0.4523329392829209,lstm
DEV-000023,EVT-0012822,2026-06-22 02:27:46.605173,0.4613252383603414,lstm
SVC-000018,EVT-0012823,2026-06-22 02:28:47.073445,0.5547479888707848,lstm
DEV-000016,EVT-0012824,2026-06-22 02:29:35.660640,0.4976853273148452,lstm
SVC-000056,EVT-0012825,2026-06-22 02:30:09.784570,0.44833900030087925,lstm
SVC-000018,EVT-0012826,2026-06-22 02:35:39.528380,0.5148887727019973,lstm
DEV-000017,EVT-0012827,2026-06-22 02:55:27.877816,0.7429110497224702,lstm
DEV-000001,EVT-0012828,2026-06-22 02:56:22.795881,0.2198985316291152,lstm
DEV-000016,EVT-0012829,2026-06-22 02:57:05.655261,0.39165883169276605,lstm
SVC-000018,EVT-0012830,2026-06-22 03:01:02.775142,0.40601310560853215,lstm
DEV-000004,EVT-0012831,2026-06-22 03:04:26.198134,0.6263101718313835,lstm
SVC-000018,EVT-0012832,2026-06-22 03:07:04.327085,0.417950017834738,lstm
SVC-000018,EVT-0012833,2026-06-22 03:13:52.320273,0.4468517795104626,lstm
SVC-000018,EVT-0012834,2026-06-22 03:15:03.724969,0.5143408534090304,lstm
SVC-000018,EVT-0012835,2026-06-22 03:19:00.388087,0.501676492763643,lstm
DEV-000019,EVT-0012836,2026-06-22 03:19:32.852693,0.9081026050016218,lstm
SVC-000014,EVT-0012837,2026-06-22 03:20:18.098547,0.9895833339342509,lstm
DEV-000009,EVT-0012838,2026-06-22 03:23:00.486285,0.3758203615891111,lstm
SVC-000018,EVT-0012839,2026-06-22 03:26:56.729359,0.3699838558660087,lstm
DEV-000026,EVT-0012840,2026-06-22 03:32:36.562412,0.6315992973518099,lstm
USR-000150,EVT-0012841,2026-06-22 03:37:39.693671,0.9073603471391306,lstm
SVC-000014,EVT-0012842,2026-06-22 03:39:10.150270,0.35271323529121557,lstm
DEV-000003,EVT-0012843,2026-06-22 03:40:31.713077,0.4582090746039727,lstm
DEV-000023,EVT-0012844,2026-06-22 03:42:03.758567,0.4680180638052306,lstm
SVC-000014,EVT-0012845,2026-06-22 03:44:56.116965,0.3614150828988162,lstm
SVC-000018,EVT-0012846,2026-06-22 03:46:11.795864,0.6275090778427129,lstm
DEV-000008,EVT-0012847,2026-06-22 03:47:42.011577,0.43732349087699884,lstm
SVC-000019,EVT-0012848,2026-06-22 03:48:51.011142,0.9962695847459414,lstm
DEV-000006,EVT-0012849,2026-06-22 03:54:31.107250,0.38896003646131033,lstm
SVC-000019,EVT-0012850,2026-06-22 03:57:24.806501,0.6248805372541991,lstm
DEV-000014,EVT-0012851,2026-06-22 03:59:31.379317,0.2182512467958097,lstm
SVC-000007,EVT-0012852,2026-06-22 04:02:43.451282,0.9983616316414585,lstm
SVC-000041,EVT-0012853,2026-06-22 04:08:23.497361,0.9627722453033928,lstm
SVC-000019,EVT-0012854,2026-06-22 04:09:28.639347,0.429945825011925,lstm
DEV-000005,EVT-0012855,2026-06-22 04:09:53.345246,0.41165568089663174,lstm
SVC-000014,EVT-0012856,2026-06-22 04:10:12.270991,0.2631175842392422,lstm
DEV-000003,EVT-0012857,2026-06-22 04:11:55.404181,0.5803857781226597,lstm
SVC-000015,EVT-0012858,2026-06-22 04:12:40.368323,0.9825565415672028,lstm
SVC-000019,EVT-0012859,2026-06-22 04:15:28.140291,0.4273891862662316,lstm
SVC-000018,EVT-0012860,2026-06-22 04:19:57.978699,0.6127325571559958,lstm
DEV-000011,EVT-0012861,2026-06-22 04:20:57.364040,0.6657730168103427,lstm
SVC-000041,EVT-0012862,2026-06-22 04:22:11.623740,0.6518555134690824,lstm
SVC-000015,EVT-0012863,2026-06-22 04:23:06.389737,0.31544931324540454,lstm
DEV-000015,EVT-0012864,2026-06-22 04:24:46.710651,0.5913549781194132,lstm
SVC-000007,EVT-0012865,2026-06-22 04:30:15.902361,0.5808433778460101,lstm
DEV-000025,EVT-0012866,2026-06-22 04:30:45.359483,0.7870898457764278,lstm
SVC-000019,EVT-0012867,2026-06-22 04:30:52.268399,0.3471093788468827,lstm
DEV-000001,EVT-0012868,2026-06-22 04:33:32.086922,0.2644453035933896,lstm
DEV-000022,EVT-0012869,2026-06-22 04:34:43.715013,0.5656808552845934,lstm
SVC-000015,EVT-0012870,2026-06-22 04:37:19.409433,0.4978895664589151,lstm
SVC-000007,EVT-0012871,2026-06-22 04:37:34.207275,0.8485964740660407,lstm
SVC-000015,EVT-0012872,2026-06-22 04:41:00.070610,0.5229065887286706,lstm
SVC-000015,EVT-0012873,2026-06-22 04:41:57.036856,0.7032746512133721,lstm
SVC-000019,EVT-0012874,2026-06-22 04:42:48.577644,0.35570515822258225,lstm
SVC-000015,EVT-0012875,2026-06-22 04:44:10.578519,0.5799113119534732,lstm
SVC-000015,EVT-0012876,2026-06-22 04:44:15.391697,0.9102177848123899,lstm
SVC-000007,EVT-0012877,2026-06-22 04:45:34.169170,0.8954970977483403,lstm
SVC-000007,EVT-0012878,2026-06-22 04:46:16.777296,0.8505083319323565,lstm
SVC-000020,EVT-0012879,2026-06-22 04:47:44.889761,0.9442360111338655,lstm
SVC-000007,EVT-0012880,2026-06-22 04:49:46.065486,0.5213188622844812,lstm
SVC-000020,EVT-0012881,2026-06-22 04:54:29.366671,0.48503365948226523,lstm
SVC-000019,EVT-0012882,2026-06-22 04:54:35.842210,0.35013852793556427,lstm
SVC-000014,EVT-0012883,2026-06-22 04:54:59.396362,0.2727041956663423,lstm
DEV-000004,EVT-0012884,2026-06-22 04:55:41.948051,0.25267734780521456,lstm
SVC-000014,EVT-0012885,2026-06-22 04:58:45.714424,0.365851109849563,lstm
SVC-000007,EVT-0012886,2026-06-22 05:00:54.007563,0.2347271335900779,lstm
SVC-000015,EVT-0012887,2026-06-22 05:01:41.676176,0.44163159336752644,lstm
SVC-000019,EVT-0012888,2026-06-22 05:02:16.698507,0.3243269687302784,lstm
SVC-000019,EVT-0012889,2026-06-22 05:05:22.130469,0.42521714351276274,lstm
SVC-000019,EVT-0012890,2026-06-22 05:06:31.418564,0.5273345867822004,lstm
DEV-000002,EVT-0012891,2026-06-22 05:08:29.298937,0.5632177537924115,lstm
USR-000191,EVT-0012892,2026-06-22 05:09:10.098259,0.7024368054447688,baseline_fallback
SVC-000019,EVT-0012893,2026-06-22 05:09:16.046385,0.36635699873979866,lstm
DEV-000025,EVT-0012894,2026-06-22 05:09:56.697596,0.7621681332694578,lstm
USR-000088,EVT-0012895,2026-06-22 05:10:44.776314,0.47600469159481507,lstm
SVC-000019,EVT-0012896,2026-06-22 05:14:08.793432,0.34967034460774454,lstm
SVC-000019,EVT-0012897,2026-06-22 05:14:48.868845,0.4829530168011868,lstm
SVC-000020,EVT-0012898,2026-06-22 05:17:11.540049,0.3847170260325273,lstm
SVC-000014,EVT-0012899,2026-06-22 05:17:35.201150,0.2552410771217567,lstm
SVC-000009,EVT-0012900,2026-06-22 05:21:20.203873,0.9980840291237872,lstm
DEV-000013,EVT-0012901,2026-06-22 05:21:59.989074,0.5169887615017698,lstm
USR-000082,EVT-0012902,2026-06-22 05:27:11.843937,0.7165108921693503,lstm
SVC-000007,EVT-0012903,2026-06-22 05:27:17.682891,0.35318535128768286,lstm
DEV-000004,EVT-0012904,2026-06-22 05:30:24.081917,0.4657344389095977,lstm
SVC-000019,EVT-0012905,2026-06-22 05:31:29.108445,0.3401830323644145,lstm
SVC-000019,EVT-0012906,2026-06-22 05:31:57.562182,0.8367153104633845,lstm
DEV-000020,EVT-0012907,2026-06-22 05:34:34.271267,0.7868360125794306,lstm
DEV-000017,EVT-0012908,2026-06-22 05:37:26.738588,0.7444331436002024,lstm
SVC-000014,EVT-0012909,2026-06-22 05:40:25.411394,0.3404503724752793,lstm
SVC-000014,EVT-0012910,2026-06-22 05:40:34.447848,0.6481500130432841,lstm
SVC-000019,EVT-0012911,2026-06-22 05:41:47.011703,0.305389508495413,lstm
USR-000076,EVT-0012912,2026-06-22 05:42:59.906234,0.9100999089774745,lstm
SVC-000009,EVT-0012913,2026-06-22 05:45:49.872079,0.5036540912661561,lstm
USR-000076,EVT-0012914,2026-06-22 05:46:07.068043,0.880031157049448,lstm
USR-000207,EVT-0012915,2026-06-22 05:46:49.277452,0.450078381130134,lstm
SVC-000014,EVT-0012916,2026-06-22 05:50:07.617857,0.32600465309570253,lstm
DEV-000020,EVT-0012917,2026-06-22 05:55:34.862071,0.705895122564636,lstm
SVC-000009,EVT-0012918,2026-06-22 06:04:46.927904,0.6632722040823359,lstm
DEV-000020,EVT-0012919,2026-06-22 06:08:04.704127,0.7115514749265246,lstm
SVC-000031,EVT-0012920,2026-06-22 06:15:09.849811,0.9907431361591673,lstm
DEV-000012,EVT-0012921,2026-06-22 06:15:23.149039,0.5300900120012088,lstm
SVC-000009,EVT-0012922,2026-06-22 06:18:26.517486,0.4984860108638547,lstm
USR-000207,EVT-0012923,2026-06-22 06:19:14.330378,0.33563333015505425,lstm
DEV-000005,EVT-0012924,2026-06-22 06:19:38.109794,0.30685062918582723,lstm
SVC-000009,EVT-0012925,2026-06-22 06:21:43.216237,0.7067759590394939,lstm
DEV-000010,EVT-0012926,2026-06-22 06:21:48.887386,0.23273085116572617,lstm
DEV-000020,EVT-0012927,2026-06-22 06:34:36.557032,0.4953433086826696,lstm
SVC-000031,EVT-0012928,2026-06-22 06:35:00.732534,0.4505362529703627,lstm
SVC-000009,EVT-0012929,2026-06-22 06:35:06.743113,0.30104059961486207,lstm
SVC-000009,EVT-0012930,2026-06-22 06:38:43.500050,0.4001611792794576,lstm
DEV-000002,EVT-0012931,2026-06-22 06:41:37.677605,0.27629343650753657,lstm
USR-000158,EVT-0012932,2026-06-22 06:41:37.897537,0.9102951809761607,lstm
USR-000200,EVT-0012933,2026-06-22 06:43:18.555756,0.6253750924206275,lstm
SVC-000009,EVT-0012934,2026-06-22 06:45:57.954099,0.41547919992695437,lstm
USR-000076,EVT-0012935,2026-06-22 06:47:15.205501,0.4693767347555431,lstm
SVC-000055,EVT-0012936,2026-06-22 06:47:56.449786,0.9998723344396899,lstm
DEV-000013,EVT-0012937,2026-06-22 06:48:35.029022,0.19999130622014552,lstm
SVC-000009,EVT-0012938,2026-06-22 06:50:54.787877,0.5691183499907827,lstm
SVC-000031,EVT-0012939,2026-06-22 06:53:10.075143,0.40736280200400293,lstm
SVC-000009,EVT-0012940,2026-06-22 06:54:32.399453,0.5863166079778042,lstm
USR-000207,EVT-0012941,2026-06-22 06:57:01.604257,0.30206437112772205,lstm
USR-000076,EVT-0012942,2026-06-22 07:01:31.232490,0.372873584994005,lstm
USR-000096,EVT-0012943,2026-06-22 07:01:57.410640,0.8056853579289383,baseline_fallback
SVC-000031,EVT-0012944,2026-06-22 07:06:44.263878,0.317557244629641,lstm
SVC-000055,EVT-0012945,2026-06-22 07:11:43.404626,0.7626724070585371,lstm
USR-000104,EVT-0012946,2026-06-22 07:13:26.567396,0.49525213896502895,baseline_fallback
DEV-000015,EVT-0012947,2026-06-22 07:14:49.577346,0.2565368606271224,lstm
USR-000001,EVT-0012948,2026-06-22 07:15:45.392021,0.8113014235265816,lstm
USR-000162,EVT-0012949,2026-06-22 07:19:14.683318,0.8703821807868499,lstm
SVC-000055,EVT-0012950,2026-06-22 07:23:09.309597,0.524624023881302,lstm
SVC-000055,EVT-0012951,2026-06-22 07:27:39.276424,0.438454296142132,lstm
USR-000022,EVT-0012952,2026-06-22 07:28:42.092766,0.7449705004386031,lstm
SVC-000031,EVT-0012953,2026-06-22 07:28:57.720596,0.26109498611246046,lstm
SVC-000011,EVT-0012954,2026-06-22 07:30:08.492368,0.9998163132815339,lstm
SVC-000031,EVT-0012955,2026-06-22 07:36:51.866120,0.47904787196693116,lstm
USR-000082,EVT-0012956,2026-06-22 07:38:28.182298,0.5798353580429377,lstm
USR-000082,EVT-0012957,2026-06-22 07:40:26.469193,0.7382605168228192,lstm
USR-000121,EVT-0012958,2026-06-22 07:42:09.777500,0.7503648745319511,lstm
USR-000103,EVT-0012959,2026-06-22 07:43:11.697856,0.40015056158124446,lstm
SVC-000039,EVT-0012960,2026-06-22 07:43:26.155101,0.9901565793512371,lstm
SVC-000051,EVT-0012961,2026-06-22 07:44:09.775633,0.8641173034650855,lstm
SVC-000055,EVT-0012962,2026-06-22 07:44:10.134890,0.32193551785255686,lstm
SVC-000011,EVT-0012963,2026-06-22 07:48:19.534654,0.7770378633198882,lstm
SVC-000055,EVT-0012964,2026-06-22 07:49:42.120953,0.3742902554028585,lstm
DEV-000006,EVT-0012965,2026-06-22 07:51:56.965005,0.5085908510360291,lstm
USR-000168,EVT-0012966,2026-06-22 07:57:46.801102,0.9304380523052422,lstm
SVC-000011,EVT-0012967,2026-06-22 07:59:58.840982,0.6060551578877748,lstm
SVC-000011,EVT-0012968,2026-06-22 08:00:44.882571,0.7456455576804014,lstm
DEV-000014,EVT-0012969,2026-06-22 08:00:57.148424,0.4987472914776243,lstm
SVC-000011,EVT-0012970,2026-06-22 08:01:09.039819,0.6777287363072221,lstm
DEV-000025,EVT-0012971,2026-06-22 08:02:14.035857,0.4282253559375082,lstm
SVC-000030,EVT-0012972,2026-06-22 08:02:43.507945,0.959726509295215,lstm
USR-000082,EVT-0012973,2026-06-22 08:03:57.580889,0.6946756766121724,lstm
SVC-000055,EVT-0012974,2026-06-22 08:05:45.377236,0.47545956256440197,lstm
SVC-000031,EVT-0012975,2026-06-22 08:07:34.431034,0.30573929832479185,lstm
DEV-000014,EVT-0012976,2026-06-22 08:07:43.216190,0.8812872099574455,lstm
USR-000162,EVT-0012977,2026-06-22 08:08:28.492377,0.3930670403955269,lstm
USR-000076,EVT-0012978,2026-06-22 08:10:22.914372,0.2799828975968286,lstm
SVC-000055,EVT-0012979,2026-06-22 08:10:34.531561,0.46406897604494396,lstm
USR-000162,EVT-0012980,2026-06-22 08:12:13.866086,0.7284330588507457,lstm
USR-000155,EVT-0012981,2026-06-22 08:15:07.418597,0.657532144866062,lstm
SVC-000016,EVT-0012982,2026-06-22 08:15:29.755618,0.9605210428844649,lstm
USR-000137,EVT-0012983,2026-06-22 08:15:37.067641,0.9141959650167708,lstm
USR-000168,EVT-0012984,2026-06-22 08:16:59.052260,0.6954847877362654,lstm
SVC-000055,EVT-0012985,2026-06-22 08:17:58.286303,0.4159349286145684,lstm
SVC-000011,EVT-0012986,2026-06-22 08:18:21.666554,0.4884637409125896,lstm
SVC-000031,EVT-0012987,2026-06-22 08:18:25.392882,0.27964033671790955,lstm
USR-000168,EVT-0012988,2026-06-22 08:19:33.055227,0.708049713696555,lstm
USR-000053,EVT-0012989,2026-06-22 08:19:53.504799,0.9878511184760531,lstm
SVC-000024,EVT-0012990,2026-06-22 08:20:27.598822,0.9709505058995128,lstm
DEV-000025,EVT-0012991,2026-06-22 08:21:40.232296,0.5339802909526415,lstm
USR-000103,EVT-0012992,2026-06-22 08:22:23.344971,0.4612843531187565,lstm
SVC-000030,EVT-0012993,2026-06-22 08:23:07.451376,0.4054746985510526,lstm
USR-000162,EVT-0012994,2026-06-22 08:26:07.108635,0.31604771402449894,lstm
USR-000007,EVT-0012995,2026-06-22 08:26:38.332280,0.768088163305527,baseline_fallback
USR-000158,EVT-0012996,2026-06-22 08:27:42.999265,0.6454446380288898,lstm
USR-000207,EVT-0012997,2026-06-22 08:28:20.181824,0.2149386001838198,lstm
SVC-000030,EVT-0012998,2026-06-22 08:30:06.925044,0.5029100241135547,lstm
SVC-000011,EVT-0012999,2026-06-22 08:30:57.038009,0.3699559478860022,lstm
USR-000096,EVT-0013000,2026-06-22 08:32:43.646437,0.7097923527029925,baseline_fallback
SVC-000046,EVT-0013001,2026-06-22 08:33:07.050097,0.999697387616768,lstm
USR-000058,EVT-0013002,2026-06-22 08:33:17.472936,0.3434140453346922,lstm
USR-000099,EVT-0013003,2026-06-22 08:33:22.615534,0.6398018015228043,lstm
SVC-000011,EVT-0013004,2026-06-22 08:36:16.003698,0.4270374338647991,lstm
SVC-000024,EVT-0013005,2026-06-22 08:38:07.068644,0.5107512851138314,lstm
SVC-000046,EVT-0013006,2026-06-22 08:38:10.392014,0.6990783567189479,lstm
SVC-000011,EVT-0013007,2026-06-22 08:40:25.747271,0.40226474453705036,lstm
SVC-000024,EVT-0013008,2026-06-22 08:41:42.061689,0.516586431586498,lstm
USR-000116,EVT-0013009,2026-06-22 08:42:57.419310,0.9681788519099995,lstm
SVC-000011,EVT-0013010,2026-06-22 08:44:24.319779,0.32140474875706326,lstm
USR-000126,EVT-0013011,2026-06-22 08:47:21.583902,0.803998156247843,lstm
SVC-000031,EVT-0013012,2026-06-22 08:48:09.452524,0.4601472365103611,lstm
SVC-000011,EVT-0013013,2026-06-22 08:48:30.182423,0.3660996591588203,lstm
USR-000055,EVT-0013014,2026-06-22 08:48:46.473921,0.47257854781498004,baseline_fallback
SVC-000016,EVT-0013015,2026-06-22 08:52:05.036242,0.41303162046270187,lstm
USR-000024,EVT-0013016,2026-06-22 08:58:59.680745,0.493717207101543,lstm
USR-000015,EVT-0013017,2026-06-22 08:59:56.462059,0.5028802691361883,lstm
SVC-000016,EVT-0013018,2026-06-22 09:00:06.667300,0.505899383930538,lstm
DEV-000016,EVT-0013019,2026-06-22 09:02:38.402771,0.7459951020781723,lstm
SVC-000030,EVT-0013020,2026-06-22 09:03:11.789346,0.44139945602899744,lstm
USR-000015,EVT-0013021,2026-06-22 09:04:00.409372,0.5367713163055807,lstm
SVC-000011,EVT-0013022,2026-06-22 09:04:46.905850,0.3645310116150391,lstm
DEV-000016,EVT-0013023,2026-06-22 09:05:00.597922,0.9360632402716161,lstm
USR-000013,EVT-0013024,2026-06-22 09:05:36.529779,0.3580831722983202,baseline_fallback
SVC-000024,EVT-0013025,2026-06-22 09:06:38.725083,0.2886284532510913,lstm
USR-000099,EVT-0013026,2026-06-22 09:08:45.467214,0.3702747516311406,lstm
SVC-000011,EVT-0013027,2026-06-22 09:08:50.935550,0.3620294092503032,lstm
SVC-000046,EVT-0013028,2026-06-22 09:09:02.947430,0.5510986109660613,lstm
SVC-000046,EVT-0013029,2026-06-22 09:11:19.226726,0.6875930526078069,lstm
USR-000142,EVT-0013030,2026-06-22 09:11:28.112869,0.6068054531693242,baseline_fallback
USR-000164,EVT-0013031,2026-06-22 09:11:45.676055,0.5432327782915897,lstm
SVC-000046,EVT-0013032,2026-06-22 09:16:05.245839,0.5475494661028456,lstm
SVC-000046,EVT-0013033,2026-06-22 09:18:31.488719,0.613500152034106,lstm
SVC-000011,EVT-0013034,2026-06-22 09:18:44.278743,0.26519317268069903,lstm
SVC-000013,EVT-0013035,2026-06-22 09:19:11.305480,0.9878857841432256,lstm
USR-000110,EVT-0013036,2026-06-22 09:19:55.864340,0.4464212302866762,baseline_fallback
DEV-000014,EVT-0013037,2026-06-22 09:20:58.667899,0.467797762085124,lstm
USR-000207,EVT-0013038,2026-06-22 09:21:06.786673,0.22658243363623568,lstm
DEV-000013,EVT-0013039,2026-06-22 09:23:24.758860,0.18059613326872376,lstm
DEV-000016,EVT-0013040,2026-06-22 09:24:22.478320,0.4632261933354281,lstm
SVC-000011,EVT-0013041,2026-06-22 09:24:31.295974,0.3095302536291923,lstm
SVC-000024,EVT-0013042,2026-06-22 09:25:29.948045,0.31393580906646745,lstm
USR-000164,EVT-0013043,2026-06-22 09:25:51.242441,0.4772778046666,lstm
SVC-000016,EVT-0013044,2026-06-22 09:25:52.293907,0.28965636893534297,lstm
SVC-000039,EVT-0013045,2026-06-22 09:26:14.464889,0.5379926872966528,lstm
SVC-000053,EVT-0013046,2026-06-22 09:26:59.454635,0.9902260381386107,lstm
SVC-000016,EVT-0013047,2026-06-22 09:27:01.918528,0.7278719448037828,lstm
SVC-000024,EVT-0013048,2026-06-22 09:27:32.461393,0.37797954231052905,lstm
SVC-000024,EVT-0013049,2026-06-22 09:27:54.523711,0.6071815610935651,lstm
DEV-000006,EVT-0013050,2026-06-22 09:28:03.056727,0.3882858016203016,lstm
DEV-000010,EVT-0013051,2026-06-22 09:28:41.310814,0.1666313490983119,lstm
USR-000022,EVT-0013052,2026-06-22 09:29:41.031372,0.5236882150430375,lstm
SVC-000030,EVT-0013053,2026-06-22 09:30:20.581329,0.645513837158348,lstm
USR-000024,EVT-0013054,2026-06-22 09:30:42.794289,0.48267221271586996,lstm
USR-000133,EVT-0013055,2026-06-22 09:31:30.206433,0.41256645074713816,lstm
USR-000162,EVT-0013056,2026-06-22 09:32:28.655272,0.27869603179289054,lstm
DEV-000013,EVT-0013057,2026-06-22 09:33:15.004939,0.5248513153776103,lstm
SVC-000039,EVT-0013058,2026-06-22 09:35:17.233957,0.520416602420929,lstm
SVC-000024,EVT-0013059,2026-06-22 09:35:28.994939,0.4082802105794625,lstm
SVC-000011,EVT-0013060,2026-06-22 09:36:57.543587,0.3822599350497047,lstm
DEV-000008,EVT-0013061,2026-06-22 09:37:40.276224,0.510916003192259,lstm
USR-000024,EVT-0013062,2026-06-22 09:40:07.077459,0.4789544389264902,lstm
SVC-000024,EVT-0013063,2026-06-22 09:40:59.051185,0.29184296116321473,lstm
USR-000031,EVT-0013064,2026-06-22 09:42:08.558623,0.38650888085836205,lstm
USR-000066,EVT-0013065,2026-06-22 09:42:28.531856,0.4330957388393632,lstm
SVC-000024,EVT-0013066,2026-06-22 09:42:34.008994,0.4149198210043793,lstm
USR-000071,EVT-0013067,2026-06-22 09:43:12.181095,0.7069938451476359,baseline_fallback
USR-000168,EVT-0013068,2026-06-22 09:44:31.886388,0.39944422942700913,lstm
USR-000096,EVT-0013069,2026-06-22 09:45:21.443037,0.9583954751805619,lstm
SVC-000024,EVT-0013070,2026-06-22 09:45:25.266462,0.44773703235711854,lstm
DEV-000023,EVT-0013071,2026-06-22 09:46:27.702843,0.8198859604885674,lstm
SVC-000013,EVT-0013072,2026-06-22 09:46:32.474868,0.8164423274126977,lstm
USR-000026,EVT-0013073,2026-06-22 09:46:38.831376,0.7190579706214949,lstm
USR-000168,EVT-0013074,2026-06-22 09:47:32.194780,0.4078126197250201,lstm
DEV-000001,EVT-0013075,2026-06-22 09:47:59.721433,0.6807063451302926,lstm
DEV-000001,EVT-0013076,2026-06-22 09:48:16.745008,0.9943064278695662,lstm
SVC-000053,EVT-0013077,2026-06-22 09:49:00.352364,0.3754065671867156,lstm
SVC-000024,EVT-0013078,2026-06-22 09:49:08.867749,0.44508481346223466,lstm
SVC-000053,EVT-0013079,2026-06-22 09:49:44.679426,0.5402102568465514,lstm
USR-000081,EVT-0013080,2026-06-22 09:50:15.482522,0.6331843210326874,lstm
SVC-000013,EVT-0013081,2026-06-22 09:51:57.533856,0.5871043137836566,lstm
USR-000038,EVT-0013082,2026-06-22 09:52:01.397190,0.748297137545741,lstm
USR-000042,EVT-0013083,2026-06-22 09:52:49.074436,0.3270614526737211,lstm
USR-000102,EVT-0013084,2026-06-22 09:52:57.754139,1.0,lstm
SVC-000053,EVT-0013085,2026-06-22 09:53:11.388126,0.41592816398584365,lstm
USR-000120,EVT-0013086,2026-06-22 09:54:52.595592,0.35752468191172926,lstm
USR-000029,EVT-0013087,2026-06-22 09:54:54.588935,0.4912535233538909,lstm
SVC-000016,EVT-0013088,2026-06-22 09:55:54.959727,0.2785294003638335,lstm
USR-000095,EVT-0013089,2026-06-22 09:56:22.932350,0.3132250259036319,lstm
SVC-000046,EVT-0013090,2026-06-22 09:57:31.615810,0.5241916852152739,lstm
USR-000076,EVT-0013091,2026-06-22 09:57:45.761641,0.30807762015402623,lstm
USR-000118,EVT-0013092,2026-06-22 09:58:04.015502,0.688837337559598,lstm
SVC-000053,EVT-0013093,2026-06-22 09:58:13.644675,0.4090711425154565,lstm
SVC-000013,EVT-0013094,2026-06-22 09:58:15.272108,0.35791383619430817,lstm
SVC-000024,EVT-0013095,2026-06-22 10:00:11.763531,0.32655210098776316,lstm
USR-000118,EVT-0013096,2026-06-22 10:00:57.470950,0.6140466590080643,lstm
SVC-000013,EVT-0013097,2026-06-22 10:01:16.866529,0.5245093209620247,lstm
DEV-000010,EVT-0013098,2026-06-22 10:01:18.338297,0.20827292444063514,lstm
USR-000162,EVT-0013099,2026-06-22 10:01:23.318329,0.3723172948279536,lstm
USR-000042,EVT-0013100,2026-06-22 10:01:55.813543,0.2723192017271983,lstm
SVC-000024,EVT-0013101,2026-06-22 10:03:27.224411,0.37903026258868455,lstm
USR-000137,EVT-0013102,2026-06-22 10:04:11.898759,0.44380238113359677,lstm
DEV-000003,EVT-0013103,2026-06-22 10:06:04.914682,0.5088495410312027,lstm
USR-000001,EVT-0013104,2026-06-22 10:07:25.205942,0.3713144302799342,lstm
USR-000020,EVT-0013105,2026-06-22 10:08:23.025681,0.9962286921878802,baseline_fallback
USR-000191,EVT-0013106,2026-06-22 10:09:25.071148,0.7514285777052518,baseline_fallback
USR-000089,EVT-0013107,2026-06-22 10:09:44.500609,0.7249618002871,lstm
USR-000058,EVT-0013108,2026-06-22 10:10:00.629290,0.2863595376359163,lstm
SVC-000024,EVT-0013109,2026-06-22 10:10:28.170407,0.48013484655224165,lstm
USR-000194,EVT-0013110,2026-06-22 10:12:08.486094,0.5009497058865503,lstm
SVC-000001,EVT-0013111,2026-06-22 10:12:49.227671,0.9308517840043424,lstm
USR-000102,EVT-0013112,2026-06-22 10:13:09.866759,0.9991226538373472,lstm
USR-000024,EVT-0013113,2026-06-22 10:14:33.194527,0.3998019812250433,lstm
USR-000102,EVT-0013114,2026-06-22 10:15:43.076066,0.9790171520669289,lstm
SVC-000053,EVT-0013115,2026-06-22 10:15:50.650238,0.6264599233362943,lstm
USR-000021,EVT-0013116,2026-06-22 10:15:56.477167,0.6385957874163193,baseline_fallback
SVC-000013,EVT-0013117,2026-06-22 10:17:51.246171,0.37424991468988433,lstm
USR-000026,EVT-0013118,2026-06-22 10:18:23.837016,0.4105419077245684,lstm
USR-000195,EVT-0013119,2026-06-22 10:19:10.888370,0.7528756281916194,lstm
DEV-000001,EVT-0013120,2026-06-22 10:20:08.147019,0.5627651325982184,lstm
SVC-000039,EVT-0013121,2026-06-22 10:20:13.425170,0.43229277458659493,lstm
SVC-000021,EVT-0013122,2026-06-22 10:20:28.809141,0.9938227142779404,lstm
SVC-000016,EVT-0013123,2026-06-22 10:20:54.498430,0.7356105442536626,lstm
SVC-000008,EVT-0013124,2026-06-22 10:21:20.033363,0.9658941611019426,lstm
SVC-000039,EVT-0013125,2026-06-22 10:21:20.901274,0.8557960685503747,lstm
USR-000031,EVT-0013126,2026-06-22 10:21:59.954994,0.2843319144837449,lstm
SVC-000013,EVT-0013127,2026-06-22 10:22:22.959237,0.39154963623007294,lstm
SVC-000024,EVT-0013128,2026-06-22 10:24:17.930328,0.47733151099830917,lstm
USR-000015,EVT-0013129,2026-06-22 10:24:18.291118,0.3052960402118482,lstm
SVC-000024,EVT-0013130,2026-06-22 10:24:18.506031,0.5487454588478851,lstm
SVC-000013,EVT-0013131,2026-06-22 10:24:31.910139,0.6805028814504485,lstm
SVC-000013,EVT-0013132,2026-06-22 10:26:48.859161,0.8288226426204517,lstm
USR-000145,EVT-0013133,2026-06-22 10:29:54.988492,0.6296052888599083,baseline_fallback
SVC-000016,EVT-0013134,2026-06-22 10:30:43.334582,0.4360723779987785,lstm
USR-000015,EVT-0013135,2026-06-22 10:31:29.600408,0.3586626450024684,lstm
SVC-000013,EVT-0013136,2026-06-22 10:32:05.811711,0.35514594670320193,lstm
DEV-000017,EVT-0013137,2026-06-22 10:33:27.337959,0.5362444112826463,lstm
SVC-000013,EVT-0013138,2026-06-22 10:34:41.262251,0.8237935402870176,lstm
USR-000138,EVT-0013139,2026-06-22 10:37:18.722386,0.4481260465866827,lstm
USR-000015,EVT-0013140,2026-06-22 10:38:51.442655,0.4056473030072658,lstm
SVC-000024,EVT-0013141,2026-06-22 10:39:05.777233,0.3725981789768762,lstm
USR-000194,EVT-0013142,2026-06-22 10:40:46.793364,0.37855454526679155,lstm
SVC-000039,EVT-0013143,2026-06-22 10:41:10.400941,0.2508163277487415,lstm
USR-000013,EVT-0013144,2026-06-22 10:42:29.226201,0.3219152800929163,baseline_fallback
SVC-000008,EVT-0013145,2026-06-22 10:42:30.677265,0.555931432573874,lstm
USR-000064,EVT-0013146,2026-06-22 10:42:42.639649,0.34533084454139495,lstm
DEV-000009,EVT-0013147,2026-06-22 10:43:05.671414,0.4470378475544197,lstm
USR-000035,EVT-0013148,2026-06-22 10:44:32.214651,0.5302372435594401,lstm
USR-000002,EVT-0013149,2026-06-22 10:44:36.606372,0.8240857628002202,lstm
DEV-000001,EVT-0013150,2026-06-22 10:44:51.119110,0.4784920903188274,lstm
SVC-000013,EVT-0013151,2026-06-22 10:45:12.852779,0.369434108223634,lstm
SVC-000039,EVT-0013152,2026-06-22 10:46:11.199943,0.3206731803476452,lstm
SVC-000013,EVT-0013153,2026-06-22 10:48:37.789210,0.877932984578547,lstm
USR-000006,EVT-0013154,2026-06-22 10:49:50.582840,0.8951916779120858,lstm
USR-000015,EVT-0013155,2026-06-22 10:50:07.085031,0.40534178463007425,lstm
USR-000190,EVT-0013156,2026-06-22 10:52:06.925822,0.36764940406962426,lstm
USR-000116,EVT-0013157,2026-06-22 10:52:39.637617,0.7567591478798545,lstm
SVC-000053,EVT-0013158,2026-06-22 10:53:15.366131,0.8416419817878336,lstm
USR-000021,EVT-0013159,2026-06-22 10:55:00.648338,0.6732344392234284,baseline_fallback
SVC-000050,EVT-0013160,2026-06-22 10:55:00.829624,0.9785060416247193,lstm
USR-000028,EVT-0013161,2026-06-22 10:56:35.682459,0.5427701377104799,lstm
USR-000069,EVT-0013162,2026-06-22 11:01:25.891868,0.5829036482825802,lstm
USR-000194,EVT-0013163,2026-06-22 11:01:58.155929,0.45174392283278875,lstm
USR-000021,EVT-0013164,2026-06-22 11:03:21.584440,0.9999738340905495,lstm
USR-000166,EVT-0013165,2026-06-22 11:03:32.311219,0.8408269772283372,lstm
SVC-000016,EVT-0013166,2026-06-22 11:03:49.204618,0.3284032641441287,lstm
SVC-000008,EVT-0013167,2026-06-22 11:05:18.602804,0.44869028653185516,lstm
USR-000024,EVT-0013168,2026-06-22 11:05:29.372153,0.468595196736217,lstm
USR-000066,EVT-0013169,2026-06-22 11:05:52.398508,0.31396475660335704,lstm
USR-000205,EVT-0013170,2026-06-22 11:07:30.682535,0.4395612865699849,baseline_fallback
USR-000030,EVT-0013171,2026-06-22 11:11:18.573182,0.818517099658679,lstm
SVC-000039,EVT-0013172,2026-06-22 11:11:40.398747,0.30287257100569814,lstm
USR-000022,EVT-0013173,2026-06-22 11:12:35.766833,0.5593484554399031,lstm
USR-000030,EVT-0013174,2026-06-22 11:12:38.759734,0.6330774987710461,lstm
SVC-000053,EVT-0013175,2026-06-22 11:14:53.061219,0.5925166570398217,lstm
USR-000071,EVT-0013176,2026-06-22 11:15:05.223868,0.6174224276357587,baseline_fallback
SVC-000039,EVT-0013177,2026-06-22 11:16:01.004630,0.3399367172607521,lstm
USR-000164,EVT-0013178,2026-06-22 11:16:10.957764,0.4973886133385156,lstm
USR-000200,EVT-0013179,2026-06-22 11:18:09.845019,0.3078813852999435,lstm
USR-000155,EVT-0013180,2026-06-22 11:18:22.581532,0.5026030447136413,lstm
SVC-000008,EVT-0013181,2026-06-22 11:19:36.169446,0.7008645516344963,lstm
USR-000083,EVT-0013182,2026-06-22 11:20:41.293789,0.6713398005649195,baseline_fallback
SVC-000053,EVT-0013183,2026-06-22 11:21:17.721853,0.3356133306117652,lstm
USR-000205,EVT-0013184,2026-06-22 11:22:15.727072,0.6071165444461089,baseline_fallback
USR-000190,EVT-0013185,2026-06-22 11:23:16.160144,0.2451336793647154,lstm
USR-000110,EVT-0013186,2026-06-22 11:26:05.231609,0.3861473767979448,baseline_fallback
USR-000029,EVT-0013187,2026-06-22 11:26:05.500882,0.2534172953351774,lstm
SVC-000013,EVT-0013188,2026-06-22 11:26:07.163922,0.7686096412698915,lstm
SVC-000039,EVT-0013189,2026-06-22 11:26:16.475061,0.4503920856410733,lstm
SVC-000039,EVT-0013190,2026-06-22 11:27:09.084544,0.5289464217119724,lstm
SVC-000039,EVT-0013191,2026-06-22 11:27:48.673993,0.7147275122371916,lstm
SVC-000050,EVT-0013192,2026-06-22 11:28:08.341202,0.36908841748602883,lstm
USR-000102,EVT-0013193,2026-06-22 11:28:33.017614,0.9995256454531253,lstm
SVC-000034,EVT-0013194,2026-06-22 11:28:54.050651,0.9531719937151965,lstm
SVC-000001,EVT-0013195,2026-06-22 11:29:13.931783,0.3375089738829518,lstm
SVC-000053,EVT-0013196,2026-06-22 11:29:54.621487,0.33630311525412,lstm
SVC-000050,EVT-0013197,2026-06-22 11:30:19.390795,0.8067410380861789,lstm
SVC-000021,EVT-0013198,2026-06-22 11:30:23.334880,0.6255501170973573,lstm
DEV-000022,EVT-0013199,2026-06-22 11:31:00.970185,0.35029438774938737,lstm
SVC-000001,EVT-0013200,2026-06-22 11:31:17.006768,0.6561189573576693,lstm
USR-000118,EVT-0013201,2026-06-22 11:32:03.656759,0.4728881202409588,lstm
USR-000044,EVT-0013202,2026-06-22 11:32:03.868880,0.37191884506226147,lstm
USR-000002,EVT-0013203,2026-06-22 11:32:39.594659,0.7867646619964809,lstm
USR-000058,EVT-0013204,2026-06-22 11:33:21.445653,0.3617857819431713,lstm
USR-000006,EVT-0013205,2026-06-22 11:34:08.278000,0.5695884569001293,lstm
SVC-000021,EVT-0013206,2026-06-22 11:34:18.352769,0.4891869362168067,lstm
USR-000071,EVT-0013207,2026-06-22 11:34:34.850865,0.6130721707211753,baseline_fallback
USR-000191,EVT-0013208,2026-06-22 11:35:37.342686,0.45678614287261177,baseline_fallback
USR-000166,EVT-0013209,2026-06-22 11:35:58.682108,0.4789784729918828,lstm
USR-000138,EVT-0013210,2026-06-22 11:36:08.037257,0.4492462010565728,lstm
USR-000139,EVT-0013211,2026-06-22 11:36:08.082378,0.36207899439666125,lstm
USR-000164,EVT-0013212,2026-06-22 11:36:21.180315,0.36673894691289916,lstm
SVC-000053,EVT-0013213,2026-06-22 11:38:01.188309,0.5133102356938088,lstm
USR-000175,EVT-0013214,2026-06-22 11:38:45.472872,0.9958544798050069,baseline_fallback
SVC-000008,EVT-0013215,2026-06-22 11:39:38.033904,0.4012299832921159,lstm
USR-000127,EVT-0013216,2026-06-22 11:40:27.365844,0.917895443577059,lstm
USR-000110,EVT-0013217,2026-06-22 11:41:30.884490,0.3268958972873051,baseline_fallback
USR-000038,EVT-0013218,2026-06-22 11:42:17.307892,0.3239837670147588,lstm
DEV-000018,EVT-0013219,2026-06-22 11:42:43.676041,0.7781637451034445,lstm
USR-000081,EVT-0013220,2026-06-22 11:43:49.325083,0.38843966710904587,lstm
USR-000004,EVT-0013221,2026-06-22 11:46:59.712629,0.39699914406409215,baseline_fallback
USR-000043,EVT-0013222,2026-06-22 11:50:55.124485,0.326154274410532,baseline_fallback
USR-000042,EVT-0013223,2026-06-22 11:52:21.227524,0.23440546350442693,lstm
DEV-000026,EVT-0013224,2026-06-22 11:52:24.589925,0.5536450772050955,lstm
USR-000151,EVT-0013225,2026-06-22 11:53:06.937800,0.5032649857724215,lstm
SVC-000050,EVT-0013226,2026-06-22 11:53:18.367701,0.2335610554073137,lstm
USR-000006,EVT-0013227,2026-06-22 11:53:32.714327,0.6319346751723377,lstm
SVC-000008,EVT-0013228,2026-06-22 11:56:52.189442,0.4029835287601343,lstm
USR-000096,EVT-0013229,2026-06-22 11:57:13.682457,0.7085635401308781,lstm
USR-000145,EVT-0013230,2026-06-22 11:58:03.618985,0.6557512401064304,baseline_fallback
SVC-000050,EVT-0013231,2026-06-22 11:59:05.313861,0.4784273245035817,lstm
SVC-000050,EVT-0013232,2026-06-22 11:59:39.891577,0.7551574223131469,lstm
USR-000064,EVT-0013233,2026-06-22 12:00:23.563717,0.23639629018188446,lstm
DEV-000011,EVT-0013234,2026-06-22 12:01:24.367276,0.363722300765154,lstm
USR-000120,EVT-0013235,2026-06-22 12:02:40.804257,0.2654681643155423,lstm
USR-000097,EVT-0013236,2026-06-22 12:04:28.679232,0.8658305665074627,lstm
USR-000154,EVT-0013237,2026-06-22 12:04:57.272672,0.3257381136713927,baseline_fallback
SVC-000039,EVT-0013238,2026-06-22 12:05:11.314407,0.42901282696273335,lstm
DEV-000024,EVT-0013239,2026-06-22 12:05:36.675700,0.6165230066018499,lstm
SVC-000039,EVT-0013240,2026-06-22 12:06:03.258771,0.6438253631518465,lstm
SVC-000017,EVT-0013241,2026-06-22 12:06:38.330974,0.9925273952405731,lstm
USR-000190,EVT-0013242,2026-06-22 12:07:41.276074,0.31857143235443997,lstm
USR-000095,EVT-0013243,2026-06-22 12:09:16.135714,0.3536313859918794,lstm
SVC-000039,EVT-0013244,2026-06-22 12:09:18.928760,0.4506775072481077,lstm
USR-000194,EVT-0013245,2026-06-22 12:09:23.758934,0.34785120039447603,lstm
SVC-000021,EVT-0013246,2026-06-22 12:10:01.840479,0.4787420430376029,lstm
SVC-000008,EVT-0013247,2026-06-22 12:11:45.012452,0.3021988435607189,lstm
USR-000195,EVT-0013248,2026-06-22 12:13:11.437898,0.5121686436379334,lstm
USR-000001,EVT-0013249,2026-06-22 12:13:58.845671,0.2564079996916884,lstm
USR-000075,EVT-0013250,2026-06-22 12:14:54.922974,0.36871176924942434,lstm
USR-000053,EVT-0013251,2026-06-22 12:15:27.390266,0.8721090659275308,lstm
SVC-000053,EVT-0013252,2026-06-22 12:16:28.219116,0.410374917602759,lstm
SVC-000034,EVT-0013253,2026-06-22 12:16:40.912450,0.3805893962334526,lstm
SVC-000050,EVT-0013254,2026-06-22 12:17:34.742448,0.34421095367706167,lstm
SVC-000021,EVT-0013255,2026-06-22 12:18:36.840675,0.6552503794255351,lstm
DEV-000006,EVT-0013256,2026-06-22 12:18:44.127242,0.3577136947091634,lstm
DEV-000016,EVT-0013257,2026-06-22 12:19:04.567801,0.5130785984771215,lstm
USR-000153,EVT-0013258,2026-06-22 12:21:54.973231,0.8590667224412952,lstm
SVC-000021,EVT-0013259,2026-06-22 12:24:06.259192,0.3372491632236118,lstm
USR-000038,EVT-0013260,2026-06-22 12:26:09.638475,0.2734969359135137,lstm
DEV-000016,EVT-0013261,2026-06-22 12:27:05.092482,0.700808652217687,lstm
SVC-000021,EVT-0013262,2026-06-22 12:28:26.750706,0.5225331351904267,lstm
SVC-000053,EVT-0013263,2026-06-22 12:28:27.004468,0.4168950741694956,lstm
USR-000055,EVT-0013264,2026-06-22 12:32:08.046450,0.38367301339961773,baseline_fallback
USR-000038,EVT-0013265,2026-06-22 12:32:42.210580,0.3675548386069956,lstm
SVC-000034,EVT-0013266,2026-06-22 12:33:12.102883,0.3696391090769846,lstm
SVC-000001,EVT-0013267,2026-06-22 12:35:53.291414,0.21166668263317734,lstm
USR-000129,EVT-0013268,2026-06-22 12:35:55.078471,0.4057157480340385,lstm
SVC-000017,EVT-0013269,2026-06-22 12:36:10.984332,0.42967465390988535,lstm
USR-000035,EVT-0013270,2026-06-22 12:36:23.139572,0.4282723982204509,lstm
USR-000024,EVT-0013271,2026-06-22 12:37:35.186128,0.36430386244699997,lstm
USR-000021,EVT-0013272,2026-06-22 12:38:13.859122,0.4667420760692848,lstm
USR-000049,EVT-0013273,2026-06-22 12:38:33.302303,0.7277372454345138,lstm
SVC-000021,EVT-0013274,2026-06-22 12:38:52.947993,0.34408306018371404,lstm
USR-000007,EVT-0013275,2026-06-22 12:40:44.176105,0.7155292015439751,baseline_fallback
USR-000115,EVT-0013276,2026-06-22 12:40:45.675183,0.36801476234110514,lstm
SVC-000001,EVT-0013277,2026-06-22 12:40:46.993530,0.3488666232694911,lstm
USR-000195,EVT-0013278,2026-06-22 12:41:40.248057,0.561019577348073,lstm
USR-000146,EVT-0013279,2026-06-22 12:41:42.194160,0.8209437434879678,lstm
SVC-000050,EVT-0013280,2026-06-22 12:42:28.713098,0.25725289398192913,lstm
DEV-000009,EVT-0013281,2026-06-22 12:42:42.556151,0.16804182053683117,lstm
USR-000133,EVT-0013282,2026-06-22 12:42:48.715986,0.30206437112772205,lstm
USR-000143,EVT-0013283,2026-06-22 12:44:03.426965,0.3630064366795673,baseline_fallback
USR-000001,EVT-0013284,2026-06-22 12:44:18.191979,0.2886898993117883,lstm
USR-000101,EVT-0013285,2026-06-22 12:45:02.999280,0.4506311627452013,lstm
SVC-000021,EVT-0013286,2026-06-22 12:45:31.196099,0.5830366209021618,lstm
USR-000029,EVT-0013287,2026-06-22 12:46:00.126667,0.2701045519679751,lstm
SVC-000034,EVT-0013288,2026-06-22 12:46:25.230528,0.3347630777629124,lstm
USR-000035,EVT-0013289,2026-06-22 12:46:27.566349,0.44304466656542246,lstm
SVC-000034,EVT-0013290,2026-06-22 12:48:06.198916,0.6658544463844557,lstm
USR-000145,EVT-0013291,2026-06-22 12:48:10.540714,0.6688666129041023,baseline_fallback
DEV-000010,EVT-0013292,2026-06-22 12:48:18.067226,0.18354410634690146,lstm
USR-000083,EVT-0013293,2026-06-22 12:49:08.694672,0.6311396453824676,baseline_fallback
USR-000055,EVT-0013294,2026-06-22 12:49:24.942846,0.37463791023736515,baseline_fallback
USR-000038,EVT-0013295,2026-06-22 12:49:55.502417,0.25102666810209073,lstm
USR-000050,EVT-0013296,2026-06-22 12:50:27.988678,0.40375303873252655,lstm
USR-000024,EVT-0013297,2026-06-22 12:51:33.463864,0.6010500020572278,lstm
USR-000194,EVT-0013298,2026-06-22 12:52:42.053498,0.2892786708590517,lstm
USR-000184,EVT-0013299,2026-06-22 12:52:58.423498,0.8001977413926523,lstm
SVC-000034,EVT-0013300,2026-06-22 12:53:27.761431,0.44945575404003946,lstm
USR-000103,EVT-0013301,2026-06-22 12:55:41.657184,0.4833762312980452,lstm
USR-000140,EVT-0013302,2026-06-22 12:56:44.703597,0.552238562296836,lstm
USR-000097,EVT-0013303,2026-06-22 12:57:25.350960,0.2674519116725805,lstm
SVC-000034,EVT-0013304,2026-06-22 12:57:31.759320,0.532329754782037,lstm
USR-000056,EVT-0013305,2026-06-22 12:58:06.263473,0.3392712943703593,baseline_fallback
USR-000194,EVT-0013306,2026-06-22 12:58:23.696155,0.384849293031949,lstm
USR-000155,EVT-0013307,2026-06-22 12:58:51.377867,0.44120959204805477,lstm
USR-000130,EVT-0013308,2026-06-22 12:58:56.481017,0.33199591540448803,baseline_fallback
USR-000162,EVT-0013309,2026-06-22 13:00:05.134804,0.4305351471630794,lstm
SVC-000021,EVT-0013310,2026-06-22 13:01:05.659068,0.3957832540760951,lstm
USR-000129,EVT-0013311,2026-06-22 13:02:04.141034,0.31387132906708975,lstm
USR-000024,EVT-0013312,2026-06-22 13:03:24.207923,0.32683740338579875,lstm
USR-000185,EVT-0013313,2026-06-22 13:03:24.361185,0.433491794365783,lstm
USR-000194,EVT-0013314,2026-06-22 13:05:35.940435,0.39345353205938316,lstm
SVC-000053,EVT-0013315,2026-06-22 13:06:24.013279,0.6500115088038207,lstm
SVC-000008,EVT-0013316,2026-06-22 13:06:54.117259,0.32519832866470993,lstm
USR-000073,EVT-0013317,2026-06-22 13:07:16.777044,0.36015049902424484,lstm
USR-000099,EVT-0013318,2026-06-22 13:07:24.961036,0.3200221049677717,lstm
USR-000064,EVT-0013319,2026-06-22 13:07:35.279568,0.23949739233281497,lstm
USR-000099,EVT-0013320,2026-06-22 13:08:02.137555,0.6527560588406106,lstm
SVC-000017,EVT-0013321,2026-06-22 13:08:38.182289,0.32962071563224876,lstm
USR-000137,EVT-0013322,2026-06-22 13:08:40.092177,0.3733966822352349,lstm
SVC-000050,EVT-0013323,2026-06-22 13:09:36.766314,0.539005032533607,lstm
USR-000042,EVT-0013324,2026-06-22 13:10:44.017170,0.33224200494532397,lstm
SVC-000027,EVT-0013325,2026-06-22 13:15:17.938595,0.9850624136257274,lstm
SVC-000021,EVT-0013326,2026-06-22 13:15:43.092567,0.7353808121049488,lstm
USR-000202,EVT-0013327,2026-06-22 13:15:55.254891,0.39605740156177105,baseline_fallback
SVC-000010,EVT-0013328,2026-06-22 13:19:39.907169,0.9947704302823871,lstm
SVC-000001,EVT-0013329,2026-06-22 13:20:39.291895,0.2704192255827326,lstm
SVC-000021,EVT-0013330,2026-06-22 13:21:16.651048,0.5678263093198149,lstm
DEV-000007,EVT-0013331,2026-06-22 13:22:04.648194,0.4602386517587384,lstm
SVC-000049,EVT-0013332,2026-06-22 13:22:23.637115,0.8966679764615911,lstm
SVC-000043,EVT-0013333,2026-06-22 13:22:39.386371,0.9639904838391994,lstm
SVC-000021,EVT-0013334,2026-06-22 13:23:01.531438,0.7055598667450196,lstm
USR-000101,EVT-0013335,2026-06-22 13:23:47.124884,0.29570839344770683,lstm
SVC-000034,EVT-0013336,2026-06-22 13:24:21.968778,0.32489765573478474,lstm
USR-000003,EVT-0013337,2026-06-22 13:24:47.066698,0.5298257956378536,lstm
DEV-000002,EVT-0013338,2026-06-22 13:26:26.207765,0.4479426996376084,lstm
USR-000003,EVT-0013339,2026-06-22 13:26:36.126068,0.691658808207423,lstm
SVC-000017,EVT-0013340,2026-06-22 13:26:56.235046,0.35923653538099176,lstm
SVC-000001,EVT-0013341,2026-06-22 13:27:34.437172,0.36849451481421047,lstm
USR-000196,EVT-0013342,2026-06-22 13:29:34.378567,0.5594229644743559,lstm
USR-000020,EVT-0013343,2026-06-22 13:29:48.316007,0.6525210897984186,baseline_fallback
USR-000143,EVT-0013344,2026-06-22 13:29:53.682718,0.3209241477686587,baseline_fallback
USR-000035,EVT-0013345,2026-06-22 13:31:05.983216,0.31869480482846996,lstm
USR-000034,EVT-0013346,2026-06-22 13:32:07.247625,0.2932082495251248,baseline_fallback
USR-000005,EVT-0013347,2026-06-22 13:33:14.651987,0.3725854250858826,lstm
USR-000115,EVT-0013348,2026-06-22 13:34:11.390892,0.23591007910851503,lstm
SVC-000021,EVT-0013349,2026-06-22 13:34:46.581493,0.4351634338165306,lstm
USR-000035,EVT-0013350,2026-06-22 13:34:50.050990,0.5643040661695832,lstm
SVC-000012,EVT-0013351,2026-06-22 13:35:10.525064,0.969346110469601,lstm
USR-000077,EVT-0013352,2026-06-22 13:35:20.739965,0.8395504928068133,lstm
USR-000018,EVT-0013353,2026-06-22 13:36:17.837234,0.39497812972374435,lstm
USR-000126,EVT-0013354,2026-06-22 13:38:38.745566,0.31951347147685605,lstm
USR-000133,EVT-0013355,2026-06-22 13:39:12.264403,0.26455436479205846,lstm
USR-000030,EVT-0013356,2026-06-22 13:39:38.518209,0.37061506425654767,lstm
USR-000057,EVT-0013357,2026-06-22 13:39:44.775719,0.5009213343324256,lstm
DEV-000007,EVT-0013358,2026-06-22 13:40:00.830393,0.5977902773144755,lstm
USR-000097,EVT-0013359,2026-06-22 13:40:45.248791,0.27457007022425517,lstm
USR-000075,EVT-0013360,2026-06-22 13:41:07.601101,0.3295683969978585,lstm
USR-000024,EVT-0013361,2026-06-22 13:41:43.621175,0.3286617443198896,lstm
USR-000063,EVT-0013362,2026-06-22 13:41:55.717352,0.8861769138130746,baseline_fallback
DEV-000002,EVT-0013363,2026-06-22 13:41:56.037932,0.4034357633322298,lstm
DEV-000011,EVT-0013364,2026-06-22 13:45:55.059496,0.2706990022689704,lstm
USR-000083,EVT-0013365,2026-06-22 13:46:32.235803,0.6464827534474963,baseline_fallback
SVC-000043,EVT-0013366,2026-06-22 13:47:02.242217,0.27142856124018805,lstm
USR-000184,EVT-0013367,2026-06-22 13:48:07.024061,0.46868744298366827,lstm
USR-000063,EVT-0013368,2026-06-22 13:48:18.442667,0.7874687645195382,baseline_fallback
DEV-000015,EVT-0013369,2026-06-22 13:49:06.539107,0.7104743334650537,lstm
SVC-000017,EVT-0013370,2026-06-22 13:49:34.776781,0.5940080470242571,lstm
USR-000023,EVT-0013371,2026-06-22 13:50:32.462081,0.536725517890153,lstm
SVC-000008,EVT-0013372,2026-06-22 13:50:50.394571,0.9269271051561971,lstm
USR-000012,EVT-0013373,2026-06-22 13:52:22.805266,0.7525181656863364,lstm
USR-000068,EVT-0013374,2026-06-22 13:53:09.731978,0.9122524320598847,lstm
USR-000053,EVT-0013375,2026-06-22 13:53:19.312170,0.715079677569962,lstm
USR-000023,EVT-0013376,2026-06-22 13:53:22.463121,0.5335176805837373,lstm
USR-000005,EVT-0013377,2026-06-22 13:54:29.910046,0.4795013717932871,lstm
USR-000071,EVT-0013378,2026-06-22 13:56:39.242386,0.6327676161534715,baseline_fallback
USR-000121,EVT-0013379,2026-06-22 13:57:01.191049,0.4850917712479503,lstm
SVC-000027,EVT-0013380,2026-06-22 13:57:48.758118,0.7353747633228449,lstm
SVC-000008,EVT-0013381,2026-06-22 14:00:14.119569,0.5780673075590883,lstm
SVC-000026,EVT-0013382,2026-06-22 14:00:16.833926,0.9755152451574096,lstm
SVC-000049,EVT-0013383,2026-06-22 14:02:40.200659,0.3635926686870622,lstm
SVC-000022,EVT-0013384,2026-06-22 14:02:59.554506,0.9983369634403426,lstm
SVC-000022,EVT-0013385,2026-06-22 14:03:18.077082,0.9177328366229635,lstm
SVC-000021,EVT-0013386,2026-06-22 14:03:51.584559,0.5830095779164987,lstm
USR-000029,EVT-0013387,2026-06-22 14:04:04.055113,0.26405537905780885,lstm
USR-000116,EVT-0013388,2026-06-22 14:04:42.036142,0.5314206607638793,lstm
USR-000035,EVT-0013389,2026-06-22 14:05:03.924368,0.29394813440921425,lstm
SVC-000022,EVT-0013390,2026-06-22 14:06:31.648453,0.7153857062165719,lstm
SVC-000027,EVT-0013391,2026-06-22 14:06:40.755820,0.49104510693246967,lstm
SVC-000027,EVT-0013392,2026-06-22 14:06:44.648490,0.8489008848583062,lstm
USR-000035,EVT-0013393,2026-06-22 14:07:13.961466,0.5015861435586149,lstm
SVC-000001,EVT-0013394,2026-06-22 14:07:41.314507,0.2999665757344678,lstm
USR-000128,EVT-0013395,2026-06-22 14:08:51.749902,0.9626775997680517,lstm
USR-000139,EVT-0013396,2026-06-22 14:09:21.035306,0.2510285005312008,lstm
SVC-000049,EVT-0013397,2026-06-22 14:10:10.346763,0.5707130731465534,lstm
SVC-000027,EVT-0013398,2026-06-22 14:10:39.983343,0.5937860571610389,lstm
USR-000121,EVT-0013399,2026-06-22 14:11:56.076278,0.5004726336117339,lstm
SVC-000017,EVT-0013400,2026-06-22 14:12:45.134152,0.3217164159825096,lstm
USR-000154,EVT-0013401,2026-06-22 14:13:12.449430,0.7467272933219744,baseline_fallback
SVC-000012,EVT-0013402,2026-06-22 14:13:17.314139,0.27692089392730557,lstm
USR-000151,EVT-0013403,2026-06-22 14:14:31.141319,0.30820806514189625,lstm
SVC-000017,EVT-0013404,2026-06-22 14:14:41.180611,0.7408913838014326,lstm
USR-000196,EVT-0013405,2026-06-22 14:15:05.704204,0.3345720071178752,lstm
USR-000115,EVT-0013406,2026-06-22 14:15:11.182895,0.7784667039535318,lstm
USR-000116,EVT-0013407,2026-06-22 14:15:48.266467,0.6225262868031097,lstm
DEV-000015,EVT-0013408,2026-06-22 14:16:19.690295,0.8242509259140853,lstm
SVC-000028,EVT-0013409,2026-06-22 14:16:30.074856,0.987288941937341,lstm
USR-000143,EVT-0013410,2026-06-22 14:16:30.588461,1.0,lstm
SVC-000001,EVT-0013411,2026-06-22 14:16:55.300949,0.3036895433375901,lstm
USR-000138,EVT-0013412,2026-06-22 14:17:32.412286,0.26840085459447094,lstm
USR-000176,EVT-0013413,2026-06-22 14:19:28.567782,0.8353682785119028,lstm
USR-000197,EVT-0013414,2026-06-22 14:20:11.363667,0.9037858042157155,baseline_fallback
SVC-000022,EVT-0013415,2026-06-22 14:20:12.635925,0.39235414299162497,lstm
USR-000063,EVT-0013416,2026-06-22 14:21:21.059711,0.6213390029035105,baseline_fallback
USR-000143,EVT-0013417,2026-06-22 14:21:38.912338,0.7779748903814977,lstm
USR-000108,EVT-0013418,2026-06-22 14:21:42.996614,0.5729167811964054,lstm
SVC-000027,EVT-0013419,2026-06-22 14:22:23.343553,0.4153505782958296,lstm
USR-000037,EVT-0013420,2026-06-22 14:23:09.567526,0.3282461299628333,lstm
USR-000196,EVT-0013421,2026-06-22 14:24:53.514469,0.3860032771327253,lstm
USR-000038,EVT-0013422,2026-06-22 14:26:12.067875,0.3250240485814788,lstm
USR-000030,EVT-0013423,2026-06-22 14:26:53.588830,0.3476322167672393,lstm
USR-000057,EVT-0013424,2026-06-22 14:27:15.010136,0.4036759714100139,lstm
USR-000081,EVT-0013425,2026-06-22 14:27:17.443155,0.41784983307322343,lstm
SVC-000017,EVT-0013426,2026-06-22 14:29:03.635444,0.33166386366836337,lstm
USR-000127,EVT-0013427,2026-06-22 14:30:02.025512,0.9999999999999916,lstm
SVC-000053,EVT-0013428,2026-06-22 14:30:25.570640,0.8943283607165068,lstm
SVC-000043,EVT-0013429,2026-06-22 14:30:42.135546,0.3291898880718462,lstm
USR-000053,EVT-0013430,2026-06-22 14:31:05.397552,0.805202333961091,lstm
USR-000092,EVT-0013431,2026-06-22 14:31:36.114691,0.5775423838250179,lstm
USR-000195,EVT-0013432,2026-06-22 14:34:08.536611,0.3986854054806513,lstm
USR-000023,EVT-0013433,2026-06-22 14:35:34.444247,0.29680517852832455,lstm
SVC-000027,EVT-0013434,2026-06-22 14:37:17.478394,0.3866280371600665,lstm
USR-000077,EVT-0013435,2026-06-22 14:37:45.183774,0.554091673875847,lstm
USR-000028,EVT-0013436,2026-06-22 14:38:23.911473,0.34049361289385843,lstm
SVC-000012,EVT-0013437,2026-06-22 14:39:27.775739,0.41985376886799625,lstm
SVC-000028,EVT-0013438,2026-06-22 14:39:50.895851,0.4191039641801231,lstm
DEV-000009,EVT-0013439,2026-06-22 14:43:01.228012,0.12149937821375792,lstm
USR-000174,EVT-0013440,2026-06-22 14:43:02.866019,0.41262359753575906,baseline_fallback
SVC-000017,EVT-0013441,2026-06-22 14:43:22.307434,0.48666139910496964,lstm
SVC-000027,EVT-0013442,2026-06-22 14:46:51.331481,0.3962399073496193,lstm
USR-000196,EVT-0013443,2026-06-22 14:46:56.925436,0.36640219234691185,lstm
USR-000108,EVT-0013444,2026-06-22 14:49:26.593957,0.4999469115569434,lstm
SVC-000012,EVT-0013445,2026-06-22 14:50:31.040971,0.3781146161712585,lstm
SVC-000027,EVT-0013446,2026-06-22 14:52:03.143094,0.478610680816519,lstm
SVC-000026,EVT-0013447,2026-06-22 14:52:07.043369,0.7184411540597967,lstm
USR-000044,EVT-0013448,2026-06-22 14:53:38.149942,0.347827592254102,lstm
USR-000097,EVT-0013449,2026-06-22 14:53:58.964685,0.3147426286944388,lstm
SVC-000027,EVT-0013450,2026-06-22 14:54:05.518607,0.7126489785628715,lstm
USR-000044,EVT-0013451,2026-06-22 14:54:09.682355,0.625347536715607,lstm
SVC-000033,EVT-0013452,2026-06-22 14:54:12.278503,0.9627662926996091,lstm
SVC-000012,EVT-0013453,2026-06-22 14:54:17.080706,0.4831437239607517,lstm
USR-000037,EVT-0013454,2026-06-22 14:54:51.614518,0.26316837172748697,lstm
SVC-000027,EVT-0013455,2026-06-22 14:55:22.744262,0.6160334150512974,lstm
USR-000005,EVT-0013456,2026-06-22 14:55:53.716504,0.46770632944846596,lstm
SVC-000028,EVT-0013457,2026-06-22 14:56:12.962024,0.5671267738586806,lstm
SVC-000026,EVT-0013458,2026-06-22 14:57:06.111096,0.5423019363284399,lstm
USR-000083,EVT-0013459,2026-06-22 14:57:14.935336,0.6625043960883141,baseline_fallback
USR-000137,EVT-0013460,2026-06-22 14:57:32.104230,0.4864653412760375,lstm
USR-000174,EVT-0013461,2026-06-22 15:00:15.860134,0.45598310482429694,baseline_fallback
USR-000028,EVT-0013462,2026-06-22 15:00:20.280473,0.3585267945464784,lstm
USR-000038,EVT-0013463,2026-06-22 15:00:26.963104,0.31806583544838046,lstm
USR-000003,EVT-0013464,2026-06-22 15:02:12.884018,0.3848059041698025,lstm
USR-000170,EVT-0013465,2026-06-22 15:02:55.253865,0.40292080078151565,lstm
SVC-000017,EVT-0013466,2026-06-22 15:03:10.195913,0.569242985961878,lstm
USR-000004,EVT-0013467,2026-06-22 15:03:50.674203,0.3659586129942204,baseline_fallback
SVC-000027,EVT-0013468,2026-06-22 15:07:05.979280,0.6763103961617467,lstm
DEV-000018,EVT-0013469,2026-06-22 15:07:14.437510,0.22002770069345182,lstm
SVC-000012,EVT-0013470,2026-06-22 15:10:05.824445,0.35142247252527165,lstm
SVC-000033,EVT-0013471,2026-06-22 15:12:08.879926,0.6476990619700911,lstm
SVC-000027,EVT-0013472,2026-06-22 15:15:03.218591,0.37650856377529074,lstm
USR-000014,EVT-0013473,2026-06-22 15:15:21.000000,0.3602614386823725,baseline_fallback
USR-000075,EVT-0013474,2026-06-22 15:16:26.583504,0.24058652499150815,lstm
SVC-000036,EVT-0013475,2026-06-22 15:16:37.946667,0.9997502448651354,lstm
USR-000152,EVT-0013476,2026-06-22 15:16:50.795839,0.5353946730544238,lstm
USR-000055,EVT-0013477,2026-06-22 15:18:19.829928,0.42918591159645747,baseline_fallback
SVC-000012,EVT-0013478,2026-06-22 15:18:36.501060,0.3985303578950712,lstm
DEV-000004,EVT-0013479,2026-06-22 15:19:23.473484,0.8478262265429258,lstm
SVC-000012,EVT-0013480,2026-06-22 15:20:59.860617,0.5398073991791806,lstm
SVC-000036,EVT-0013481,2026-06-22 15:22:03.520153,0.9118475330746888,lstm
SVC-000017,EVT-0013482,2026-06-22 15:22:13.589156,0.8794275322230455,lstm
SVC-000012,EVT-0013483,2026-06-22 15:22:14.246448,0.5964245899696398,lstm
USR-000012,EVT-0013484,2026-06-22 15:22:47.673964,0.5004549581281393,lstm
SVC-000049,EVT-0013485,2026-06-22 15:23:34.034095,0.321904387796679,lstm
USR-000056,EVT-0013486,2026-06-22 15:23:43.095505,0.9093385756528165,lstm
SVC-000027,EVT-0013487,2026-06-22 15:23:56.063142,0.4774279816641853,lstm
USR-000192,EVT-0013488,2026-06-22 15:24:15.375930,0.7345569357392843,lstm
DEV-000006,EVT-0013489,2026-06-22 15:25:53.685481,0.4529383782900516,lstm
USR-000176,EVT-0013490,2026-06-22 15:26:10.915000,0.6258542844712899,lstm
DEV-000014,EVT-0013491,2026-06-22 15:27:39.845893,0.6903331536640966,lstm
USR-000185,EVT-0013492,2026-06-22 15:28:28.729692,0.264795875191522,lstm
SVC-000036,EVT-0013493,2026-06-22 15:29:30.713129,0.6699963600517841,lstm
SVC-000001,EVT-0013494,2026-06-22 15:29:35.671497,0.5286529679020917,lstm
USR-000028,EVT-0013495,2026-06-22 15:29:41.708965,0.45184786497472695,lstm
DEV-000006,EVT-0013496,2026-06-22 15:30:09.566941,0.8006760552842487,lstm
DEV-000007,EVT-0013497,2026-06-22 15:30:26.965895,0.2735662061587722,lstm
DEV-000020,EVT-0013498,2026-06-22 15:31:52.721871,0.5427505122167362,lstm
USR-000044,EVT-0013499,2026-06-22 15:32:23.780425,0.28870396856829694,lstm
USR-000187,EVT-0013500,2026-06-22 15:33:10.230622,0.8857404587130187,lstm
USR-000064,EVT-0013501,2026-06-22 15:33:50.779258,0.3796816569598916,lstm
SVC-000026,EVT-0013502,2026-06-22 15:34:11.661102,0.8521344439010055,lstm
USR-000003,EVT-0013503,2026-06-22 15:36:11.388069,0.33670967163186044,lstm
DEV-000024,EVT-0013504,2026-06-22 15:36:45.243000,0.12592162634107912,lstm
SVC-000010,EVT-0013505,2026-06-22 15:38:20.806878,0.6552859096555824,lstm
SVC-000038,EVT-0013506,2026-06-22 15:39:57.466205,0.9893024162198379,lstm
SVC-000026,EVT-0013507,2026-06-22 15:39:59.787033,0.4666649222128637,lstm
USR-000002,EVT-0013508,2026-06-22 15:40:00.527702,0.5889396455272031,lstm
USR-000110,EVT-0013509,2026-06-22 15:40:23.007515,0.4310059694818544,baseline_fallback
SVC-000027,EVT-0013510,2026-06-22 15:43:02.755120,0.4508928417948404,lstm
DEV-000009,EVT-0013511,2026-06-22 15:47:10.020873,0.1274258929082157,lstm
USR-000012,EVT-0013512,2026-06-22 15:47:55.224993,0.4771400326560168,lstm
USR-000126,EVT-0013513,2026-06-22 15:48:13.941731,0.39984475293371896,lstm
SVC-000027,EVT-0013514,2026-06-22 15:49:39.142457,0.6298042734502357,lstm
USR-000064,EVT-0013515,2026-06-22 15:50:27.517574,1.0,lstm
USR-000175,EVT-0013516,2026-06-22 15:52:39.227605,0.9876789342337571,baseline_fallback
SVC-000038,EVT-0013517,2026-06-22 15:53:33.856353,0.7180836654947373,lstm
USR-000075,EVT-0013518,2026-06-22 15:53:46.272489,0.2419675127869127,lstm
SVC-000012,EVT-0013519,2026-06-22 15:54:26.445130,0.3507332528333002,lstm
USR-000037,EVT-0013520,2026-06-22 15:56:50.556525,0.2632242481019917,lstm
USR-000146,EVT-0013521,2026-06-22 15:57:01.174752,0.4872188771861474,lstm
SVC-000010,EVT-0013522,2026-06-22 15:58:18.653050,0.3823364641998213,lstm
USR-000202,EVT-0013523,2026-06-22 15:58:52.449749,0.4043148503036962,baseline_fallback
SVC-000026,EVT-0013524,2026-06-22 15:59:15.640447,0.6023574598631622,lstm
SVC-000026,EVT-0013525,2026-06-22 15:59:23.530001,0.8988271701701925,lstm
SVC-000027,EVT-0013526,2026-06-22 16:01:03.251107,0.6278086643559714,lstm
SVC-000036,EVT-0013527,2026-06-22 16:01:08.403487,0.8443970332778176,lstm
USR-000084,EVT-0013528,2026-06-22 16:04:16.240949,0.8116953694412284,lstm
USR-000140,EVT-0013529,2026-06-22 16:04:29.438233,0.337902175804055,lstm
USR-000185,EVT-0013530,2026-06-22 16:05:19.785824,0.3077824976240863,lstm
SVC-000029,EVT-0013531,2026-06-22 16:05:45.416492,0.9979769421308787,lstm
USR-000075,EVT-0013532,2026-06-22 16:06:16.721082,0.2824193815801047,lstm
DEV-000012,EVT-0013533,2026-06-22 16:09:01.781114,0.3597286015300037,lstm
USR-000154,EVT-0013534,2026-06-22 16:10:05.107125,0.7953282145918561,lstm
DEV-000009,EVT-0013535,2026-06-22 16:10:50.641267,0.14214341199264136,lstm
USR-000146,EVT-0013536,2026-06-22 16:11:06.461322,0.4755715449143211,lstm
SVC-000026,EVT-0013537,2026-06-22 16:11:18.238437,0.32250216597230735,lstm
USR-000028,EVT-0013538,2026-06-22 16:12:01.746731,0.5051546824962984,lstm
SVC-000029,EVT-0013539,2026-06-22 16:14:55.938693,0.6601897330726645,lstm
USR-000127,EVT-0013540,2026-06-22 16:15:31.915797,0.9414393293926887,lstm
SVC-000049,EVT-0013541,2026-06-22 16:15:53.430454,0.3547976696143036,lstm
SVC-000033,EVT-0013542,2026-06-22 16:16:52.882992,0.374156905170805,lstm
DEV-000025,EVT-0013543,2026-06-22 16:17:19.233643,0.7789933219734924,lstm
USR-000028,EVT-0013544,2026-06-22 16:17:31.824990,0.6456019978716764,lstm
SVC-000029,EVT-0013545,2026-06-22 16:20:45.207543,0.6147933088225206,lstm
USR-000068,EVT-0013546,2026-06-22 16:22:46.191413,0.745239467752195,lstm
SVC-000036,EVT-0013547,2026-06-22 16:22:50.561378,0.8267201417852453,lstm
SVC-000036,EVT-0013548,2026-06-22 16:23:29.405802,0.8039720058207867,lstm
USR-000053,EVT-0013549,2026-06-22 16:23:40.748087,1.0,lstm
USR-000129,EVT-0013550,2026-06-22 16:23:53.672999,0.320195610083802,lstm
SVC-000036,EVT-0013551,2026-06-22 16:25:33.753742,0.47268786717388206,lstm
DEV-000016,EVT-0013552,2026-06-22 16:30:11.326427,0.6960912223598682,lstm
USR-000202,EVT-0013553,2026-06-22 16:34:01.792379,0.5098831543597317,baseline_fallback
USR-000003,EVT-0013554,2026-06-22 16:34:07.284859,0.2616770519031975,lstm
USR-000012,EVT-0013555,2026-06-22 16:34:41.636117,0.47183076993585704,lstm
SVC-000049,EVT-0013556,2026-06-22 16:35:32.123377,0.5030807258818036,lstm
SVC-000038,EVT-0013557,2026-06-22 16:37:44.088032,0.7014667342872337,lstm
DEV-000011,EVT-0013558,2026-06-22 16:37:56.439741,0.3008488215899379,lstm
USR-000149,EVT-0013559,2026-06-22 16:38:32.697315,0.5662462446930708,lstm
SVC-000049,EVT-0013560,2026-06-22 16:39:06.425329,0.7810303116940647,lstm
USR-000075,EVT-0013561,2026-06-22 16:39:12.011888,0.25565751981772084,lstm
USR-000174,EVT-0013562,2026-06-22 16:40:41.364773,0.42580483132880503,baseline_fallback
USR-000110,EVT-0013563,2026-06-22 16:42:13.791829,0.8660997652243223,lstm
DEV-000006,EVT-0013564,2026-06-22 16:46:22.566430,0.3971582505437248,lstm
USR-000002,EVT-0013565,2026-06-22 16:50:04.377305,0.8197506691297101,lstm
SVC-000026,EVT-0013566,2026-06-22 16:50:29.668939,0.27798212678240863,lstm
SVC-000026,EVT-0013567,2026-06-22 16:50:52.745222,0.7148702063493778,lstm
SVC-000044,EVT-0013568,2026-06-22 16:51:03.758313,0.9441016659586622,lstm
SVC-000033,EVT-0013569,2026-06-22 16:51:35.073040,0.4122108972670152,lstm
USR-000185,EVT-0013570,2026-06-22 16:52:49.554548,0.29782108416432207,lstm
SVC-000026,EVT-0013571,2026-06-22 16:54:37.830180,0.43618431435170746,lstm
DEV-000008,EVT-0013572,2026-06-22 16:56:02.276935,0.8679688632437087,lstm
SVC-000050,EVT-0013573,2026-06-22 16:58:27.975562,0.9387477091725358,lstm
SVC-000023,EVT-0013574,2026-06-22 16:58:47.541438,0.9304150346801305,lstm
SVC-000038,EVT-0013575,2026-06-22 17:01:55.249744,0.49505434520824254,lstm
SVC-000033,EVT-0013576,2026-06-22 17:04:49.999308,0.6365189080173845,lstm
DEV-000018,EVT-0013577,2026-06-22 17:05:21.769885,0.11318466879719871,lstm
SVC-000026,EVT-0013578,2026-06-22 17:06:46.205659,0.6034475730823771,lstm
USR-000146,EVT-0013579,2026-06-22 17:07:37.440018,0.4060360763920995,lstm
DEV-000026,EVT-0013580,2026-06-22 17:10:22.853816,0.26008637449009187,lstm
USR-000195,EVT-0013581,2026-06-22 17:11:12.309738,0.4592663099123708,lstm
SVC-000010,EVT-0013582,2026-06-22 17:12:13.764846,0.4522388824559843,lstm
USR-000129,EVT-0013583,2026-06-22 17:14:12.879920,0.3999237002781435,lstm
USR-000097,EVT-0013584,2026-06-22 17:15:04.608820,0.32484234798034267,lstm
USR-000100,EVT-0013585,2026-06-22 17:15:15.356051,0.5411085080173211,baseline_fallback
USR-000012,EVT-0013586,2026-06-22 17:15:33.802560,0.3103549002445563,lstm
DEV-000002,EVT-0013587,2026-06-22 17:17:33.197133,0.35018676752261163,lstm
SVC-000029,EVT-0013588,2026-06-22 17:17:59.389375,0.5426862103213694,lstm
USR-000030,EVT-0013589,2026-06-22 17:19:57.885632,0.48353303270812326,lstm
SVC-000033,EVT-0013590,2026-06-22 17:22:53.740764,0.3793225242514481,lstm
SVC-000010,EVT-0013591,2026-06-22 17:25:35.718636,0.394573197356725,lstm
USR-000057,EVT-0013592,2026-06-22 17:25:45.426985,0.41577825112983924,lstm
USR-000092,EVT-0013593,2026-06-22 17:28:01.174724,0.4563694907500722,lstm
SVC-000033,EVT-0013594,2026-06-22 17:28:31.426406,0.47275989274945146,lstm
DEV-000022,EVT-0013595,2026-06-22 17:28:45.562824,0.7140466642762315,lstm
DEV-000008,EVT-0013596,2026-06-22 17:29:14.944243,0.7843312725942545,lstm
SVC-000060,EVT-0013597,2026-06-22 17:29:35.593175,0.9920397507452994,lstm
SVC-000049,EVT-0013598,2026-06-22 17:30:40.547507,0.5186354004087825,lstm
SVC-000037,EVT-0013599,2026-06-22 17:31:21.683293,0.9964540690524979,lstm
USR-000018,EVT-0013600,2026-06-22 17:32:34.944354,0.2831200561448023,lstm
SVC-000023,EVT-0013601,2026-06-22 17:33:22.478581,0.4585266431805355,lstm
SVC-000010,EVT-0013602,2026-06-22 17:33:24.389668,0.3283990269997645,lstm
USR-000089,EVT-0013603,2026-06-22 17:33:31.063178,0.39627015591312176,lstm
USR-000149,EVT-0013604,2026-06-22 17:33:40.324366,0.7141429079843195,lstm
SVC-000005,EVT-0013605,2026-06-22 17:34:04.291565,0.966118549744481,lstm
USR-000066,EVT-0013606,2026-06-22 17:34:30.706221,0.41459988926179503,lstm
SVC-000026,EVT-0013607,2026-06-22 17:34:41.119421,0.36172782118848384,lstm
SVC-000049,EVT-0013608,2026-06-22 17:35:04.524006,0.8121905038522395,lstm
USR-000115,EVT-0013609,2026-06-22 17:35:20.302974,0.4144355370166936,lstm
USR-000092,EVT-0013610,2026-06-22 17:39:02.936180,0.4132767942602526,lstm
SVC-000026,EVT-0013611,2026-06-22 17:41:35.386716,0.3590724010253444,lstm
SVC-000037,EVT-0013612,2026-06-22 17:41:58.455450,0.6047638742599356,lstm
SVC-000038,EVT-0013613,2026-06-22 17:43:33.822554,0.7011679462272241,lstm
USR-000068,EVT-0013614,2026-06-22 17:44:03.637222,0.6840460211032875,lstm
USR-000012,EVT-0013615,2026-06-22 17:45:24.273594,0.55584932186124,lstm
USR-000003,EVT-0013616,2026-06-22 17:46:07.649985,0.346367240180764,lstm
USR-000014,EVT-0013617,2026-06-22 17:48:47.602645,0.5124475731424791,baseline_fallback
SVC-000033,EVT-0013618,2026-06-22 17:49:59.418359,0.45334638293090573,lstm
SVC-000029,EVT-0013619,2026-06-22 17:50:47.867090,0.5153373476230252,lstm
SVC-000037,EVT-0013620,2026-06-22 17:52:27.181318,0.36094910844773404,lstm
DEV-000005,EVT-0013621,2026-06-22 17:53:41.069187,0.6779861532817646,lstm
USR-000152,EVT-0013622,2026-06-22 17:55:37.505562,0.38728365991909386,lstm
SVC-000037,EVT-0013623,2026-06-22 17:57:14.273798,0.569083625385198,lstm
SVC-000010,EVT-0013624,2026-06-22 17:57:52.638209,0.46423712430018726,lstm
USR-000104,EVT-0013625,2026-06-22 17:58:05.351608,0.44551679204965366,baseline_fallback
SVC-000010,EVT-0013626,2026-06-22 18:00:16.713320,0.5585572907253046,lstm
USR-000192,EVT-0013627,2026-06-22 18:01:29.335073,0.5934437750481724,lstm
DEV-000001,EVT-0013628,2026-06-22 18:04:06.500644,0.9296233963261596,lstm
USR-000032,EVT-0013629,2026-06-22 18:07:25.538380,0.809541595193923,baseline_fallback
SVC-000038,EVT-0013630,2026-06-22 18:07:54.692060,0.5149299649680271,lstm
SVC-000052,EVT-0013631,2026-06-22 18:09:12.154966,0.981781501660157,lstm
SVC-000033,EVT-0013632,2026-06-22 18:10:09.626065,0.3733185384021701,lstm
USR-000003,EVT-0013633,2026-06-22 18:12:19.424006,0.4742966292724697,lstm
SVC-000026,EVT-0013634,2026-06-22 18:14:44.008054,0.37198429223018425,lstm
USR-000184,EVT-0013635,2026-06-22 18:15:10.794308,0.7791937535862449,lstm
USR-000196,EVT-0013636,2026-06-22 18:16:32.673435,0.5134586434306634,lstm
SVC-000023,EVT-0013637,2026-06-22 18:17:15.610639,0.3612986478170721,lstm
SVC-000004,EVT-0013638,2026-06-22 18:18:19.148142,0.980965599961337,lstm
USR-000152,EVT-0013639,2026-06-22 18:23:50.475324,0.3680330505651879,lstm
SVC-000052,EVT-0013640,2026-06-22 18:24:35.655142,0.3513382313285874,lstm
USR-000005,EVT-0013641,2026-06-22 18:30:52.944995,0.6816027520731185,lstm
SVC-000052,EVT-0013642,2026-06-22 18:35:55.353055,0.3589212464214357,lstm
USR-000185,EVT-0013643,2026-06-22 18:37:27.642373,0.23861686997658918,lstm
USR-000073,EVT-0013644,2026-06-22 18:38:31.149348,0.28859888725670246,lstm
SVC-000057,EVT-0013645,2026-06-22 18:40:27.438391,0.9278651166999831,lstm
SVC-000033,EVT-0013646,2026-06-22 18:46:58.155552,0.49138026720070255,lstm
SVC-000052,EVT-0013647,2026-06-22 18:48:57.726221,0.2953886239341763,lstm
SVC-000044,EVT-0013648,2026-06-22 18:51:27.968264,0.5460562279926942,lstm
SVC-000037,EVT-0013649,2026-06-22 18:52:31.734441,0.9199134422452214,lstm
DEV-000012,EVT-0013650,2026-06-22 18:54:05.969624,0.3069965465161221,lstm
SVC-000006,EVT-0013651,2026-06-22 18:54:11.091791,0.9821509702011058,lstm
DEV-000018,EVT-0013652,2026-06-22 18:55:34.559562,0.4062810643809362,lstm
USR-000185,EVT-0013653,2026-06-22 18:56:11.519804,0.30900031005064765,lstm
DEV-000003,EVT-0013654,2026-06-22 18:56:28.188178,0.4161176798315695,lstm
SVC-000037,EVT-0013655,2026-06-22 19:00:03.451775,0.487100835575275,lstm
SVC-000004,EVT-0013656,2026-06-22 19:02:59.925793,0.4732095041987687,lstm
DEV-000011,EVT-0013657,2026-06-22 19:04:13.233359,0.3467342871837024,lstm
SVC-000033,EVT-0013658,2026-06-22 19:05:11.159770,0.5573551076980057,lstm
SVC-000060,EVT-0013659,2026-06-22 19:07:30.512706,0.3875399070941902,lstm
USR-000075,EVT-0013660,2026-06-22 19:07:35.971885,0.2706926134065564,lstm
SVC-000037,EVT-0013661,2026-06-22 19:12:26.579634,0.4274647298332375,lstm
SVC-000023,EVT-0013662,2026-06-22 19:14:51.746272,0.3329178996022829,lstm
SVC-000044,EVT-0013663,2026-06-22 19:16:18.484398,0.37902340383504146,lstm
DEV-000020,EVT-0013664,2026-06-22 19:16:33.011733,0.36854870893833025,lstm
SVC-000006,EVT-0013665,2026-06-22 19:17:35.554355,0.355748643698367,lstm
SVC-000006,EVT-0013666,2026-06-22 19:21:02.491494,0.735688678919611,lstm
SVC-000057,EVT-0013667,2026-06-22 19:21:16.823836,0.3614562342738684,lstm
USR-000061,EVT-0013668,2026-06-22 19:21:54.316804,0.8420094435037155,lstm
SVC-000060,EVT-0013669,2026-06-22 19:22:33.008607,0.36923699711696656,lstm
SVC-000004,EVT-0013670,2026-06-22 19:22:42.908959,0.33751807997464733,lstm
SVC-000052,EVT-0013671,2026-06-22 19:23:46.225237,0.2225503942498168,lstm
SVC-000006,EVT-0013672,2026-06-22 19:26:29.572557,0.7052016495987901,lstm
SVC-000006,EVT-0013673,2026-06-22 19:26:56.757759,0.6319487346244221,lstm
SVC-000044,EVT-0013674,2026-06-22 19:27:28.582797,0.4439866455504965,lstm
SVC-000006,EVT-0013675,2026-06-22 19:28:50.132098,0.38736415309855715,lstm
DEV-000020,EVT-0013676,2026-06-22 19:32:26.475355,0.5326515524652553,lstm
SVC-000057,EVT-0013677,2026-06-22 19:35:18.693846,0.3619385442093736,lstm
SVC-000037,EVT-0013678,2026-06-22 19:37:45.000226,0.5298241170571952,lstm
SVC-000004,EVT-0013679,2026-06-22 19:39:29.368444,0.2667135710465592,lstm
SVC-000044,EVT-0013680,2026-06-22 19:41:00.759826,0.5238201880891666,lstm
SVC-000037,EVT-0013681,2026-06-22 19:43:54.772909,0.8047338268280652,lstm
SVC-000048,EVT-0013682,2026-06-22 19:45:41.032747,0.9156894412037762,lstm
SVC-000052,EVT-0013683,2026-06-22 19:49:14.656248,0.3459993657831139,lstm
SVC-000057,EVT-0013684,2026-06-22 19:54:27.677409,0.28110676038912946,lstm
SVC-000004,EVT-0013685,2026-06-22 19:56:45.684782,0.3152480588993289,lstm
USR-000056,EVT-0013686,2026-06-22 19:57:47.853976,0.809310225639706,lstm
SVC-000061,EVT-0013687,2026-06-22 20:00:19.294249,0.9806101170060811,lstm
SVC-000060,EVT-0013688,2026-06-22 20:01:24.313938,0.4137490308999246,lstm
USR-000005,EVT-0013689,2026-06-22 20:02:38.961098,0.5177812566473068,lstm
SVC-000061,EVT-0013690,2026-06-22 20:02:45.164920,0.7174192106412761,lstm
SVC-000006,EVT-0013691,2026-06-22 20:02:50.674959,0.3880153681169177,lstm
SVC-000026,EVT-0013692,2026-06-22 20:04:27.417712,0.7768174399323542,lstm
SVC-000004,EVT-0013693,2026-06-22 20:04:55.904792,0.3468693896919595,lstm
SVC-000006,EVT-0013694,2026-06-22 20:05:11.118632,0.5755716344129095,lstm
DEV-000007,EVT-0013695,2026-06-22 20:07:21.817001,0.4241769512957695,lstm
SVC-000033,EVT-0013696,2026-06-22 20:09:30.703033,0.5898195927103032,lstm
SVC-000048,EVT-0013697,2026-06-22 20:10:12.118233,0.26775686538041177,lstm
SVC-000058,EVT-0013698,2026-06-22 20:10:13.395103,0.9404605483370493,lstm
SVC-000060,EVT-0013699,2026-06-22 20:10:18.611125,0.6405931016701463,lstm
DEV-000022,EVT-0013700,2026-06-22 20:10:50.053397,0.6338196538406674,lstm
SVC-000052,EVT-0013701,2026-06-22 20:13:03.785940,0.2563696048455445,lstm
DEV-000017,EVT-0013702,2026-06-22 20:14:54.928624,0.4216705730806803,lstm
SVC-000061,EVT-0013703,2026-06-22 20:20:20.601410,0.36858980924297413,lstm
SVC-000061,EVT-0013704,2026-06-22 20:20:41.557608,0.5750597037324142,lstm
SVC-000004,EVT-0013705,2026-06-22 20:22:18.347524,0.30864433057098156,lstm
SVC-000052,EVT-0013706,2026-06-22 20:25:35.904451,0.4880732885497607,lstm
SVC-000061,EVT-0013707,2026-06-22 20:29:34.631585,0.5349939722433721,lstm
DEV-000026,EVT-0013708,2026-06-22 20:29:54.109810,0.2330959905929286,lstm
SVC-000035,EVT-0013709,2026-06-22 20:34:24.735400,0.9758769461122105,lstm
DEV-000004,EVT-0013710,2026-06-22 20:34:54.116038,0.8336626528093214,lstm
DEV-000018,EVT-0013711,2026-06-22 20:35:12.610948,0.2246313091345223,lstm
SVC-000061,EVT-0013712,2026-06-22 20:37:53.436890,0.6350180744619061,lstm
SVC-000061,EVT-0013713,2026-06-22 20:40:46.774671,0.5007334138422149,lstm
USR-000037,EVT-0013714,2026-06-22 20:40:53.705073,0.35486694259747936,lstm
SVC-000004,EVT-0013715,2026-06-22 20:48:46.323970,0.2547588612412649,lstm
SVC-000060,EVT-0013716,2026-06-22 20:51:06.085162,0.8359549055920877,lstm
SVC-000061,EVT-0013717,2026-06-22 20:52:19.375236,0.6027714586282646,lstm
USR-000156,EVT-0013718,2026-06-22 20:54:39.069786,0.9999999991580204,lstm
USR-000156,EVT-0013719,2026-06-22 20:58:12.591796,0.9999999999929605,lstm
USR-000146,EVT-0013720,2026-06-22 21:04:59.713743,0.5475409581275106,lstm
SVC-000058,EVT-0013721,2026-06-22 21:08:09.408572,0.3652965018644936,lstm
SVC-000060,EVT-0013722,2026-06-22 21:08:34.283405,0.454795589756285,lstm
SVC-000048,EVT-0013723,2026-06-22 21:10:29.741364,0.34230581603312654,lstm
USR-000149,EVT-0013724,2026-06-22 21:10:40.200797,0.9007965092785601,lstm
SVC-000003,EVT-0013725,2026-06-22 21:14:33.982653,0.9996965125316842,lstm
SVC-000061,EVT-0013726,2026-06-22 21:15:15.200064,0.2603127768299691,lstm
DEV-000012,EVT-0013727,2026-06-22 21:15:49.622011,0.32193386315067674,lstm
DEV-000011,EVT-0013728,2026-06-22 21:20:48.708528,0.37484861268523983,lstm
SVC-000025,EVT-0013729,2026-06-22 21:20:59.031214,0.9603870208371025,lstm
SVC-000058,EVT-0013730,2026-06-22 21:26:45.856555,0.27967270358699514,lstm
SVC-000054,EVT-0013731,2026-06-22 21:27:59.745796,0.9793024266994608,lstm
SVC-000047,EVT-0013732,2026-06-22 21:28:48.309594,0.9340722362104719,lstm
SVC-000058,EVT-0013733,2026-06-22 21:29:01.218523,0.49436346044770024,lstm
SVC-000003,EVT-0013734,2026-06-22 21:30:39.092038,0.8055406108927877,lstm
SVC-000058,EVT-0013735,2026-06-22 21:31:31.364254,0.40455117221521664,lstm
SVC-000044,EVT-0013736,2026-06-22 21:33:09.781952,0.5918444535560435,lstm
DEV-000016,EVT-0013737,2026-06-22 21:34:29.038172,0.7050359987130566,lstm
SVC-000025,EVT-0013738,2026-06-22 21:34:48.932956,0.8255117555232104,lstm
SVC-000048,EVT-0013739,2026-06-22 21:38:33.030441,0.2608731661402209,lstm
SVC-000048,EVT-0013740,2026-06-22 21:39:41.453926,0.5465184859389893,lstm
DEV-000017,EVT-0013741,2026-06-22 21:41:07.972385,0.34024802573540763,lstm
SVC-000004,EVT-0013742,2026-06-22 21:41:32.409291,0.3864053327996969,lstm
SVC-000052,EVT-0013743,2026-06-22 21:42:22.012430,0.4008676656592131,lstm
SVC-000003,EVT-0013744,2026-06-22 21:44:22.747420,0.6352377425053058,lstm
DEV-000005,EVT-0013745,2026-06-22 21:45:40.960881,0.3162539544080723,lstm
SVC-000048,EVT-0013746,2026-06-22 21:46:45.055640,0.5705251442286987,lstm
SVC-000054,EVT-0013747,2026-06-22 21:46:45.781153,0.4635212804653895,lstm
SVC-000054,EVT-0013748,2026-06-22 21:46:54.357947,0.7636556418445084,lstm
SVC-000054,EVT-0013749,2026-06-22 21:47:15.353069,0.5060933046678351,lstm
SVC-000045,EVT-0013750,2026-06-22 21:48:04.640422,0.9749495144989759,lstm
SVC-000054,EVT-0013751,2026-06-22 21:49:13.946195,0.300841138148711,lstm
SVC-000025,EVT-0013752,2026-06-22 21:54:16.640499,0.3720057407968898,lstm
SVC-000045,EVT-0013753,2026-06-22 21:54:58.933723,0.48542714918751045,lstm
SVC-000045,EVT-0013754,2026-06-22 21:55:56.276522,0.7670923813472038,lstm
SVC-000003,EVT-0013755,2026-06-22 22:02:16.579794,0.5253429749413742,lstm
SVC-000054,EVT-0013756,2026-06-22 22:03:00.608541,0.33083203057177796,lstm
SVC-000058,EVT-0013757,2026-06-22 22:04:39.251705,0.3128121792123467,lstm
SVC-000025,EVT-0013758,2026-06-22 22:05:51.648041,0.3759734421283779,lstm
SVC-000003,EVT-0013759,2026-06-22 22:05:55.269539,0.7228071324078146,lstm
SVC-000003,EVT-0013760,2026-06-22 22:08:20.287634,0.7858404734080231,lstm
SVC-000002,EVT-0013761,2026-06-22 22:09:14.166262,0.9798266362307858,lstm
SVC-000048,EVT-0013762,2026-06-22 22:10:21.680126,0.4308362337918865,lstm
SVC-000052,EVT-0013763,2026-06-22 22:10:33.688393,0.521463186690251,lstm
SVC-000025,EVT-0013764,2026-06-22 22:10:47.483066,0.47645254708636064,lstm
SVC-000058,EVT-0013765,2026-06-22 22:11:05.772846,0.38768152887070795,lstm
SVC-000025,EVT-0013766,2026-06-22 22:11:31.635562,0.7638525116036866,lstm
SVC-000048,EVT-0013767,2026-06-22 22:16:28.430627,0.6213896240270799,lstm
DEV-000023,EVT-0013768,2026-06-22 22:19:07.199469,0.47516489530277556,lstm
SVC-000047,EVT-0013769,2026-06-22 22:19:42.745568,0.31051748468781115,lstm
SVC-000045,EVT-0013770,2026-06-22 22:20:42.241198,0.31165189102248636,lstm
SVC-000002,EVT-0013771,2026-06-22 22:22:37.478654,0.48204637321235844,lstm
DEV-000018,EVT-0013772,2026-06-22 22:23:09.402667,0.3189316375662372,lstm
DEV-000013,EVT-0013773,2026-06-22 22:23:19.379121,0.9666585419743751,lstm
DEV-000015,EVT-0013774,2026-06-22 22:23:40.970676,0.7091945954244097,lstm
SVC-000045,EVT-0013775,2026-06-22 22:25:15.758052,0.8845356106758072,lstm
SVC-000035,EVT-0013776,2026-06-22 22:25:48.216422,0.4476202508238848,lstm
SVC-000054,EVT-0013777,2026-06-22 22:25:52.264289,0.32546500889545643,lstm
SVC-000045,EVT-0013778,2026-06-22 22:26:15.414733,0.565721528563538,lstm
SVC-000045,EVT-0013779,2026-06-22 22:26:34.118214,0.585900278936903,lstm
SVC-000045,EVT-0013780,2026-06-22 22:27:00.572858,0.5451820373426514,lstm
SVC-000025,EVT-0013781,2026-06-22 22:27:07.606696,0.3358065416298904,lstm
SVC-000045,EVT-0013782,2026-06-22 22:28:00.182096,0.6793460047205867,lstm
DEV-000006,EVT-0013783,2026-06-22 22:29:47.574227,0.5133831847213813,lstm
SVC-000025,EVT-0013784,2026-06-22 22:30:10.844055,0.43141762780711596,lstm
SVC-000058,EVT-0013785,2026-06-22 22:33:20.216019,0.2839973366036262,lstm
SVC-000035,EVT-0013786,2026-06-22 22:34:48.772909,0.4108630488402037,lstm
SVC-000035,EVT-0013787,2026-06-22 22:37:16.838114,0.5001525398226606,lstm
SVC-000002,EVT-0013788,2026-06-22 22:38:48.064768,0.2716453875931707,lstm
SVC-000025,EVT-0013789,2026-06-22 22:39:25.332752,0.3033275717050586,lstm
DEV-000013,EVT-0013790,2026-06-22 22:41:33.344740,0.950548093035063,lstm
SVC-000058,EVT-0013791,2026-06-22 22:46:27.911727,0.3258897258598004,lstm
SVC-000032,EVT-0013792,2026-06-22 22:47:04.054130,0.9929260024493615,lstm
SVC-000025,EVT-0013793,2026-06-22 22:47:26.290362,0.2506508803845445,lstm
SVC-000045,EVT-0013794,2026-06-22 22:48:12.791787,0.42386428697655937,lstm
SVC-000047,EVT-0013795,2026-06-22 22:50:00.785598,0.29423522507441113,lstm
USR-000150,EVT-0013796,2026-06-22 22:50:45.361944,0.8081524378123819,lstm
SVC-000002,EVT-0013797,2026-06-22 22:51:33.224726,0.3861781049336295,lstm
DEV-000004,EVT-0013798,2026-06-22 22:52:23.534156,0.6142697060255489,lstm
SVC-000002,EVT-0013799,2026-06-22 22:52:24.157917,0.4824175757676094,lstm
SVC-000032,EVT-0013800,2026-06-22 22:52:47.579777,0.301914850098626,lstm
SVC-000025,EVT-0013801,2026-06-22 22:57:34.473685,0.2477104861458831,lstm
SVC-000045,EVT-0013802,2026-06-22 23:00:04.826704,0.45811475368996596,lstm
SVC-000003,EVT-0013803,2026-06-22 23:05:39.085220,0.64059717688098,lstm
SVC-000047,EVT-0013804,2026-06-22 23:07:17.635445,0.269954949241954,lstm
SVC-000032,EVT-0013805,2026-06-22 23:09:24.165422,0.27491629201861406,lstm
SVC-000002,EVT-0013806,2026-06-22 23:10:15.801867,0.39043447161529277,lstm
DEV-000015,EVT-0013807,2026-06-22 23:10:23.812186,0.6972000532566898,lstm
SVC-000059,EVT-0013808,2026-06-22 23:10:44.902584,0.9939477313875454,lstm
SVC-000059,EVT-0013809,2026-06-22 23:13:35.050096,0.23162215632466304,lstm
DEV-000002,EVT-0013810,2026-06-22 23:13:57.365207,0.7853144643684153,lstm
SVC-000041,EVT-0013811,2026-06-22 23:16:10.825812,0.9516794247277361,lstm
SVC-000041,EVT-0013812,2026-06-22 23:19:23.316119,0.8700809559692309,lstm
SVC-000047,EVT-0013813,2026-06-22 23:21:07.839452,0.35551790271380074,lstm
SVC-000047,EVT-0013814,2026-06-22 23:21:22.089923,0.9517684989354297,lstm
SVC-000025,EVT-0013815,2026-06-22 23:21:53.946018,0.24712418092079533,lstm
SVC-000002,EVT-0013816,2026-06-22 23:21:57.323477,0.34102346830601976,lstm
SVC-000002,EVT-0013817,2026-06-22 23:23:26.687500,0.5586024600089025,lstm
SVC-000032,EVT-0013818,2026-06-22 23:23:33.779471,0.23501804918933678,lstm
SVC-000025,EVT-0013819,2026-06-22 23:23:36.155183,0.6701787452422217,lstm
SVC-000059,EVT-0013820,2026-06-22 23:23:42.909604,0.2163337507018416,lstm
USR-000124,EVT-0013821,2026-06-22 23:30:52.168585,0.9795344919992497,lstm
USR-000088,EVT-0013822,2026-06-22 23:32:03.036411,0.3516774078931324,lstm
SVC-000059,EVT-0013823,2026-06-22 23:32:51.214987,0.22531749753215888,lstm
SVC-000059,EVT-0013824,2026-06-22 23:33:28.478485,0.3272492418053027,lstm
SVC-000032,EVT-0013825,2026-06-22 23:33:58.645622,0.21159208500291038,lstm
SVC-000059,EVT-0013826,2026-06-22 23:34:49.067804,0.2648114060027207,lstm
SVC-000047,EVT-0013827,2026-06-22 23:35:57.707709,0.373630767940121,lstm
SVC-000056,EVT-0013828,2026-06-22 23:36:25.434969,0.9347920240463555,lstm
SVC-000002,EVT-0013829,2026-06-22 23:39:56.828781,0.3218046157885316,lstm
SVC-000041,EVT-0013830,2026-06-22 23:40:49.519254,0.4787019661152936,lstm
SVC-000035,EVT-0013831,2026-06-22 23:41:42.515016,0.6540659699407733,lstm
SVC-000059,EVT-0013832,2026-06-22 23:50:22.527345,0.23918075697835572,lstm
SVC-000025,EVT-0013833,2026-06-22 23:53:41.281920,0.28505807409169504,lstm
DEV-000023,EVT-0013834,2026-06-22 23:57:34.526493,0.4425194249459945,lstm
USR-000088,EVT-0013835,2026-06-22 23:59:34.246932,0.2836446573927669,lstm
SVC-000025,EVT-0013836,2026-06-22 23:59:40.099715,0.40502439048507505,lstm
SVC-000056,EVT-0013837,2026-06-23 00:01:50.748529,0.6446794615982815,lstm
SVC-000025,EVT-0013838,2026-06-23 00:02:49.866285,0.5748847453950128,lstm
USR-000150,EVT-0013839,2026-06-23 00:04:30.219196,0.6522759936734631,lstm
SVC-000056,EVT-0013840,2026-06-23 00:04:37.954896,0.791168425586855,lstm
SVC-000056,EVT-0013841,2026-06-23 00:10:06.348930,0.4782358228340792,lstm
SVC-000059,EVT-0013842,2026-06-23 00:10:33.190491,0.3240725938022531,lstm
DEV-000005,EVT-0013843,2026-06-23 00:15:52.938005,0.20133132805164325,lstm
SVC-000059,EVT-0013844,2026-06-23 00:17:47.491572,0.2608750460459702,lstm
DEV-000026,EVT-0013845,2026-06-23 00:18:03.097067,0.4946859554324055,lstm
SVC-000059,EVT-0013846,2026-06-23 00:18:18.356234,0.3885851634724569,lstm
SVC-000041,EVT-0013847,2026-06-23 00:19:21.822369,0.5490575616700285,lstm
SVC-000041,EVT-0013848,2026-06-23 00:19:35.258468,0.9481412018528411,lstm
SVC-000002,EVT-0013849,2026-06-23 00:19:44.890882,0.517923409601327,lstm
DEV-000014,EVT-0013850,2026-06-23 00:22:48.077857,0.5082029629284616,lstm
DEV-000022,EVT-0013851,2026-06-23 00:22:55.492996,0.6689797155135361,lstm
DEV-000012,EVT-0013852,2026-06-23 00:24:07.872266,0.5659626462308951,lstm
USR-000122,EVT-0013853,2026-06-23 00:29:04.198667,0.5073965533901647,lstm
SVC-000041,EVT-0013854,2026-06-23 00:29:43.109606,0.7173405514388267,lstm
SVC-000059,EVT-0013855,2026-06-23 00:32:57.833474,0.23594366256469043,lstm
SVC-000041,EVT-0013856,2026-06-23 00:33:59.193633,0.6848881115882967,lstm
SVC-000056,EVT-0013857,2026-06-23 00:40:24.670939,0.5008485739279026,lstm
DEV-000018,EVT-0013858,2026-06-23 00:45:39.787172,0.811761634451001,lstm
USR-000088,EVT-0013859,2026-06-23 00:49:22.700482,0.3240509387659003,lstm
DEV-000006,EVT-0013860,2026-06-23 00:50:07.342756,0.3745671058791791,lstm
USR-000124,EVT-0013861,2026-06-23 00:50:12.883299,0.6002414628019447,lstm
SVC-000025,EVT-0013862,2026-06-23 00:52:50.462479,0.6636100744170855,lstm
SVC-000056,EVT-0013863,2026-06-23 01:09:45.730518,0.435964765282253,lstm
SVC-000025,EVT-0013864,2026-06-23 01:10:41.893151,0.5700130142440416,lstm
SVC-000041,EVT-0013865,2026-06-23 01:10:44.930278,0.418177496981236,lstm
DEV-000003,EVT-0013866,2026-06-23 01:11:24.839610,0.49581127950244575,lstm
SVC-000041,EVT-0013867,2026-06-23 01:11:29.706657,0.8661401875352339,lstm
SVC-000041,EVT-0013868,2026-06-23 01:12:34.120146,0.8716559128660379,lstm
USR-000163,EVT-0013869,2026-06-23 01:18:53.248686,0.4088878236896176,lstm
SVC-000056,EVT-0013870,2026-06-23 01:22:23.214889,0.6036826119371203,lstm
USR-000122,EVT-0013871,2026-06-23 01:25:35.057219,0.4913283737205374,lstm
SVC-000041,EVT-0013872,2026-06-23 01:27:19.306815,0.500526226233839,lstm
SVC-000018,EVT-0013873,2026-06-23 01:31:41.651451,0.9743807711715395,lstm
SVC-000056,EVT-0013874,2026-06-23 01:31:54.973789,0.4990660903833964,lstm
SVC-000041,EVT-0013875,2026-06-23 01:32:23.138238,0.33691257862405394,lstm
DEV-000012,EVT-0013876,2026-06-23 01:39:20.774144,0.5490772750975349,lstm
SVC-000018,EVT-0013877,2026-06-23 01:40:27.331616,0.3569371590279364,lstm
DEV-000003,EVT-0013878,2026-06-23 01:48:03.661224,0.42913295656063144,lstm
SVC-000018,EVT-0013879,2026-06-23 01:58:48.570727,0.7045734858130374,lstm
USR-000122,EVT-0013880,2026-06-23 02:11:09.795095,0.40091787320729594,lstm
DEV-000023,EVT-0013881,2026-06-23 02:11:37.281530,0.4559136984285398,lstm
SVC-000041,EVT-0013882,2026-06-23 02:13:43.459516,0.44585561081239455,lstm
SVC-000018,EVT-0013883,2026-06-23 02:24:23.684310,0.6720469386874952,lstm
SVC-000018,EVT-0013884,2026-06-23 02:32:03.988682,0.6123564574154857,lstm
SVC-000018,EVT-0013885,2026-06-23 02:33:57.715537,0.42495343067840685,lstm
SVC-000018,EVT-0013886,2026-06-23 02:36:40.318923,0.415837150473017,lstm
SVC-000041,EVT-0013887,2026-06-23 02:37:30.606214,0.6362744256708461,lstm
SVC-000056,EVT-0013888,2026-06-23 02:38:31.506131,0.7226206630039265,lstm
DEV-000002,EVT-0013889,2026-06-23 02:44:35.186279,0.9177418323894736,lstm
DEV-000022,EVT-0013890,2026-06-23 02:47:06.234602,0.6120730889165233,lstm
SVC-000018,EVT-0013891,2026-06-23 02:49:25.101908,0.8303966656526289,lstm
SVC-000018,EVT-0013892,2026-06-23 02:50:11.176490,0.566545466548364,lstm
SVC-000018,EVT-0013893,2026-06-23 02:55:15.651269,0.5240531396369541,lstm
SVC-000041,EVT-0013894,2026-06-23 02:59:34.832171,0.6307203363245543,lstm
SVC-000020,EVT-0013895,2026-06-23 03:01:54.199821,0.9772895691208373,lstm
SVC-000018,EVT-0013896,2026-06-23 03:02:27.748964,0.4655138173879878,lstm
SVC-000014,EVT-0013897,2026-06-23 03:03:59.770765,0.9710569366389911,lstm
DEV-000017,EVT-0013898,2026-06-23 03:04:05.812795,0.6225271407741848,lstm
SVC-000041,EVT-0013899,2026-06-23 03:04:28.578663,0.38432987835169474,lstm
SVC-000014,EVT-0013900,2026-06-23 03:11:08.986698,0.3770646224714406,lstm
DEV-000011,EVT-0013901,2026-06-23 03:19:18.715855,0.6252856291924356,lstm
SVC-000018,EVT-0013902,2026-06-23 03:22:03.095432,0.27089599134479153,lstm
SVC-000018,EVT-0013903,2026-06-23 03:22:09.635028,0.7468151347843996,lstm
SVC-000018,EVT-0013904,2026-06-23 03:23:36.817017,0.5865095102282696,lstm
USR-000122,EVT-0013905,2026-06-23 03:25:44.796514,0.4474049306310685,lstm
SVC-000014,EVT-0013906,2026-06-23 03:30:02.834622,0.3405904798799039,lstm
SVC-000014,EVT-0013907,2026-06-23 03:30:04.851266,0.7803328259475001,lstm
SVC-000018,EVT-0013908,2026-06-23 03:34:22.427337,0.45228547495161553,lstm
SVC-000019,EVT-0013909,2026-06-23 03:34:22.720254,0.9983335672892218,lstm
USR-000058,EVT-0013910,2026-06-23 03:41:34.752009,0.5572688725987168,lstm
SVC-000020,EVT-0013911,2026-06-23 03:41:52.884695,0.5096679851033354,lstm
USR-000088,EVT-0013912,2026-06-23 03:42:07.445725,0.2996808749364717,lstm
DEV-000025,EVT-0013913,2026-06-23 03:42:20.296451,0.8294155459351366,lstm
DEV-000025,EVT-0013914,2026-06-23 03:42:44.437783,0.9965171386917959,lstm
USR-000157,EVT-0013915,2026-06-23 03:44:28.857514,0.8065979533562062,lstm
SVC-000014,EVT-0013916,2026-06-23 03:47:40.713590,0.2246797456676072,lstm
DEV-000009,EVT-0013917,2026-06-23 03:48:02.042319,0.9601907403769796,lstm
DEV-000011,EVT-0013918,2026-06-23 03:49:01.508057,0.6232037482541509,lstm
SVC-000014,EVT-0013919,2026-06-23 04:03:13.444393,0.2639355818708183,lstm
SVC-000015,EVT-0013920,2026-06-23 04:04:20.240169,0.9899058537209902,lstm
DEV-000023,EVT-0013921,2026-06-23 04:05:15.336374,0.4248442306076947,lstm
SVC-000020,EVT-0013922,2026-06-23 04:09:02.148539,0.5301536581057472,lstm
SVC-000014,EVT-0013923,2026-06-23 04:09:31.703974,0.21619785181517542,lstm
SVC-000020,EVT-0013924,2026-06-23 04:17:47.919894,0.4490676852698554,lstm
SVC-000015,EVT-0013925,2026-06-23 04:20:09.828454,0.3504894332868363,lstm
USR-000016,EVT-0013926,2026-06-23 04:23:35.556464,0.8683257069487877,lstm
DEV-000026,EVT-0013927,2026-06-23 04:24:02.133642,0.7920711215201424,lstm
SVC-000020,EVT-0013928,2026-06-23 04:24:55.635232,0.5232679906851504,lstm
SVC-000020,EVT-0013929,2026-06-23 04:26:20.361823,0.829823952860437,lstm
SVC-000041,EVT-0013930,2026-06-23 04:27:16.048702,0.7459266809255112,lstm
SVC-000015,EVT-0013931,2026-06-23 04:29:00.736901,0.308508468709125,lstm
SVC-000007,EVT-0013932,2026-06-23 04:29:55.345139,0.9870057725745085,lstm
SVC-000007,EVT-0013933,2026-06-23 04:32:28.818013,0.6523243662597362,lstm
SVC-000014,EVT-0013934,2026-06-23 04:33:45.772261,0.2901922360563407,lstm
SVC-000020,EVT-0013935,2026-06-23 04:36:21.365430,0.4998405527141298,lstm
SVC-000007,EVT-0013936,2026-06-23 04:39:45.994506,0.29043347543500964,lstm
SVC-000015,EVT-0013937,2026-06-23 04:45:00.319787,0.35175816802043947,lstm
SVC-000020,EVT-0013938,2026-06-23 04:45:48.703039,0.32362727824069076,lstm
SVC-000015,EVT-0013939,2026-06-23 04:45:54.281824,0.6242184795388557,lstm
DEV-000014,EVT-0013940,2026-06-23 04:46:53.429208,0.4165132493852228,lstm
SVC-000007,EVT-0013941,2026-06-23 04:46:54.233703,0.46655887117492856,lstm
SVC-000007,EVT-0013942,2026-06-23 04:46:55.982274,0.6326374636450836,lstm
DEV-000002,EVT-0013943,2026-06-23 04:47:42.176224,0.7282493453955035,lstm
SVC-000015,EVT-0013944,2026-06-23 04:50:51.787420,0.2761888991114121,lstm
DEV-000018,EVT-0013945,2026-06-23 04:51:20.641352,0.822342605829728,lstm
DEV-000022,EVT-0013946,2026-06-23 04:51:27.250528,0.6429311727348487,lstm
DEV-000003,EVT-0013947,2026-06-23 04:51:40.738800,0.39596957107611863,lstm
USR-000163,EVT-0013948,2026-06-23 04:54:22.064658,0.4870620489946311,lstm
USR-000207,EVT-0013949,2026-06-23 04:54:39.402491,0.4647371080748553,lstm
SVC-000015,EVT-0013950,2026-06-23 05:01:39.847033,0.6536232731778743,lstm
SVC-000014,EVT-0013951,2026-06-23 05:03:47.346610,0.3506941263625034,lstm
SVC-000014,EVT-0013952,2026-06-23 05:05:11.775018,0.3757820605553687,lstm
SVC-000020,EVT-0013953,2026-06-23 05:05:12.395080,0.2741200123401536,lstm
SVC-000007,EVT-0013954,2026-06-23 05:06:03.669615,0.4802586985022414,lstm
SVC-000019,EVT-0013955,2026-06-23 05:12:44.453244,0.5296323597139878,lstm
SVC-000007,EVT-0013956,2026-06-23 05:18:48.218192,0.2590582438618744,lstm
SVC-000014,EVT-0013957,2026-06-23 05:27:19.221764,0.3380958870841756,lstm
USR-000026,EVT-0013958,2026-06-23 05:29:26.346388,0.4621564814621585,lstm
SVC-000015,EVT-0013959,2026-06-23 05:29:53.884299,0.5332531288218768,lstm
SVC-000031,EVT-0013960,2026-06-23 05:29:55.017843,0.965263689161082,lstm
DEV-000009,EVT-0013961,2026-06-23 05:38:42.451304,0.7214453696199177,lstm
SVC-000019,EVT-0013962,2026-06-23 05:44:06.603525,0.6323385175091477,lstm
DEV-000009,EVT-0013963,2026-06-23 05:46:51.163122,0.8435936092597022,lstm
DEV-000009,EVT-0013964,2026-06-23 05:50:58.757647,0.7408815664069123,lstm
SVC-000009,EVT-0013965,2026-06-23 05:55:14.538285,0.9914029760073445,lstm
DEV-000026,EVT-0013966,2026-06-23 05:55:17.902281,0.6478201008377202,lstm
SVC-000051,EVT-0013967,2026-06-23 05:55:23.011435,0.9642301496545241,lstm
SVC-000009,EVT-0013968,2026-06-23 05:56:56.116745,0.5985068223732622,lstm
SVC-000019,EVT-0013969,2026-06-23 06:01:11.356963,0.26116652351116265,lstm
SVC-000009,EVT-0013970,2026-06-23 06:01:24.897410,0.6405253441769946,lstm
SVC-000031,EVT-0013971,2026-06-23 06:05:44.428769,0.5045791607580684,lstm
SVC-000009,EVT-0013972,2026-06-23 06:06:13.771228,0.4793376985190778,lstm
SVC-000009,EVT-0013973,2026-06-23 06:07:34.860069,0.7037554781037829,lstm
USR-000048,EVT-0013974,2026-06-23 06:09:09.131939,0.741704555083129,lstm
SVC-000019,EVT-0013975,2026-06-23 06:09:22.076853,0.2554181413441207,lstm
SVC-000019,EVT-0013976,2026-06-23 06:11:17.558997,0.6317983369899661,lstm
DEV-000002,EVT-0013977,2026-06-23 06:12:20.955422,0.5768734789429079,lstm
DEV-000020,EVT-0013978,2026-06-23 06:12:56.259256,0.5625143285219041,lstm
USR-000203,EVT-0013979,2026-06-23 06:14:31.674986,0.7196116580218983,baseline_fallback
SVC-000019,EVT-0013980,2026-06-23 06:17:03.757965,0.24451116842110712,lstm
SVC-000009,EVT-0013981,2026-06-23 06:22:14.506183,0.43995044057815663,lstm
SVC-000040,EVT-0013982,2026-06-23 06:26:22.808640,0.9935669907242113,lstm
SVC-000019,EVT-0013983,2026-06-23 06:27:41.228338,0.2904861775295454,lstm
DEV-000016,EVT-0013984,2026-06-23 06:29:21.764240,0.4446184725809338,lstm
SVC-000009,EVT-0013985,2026-06-23 06:31:04.302901,0.3491270393131446,lstm
DEV-000011,EVT-0013986,2026-06-23 06:31:22.189066,0.41005658651914617,lstm
SVC-000009,EVT-0013987,2026-06-23 06:31:48.027646,0.5668086181669166,lstm
DEV-000016,EVT-0013988,2026-06-23 06:31:57.838986,0.7945626826278446,lstm
USR-000042,EVT-0013989,2026-06-23 06:33:27.407837,0.5270313996452852,lstm
SVC-000055,EVT-0013990,2026-06-23 06:37:28.550696,0.9866475925454848,lstm
SVC-000019,EVT-0013991,2026-06-23 06:40:21.684810,0.2489675961132746,lstm
SVC-000009,EVT-0013992,2026-06-23 06:42:04.256966,0.3946059246305646,lstm
DEV-000001,EVT-0013993,2026-06-23 06:42:04.642976,0.49057339856959675,lstm
USR-000025,EVT-0013994,2026-06-23 06:43:58.267410,0.9022746950957745,lstm
SVC-000055,EVT-0013995,2026-06-23 06:45:51.195801,0.3423419729055978,lstm
USR-000060,EVT-0013996,2026-06-23 06:46:23.310423,0.6021554665651531,lstm
USR-000135,EVT-0013997,2026-06-23 06:47:57.270482,0.8255044412490318,lstm
SVC-000051,EVT-0013998,2026-06-23 06:48:40.017237,0.5446773320468195,lstm
SVC-000051,EVT-0013999,2026-06-23 06:52:18.923750,0.8548629488343128,lstm
SVC-000055,EVT-0014000,2026-06-23 06:54:39.178650,0.8750252433118324,lstm
DEV-000025,EVT-0014001,2026-06-23 06:55:48.537890,0.31409993757318005,lstm
DEV-000015,EVT-0014002,2026-06-23 06:59:49.960287,0.4501552474332592,lstm
SVC-000009,EVT-0014003,2026-06-23 07:00:06.012738,0.47852862581689415,lstm
SVC-000031,EVT-0014004,2026-06-23 07:00:59.470159,0.340746083298538,lstm
USR-000133,EVT-0014005,2026-06-23 07:04:52.181984,0.5253123913553549,lstm
SVC-000055,EVT-0014006,2026-06-23 07:05:28.239638,0.326686251393945,lstm
USR-000093,EVT-0014007,2026-06-23 07:06:40.122484,0.8880765824386536,lstm
SVC-000055,EVT-0014008,2026-06-23 07:16:23.199475,0.5123127628041283,lstm
DEV-000006,EVT-0014009,2026-06-23 07:17:06.266502,0.7088328186963736,lstm
SVC-000055,EVT-0014010,2026-06-23 07:21:40.725658,0.5336686573659328,lstm
SVC-000011,EVT-0014011,2026-06-23 07:23:50.774478,0.9967160400844874,lstm
SVC-000055,EVT-0014012,2026-06-23 07:24:40.060700,0.3271537916088456,lstm
USR-000036,EVT-0014013,2026-06-23 07:25:06.613701,0.9131519128357739,lstm
DEV-000017,EVT-0014014,2026-06-23 07:26:10.831386,0.4968931048583192,lstm
SVC-000011,EVT-0014015,2026-06-23 07:37:28.501654,0.46727789934943276,lstm
SVC-000055,EVT-0014016,2026-06-23 07:38:04.488333,0.5247217848948126,lstm
SVC-000031,EVT-0014017,2026-06-23 07:38:29.872208,0.3579712001232348,lstm
SVC-000008,EVT-0014018,2026-06-23 07:39:39.801065,0.99861673586894,lstm
SVC-000031,EVT-0014019,2026-06-23 07:39:54.810883,0.6230783979292147,lstm
SVC-000055,EVT-0014020,2026-06-23 07:40:53.013367,0.3553678268489283,lstm
SVC-000031,EVT-0014021,2026-06-23 07:41:17.409265,0.7807433599150159,lstm
USR-000016,EVT-0014022,2026-06-23 07:42:32.822548,0.6147418741332014,lstm
USR-000104,EVT-0014023,2026-06-23 07:46:10.878627,0.5081072886944167,baseline_fallback
USR-000060,EVT-0014024,2026-06-23 07:47:59.314634,0.5964953252978159,lstm
DEV-000014,EVT-0014025,2026-06-23 07:53:52.682756,0.5670185229488319,lstm
USR-000200,EVT-0014026,2026-06-23 07:54:02.257977,0.5432463866535567,lstm
SVC-000051,EVT-0014027,2026-06-23 07:54:40.396518,0.38821305284294527,lstm
USR-000051,EVT-0014028,2026-06-23 07:54:44.765311,0.9301480486220272,lstm
SVC-000055,EVT-0014029,2026-06-23 07:55:41.825872,0.5056267911917012,lstm
USR-000135,EVT-0014030,2026-06-23 07:55:42.911285,0.5164065312585264,lstm
USR-000080,EVT-0014031,2026-06-23 07:55:55.855773,0.7919087782189266,lstm
SVC-000055,EVT-0014032,2026-06-23 07:56:18.878175,0.5795754599836008,lstm
USR-000102,EVT-0014033,2026-06-23 07:57:29.717829,0.9013379542036735,lstm
SVC-000055,EVT-0014034,2026-06-23 08:00:52.729782,0.46808179994977367,lstm
DEV-000004,EVT-0014035,2026-06-23 08:02:03.954633,0.6507374786654961,lstm
SVC-000040,EVT-0014036,2026-06-23 08:02:14.878245,0.8955815324434308,lstm
USR-000103,EVT-0014037,2026-06-23 08:02:17.054804,0.5524472818051361,lstm
SVC-000055,EVT-0014038,2026-06-23 08:02:31.812670,0.4851807801432068,lstm
USR-000096,EVT-0014039,2026-06-23 08:02:42.214170,0.45557554829779007,lstm
USR-000047,EVT-0014040,2026-06-23 08:05:54.503276,0.4854176996004545,lstm
USR-000096,EVT-0014041,2026-06-23 08:06:01.862230,0.6882778757356495,lstm
USR-000203,EVT-0014042,2026-06-23 08:06:46.038446,0.5314335430622219,baseline_fallback
SVC-000011,EVT-0014043,2026-06-23 08:09:11.628139,0.4467446810706566,lstm
SVC-000055,EVT-0014044,2026-06-23 08:10:47.852581,0.5371715155124002,lstm
SVC-000011,EVT-0014045,2026-06-23 08:14:41.007626,0.35035560572539626,lstm
USR-000038,EVT-0014046,2026-06-23 08:15:27.596875,0.4865368583614337,lstm
USR-000142,EVT-0014047,2026-06-23 08:15:53.866258,0.8119464007571111,baseline_fallback
USR-000156,EVT-0014048,2026-06-23 08:16:51.589610,0.922988127527145,lstm
USR-000072,EVT-0014049,2026-06-23 08:17:35.996809,0.71818791014909,baseline_fallback
DEV-000011,EVT-0014050,2026-06-23 08:19:54.903744,0.3922514551335471,lstm
USR-000118,EVT-0014051,2026-06-23 08:21:39.748028,0.5414284101013883,lstm
SVC-000055,EVT-0014052,2026-06-23 08:22:24.907158,0.43333516177557413,lstm
USR-000034,EVT-0014053,2026-06-23 08:25:00.109411,0.5135499005003019,baseline_fallback
USR-000031,EVT-0014054,2026-06-23 08:27:09.603297,0.45119693067664135,lstm
SVC-000011,EVT-0014055,2026-06-23 08:29:11.175952,0.34775940227876534,lstm
SVC-000011,EVT-0014056,2026-06-23 08:29:17.650814,0.5966168528198907,lstm
USR-000022,EVT-0014057,2026-06-23 08:30:34.752465,0.6775359896701696,lstm
USR-000105,EVT-0014058,2026-06-23 08:30:55.440583,0.7219357624182932,baseline_fallback
SVC-000011,EVT-0014059,2026-06-23 08:31:12.841035,0.37718288438934994,lstm
SVC-000053,EVT-0014060,2026-06-23 08:33:16.041709,0.9861662791905804,lstm
USR-000016,EVT-0014061,2026-06-23 08:34:09.552517,0.4721080370889592,lstm
SVC-000011,EVT-0014062,2026-06-23 08:34:43.765844,0.33778426917073145,lstm
DEV-000003,EVT-0014063,2026-06-23 08:36:16.654993,0.4726184657820136,lstm
USR-000039,EVT-0014064,2026-06-23 08:37:16.260917,0.9965497924095824,lstm
DEV-000026,EVT-0014065,2026-06-23 08:38:22.573929,0.474402430082048,lstm
SVC-000011,EVT-0014066,2026-06-23 08:38:59.896899,0.28469993944311994,lstm
SVC-000030,EVT-0014067,2026-06-23 08:39:28.256559,0.949262626348973,lstm
SVC-000011,EVT-0014068,2026-06-23 08:41:30.959771,0.34397239979850275,lstm
USR-000114,EVT-0014069,2026-06-23 08:44:26.469173,0.4092764383166639,baseline_fallback
SVC-000039,EVT-0014070,2026-06-23 08:44:27.416995,0.9953468112507561,lstm
SVC-000030,EVT-0014071,2026-06-23 08:45:48.968655,0.6708322447688141,lstm
USR-000029,EVT-0014072,2026-06-23 08:47:04.616256,0.3892753574921508,lstm
SVC-000024,EVT-0014073,2026-06-23 08:47:38.107643,0.9953830584277524,lstm
SVC-000031,EVT-0014074,2026-06-23 08:49:27.444839,0.41002827255388297,lstm
SVC-000051,EVT-0014075,2026-06-23 08:51:00.486459,0.37983468010294746,lstm
SVC-000030,EVT-0014076,2026-06-23 08:51:12.670797,0.5947532848474497,lstm
USR-000172,EVT-0014077,2026-06-23 08:51:50.383959,0.5726016809159132,lstm
DEV-000009,EVT-0014078,2026-06-23 08:52:06.287952,0.3313452097044335,lstm
SVC-000042,EVT-0014079,2026-06-23 08:54:10.134089,0.9994298503725618,lstm
SVC-000042,EVT-0014080,2026-06-23 08:54:13.875976,0.9205700073249513,lstm
USR-000118,EVT-0014081,2026-06-23 08:55:52.345662,0.461528796350993,lstm
USR-000094,EVT-0014082,2026-06-23 08:56:04.832443,0.6505934636107379,lstm
USR-000212,EVT-0014083,2026-06-23 08:56:25.020666,0.8471049704933009,lstm
USR-000096,EVT-0014084,2026-06-23 08:57:28.067643,0.36411501274973457,lstm
DEV-000016,EVT-0014085,2026-06-23 08:57:29.353814,0.1918743302438543,lstm
SVC-000055,EVT-0014086,2026-06-23 08:57:54.887229,0.5471427990234995,lstm
USR-000102,EVT-0014087,2026-06-23 08:58:08.617555,0.9690127294620613,lstm
DEV-000004,EVT-0014088,2026-06-23 08:59:07.248306,0.5941653964618395,lstm
SVC-000040,EVT-0014089,2026-06-23 08:59:25.295530,0.5445288256092496,lstm
USR-000121,EVT-0014090,2026-06-23 08:59:32.557623,0.4598760663446293,lstm
SVC-000011,EVT-0014091,2026-06-23 09:00:07.546377,0.4166507418286973,lstm
SVC-000011,EVT-0014092,2026-06-23 09:00:07.928223,0.6448722123120002,lstm
USR-000069,EVT-0014093,2026-06-23 09:01:01.322792,0.6556047280468039,lstm
SVC-000031,EVT-0014094,2026-06-23 09:01:10.391636,0.4957715097197841,lstm
USR-000103,EVT-0014095,2026-06-23 09:01:40.998434,0.42235413744999867,lstm
SVC-000042,EVT-0014096,2026-06-23 09:02:40.171030,0.5529812494859792,lstm
USR-000072,EVT-0014097,2026-06-23 09:04:57.183911,0.9512442932740894,baseline_fallback
USR-000031,EVT-0014098,2026-06-23 09:06:55.950776,0.28118776337396323,lstm
USR-000064,EVT-0014099,2026-06-23 09:07:02.679261,0.6370795776236269,lstm
USR-000009,EVT-0014100,2026-06-23 09:07:13.754309,0.9080618940609644,lstm
USR-000020,EVT-0014101,2026-06-23 09:08:21.239848,0.9188339897287523,baseline_fallback
USR-000157,EVT-0014102,2026-06-23 09:08:58.292119,0.4552353590456747,lstm
USR-000050,EVT-0014103,2026-06-23 09:10:09.771584,0.48788088460159307,lstm
SVC-000024,EVT-0014104,2026-06-23 09:11:15.205873,0.36163325153518955,lstm
USR-000103,EVT-0014105,2026-06-23 09:11:28.685898,0.4799646325091433,lstm
SVC-000011,EVT-0014106,2026-06-23 09:11:40.991488,0.29301892704999244,lstm
SVC-000024,EVT-0014107,2026-06-23 09:13:53.911978,0.4662268768728428,lstm
USR-000022,EVT-0014108,2026-06-23 09:15:18.384892,0.3818953922064792,lstm
USR-000200,EVT-0014109,2026-06-23 09:17:25.129796,0.39180064553746896,lstm
SVC-000051,EVT-0014110,2026-06-23 09:18:45.903468,0.4761338309737186,lstm
USR-000162,EVT-0014111,2026-06-23 09:25:45.535396,0.39253695810423395,lstm
SVC-000024,EVT-0014112,2026-06-23 09:26:09.858011,0.7630544139353115,lstm
USR-000199,EVT-0014113,2026-06-23 09:26:18.357397,0.508454958504646,lstm
SVC-000042,EVT-0014114,2026-06-23 09:27:27.326436,0.43345315522655653,lstm
DEV-000022,EVT-0014115,2026-06-23 09:28:02.763594,0.455523266812553,lstm
SVC-000030,EVT-0014116,2026-06-23 09:29:11.411648,0.7059098237097382,lstm
DEV-000017,EVT-0014117,2026-06-23 09:29:45.331285,0.3567176821468174,lstm
USR-000138,EVT-0014118,2026-06-23 09:29:58.410537,0.3976710538686955,lstm
USR-000138,EVT-0014119,2026-06-23 09:31:07.722694,0.6255701651059722,lstm
USR-000143,EVT-0014120,2026-06-23 09:32:40.068235,0.9999999999999853,lstm
USR-000031,EVT-0014121,2026-06-23 09:34:58.810402,0.36025155432839506,lstm
USR-000162,EVT-0014122,2026-06-23 09:38:22.172117,0.39797408607128004,lstm
USR-000169,EVT-0014123,2026-06-23 09:38:22.718236,1.0,lstm
USR-000178,EVT-0014124,2026-06-23 09:38:31.492458,0.6693245956544512,lstm
SVC-000030,EVT-0014125,2026-06-23 09:38:45.757472,0.4627849435085641,lstm
USR-000055,EVT-0014126,2026-06-23 09:38:47.706821,0.4092832187688181,baseline_fallback
USR-000001,EVT-0014127,2026-06-23 09:40:02.203639,0.5131158653757111,lstm
USR-000091,EVT-0014128,2026-06-23 09:41:04.471376,0.36060836459140927,baseline_fallback
USR-000018,EVT-0014129,2026-06-23 09:41:25.741187,0.7483829702287464,lstm
DEV-000015,EVT-0014130,2026-06-23 09:41:26.540484,0.34769403708842767,lstm
USR-000029,EVT-0014131,2026-06-23 09:42:25.523380,0.4281115845196866,lstm
SVC-000024,EVT-0014132,2026-06-23 09:44:30.019806,0.41906262388170407,lstm
USR-000031,EVT-0014133,2026-06-23 09:45:14.178946,0.3180197866599609,lstm
SVC-000024,EVT-0014134,2026-06-23 09:46:01.746266,0.5128351688879156,lstm
USR-000031,EVT-0014135,2026-06-23 09:46:52.931199,0.42749524600732314,lstm
SVC-000013,EVT-0014136,2026-06-23 09:47:33.724121,0.9941825153233496,lstm
SVC-000042,EVT-0014137,2026-06-23 09:48:46.299523,0.3244113944537904,lstm
USR-000029,EVT-0014138,2026-06-23 09:48:56.278138,0.4024419937326558,lstm
USR-000182,EVT-0014139,2026-06-23 09:49:18.557902,0.7055681650887842,lstm
SVC-000042,EVT-0014140,2026-06-23 09:50:54.931867,0.39732926192314644,lstm
DEV-000011,EVT-0014141,2026-06-23 09:51:44.257586,0.2194445114256758,lstm
SVC-000042,EVT-0014142,2026-06-23 09:51:47.797094,0.4605789211926885,lstm
USR-000071,EVT-0014143,2026-06-23 09:52:41.857438,0.6754104525064955,baseline_fallback
SVC-000051,EVT-0014144,2026-06-23 09:52:43.337104,0.420836873679671,lstm
USR-000053,EVT-0014145,2026-06-23 09:54:42.043595,0.9593339546949948,lstm
SVC-000042,EVT-0014146,2026-06-23 09:55:15.520088,0.290389823278351,lstm
SVC-000053,EVT-0014147,2026-06-23 09:55:16.620530,0.5491708626676786,lstm
DEV-000012,EVT-0014148,2026-06-23 09:55:40.218800,0.5557806268555414,lstm
SVC-000042,EVT-0014149,2026-06-23 09:56:16.457201,0.3600368943777833,lstm
USR-000031,EVT-0014150,2026-06-23 09:56:24.122572,0.3406312675040854,lstm
USR-000156,EVT-0014151,2026-06-23 09:56:45.757217,0.9688347999522644,lstm
USR-000042,EVT-0014152,2026-06-23 09:58:42.360224,0.3241950396552915,lstm
USR-000190,EVT-0014153,2026-06-23 09:59:47.291956,0.4736457879570672,lstm
USR-000038,EVT-0014154,2026-06-23 10:00:19.504214,0.36629434109321346,lstm
USR-000190,EVT-0014155,2026-06-23 10:00:59.361491,0.437160756461742,lstm
USR-000016,EVT-0014156,2026-06-23 10:01:11.192377,0.3931644636598007,lstm
DEV-000010,EVT-0014157,2026-06-23 10:01:21.491494,0.46532599838220684,lstm
SVC-000013,EVT-0014158,2026-06-23 10:01:43.065239,0.5354790668309443,lstm
SVC-000013,EVT-0014159,2026-06-23 10:02:07.358480,0.5790815933767661,lstm
USR-000058,EVT-0014160,2026-06-23 10:03:30.069605,0.39202632265915444,lstm
USR-000118,EVT-0014161,2026-06-23 10:03:42.888110,0.347580501146354,lstm
SVC-000042,EVT-0014162,2026-06-23 10:04:52.040102,0.3134038493651521,lstm
SVC-000016,EVT-0014163,2026-06-23 10:05:32.760349,0.927213135912447,lstm
SVC-000042,EVT-0014164,2026-06-23 10:06:08.134140,0.3688195895047488,lstm
SVC-000024,EVT-0014165,2026-06-23 10:06:39.693028,0.3173541933393646,lstm
SVC-000013,EVT-0014166,2026-06-23 10:08:20.047364,0.5121342468621859,lstm
DEV-000012,EVT-0014167,2026-06-23 10:08:43.225371,0.6123993750899108,lstm
SVC-000050,EVT-0014168,2026-06-23 10:09:20.391242,0.9864901415769439,lstm
USR-000039,EVT-0014169,2026-06-23 10:10:05.733465,0.9448911839157796,lstm
USR-000102,EVT-0014170,2026-06-23 10:10:19.099606,0.6811295966186643,lstm
SVC-000016,EVT-0014171,2026-06-23 10:10:38.776854,0.922500166651015,lstm
SVC-000042,EVT-0014172,2026-06-23 10:11:07.980245,0.2621197332916325,lstm
DEV-000003,EVT-0014173,2026-06-23 10:11:52.175290,0.4224501688650055,lstm
USR-000048,EVT-0014174,2026-06-23 10:12:52.029355,0.4197118321285923,lstm
SVC-000013,EVT-0014175,2026-06-23 10:14:59.471850,0.4489599527740428,lstm
DEV-000003,EVT-0014176,2026-06-23 10:15:18.167993,0.8756844667473616,lstm
SVC-000053,EVT-0014177,2026-06-23 10:15:24.798490,0.3160207211454412,lstm
SVC-000013,EVT-0014178,2026-06-23 10:15:33.196704,0.5330193065403942,lstm
SVC-000016,EVT-0014179,2026-06-23 10:16:16.033822,0.46404678595224913,lstm
USR-000138,EVT-0014180,2026-06-23 10:21:40.786550,0.4725257198924131,lstm
USR-000183,EVT-0014181,2026-06-23 10:22:05.744730,0.7800098972515851,lstm
USR-000047,EVT-0014182,2026-06-23 10:23:06.089555,0.2877445907076708,lstm
USR-000098,EVT-0014183,2026-06-23 10:23:30.729373,0.7882404074727476,lstm
SVC-000053,EVT-0014184,2026-06-23 10:23:51.728140,0.5066859905115493,lstm
USR-000095,EVT-0014185,2026-06-23 10:24:01.852970,0.28797573602994414,lstm
DEV-000023,EVT-0014186,2026-06-23 10:24:08.514692,0.5422772427425647,lstm
USR-000129,EVT-0014187,2026-06-23 10:27:11.470204,0.4292732525731427,lstm
USR-000047,EVT-0014188,2026-06-23 10:27:40.668582,0.36889312059825446,lstm
SVC-000042,EVT-0014189,2026-06-23 10:28:34.505508,0.2759001336091172,lstm
USR-000034,EVT-0014190,2026-06-23 10:30:19.161654,0.34959852183188866,baseline_fallback
SVC-000013,EVT-0014191,2026-06-23 10:30:56.374989,0.42350468203665603,lstm
SVC-000013,EVT-0014192,2026-06-23 10:31:40.490508,0.724805024482441,lstm
USR-000102,EVT-0014193,2026-06-23 10:33:37.408661,0.577270344407893,lstm
USR-000206,EVT-0014194,2026-06-23 10:35:04.639140,0.673520453463667,lstm
SVC-000039,EVT-0014195,2026-06-23 10:35:10.600442,0.8410432683018916,lstm
DEV-000017,EVT-0014196,2026-06-23 10:35:16.960652,0.43126819949308515,lstm
USR-000118,EVT-0014197,2026-06-23 10:35:39.197039,0.30903284019339405,lstm
USR-000026,EVT-0014198,2026-06-23 10:35:39.463009,0.9999999999999964,lstm
SVC-000024,EVT-0014199,2026-06-23 10:35:47.666677,0.4284671895140075,lstm
USR-000162,EVT-0014200,2026-06-23 10:36:45.848085,0.7762284662332343,lstm
SVC-000050,EVT-0014201,2026-06-23 10:37:00.036499,0.4819591716768922,lstm
SVC-000013,EVT-0014202,2026-06-23 10:38:02.863220,0.3893950047316315,lstm
USR-000041,EVT-0014203,2026-06-23 10:38:40.979625,0.7518025393388803,lstm
USR-000135,EVT-0014204,2026-06-23 10:40:15.090933,0.41557805566025563,lstm
USR-000182,EVT-0014205,2026-06-23 10:41:13.536637,0.5906975141195517,lstm
SVC-000042,EVT-0014206,2026-06-23 10:41:44.970521,0.25764251374548774,lstm
SVC-000053,EVT-0014207,2026-06-23 10:41:53.326896,0.6110675118200145,lstm
USR-000030,EVT-0014208,2026-06-23 10:43:51.685976,0.43715407027347797,lstm
USR-000096,EVT-0014209,2026-06-23 10:43:54.470795,0.33169685700630336,lstm
SVC-000013,EVT-0014210,2026-06-23 10:44:07.519764,0.4646780061577641,lstm
USR-000005,EVT-0014211,2026-06-23 10:44:17.744253,0.6853459992854644,lstm
DEV-000016,EVT-0014212,2026-06-23 10:45:07.186200,0.12171685615432586,lstm
USR-000029,EVT-0014213,2026-06-23 10:45:44.678634,0.25101856980366827,lstm
USR-000095,EVT-0014214,2026-06-23 10:45:54.980140,0.33423664600107056,lstm
USR-000129,EVT-0014215,2026-06-23 10:46:12.511857,0.44124734626195716,lstm
USR-000060,EVT-0014216,2026-06-23 10:47:19.830317,0.4733612209025058,lstm
USR-000199,EVT-0014217,2026-06-23 10:47:30.995451,0.4155181167877505,lstm
USR-000051,EVT-0014218,2026-06-23 10:50:34.874809,0.5255051663829196,lstm
USR-000047,EVT-0014219,2026-06-23 10:50:57.074391,0.39940165036755493,lstm
USR-000026,EVT-0014220,2026-06-23 10:52:07.821460,0.84232764973098,lstm
USR-000047,EVT-0014221,2026-06-23 10:52:25.009159,0.40378381926922086,lstm
USR-000182,EVT-0014222,2026-06-23 10:53:14.884423,0.5759198162362479,lstm
DEV-000026,EVT-0014223,2026-06-23 10:53:20.485684,0.4012134500645069,lstm
USR-000026,EVT-0014224,2026-06-23 10:53:27.578330,0.9482556948936937,lstm
USR-000179,EVT-0014225,2026-06-23 10:53:37.471711,0.9221411566433241,baseline_fallback
SVC-000001,EVT-0014226,2026-06-23 10:55:49.216545,0.9208077844965781,lstm
USR-000072,EVT-0014227,2026-06-23 10:57:21.083050,0.3533568575130338,baseline_fallback
DEV-000001,EVT-0014228,2026-06-23 10:57:41.095506,0.27126479296049494,lstm
SVC-000042,EVT-0014229,2026-06-23 10:57:42.695894,0.2749153525617289,lstm
DEV-000008,EVT-0014230,2026-06-23 10:57:45.144220,0.9050687244496253,lstm
SVC-000042,EVT-0014231,2026-06-23 10:58:02.387531,0.3724479186740541,lstm
SVC-000013,EVT-0014232,2026-06-23 10:58:32.907903,0.36943010221592776,lstm
USR-000156,EVT-0014233,2026-06-23 10:59:50.040064,0.9512410820095192,lstm
USR-000162,EVT-0014234,2026-06-23 11:01:22.672761,0.35837894453725305,lstm
USR-000049,EVT-0014235,2026-06-23 11:02:40.298862,0.4938805977325381,lstm
SVC-000013,EVT-0014236,2026-06-23 11:03:18.824390,0.37807412924672096,lstm
DEV-000002,EVT-0014237,2026-06-23 11:05:56.199225,0.27471031200225376,lstm
USR-000001,EVT-0014238,2026-06-23 11:07:06.888906,0.263156447829954,lstm
SVC-000053,EVT-0014239,2026-06-23 11:07:17.805659,0.27312032535694614,lstm
SVC-000008,EVT-0014240,2026-06-23 11:07:35.387528,0.6802130246401857,lstm
USR-000026,EVT-0014241,2026-06-23 11:08:04.853673,0.7971766916877133,lstm
SVC-000024,EVT-0014242,2026-06-23 11:09:56.623918,0.8309912894301651,lstm
USR-000053,EVT-0014243,2026-06-23 11:11:03.040620,0.8670211882317004,lstm
USR-000162,EVT-0014244,2026-06-23 11:11:03.499568,0.37230349371707483,lstm
USR-000009,EVT-0014245,2026-06-23 11:11:09.115269,0.5017275459954191,lstm
USR-000182,EVT-0014246,2026-06-23 11:11:24.227627,0.5850543256868328,lstm
SVC-000013,EVT-0014247,2026-06-23 11:14:23.173388,0.3464005759062464,lstm
USR-000094,EVT-0014248,2026-06-23 11:14:47.429125,0.4419610363321347,lstm
USR-000022,EVT-0014249,2026-06-23 11:14:52.207322,0.34455610069481957,lstm
USR-000084,EVT-0014250,2026-06-23 11:16:03.872749,0.4155045165480608,lstm
SVC-000008,EVT-0014251,2026-06-23 11:16:42.992610,0.5207941078572541,lstm
SVC-000013,EVT-0014252,2026-06-23 11:18:31.414645,0.42182871410332656,lstm
SVC-000050,EVT-0014253,2026-06-23 11:18:56.196688,0.29439472377603754,lstm
USR-000101,EVT-0014254,2026-06-23 11:19:19.431036,0.5962110107989059,lstm
DEV-000008,EVT-0014255,2026-06-23 11:19:28.541937,0.7171259138019158,lstm
USR-000177,EVT-0014256,2026-06-23 11:20:31.049128,0.7004625402724152,lstm
SVC-000008,EVT-0014257,2026-06-23 11:22:14.243256,0.7469876616087353,lstm
DEV-000007,EVT-0014258,2026-06-23 11:22:31.413353,0.5676111945323383,lstm
USR-000006,EVT-0014259,2026-06-23 11:23:21.731407,0.411975579366777,lstm
USR-000053,EVT-0014260,2026-06-23 11:23:52.552621,0.7850602761262276,lstm
USR-000080,EVT-0014261,2026-06-23 11:24:12.481527,0.5959024863096244,lstm
USR-000070,EVT-0014262,2026-06-23 11:24:25.509517,0.5622281421816965,baseline_fallback
USR-000081,EVT-0014263,2026-06-23 11:25:24.269308,0.5156084012512936,lstm
USR-000039,EVT-0014264,2026-06-23 11:27:40.268710,0.8455043318183302,lstm
USR-000197,EVT-0014265,2026-06-23 11:29:07.898364,0.7190470865573589,baseline_fallback
SVC-000053,EVT-0014266,2026-06-23 11:30:59.442645,0.2870756090682496,lstm
USR-000104,EVT-0014267,2026-06-23 11:31:44.494668,0.6218563276548441,lstm
USR-000157,EVT-0014268,2026-06-23 11:34:19.574166,0.526430173773764,lstm
DEV-000006,EVT-0014269,2026-06-23 11:36:58.875154,0.5052957741945544,lstm
USR-000043,EVT-0014270,2026-06-23 11:37:59.842465,0.39261011620200714,baseline_fallback
SVC-000053,EVT-0014271,2026-06-23 11:39:47.364092,0.7065774741318117,lstm
SVC-000008,EVT-0014272,2026-06-23 11:39:49.770632,0.5447169466981043,lstm
SVC-000039,EVT-0014273,2026-06-23 11:40:38.366140,0.41150484116979336,lstm
SVC-000013,EVT-0014274,2026-06-23 11:42:09.730960,0.5493831635974016,lstm
USR-000157,EVT-0014275,2026-06-23 11:43:52.187716,0.5387586057205657,lstm
USR-000025,EVT-0014276,2026-06-23 11:44:35.083705,0.7850082855578703,lstm
SVC-000016,EVT-0014277,2026-06-23 11:45:15.323712,0.49753106942157377,lstm
USR-000050,EVT-0014278,2026-06-23 11:45:39.946618,0.26878649059322246,lstm
USR-000167,EVT-0014279,2026-06-23 11:46:30.448527,0.955388318684659,lstm
DEV-000011,EVT-0014280,2026-06-23 11:46:53.903814,0.18861603098479568,lstm
USR-000038,EVT-0014281,2026-06-23 11:47:55.415777,0.2812353697957392,lstm
USR-000096,EVT-0014282,2026-06-23 11:48:10.949059,0.6730855777860162,lstm
USR-000172,EVT-0014283,2026-06-23 11:48:48.279938,0.35268866473116506,lstm
SVC-000008,EVT-0014284,2026-06-23 11:49:39.801546,0.31388233072986377,lstm
SVC-000008,EVT-0014285,2026-06-23 11:50:01.948599,0.8245524024242329,lstm
DEV-000023,EVT-0014286,2026-06-23 11:52:18.190978,0.5734023879897747,lstm
USR-000060,EVT-0014287,2026-06-23 11:52:36.509023,0.3503586179477745,lstm
USR-000064,EVT-0014288,2026-06-23 11:53:10.173845,0.5689972094673318,lstm
USR-000021,EVT-0014289,2026-06-23 11:53:30.080209,0.4484674826736591,lstm
USR-000030,EVT-0014290,2026-06-23 11:53:34.262769,0.3091762987368698,lstm
SVC-000013,EVT-0014291,2026-06-23 11:54:00.201823,0.29102689989011454,lstm
USR-000003,EVT-0014292,2026-06-23 11:54:40.988110,0.5158089521639051,lstm
USR-000042,EVT-0014293,2026-06-23 11:55:58.485746,0.3164713642629032,lstm
USR-000036,EVT-0014294,2026-06-23 11:56:20.043448,0.4688577082282367,lstm
DEV-000002,EVT-0014295,2026-06-23 11:57:00.770357,0.22716897084457177,lstm
USR-000006,EVT-0014296,2026-06-23 11:57:44.186660,0.31119001519141615,lstm
DEV-000012,EVT-0014297,2026-06-23 11:57:44.637706,0.23217454689474729,lstm
SVC-000043,EVT-0014298,2026-06-23 11:59:35.804463,0.9655341199839648,lstm
USR-000020,EVT-0014299,2026-06-23 11:59:40.449811,0.9389197444654719,lstm
USR-000037,EVT-0014300,2026-06-23 12:00:02.793536,0.37218770770311577,lstm
SVC-000008,EVT-0014301,2026-06-23 12:01:03.574000,0.43430576554177275,lstm
USR-000062,EVT-0014302,2026-06-23 12:01:31.915846,0.7551825914786181,lstm
SVC-000053,EVT-0014303,2026-06-23 12:01:43.995864,0.32499208689337883,lstm
USR-000047,EVT-0014304,2026-06-23 12:03:45.309011,0.33112226796314964,lstm
SVC-000008,EVT-0014305,2026-06-23 12:04:43.700031,0.6899099912620135,lstm
USR-000129,EVT-0014306,2026-06-23 12:04:49.943954,0.27270554313746176,lstm
SVC-000053,EVT-0014307,2026-06-23 12:05:04.492078,0.5073889373963394,lstm
USR-000105,EVT-0014308,2026-06-23 12:06:18.661453,0.31796671710751656,baseline_fallback
USR-000161,EVT-0014309,2026-06-23 12:06:44.516491,0.3049476996757708,baseline_fallback
USR-000207,EVT-0014310,2026-06-23 12:06:46.304665,0.3461901404113291,lstm
USR-000206,EVT-0014311,2026-06-23 12:07:03.302193,0.3773543555109311,lstm
USR-000031,EVT-0014312,2026-06-23 12:07:23.071802,0.29885638277922627,lstm
USR-000023,EVT-0014313,2026-06-23 12:08:20.598846,0.348825949265215,lstm
USR-000196,EVT-0014314,2026-06-23 12:09:52.754364,0.5483814935793797,lstm
USR-000048,EVT-0014315,2026-06-23 12:12:07.547198,0.3941279401705208,lstm
USR-000115,EVT-0014316,2026-06-23 12:12:40.187727,0.400854492192203,lstm
SVC-000016,EVT-0014317,2026-06-23 12:13:45.052184,0.7349155258828025,lstm
USR-000025,EVT-0014318,2026-06-23 12:14:49.116764,0.9999999999999998,lstm
USR-000129,EVT-0014319,2026-06-23 12:16:54.619322,0.38704188781506954,lstm
DEV-000001,EVT-0014320,2026-06-23 12:18:07.066115,0.26227087936566645,lstm
USR-000115,EVT-0014321,2026-06-23 12:18:42.647212,0.3412309654348241,lstm
SVC-000053,EVT-0014322,2026-06-23 12:20:04.882397,0.3136719985576643,lstm
DEV-000008,EVT-0014323,2026-06-23 12:21:29.032664,0.6421076397900238,lstm
DEV-000023,EVT-0014324,2026-06-23 12:21:36.688444,0.689616624042069,lstm
USR-000047,EVT-0014325,2026-06-23 12:21:46.562240,0.3323289786219819,lstm
USR-000190,EVT-0014326,2026-06-23 12:21:55.959482,0.28740436012260356,lstm
DEV-000023,EVT-0014327,2026-06-23 12:22:54.852520,0.9780068156793532,lstm
USR-000009,EVT-0014328,2026-06-23 12:24:03.467502,0.5554491264811662,lstm
USR-000103,EVT-0014329,2026-06-23 12:25:07.744121,0.2915049364524198,lstm
USR-000200,EVT-0014330,2026-06-23 12:26:09.562390,0.3495064302942081,lstm
DEV-000004,EVT-0014331,2026-06-23 12:26:09.898838,0.6926666475859917,lstm
SVC-000024,EVT-0014332,2026-06-23 12:27:06.145565,0.7010451800042309,lstm
SVC-000039,EVT-0014333,2026-06-23 12:27:06.843535,0.4223499212754191,lstm
USR-000070,EVT-0014334,2026-06-23 12:27:52.145168,0.851676102953503,lstm
SVC-000042,EVT-0014335,2026-06-23 12:32:06.220184,0.7678993800795612,lstm
USR-000182,EVT-0014336,2026-06-23 12:33:28.555473,0.6300667220390666,lstm
USR-000042,EVT-0014337,2026-06-23 12:34:04.405499,0.3309366899992166,lstm
SVC-000001,EVT-0014338,2026-06-23 12:35:03.070558,0.35769579450212474,lstm
SVC-000043,EVT-0014339,2026-06-23 12:35:13.687763,0.3477394588654447,lstm
USR-000061,EVT-0014340,2026-06-23 12:35:17.527740,0.6855236598919502,lstm
USR-000144,EVT-0014341,2026-06-23 12:35:27.971310,0.8501346783229314,lstm
SVC-000001,EVT-0014342,2026-06-23 12:35:46.864026,0.7011483164309595,lstm
USR-000156,EVT-0014343,2026-06-23 12:36:03.095421,0.9673873924951369,lstm
DEV-000019,EVT-0014344,2026-06-23 12:36:22.193595,0.9796975077708667,lstm
SVC-000034,EVT-0014345,2026-06-23 12:36:56.225193,0.8423176643500662,lstm
USR-000047,EVT-0014346,2026-06-23 12:38:48.057889,0.27651960164732503,lstm
SVC-000008,EVT-0014347,2026-06-23 12:39:03.865461,0.5594952847167889,lstm
USR-000176,EVT-0014348,2026-06-23 12:39:13.478875,0.7329933589801118,lstm
SVC-000050,EVT-0014349,2026-06-23 12:40:05.745588,0.41850998195080374,lstm
SVC-000008,EVT-0014350,2026-06-23 12:40:48.192573,0.6568326936573529,lstm
USR-000173,EVT-0014351,2026-06-23 12:41:34.077670,0.5477220429065998,lstm
USR-000029,EVT-0014352,2026-06-23 12:42:14.242712,0.2823190770379215,lstm
USR-000154,EVT-0014353,2026-06-23 12:44:01.151288,0.49073552680888705,lstm
USR-000157,EVT-0014354,2026-06-23 12:45:26.705110,0.31470500624503894,lstm
USR-000028,EVT-0014355,2026-06-23 12:47:53.637291,0.3858228449758729,lstm
USR-000028,EVT-0014356,2026-06-23 12:48:58.806833,1.0,lstm
USR-000051,EVT-0014357,2026-06-23 12:49:06.852694,0.5735271269805744,lstm
DEV-000009,EVT-0014358,2026-06-23 12:49:45.971302,0.4229530601092951,lstm
USR-000046,EVT-0014359,2026-06-23 12:50:53.505035,0.5564797719511217,lstm
USR-000028,EVT-0014360,2026-06-23 12:51:54.642729,0.8691104496245025,lstm
SVC-000017,EVT-0014361,2026-06-23 12:52:11.705459,0.994289307997378,lstm
USR-000030,EVT-0014362,2026-06-23 12:55:20.746736,0.2515227575481744,lstm
USR-000041,EVT-0014363,2026-06-23 12:55:49.942189,0.5972961863027944,lstm
USR-000036,EVT-0014364,2026-06-23 12:56:28.093614,0.41380210048055577,lstm
SVC-000043,EVT-0014365,2026-06-23 12:56:51.298060,0.2792395429370244,lstm
SVC-000034,EVT-0014366,2026-06-23 12:57:49.262022,0.5595893410473116,lstm
USR-000055,EVT-0014367,2026-06-23 13:00:05.514658,0.3776551786434722,baseline_fallback
SVC-000050,EVT-0014368,2026-06-23 13:01:04.884623,0.6348545291572218,lstm
USR-000196,EVT-0014369,2026-06-23 13:02:56.030239,0.41238918681680087,lstm
SVC-000001,EVT-0014370,2026-06-23 13:02:56.848303,0.30380427881755095,lstm
SVC-000034,EVT-0014371,2026-06-23 13:03:33.421714,0.4751304287439848,lstm
USR-000196,EVT-0014372,2026-06-23 13:04:12.690877,0.9707143401047702,lstm
USR-000166,EVT-0014373,2026-06-23 13:05:01.033633,0.7626486058869759,lstm
USR-000199,EVT-0014374,2026-06-23 13:05:09.641531,0.4040741638810299,lstm
DEV-000001,EVT-0014375,2026-06-23 13:05:32.287126,0.22174907487863907,lstm
USR-000196,EVT-0014376,2026-06-23 13:07:18.303352,0.46379582656519586,lstm
USR-000047,EVT-0014377,2026-06-23 13:07:19.609857,0.25388156115064753,lstm
SVC-000049,EVT-0014378,2026-06-23 13:07:26.360364,0.8972298798889949,lstm
USR-000060,EVT-0014379,2026-06-23 13:08:53.406457,0.3247455313727558,lstm
DEV-000011,EVT-0014380,2026-06-23 13:09:29.229783,0.30490976617190607,lstm
SVC-000008,EVT-0014381,2026-06-23 13:09:34.128186,0.4482414081750078,lstm
DEV-000003,EVT-0014382,2026-06-23 13:12:24.716780,0.4749485762415371,lstm
USR-000009,EVT-0014383,2026-06-23 13:12:24.969278,0.45836478206678083,lstm
USR-000176,EVT-0014384,2026-06-23 13:12:39.534805,0.6384971280994859,lstm
USR-000200,EVT-0014385,2026-06-23 13:12:51.464248,0.38094938668030603,lstm
USR-000026,EVT-0014386,2026-06-23 13:13:02.126292,0.5520067844716582,lstm
USR-000029,EVT-0014387,2026-06-23 13:13:41.889728,0.3304041179150103,lstm
SVC-000034,EVT-0014388,2026-06-23 13:15:13.435231,0.4479379442363611,lstm
DEV-000026,EVT-0014389,2026-06-23 13:15:15.328798,0.25755262643248283,lstm
USR-000069,EVT-0014390,2026-06-23 13:15:31.246180,0.6255096470161963,lstm
USR-000041,EVT-0014391,2026-06-23 13:16:02.945046,0.5997668228277915,lstm
USR-000083,EVT-0014392,2026-06-23 13:16:03.793375,0.6246782967796789,baseline_fallback
SVC-000043,EVT-0014393,2026-06-23 13:16:20.076277,0.2709877362398171,lstm
USR-000065,EVT-0014394,2026-06-23 13:18:12.627189,0.7679289226065857,lstm
DEV-000001,EVT-0014395,2026-06-23 13:18:46.702199,0.3987771331966792,lstm
SVC-000027,EVT-0014396,2026-06-23 13:19:13.171016,0.9959861650019369,lstm
SVC-000049,EVT-0014397,2026-06-23 13:21:02.488252,0.5059044199211906,lstm
USR-000037,EVT-0014398,2026-06-23 13:22:14.580233,0.3061396207639298,lstm
USR-000033,EVT-0014399,2026-06-23 13:23:19.385285,0.47842319985204734,lstm
USR-000061,EVT-0014400,2026-06-23 13:23:42.241890,0.4677881908620402,lstm
SVC-000017,EVT-0014401,2026-06-23 13:24:24.169959,0.3842142647869251,lstm
USR-000104,EVT-0014402,2026-06-23 13:27:36.379029,0.371850180368672,lstm
DEV-000018,EVT-0014403,2026-06-23 13:27:36.431378,0.48353161394071337,lstm
USR-000121,EVT-0014404,2026-06-23 13:27:42.800319,0.3201852185093457,lstm
USR-000193,EVT-0014405,2026-06-23 13:28:06.428080,0.8780496335364766,lstm
USR-000183,EVT-0014406,2026-06-23 13:33:29.866350,0.593844499506915,lstm
USR-000208,EVT-0014407,2026-06-23 13:34:45.788863,0.8017768501480703,lstm
DEV-000014,EVT-0014408,2026-06-23 13:37:35.452149,0.7049925320174597,lstm
USR-000030,EVT-0014409,2026-06-23 13:38:14.536569,0.2806223215152407,lstm
USR-000173,EVT-0014410,2026-06-23 13:40:10.865632,0.36388844453877006,lstm
USR-000135,EVT-0014411,2026-06-23 13:40:54.740165,0.3144721289852958,lstm
SVC-000043,EVT-0014412,2026-06-23 13:41:11.863134,0.269643115423126,lstm
SVC-000053,EVT-0014413,2026-06-23 13:41:15.762806,0.47701636855964313,lstm
USR-000042,EVT-0014414,2026-06-23 13:42:20.688499,0.3408423926123301,lstm
USR-000149,EVT-0014415,2026-06-23 13:42:51.400757,0.9146845346161313,lstm
USR-000061,EVT-0014416,2026-06-23 13:45:15.699782,0.638309701624423,lstm
SVC-000026,EVT-0014417,2026-06-23 13:45:22.046671,0.9971834802756575,lstm
USR-000003,EVT-0014418,2026-06-23 13:45:25.762889,0.2973531876993454,lstm
DEV-000006,EVT-0014419,2026-06-23 13:46:27.493388,0.2544056221338711,lstm
SVC-000039,EVT-0014420,2026-06-23 13:46:56.787929,0.7760891763156359,lstm
USR-000136,EVT-0014421,2026-06-23 13:47:33.057658,0.8923363601491862,lstm
USR-000138,EVT-0014422,2026-06-23 13:51:04.147200,0.3837257642101318,lstm
USR-000084,EVT-0014423,2026-06-23 13:52:25.255848,0.42554769928882347,lstm
SVC-000043,EVT-0014424,2026-06-23 13:53:47.638176,0.2999644906807151,lstm
USR-000053,EVT-0014425,2026-06-23 13:54:26.627591,0.5762524325835541,lstm
SVC-000027,EVT-0014426,2026-06-23 13:55:07.781889,0.5725660162786808,lstm
USR-000195,EVT-0014427,2026-06-23 13:55:38.763210,0.47461572903656074,lstm
USR-000105,EVT-0014428,2026-06-23 13:57:13.466903,0.708162244232879,baseline_fallback
USR-000116,EVT-0014429,2026-06-23 13:57:46.542111,0.4377234533362852,lstm
USR-000125,EVT-0014430,2026-06-23 13:59:18.199703,0.639361945831621,lstm
USR-000030,EVT-0014431,2026-06-23 13:59:24.446537,0.3521645731341025,lstm
DEV-000014,EVT-0014432,2026-06-23 13:59:51.108987,0.826319331244104,lstm
SVC-000001,EVT-0014433,2026-06-23 14:00:09.474309,0.36179666626171714,lstm
SVC-000028,EVT-0014434,2026-06-23 14:02:37.800856,0.9896203418835303,lstm
SVC-000001,EVT-0014435,2026-06-23 14:03:14.943853,0.4119767134680491,lstm
SVC-000027,EVT-0014436,2026-06-23 14:03:32.671645,0.46464747159278674,lstm
DEV-000004,EVT-0014437,2026-06-23 14:04:43.850654,0.6361214547144594,lstm
USR-000074,EVT-0014438,2026-06-23 14:05:01.839660,0.5475746797284414,lstm
SVC-000022,EVT-0014439,2026-06-23 14:05:19.737938,0.9848978709826254,lstm
USR-000038,EVT-0014440,2026-06-23 14:05:58.352995,0.315692561901565,lstm
SVC-000001,EVT-0014441,2026-06-23 14:06:47.499086,0.3964270336255607,lstm
USR-000131,EVT-0014442,2026-06-23 14:07:14.982780,0.5491656817528756,lstm
DEV-000001,EVT-0014443,2026-06-23 14:08:24.703510,0.17017483065969066,lstm
USR-000188,EVT-0014444,2026-06-23 14:09:20.158531,0.39556602656313306,baseline_fallback
USR-000144,EVT-0014445,2026-06-23 14:11:14.022157,0.5502959855463742,lstm
SVC-000043,EVT-0014446,2026-06-23 14:11:59.001056,0.292322290696797,lstm
USR-000115,EVT-0014447,2026-06-23 14:13:32.823865,0.2494687650882794,lstm
SVC-000022,EVT-0014448,2026-06-23 14:14:04.894931,0.4570158774378404,lstm
SVC-000028,EVT-0014449,2026-06-23 14:15:20.552696,0.600498373379606,lstm
SVC-000017,EVT-0014450,2026-06-23 14:15:27.431035,0.46953879874202636,lstm
SVC-000053,EVT-0014451,2026-06-23 14:16:07.489637,0.5580703023374515,lstm
SVC-000049,EVT-0014452,2026-06-23 14:18:18.919767,0.357712722535218,lstm
SVC-000049,EVT-0014453,2026-06-23 14:19:47.619901,0.8415186164680121,lstm
USR-000183,EVT-0014454,2026-06-23 14:22:07.819655,0.559088059997669,lstm
SVC-000027,EVT-0014455,2026-06-23 14:22:30.122982,0.7237271553288279,lstm
SVC-000001,EVT-0014456,2026-06-23 14:22:42.796000,0.24972268078974053,lstm
USR-000185,EVT-0014457,2026-06-23 14:22:46.086161,0.42478556161795417,lstm
USR-000074,EVT-0014458,2026-06-23 14:23:19.400602,0.4621272664641834,lstm
USR-000037,EVT-0014459,2026-06-23 14:23:24.713478,0.27459022382097376,lstm
SVC-000017,EVT-0014460,2026-06-23 14:23:26.053757,0.42031729707945753,lstm
USR-000038,EVT-0014461,2026-06-23 14:23:31.601248,0.30694762895565036,lstm
USR-000006,EVT-0014462,2026-06-23 14:24:28.179758,0.3415862022280365,lstm
USR-000140,EVT-0014463,2026-06-23 14:25:41.051435,0.5724748561183499,lstm
USR-000079,EVT-0014464,2026-06-23 14:25:50.313282,0.6186873346776898,lstm
SVC-000012,EVT-0014465,2026-06-23 14:26:12.360962,0.9809320585447898,lstm
USR-000156,EVT-0014466,2026-06-23 14:29:57.925957,0.8228844073695152,lstm
SVC-000022,EVT-0014467,2026-06-23 14:32:19.609531,0.33987231885404,lstm
SVC-000017,EVT-0014468,2026-06-23 14:32:19.821846,0.533260722070732,lstm
SVC-000027,EVT-0014469,2026-06-23 14:32:27.508609,0.4418041693477049,lstm
SVC-000027,EVT-0014470,2026-06-23 14:33:13.755503,0.5490577398202473,lstm
SVC-000049,EVT-0014471,2026-06-23 14:33:13.839354,0.38254745931523726,lstm
DEV-000023,EVT-0014472,2026-06-23 14:34:32.224336,0.46659387658111295,lstm
USR-000053,EVT-0014473,2026-06-23 14:35:25.757139,0.46060498160630076,lstm
SVC-000026,EVT-0014474,2026-06-23 14:35:35.632913,0.6318302396326417,lstm
DEV-000018,EVT-0014475,2026-06-23 14:36:04.876020,0.22309549007291396,lstm
SVC-000027,EVT-0014476,2026-06-23 14:37:01.112683,0.6842191613990903,lstm
USR-000037,EVT-0014477,2026-06-23 14:37:23.837402,0.30249697152533667,lstm
SVC-000017,EVT-0014478,2026-06-23 14:38:40.641388,0.5092773859679928,lstm
USR-000048,EVT-0014479,2026-06-23 14:39:29.401050,0.30757179323328143,lstm
SVC-000012,EVT-0014480,2026-06-23 14:40:55.207371,0.3816581515600187,lstm
SVC-000010,EVT-0014481,2026-06-23 14:41:10.625741,0.9849932516314484,lstm
USR-000081,EVT-0014482,2026-06-23 14:41:11.404437,0.3885381886271689,lstm
SVC-000027,EVT-0014483,2026-06-23 14:42:02.670818,0.3950562267189582,lstm
SVC-000043,EVT-0014484,2026-06-23 14:44:07.237682,0.29244465929706054,lstm
USR-000207,EVT-0014485,2026-06-23 14:44:07.515418,0.4377089794187535,lstm
USR-000201,EVT-0014486,2026-06-23 14:44:13.828078,0.8795967353574424,baseline_fallback
USR-000041,EVT-0014487,2026-06-23 14:45:47.724823,0.499717006208816,lstm
SVC-000001,EVT-0014488,2026-06-23 14:45:50.215419,0.3450409168120695,lstm
USR-000136,EVT-0014489,2026-06-23 14:45:58.891088,0.7896452644695563,lstm
SVC-000033,EVT-0014490,2026-06-23 14:47:32.288254,0.9561625637786154,lstm
DEV-000016,EVT-0014491,2026-06-23 14:48:11.584303,0.448473606547435,lstm
SVC-000027,EVT-0014492,2026-06-23 14:49:00.682579,0.6460243055249901,lstm
USR-000196,EVT-0014493,2026-06-23 14:49:16.294319,0.2768072994719776,lstm
USR-000027,EVT-0014494,2026-06-23 14:49:25.661569,0.8963566092359436,lstm
USR-000033,EVT-0014495,2026-06-23 14:49:44.522958,0.2860552791935586,lstm
SVC-000022,EVT-0014496,2026-06-23 14:50:18.236966,0.3312923508857506,lstm
SVC-000022,EVT-0014497,2026-06-23 14:51:21.477165,0.5522452470889602,lstm
SVC-000022,EVT-0014498,2026-06-23 14:51:21.683646,0.8912724529556911,lstm
SVC-000026,EVT-0014499,2026-06-23 14:52:36.870186,0.7488280315117806,lstm
DEV-000022,EVT-0014500,2026-06-23 14:53:04.083619,0.3335339470632054,lstm
USR-000050,EVT-0014501,2026-06-23 14:54:17.937927,0.4106483877434759,lstm
SVC-000026,EVT-0014502,2026-06-23 14:54:31.513781,0.5733398370610323,lstm
SVC-000036,EVT-0014503,2026-06-23 14:55:34.595231,0.997188242242528,lstm
SVC-000027,EVT-0014504,2026-06-23 14:55:41.562710,0.627377414434489,lstm
USR-000031,EVT-0014505,2026-06-23 14:58:30.398986,0.5059644751946688,lstm
USR-000154,EVT-0014506,2026-06-23 14:58:44.737532,0.48793392135524627,lstm
USR-000136,EVT-0014507,2026-06-23 15:00:39.101009,0.7077763550726788,lstm
USR-000176,EVT-0014508,2026-06-23 15:00:41.143664,0.3798797110591329,lstm
SVC-000036,EVT-0014509,2026-06-23 15:00:53.472077,0.8359207227840304,lstm
USR-000062,EVT-0014510,2026-06-23 15:01:05.460820,0.5612408390710645,lstm
SVC-000012,EVT-0014511,2026-06-23 15:01:59.260373,0.7007249954310529,lstm
USR-000046,EVT-0014512,2026-06-23 15:02:05.570028,0.36571462849886865,lstm
USR-000131,EVT-0014513,2026-06-23 15:02:28.455941,0.2691799347700147,lstm
USR-000080,EVT-0014514,2026-06-23 15:04:44.531451,0.37349217233286075,lstm
SVC-000010,EVT-0014515,2026-06-23 15:05:03.348893,0.4604075987164032,lstm
SVC-000033,EVT-0014516,2026-06-23 15:06:57.760768,0.5199201101734026,lstm
SVC-000028,EVT-0014517,2026-06-23 15:07:10.285129,0.492872519755569,lstm
USR-000061,EVT-0014518,2026-06-23 15:09:42.586477,0.5350131640844342,lstm
DEV-000025,EVT-0014519,2026-06-23 15:10:00.507800,0.7366888576861655,lstm
SVC-000026,EVT-0014520,2026-06-23 15:10:07.244126,0.6541067021052599,lstm
USR-000064,EVT-0014521,2026-06-23 15:12:58.688068,0.5383067395262161,lstm
DEV-000015,EVT-0014522,2026-06-23 15:13:39.643380,0.7146481878370894,lstm
USR-000043,EVT-0014523,2026-06-23 15:13:50.215624,0.4526622359063406,baseline_fallback
SVC-000026,EVT-0014524,2026-06-23 15:13:56.946536,0.3524142506620358,lstm
SVC-000049,EVT-0014525,2026-06-23 15:14:15.822293,0.30559199588972924,lstm
SVC-000026,EVT-0014526,2026-06-23 15:15:04.366266,0.6412960564809297,lstm
SVC-000049,EVT-0014527,2026-06-23 15:15:10.534114,0.7439330273609359,lstm
USR-000061,EVT-0014528,2026-06-23 15:15:41.810332,0.780834445824569,lstm
USR-000073,EVT-0014529,2026-06-23 15:15:42.164350,0.3283527725473003,lstm
SVC-000010,EVT-0014530,2026-06-23 15:18:06.258550,0.5067347297185232,lstm
SVC-000028,EVT-0014531,2026-06-23 15:18:24.060656,0.6476313161161712,lstm
USR-000190,EVT-0014532,2026-06-23 15:18:54.827732,0.34944260557739953,lstm
SVC-000026,EVT-0014533,2026-06-23 15:18:58.400658,0.33866584599153504,lstm
SVC-000017,EVT-0014534,2026-06-23 15:19:10.060595,0.8525161919285518,lstm
SVC-000033,EVT-0014535,2026-06-23 15:20:23.130936,0.4440142130231721,lstm
USR-000185,EVT-0014536,2026-06-23 15:20:50.613198,0.2687590002157301,lstm
SVC-000012,EVT-0014537,2026-06-23 15:20:58.218911,0.32990706454274854,lstm
USR-000152,EVT-0014538,2026-06-23 15:21:04.657466,0.4782394602251602,lstm
SVC-000026,EVT-0014539,2026-06-23 15:24:48.819523,0.28079962651942936,lstm
USR-000079,EVT-0014540,2026-06-23 15:24:53.408373,0.36937584702631,lstm
USR-000201,EVT-0014541,2026-06-23 15:24:59.741968,0.7256661681855787,baseline_fallback
SVC-000036,EVT-0014542,2026-06-23 15:25:11.863579,0.40300063210048054,lstm
USR-000188,EVT-0014543,2026-06-23 15:26:34.913169,0.7549809178362704,baseline_fallback
USR-000196,EVT-0014544,2026-06-23 15:26:59.310881,0.32806401338206703,lstm
SVC-000033,EVT-0014545,2026-06-23 15:27:40.374799,0.590070275110041,lstm
USR-000147,EVT-0014546,2026-06-23 15:28:17.888394,0.7815007643049777,lstm
DEV-000018,EVT-0014547,2026-06-23 15:29:28.338368,0.24143473924819372,lstm
SVC-000036,EVT-0014548,2026-06-23 15:29:59.267349,0.4570593017196869,lstm
USR-000197,EVT-0014549,2026-06-23 15:30:23.919064,0.5695209455318972,lstm
USR-000026,EVT-0014550,2026-06-23 15:30:53.257344,0.5036311154752714,lstm
USR-000169,EVT-0014551,2026-06-23 15:32:19.505200,0.8751322472727688,lstm
USR-000005,EVT-0014552,2026-06-23 15:32:52.296376,0.47947677905350755,lstm
USR-000014,EVT-0014553,2026-06-23 15:33:50.893001,0.7432666184973267,baseline_fallback
SVC-000038,EVT-0014554,2026-06-23 15:33:58.400287,0.9786819188708066,lstm
USR-000196,EVT-0014555,2026-06-23 15:34:47.697138,0.3587299232181705,lstm
USR-000014,EVT-0014556,2026-06-23 15:35:23.014844,1.0,lstm
USR-000186,EVT-0014557,2026-06-23 15:35:43.926222,0.9999999968615092,lstm
SVC-000036,EVT-0014558,2026-06-23 15:36:04.988746,0.39238440381130707,lstm
USR-000048,EVT-0014559,2026-06-23 15:36:10.640466,0.3758881350296408,lstm
USR-000069,EVT-0014560,2026-06-23 15:36:52.249703,0.49085178225188064,lstm
USR-000046,EVT-0014561,2026-06-23 15:38:33.471827,0.9076110381032141,lstm
USR-000014,EVT-0014562,2026-06-23 15:39:05.246132,0.9994361058143665,lstm
USR-000014,EVT-0014563,2026-06-23 15:40:40.237629,0.9576498189395305,lstm
USR-000027,EVT-0014564,2026-06-23 15:41:20.796541,0.7022788980359318,lstm
SVC-000038,EVT-0014565,2026-06-23 15:42:42.768974,0.8610539114987522,lstm
SVC-000010,EVT-0014566,2026-06-23 15:42:46.678820,0.3865737770703828,lstm
USR-000014,EVT-0014567,2026-06-23 15:42:48.536018,0.9070285043726812,lstm
USR-000212,EVT-0014568,2026-06-23 15:43:19.820993,0.4555610238028599,lstm
SVC-000028,EVT-0014569,2026-06-23 15:44:06.750028,0.4579324959124501,lstm
USR-000014,EVT-0014570,2026-06-23 15:45:19.406842,0.9101409881083127,lstm
USR-000003,EVT-0014571,2026-06-23 15:47:01.701380,0.31826666083837085,lstm
USR-000186,EVT-0014572,2026-06-23 15:48:03.860734,0.9869611615735792,lstm
USR-000014,EVT-0014573,2026-06-23 15:49:19.130826,0.9677002157422984,lstm
DEV-000003,EVT-0014574,2026-06-23 15:49:48.691807,0.5121635390221237,lstm
USR-000033,EVT-0014575,2026-06-23 15:49:52.005500,0.30489313177610794,lstm
USR-000152,EVT-0014576,2026-06-23 15:49:56.721981,0.46179354005970846,lstm
USR-000212,EVT-0014577,2026-06-23 15:50:34.898303,0.4319342100744498,lstm
SVC-000012,EVT-0014578,2026-06-23 15:51:04.083252,0.30601741202536276,lstm
USR-000014,EVT-0014579,2026-06-23 15:51:28.770311,0.9651129387078572,lstm
SVC-000026,EVT-0014580,2026-06-23 15:53:01.538735,0.4910787340932756,lstm
USR-000135,EVT-0014581,2026-06-23 15:53:02.184408,0.4483186371862968,lstm
SVC-000036,EVT-0014582,2026-06-23 15:54:00.425037,0.36326119471762996,lstm
USR-000147,EVT-0014583,2026-06-23 15:54:02.792324,0.7199585048801175,lstm
SVC-000036,EVT-0014584,2026-06-23 15:54:18.740920,0.8916379760495514,lstm
USR-000079,EVT-0014585,2026-06-23 15:54:42.335113,0.3133030487288737,lstm
SVC-000029,EVT-0014586,2026-06-23 15:56:37.636799,0.9827632581643112,lstm
SVC-000036,EVT-0014587,2026-06-23 15:56:41.616764,0.43355461654610267,lstm
USR-000184,EVT-0014588,2026-06-23 15:57:03.232335,0.6907418306834687,lstm
SVC-000038,EVT-0014589,2026-06-23 15:57:19.442497,0.6857363170579787,lstm
SVC-000036,EVT-0014590,2026-06-23 15:57:23.389416,0.6112381619771471,lstm
SVC-000036,EVT-0014591,2026-06-23 15:57:30.933649,0.7375760127247851,lstm
DEV-000009,EVT-0014592,2026-06-23 15:58:10.659341,0.40544512757864143,lstm
SVC-000026,EVT-0014593,2026-06-23 15:58:19.567128,0.41778489631176,lstm
SVC-000012,EVT-0014594,2026-06-23 15:59:46.727298,0.4254348877100952,lstm
SVC-000036,EVT-0014595,2026-06-23 16:00:28.614116,0.38348952293402094,lstm
SVC-000036,EVT-0014596,2026-06-23 16:00:49.059246,0.43685174953488426,lstm
USR-000021,EVT-0014597,2026-06-23 16:02:58.142560,0.4685411046168924,lstm
SVC-000005,EVT-0014598,2026-06-23 16:03:56.099522,0.9501014252027377,lstm
USR-000206,EVT-0014599,2026-06-23 16:05:12.911392,0.4335328691082024,lstm
SVC-000029,EVT-0014600,2026-06-23 16:06:26.505430,0.5342578812700286,lstm
USR-000089,EVT-0014601,2026-06-23 16:09:46.688093,0.49583340734046244,lstm
SVC-000028,EVT-0014602,2026-06-23 16:10:31.961992,0.6176820399419827,lstm
USR-000026,EVT-0014603,2026-06-23 16:15:25.958724,0.514358983405414,lstm
DEV-000021,EVT-0014604,2026-06-23 16:16:01.794751,0.9674200676359515,lstm
USR-000183,EVT-0014605,2026-06-23 16:19:32.052713,0.4919145565120293,lstm
USR-000002,EVT-0014606,2026-06-23 16:22:19.982904,0.7199050462141413,lstm
SVC-000010,EVT-0014607,2026-06-23 16:22:42.192602,0.4209157057424909,lstm
SVC-000026,EVT-0014608,2026-06-23 16:23:38.711359,0.28857246496194094,lstm
SVC-000005,EVT-0014609,2026-06-23 16:27:01.194116,0.7217985403487635,lstm
SVC-000026,EVT-0014610,2026-06-23 16:27:42.577042,0.38307151873914286,lstm
SVC-000049,EVT-0014611,2026-06-23 16:28:30.897445,0.43249052341571964,lstm
USR-000043,EVT-0014612,2026-06-23 16:29:31.086151,0.5266618636874637,baseline_fallback
USR-000003,EVT-0014613,2026-06-23 16:30:08.873105,0.24409358044798887,lstm
USR-000091,EVT-0014614,2026-06-23 16:30:25.713052,0.36883068781929,baseline_fallback
USR-000100,EVT-0014615,2026-06-23 16:32:26.625809,0.3674530497036915,baseline_fallback
USR-000125,EVT-0014616,2026-06-23 16:33:25.144255,0.3861741861098072,lstm
SVC-000033,EVT-0014617,2026-06-23 16:34:16.262596,0.44228265045061876,lstm
DEV-000004,EVT-0014618,2026-06-23 16:34:32.745418,0.6564938577128476,lstm
USR-000002,EVT-0014619,2026-06-23 16:34:58.971022,0.3918610315381911,lstm
SVC-000026,EVT-0014620,2026-06-23 16:35:43.661318,0.4162589861319915,lstm
USR-000070,EVT-0014621,2026-06-23 16:35:53.072969,0.8407276838872864,lstm
SVC-000012,EVT-0014622,2026-06-23 16:36:26.175746,0.4698506075144426,lstm
SVC-000029,EVT-0014623,2026-06-23 16:37:04.003204,0.39127606820694444,lstm
SVC-000049,EVT-0014624,2026-06-23 16:37:04.708757,0.49617884378875204,lstm
USR-000081,EVT-0014625,2026-06-23 16:39:11.959022,0.428431609002194,lstm
SVC-000026,EVT-0014626,2026-06-23 16:39:24.060541,0.39578905274831977,lstm
SVC-000010,EVT-0014627,2026-06-23 16:40:43.591017,0.3833449359092954,lstm
USR-000147,EVT-0014628,2026-06-23 16:42:23.578507,0.5837236976490817,lstm
USR-000074,EVT-0014629,2026-06-23 16:43:09.649478,0.3302104683524463,lstm
SVC-000033,EVT-0014630,2026-06-23 16:43:38.403994,0.8478704256838455,lstm
SVC-000026,EVT-0014631,2026-06-23 16:45:47.799763,0.34372905525746444,lstm
SVC-000029,EVT-0014632,2026-06-23 16:46:00.661986,0.6843300274725909,lstm
USR-000081,EVT-0014633,2026-06-23 16:47:42.404474,0.5306194389454868,lstm
SVC-000010,EVT-0014634,2026-06-23 16:48:39.441379,0.42324734401549174,lstm
SVC-000026,EVT-0014635,2026-06-23 16:49:38.293203,0.630336647789784,lstm
DEV-000011,EVT-0014636,2026-06-23 16:49:59.755344,0.3563350172715529,lstm
DEV-000026,EVT-0014637,2026-06-23 16:50:30.598605,0.3377289504189242,lstm
USR-000061,EVT-0014638,2026-06-23 16:51:35.055613,0.5651787490498961,lstm
USR-000152,EVT-0014639,2026-06-23 16:52:05.497470,0.37978505643795657,lstm
SVC-000036,EVT-0014640,2026-06-23 16:52:52.757686,0.7835926076441757,lstm
SVC-000029,EVT-0014641,2026-06-23 16:53:31.484537,0.4842521273222623,lstm
USR-000149,EVT-0014642,2026-06-23 16:53:51.674572,0.4793765950740667,lstm
SVC-000036,EVT-0014643,2026-06-23 16:54:32.756274,0.4401847568258201,lstm
USR-000037,EVT-0014644,2026-06-23 16:54:34.042456,0.2735529354668681,lstm
USR-000002,EVT-0014645,2026-06-23 16:55:24.499812,0.352769243028706,lstm
USR-000117,EVT-0014646,2026-06-23 16:55:27.929043,0.5971849258165239,lstm
SVC-000010,EVT-0014647,2026-06-23 16:55:39.200733,0.4509272243466099,lstm
SVC-000038,EVT-0014648,2026-06-23 16:55:40.739857,0.42778363488058063,lstm
USR-000185,EVT-0014649,2026-06-23 16:56:10.891072,0.24654891121605074,lstm
USR-000101,EVT-0014650,2026-06-23 16:57:02.741507,0.36909531948974506,lstm
SVC-000036,EVT-0014651,2026-06-23 16:57:34.810867,0.3713249112890032,lstm
SVC-000010,EVT-0014652,2026-06-23 17:02:25.402526,0.3687015935845519,lstm
SVC-000005,EVT-0014653,2026-06-23 17:02:55.913653,0.44628177117214907,lstm
SVC-000029,EVT-0014654,2026-06-23 17:03:42.270736,0.6518915342640947,lstm
SVC-000005,EVT-0014655,2026-06-23 17:03:56.991993,0.9133631184066783,lstm
USR-000062,EVT-0014656,2026-06-23 17:06:46.875822,0.33967751397236756,lstm
USR-000079,EVT-0014657,2026-06-23 17:07:45.993071,0.33774974349861603,lstm
SVC-000044,EVT-0014658,2026-06-23 17:08:16.651998,0.9769064071434107,lstm
SVC-000038,EVT-0014659,2026-06-23 17:09:53.845545,0.5727497064456013,lstm
USR-000185,EVT-0014660,2026-06-23 17:09:59.625046,0.28550877988553514,lstm
USR-000074,EVT-0014661,2026-06-23 17:13:20.861540,0.2619528465891086,lstm
SVC-000029,EVT-0014662,2026-06-23 17:13:35.184835,0.5527968347295157,lstm
DEV-000008,EVT-0014663,2026-06-23 17:15:45.311160,0.7596999600302549,lstm
USR-000004,EVT-0014664,2026-06-23 17:15:54.859007,0.9909352513726514,lstm
SVC-000044,EVT-0014665,2026-06-23 17:18:34.804158,0.810317059635123,lstm
SVC-000026,EVT-0014666,2026-06-23 17:18:36.208878,0.4131019912242475,lstm
SVC-000001,EVT-0014667,2026-06-23 17:22:28.485166,0.8132556459564365,lstm
USR-000037,EVT-0014668,2026-06-23 17:23:32.092822,0.32708319476283904,lstm
SVC-000033,EVT-0014669,2026-06-23 17:23:41.939146,0.314946159866468,lstm
DEV-000021,EVT-0014670,2026-06-23 17:26:41.731952,0.7266220215842998,lstm
USR-000036,EVT-0014671,2026-06-23 17:28:08.971125,1.0,lstm
SVC-000026,EVT-0014672,2026-06-23 17:28:09.939182,0.37324435625566865,lstm
USR-000149,EVT-0014673,2026-06-23 17:28:17.560485,0.5295837799450684,lstm
SVC-000010,EVT-0014674,2026-06-23 17:30:18.726305,0.37459048963003627,lstm
SVC-000037,EVT-0014675,2026-06-23 17:34:57.532136,0.9798270913447187,lstm
DEV-000020,EVT-0014676,2026-06-23 17:35:48.877469,0.6185842818609285,lstm
USR-000208,EVT-0014677,2026-06-23 17:35:59.352067,0.9491303345718328,lstm
SVC-000033,EVT-0014678,2026-06-23 17:36:47.780522,0.5648211441784399,lstm
DEV-000011,EVT-0014679,2026-06-23 17:41:09.830618,0.5272988951932704,lstm
USR-000185,EVT-0014680,2026-06-23 17:41:23.164492,0.3275096060038725,lstm
DEV-000022,EVT-0014681,2026-06-23 17:41:30.918587,0.5515962442148891,lstm
SVC-000052,EVT-0014682,2026-06-23 17:45:07.374218,0.920090548282379,lstm
SVC-000033,EVT-0014683,2026-06-23 17:45:18.309037,0.4636002586093984,lstm
DEV-000024,EVT-0014684,2026-06-23 17:45:34.490676,0.3955513575918451,lstm
DEV-000023,EVT-0014685,2026-06-23 17:46:39.579903,0.5686939623770921,lstm
SVC-000023,EVT-0014686,2026-06-23 17:48:06.059047,0.8989345582285461,lstm
USR-000101,EVT-0014687,2026-06-23 17:48:49.804140,0.33522298346910623,lstm
SVC-000033,EVT-0014688,2026-06-23 17:49:10.835029,0.508840056880198,lstm
SVC-000005,EVT-0014689,2026-06-23 17:54:41.689687,0.3220113077712023,lstm
SVC-000005,EVT-0014690,2026-06-23 17:55:53.362127,0.9319309975263812,lstm
USR-000147,EVT-0014691,2026-06-23 17:58:30.289272,0.4233174874422249,lstm
DEV-000019,EVT-0014692,2026-06-23 17:58:43.972709,0.48901778129763385,lstm
SVC-000023,EVT-0014693,2026-06-23 17:59:05.274192,0.604344911462844,lstm
USR-000104,EVT-0014694,2026-06-23 17:59:25.107704,0.4894837001196253,lstm
DEV-000023,EVT-0014695,2026-06-23 18:00:23.172168,0.7658900557923766,lstm
USR-000079,EVT-0014696,2026-06-23 18:00:49.062811,0.43908137959840277,lstm
USR-000185,EVT-0014697,2026-06-23 18:01:44.337013,0.3308499915682512,lstm
USR-000062,EVT-0014698,2026-06-23 18:02:51.838250,0.3605033232390867,lstm
SVC-000037,EVT-0014699,2026-06-23 18:02:54.580833,0.530547760815456,lstm
USR-000154,EVT-0014700,2026-06-23 18:03:22.895820,0.43206262182673755,lstm
SVC-000033,EVT-0014701,2026-06-23 18:04:07.100875,0.5846331196682718,lstm
USR-000084,EVT-0014702,2026-06-23 18:04:37.169203,0.41048988008186693,lstm
SVC-000033,EVT-0014703,2026-06-23 18:06:16.796506,0.7161256654141448,lstm
SVC-000044,EVT-0014704,2026-06-23 18:06:57.943014,0.41069814207882055,lstm
USR-000101,EVT-0014705,2026-06-23 18:08:22.577008,0.35214322341501736,lstm
SVC-000052,EVT-0014706,2026-06-23 18:08:26.169325,0.5030154311890327,lstm
DEV-000007,EVT-0014707,2026-06-23 18:10:06.295598,0.3606223797113849,lstm
USR-000018,EVT-0014708,2026-06-23 18:11:22.239272,0.47739118171529193,lstm
DEV-000001,EVT-0014709,2026-06-23 18:12:27.848595,0.6282046238892558,lstm
SVC-000033,EVT-0014710,2026-06-23 18:13:09.638028,0.521147169424323,lstm
SVC-000023,EVT-0014711,2026-06-23 18:14:22.016425,0.478675930627154,lstm
SVC-000044,EVT-0014712,2026-06-23 18:16:29.007777,0.5450278128021127,lstm
USR-000147,EVT-0014713,2026-06-23 18:17:52.523651,0.3693163792746325,lstm
USR-000192,EVT-0014714,2026-06-23 18:18:01.335825,0.687118239480091,lstm
USR-000053,EVT-0014715,2026-06-23 18:19:14.721657,0.5125536349307029,lstm
USR-000117,EVT-0014716,2026-06-23 18:22:15.093859,0.3937838042325334,lstm
SVC-000033,EVT-0014717,2026-06-23 18:22:42.614290,0.7373499983535697,lstm
SVC-000052,EVT-0014718,2026-06-23 18:24:50.202892,0.5599603465177843,lstm
DEV-000024,EVT-0014719,2026-06-23 18:26:06.325719,0.3879409423897694,lstm
USR-000109,EVT-0014720,2026-06-23 18:26:44.647171,0.5054216435120277,lstm
SVC-000044,EVT-0014721,2026-06-23 18:27:17.009659,0.7214648883108113,lstm
SVC-000033,EVT-0014722,2026-06-23 18:28:08.752998,0.7735797401038408,lstm
SVC-000044,EVT-0014723,2026-06-23 18:30:21.213687,0.7069173621571638,lstm
USR-000027,EVT-0014724,2026-06-23 18:35:26.506025,0.429820230906922,lstm
USR-000212,EVT-0014725,2026-06-23 18:35:31.531703,0.5194711704185956,lstm
SVC-000005,EVT-0014726,2026-06-23 18:35:32.590108,0.4914209804100721,lstm
SVC-000057,EVT-0014727,2026-06-23 18:41:32.435181,0.9475900391068242,lstm
USR-000147,EVT-0014728,2026-06-23 18:46:31.197663,0.5833166616325094,lstm
SVC-000037,EVT-0014729,2026-06-23 18:48:36.900620,0.5863837271474703,lstm
DEV-000015,EVT-0014730,2026-06-23 18:49:28.259165,0.7235666137808424,lstm
USR-000208,EVT-0014731,2026-06-23 18:53:28.956262,0.7474347488508443,lstm
USR-000109,EVT-0014732,2026-06-23 19:01:32.799206,0.46618959077028194,lstm
SVC-000061,EVT-0014733,2026-06-23 19:02:43.884573,0.9791217480975927,lstm
SVC-000052,EVT-0014734,2026-06-23 19:04:31.044983,0.3321012417203302,lstm
SVC-000037,EVT-0014735,2026-06-23 19:04:59.482746,0.6792685397242306,lstm
DEV-000010,EVT-0014736,2026-06-23 19:08:00.038549,0.8011064548545959,lstm
SVC-000057,EVT-0014737,2026-06-23 19:09:27.592059,0.8407644560728745,lstm
SVC-000023,EVT-0014738,2026-06-23 19:10:52.701727,0.2880454504554153,lstm
USR-000149,EVT-0014739,2026-06-23 19:18:04.157853,0.4723194674388475,lstm
USR-000212,EVT-0014740,2026-06-23 19:18:38.093648,0.3769541986221315,lstm
DEV-000007,EVT-0014741,2026-06-23 19:20:37.733334,0.360530484470676,lstm
DEV-000009,EVT-0014742,2026-06-23 19:24:40.127770,0.5966665590685348,lstm
USR-000149,EVT-0014743,2026-06-23 19:25:49.023009,0.6662211760905654,lstm
DEV-000002,EVT-0014744,2026-06-23 19:26:53.714204,0.5121340095577817,lstm
SVC-000058,EVT-0014745,2026-06-23 19:33:56.155796,0.9736153577455523,lstm
USR-000185,EVT-0014746,2026-06-23 19:35:46.222724,0.2932047921538301,lstm
SVC-000004,EVT-0014747,2026-06-23 19:37:22.600569,0.9582627613791969,lstm
DEV-000005,EVT-0014748,2026-06-23 19:37:23.645551,0.592809033169617,lstm
SVC-000052,EVT-0014749,2026-06-23 19:37:39.552633,0.30328677810030236,lstm
SVC-000037,EVT-0014750,2026-06-23 19:37:45.329668,0.5052814591072695,lstm
SVC-000052,EVT-0014751,2026-06-23 19:44:26.747717,0.6813106886482193,lstm
SVC-000004,EVT-0014752,2026-06-23 19:45:05.654023,0.34177485171797306,lstm
SVC-000023,EVT-0014753,2026-06-23 19:47:52.634224,0.3310891919874127,lstm
SVC-000052,EVT-0014754,2026-06-23 19:48:10.014276,0.38096207559696366,lstm
DEV-000016,EVT-0014755,2026-06-23 19:54:16.595582,0.8659081341649144,lstm
DEV-000022,EVT-0014756,2026-06-23 19:54:36.611488,0.6663693241643796,lstm
SVC-000044,EVT-0014757,2026-06-23 19:55:51.510424,0.4733214654548068,lstm
SVC-000061,EVT-0014758,2026-06-23 20:05:45.071831,0.36342475981808736,lstm
USR-000060,EVT-0014759,2026-06-23 20:06:25.194222,0.9999998930540123,lstm
USR-000208,EVT-0014760,2026-06-23 20:06:30.069628,0.8606438424149144,lstm
SVC-000009,EVT-0014761,2026-06-23 20:07:20.739258,1.0,lstm
SVC-000045,EVT-0014762,2026-06-23 20:07:37.658223,1.0,lstm
USR-000136,EVT-0014763,2026-06-23 20:08:08.238891,0.9999999998992366,lstm
USR-000019,EVT-0014764,2026-06-23 20:08:10.303075,0.999996258693449,lstm
SVC-000007,EVT-0014765,2026-06-23 20:08:14.637985,1.0,lstm
USR-000182,EVT-0014766,2026-06-23 20:08:31.162129,0.9999999999999096,lstm
USR-000152,EVT-0014767,2026-06-23 20:08:57.540851,0.42850699254962976,lstm
USR-000093,EVT-0014768,2026-06-23 20:10:12.668176,0.999999976167952,lstm
USR-000213,EVT-0014769,2026-06-23 20:11:09.688544,0.9999880560768892,lstm
DEV-000026,EVT-0014770,2026-06-23 20:11:57.268524,1.0,lstm
USR-000120,EVT-0014771,2026-06-23 20:12:20.197641,0.9999999887921786,lstm
USR-000104,EVT-0014772,2026-06-23 20:13:18.338180,1.0,lstm
SVC-000055,EVT-0014773,2026-06-23 20:14:46.889707,1.0,lstm
SVC-000061,EVT-0014774,2026-06-23 20:16:00.551649,0.2981663309457047,lstm
USR-000024,EVT-0014775,2026-06-23 20:17:05.138826,0.9999999970391442,lstm
DEV-000003,EVT-0014776,2026-06-23 20:17:16.410726,1.0,lstm
SVC-000061,EVT-0014777,2026-06-23 20:17:41.537960,0.4323037934220546,lstm
DEV-000012,EVT-0014778,2026-06-23 20:18:02.184233,0.32457212885735987,lstm
DEV-000002,EVT-0014779,2026-06-23 20:18:09.949513,0.5673118671645105,lstm
USR-000140,EVT-0014780,2026-06-23 20:18:11.184307,0.9999999791455572,lstm
USR-000027,EVT-0014781,2026-06-23 20:18:35.991611,0.9999999926822325,lstm
SVC-000023,EVT-0014782,2026-06-23 20:18:38.496174,1.0,lstm
SVC-000006,EVT-0014783,2026-06-23 20:18:49.700416,1.0,lstm
SVC-000013,EVT-0014784,2026-06-23 20:19:09.552541,1.0,lstm
USR-000032,EVT-0014785,2026-06-23 20:19:29.082179,0.9966853443511324,baseline_fallback
USR-000167,EVT-0014786,2026-06-23 20:19:35.735585,0.9999999999999334,lstm
SVC-000057,EVT-0014787,2026-06-23 20:22:22.929028,0.5487796676776449,lstm
USR-000152,EVT-0014788,2026-06-23 20:23:18.838378,0.9999999999997267,lstm
USR-000063,EVT-0014789,2026-06-23 20:23:29.173683,0.9966853443511324,baseline_fallback
SVC-000058,EVT-0014790,2026-06-23 20:24:15.584123,0.3207741940816806,lstm
SVC-000048,EVT-0014791,2026-06-23 20:24:26.151380,0.9787370449601733,lstm
DEV-000021,EVT-0014792,2026-06-23 20:25:03.305972,0.7562202833638852,lstm
USR-000161,EVT-0014793,2026-06-23 20:25:18.626230,0.9966853443511324,baseline_fallback
SVC-000048,EVT-0014794,2026-06-23 20:25:54.370776,0.5650144761053597,lstm
SVC-000061,EVT-0014795,2026-06-23 20:27:12.560857,0.22635481698785678,lstm
SVC-000049,EVT-0014796,2026-06-23 20:27:52.480516,1.0,lstm
SVC-000004,EVT-0014797,2026-06-23 20:29:09.677675,0.41494631921639913,lstm
SVC-000057,EVT-0014798,2026-06-23 20:29:41.841302,0.5311206560616275,lstm
USR-000036,EVT-0014799,2026-06-23 20:29:56.595523,0.9999877253390793,lstm
USR-000145,EVT-0014800,2026-06-23 20:30:10.339194,0.9966853443511324,baseline_fallback
USR-000096,EVT-0014801,2026-06-23 20:31:40.361379,0.9999944074353104,lstm
SVC-000048,EVT-0014802,2026-06-23 20:33:06.002875,0.39170863900555775,lstm
SVC-000033,EVT-0014803,2026-06-23 20:33:15.880240,0.9333414526807099,lstm
SVC-000058,EVT-0014804,2026-06-23 20:34:38.761559,0.400558494586623,lstm
SVC-000048,EVT-0014805,2026-06-23 20:35:10.998502,0.583744248333069,lstm
SVC-000048,EVT-0014806,2026-06-23 20:38:35.598727,0.48241250937332136,lstm
SVC-000061,EVT-0014807,2026-06-23 20:39:52.681414,0.2739065184440968,lstm
SVC-000044,EVT-0014808,2026-06-23 20:40:17.452956,0.4819946701506886,lstm
SVC-000061,EVT-0014809,2026-06-23 20:43:53.338501,0.2536429466660949,lstm
SVC-000004,EVT-0014810,2026-06-23 20:48:13.371594,0.3303071082128593,lstm
SVC-000061,EVT-0014811,2026-06-23 20:48:19.950917,0.6605365672031537,lstm
SVC-000004,EVT-0014812,2026-06-23 20:48:36.962996,0.8410611594320482,lstm
SVC-000058,EVT-0014813,2026-06-23 20:51:29.345020,0.25952809172099045,lstm
SVC-000058,EVT-0014814,2026-06-23 20:52:22.586645,0.5784688625187926,lstm
DEV-000010,EVT-0014815,2026-06-23 20:52:26.112738,0.7818893441572464,lstm
SVC-000058,EVT-0014816,2026-06-23 20:53:06.521504,0.5573983853971027,lstm
SVC-000058,EVT-0014817,2026-06-23 20:53:39.510786,0.49357047690791944,lstm
SVC-000054,EVT-0014818,2026-06-23 20:58:03.062221,0.9940154672556002,lstm
USR-000201,EVT-0014819,2026-06-23 20:59:02.612630,0.9131305907211527,baseline_fallback
DEV-000018,EVT-0014820,2026-06-23 21:01:30.617309,0.4026342514294915,lstm
DEV-000020,EVT-0014821,2026-06-23 21:02:56.331320,0.4658690223382454,lstm
USR-000073,EVT-0014822,2026-06-23 21:03:36.671323,0.4052984437486277,lstm
SVC-000048,EVT-0014823,2026-06-23 21:05:05.928809,0.4441930191801854,lstm
USR-000079,EVT-0014824,2026-06-23 21:12:37.286526,0.5816021695425659,lstm
SVC-000052,EVT-0014825,2026-06-23 21:12:56.843769,0.4354601171576998,lstm
DEV-000023,EVT-0014826,2026-06-23 21:16:12.256019,0.46841820072582546,lstm
SVC-000003,EVT-0014827,2026-06-23 21:16:55.470369,0.9859948973300241,lstm
SVC-000052,EVT-0014828,2026-06-23 21:17:09.171959,0.47838929657026563,lstm
SVC-000058,EVT-0014829,2026-06-23 21:20:30.458168,0.32357491193735843,lstm
SVC-000061,EVT-0014830,2026-06-23 21:25:33.240059,0.29643263869527714,lstm
SVC-000054,EVT-0014831,2026-06-23 21:27:37.665821,0.3916896774670534,lstm
SVC-000048,EVT-0014832,2026-06-23 21:27:54.605613,0.2943101785557339,lstm
SVC-000054,EVT-0014833,2026-06-23 21:31:13.660191,0.4523384851812479,lstm
USR-000106,EVT-0014834,2026-06-23 21:35:01.600363,0.5396992444851876,lstm
SVC-000003,EVT-0014835,2026-06-23 21:38:47.336778,0.6056351246296006,lstm
SVC-000054,EVT-0014836,2026-06-23 21:44:50.295401,0.38077990034274556,lstm
DEV-000009,EVT-0014837,2026-06-23 21:45:22.164092,0.6423666204211765,lstm
SVC-000003,EVT-0014838,2026-06-23 21:45:33.099307,0.43661283258421024,lstm
DEV-000009,EVT-0014839,2026-06-23 21:46:24.369152,0.9646211620159241,lstm
SVC-000054,EVT-0014840,2026-06-23 21:48:26.639194,0.37234093167258037,lstm
SVC-000003,EVT-0014841,2026-06-23 21:50:01.947974,0.6646397453200071,lstm
SVC-000003,EVT-0014842,2026-06-23 21:51:13.523806,0.771898367111745,lstm
SVC-000003,EVT-0014843,2026-06-23 21:51:32.610444,0.8792406068525279,lstm
DEV-000009,EVT-0014844,2026-06-23 21:57:23.765765,0.5463811940229842,lstm
SVC-000047,EVT-0014845,2026-06-23 21:57:32.700640,0.9281046772136385,lstm
SVC-000002,EVT-0014846,2026-06-23 21:57:59.731791,0.9904993836176595,lstm
SVC-000054,EVT-0014847,2026-06-23 21:58:47.454611,0.32923062846183576,lstm
DEV-000023,EVT-0014848,2026-06-23 21:59:32.261701,0.8528703840928589,lstm
SVC-000054,EVT-0014849,2026-06-23 21:59:44.262389,0.5647724013287292,lstm
SVC-000003,EVT-0014850,2026-06-23 22:01:35.188704,0.8432042474337607,lstm
SVC-000054,EVT-0014851,2026-06-23 22:09:40.752782,0.3065064431771343,lstm
SVC-000058,EVT-0014852,2026-06-23 22:09:50.256552,0.35388352497595105,lstm
SVC-000004,EVT-0014853,2026-06-23 22:10:28.728688,0.6125685337823469,lstm
SVC-000058,EVT-0014854,2026-06-23 22:11:01.512539,0.5064118616051393,lstm
DEV-000018,EVT-0014855,2026-06-23 22:12:17.480157,0.33205679617389666,lstm
SVC-000002,EVT-0014856,2026-06-23 22:13:05.898070,0.2822533410211449,lstm
DEV-000001,EVT-0014857,2026-06-23 22:15:28.484989,0.8948790810754159,lstm
SVC-000054,EVT-0014858,2026-06-23 22:17:04.969718,0.33383703644658713,lstm
SVC-000003,EVT-0014859,2026-06-23 22:18:41.072604,0.4377224203857651,lstm
SVC-000045,EVT-0014860,2026-06-23 22:19:48.815212,0.998655138432257,lstm
SVC-000054,EVT-0014861,2026-06-23 22:21:44.435771,0.7942346896908357,lstm
SVC-000025,EVT-0014862,2026-06-23 22:23:49.025009,0.983873101851868,lstm
SVC-000004,EVT-0014863,2026-06-23 22:25:23.106325,0.36663294398975854,lstm
SVC-000045,EVT-0014864,2026-06-23 22:25:56.670106,0.9880262204425393,lstm
SVC-000032,EVT-0014865,2026-06-23 22:27:19.626958,0.9799567629047229,lstm
SVC-000054,EVT-0014866,2026-06-23 22:29:07.422283,0.3610438327626946,lstm
SVC-000056,EVT-0014867,2026-06-23 22:30:39.771079,0.9769007834535789,lstm
SVC-000054,EVT-0014868,2026-06-23 22:31:31.718941,0.396265194306337,lstm
SVC-000035,EVT-0014869,2026-06-23 22:32:14.571358,0.9532517058039566,lstm
SVC-000045,EVT-0014870,2026-06-23 22:33:06.765936,0.9847392879321493,lstm
DEV-000026,EVT-0014871,2026-06-23 22:33:24.978357,0.9993362928542632,lstm
SVC-000045,EVT-0014872,2026-06-23 22:37:24.651696,0.9813614109267833,lstm
SVC-000002,EVT-0014873,2026-06-23 22:37:37.795552,0.25029309801338673,lstm
SVC-000035,EVT-0014874,2026-06-23 22:38:58.543707,0.5191408655999152,lstm
SVC-000054,EVT-0014875,2026-06-23 22:40:11.335295,0.28595532928417167,lstm
SVC-000056,EVT-0014876,2026-06-23 22:40:37.825898,0.5243854274199394,lstm
SVC-000002,EVT-0014877,2026-06-23 22:43:32.182680,0.33781562260584985,lstm
SVC-000002,EVT-0014878,2026-06-23 22:43:46.317497,0.633314356184666,lstm
SVC-000059,EVT-0014879,2026-06-23 22:45:42.119119,0.9730760094917108,lstm
SVC-000047,EVT-0014880,2026-06-23 22:49:05.961027,0.3662430745153665,lstm
SVC-000054,EVT-0014881,2026-06-23 22:50:44.038584,0.24675920938228055,lstm
SVC-000002,EVT-0014882,2026-06-23 22:52:11.490412,0.2976302309232003,lstm
SVC-000047,EVT-0014883,2026-06-23 22:53:10.596154,0.572139958468494,lstm
SVC-000002,EVT-0014884,2026-06-23 22:53:34.661688,0.5231091376334891,lstm
SVC-000002,EVT-0014885,2026-06-23 22:54:31.911228,0.4249055881739928,lstm
SVC-000032,EVT-0014886,2026-06-23 22:54:51.068668,0.3242824109363697,lstm
SVC-000032,EVT-0014887,2026-06-23 22:57:54.024912,0.36961969492580876,lstm
DEV-000011,EVT-0014888,2026-06-23 22:58:20.909726,0.5310851146077971,lstm
SVC-000032,EVT-0014889,2026-06-23 22:59:51.892552,0.4021998679424179,lstm
SVC-000002,EVT-0014890,2026-06-23 23:00:14.906768,0.324231282189726,lstm
SVC-000058,EVT-0014891,2026-06-23 23:01:02.119116,0.4281180670811261,lstm
DEV-000005,EVT-0014892,2026-06-23 23:03:00.549803,0.17195955937456409,lstm
SVC-000002,EVT-0014893,2026-06-23 23:03:18.915078,0.3831479565411607,lstm
SVC-000002,EVT-0014894,2026-06-23 23:04:46.205870,0.34712340235686406,lstm
DEV-000001,EVT-0014895,2026-06-23 23:05:28.470203,0.8489619723311429,lstm
SVC-000002,EVT-0014896,2026-06-23 23:10:48.646759,0.2747875548098465,lstm
SVC-000032,EVT-0014897,2026-06-23 23:11:07.576624,0.25089349691455654,lstm
SVC-000054,EVT-0014898,2026-06-23 23:15:20.330939,0.6894735188240536,lstm
SVC-000045,EVT-0014899,2026-06-23 23:15:47.117970,0.9645392445322243,lstm
SVC-000032,EVT-0014900,2026-06-23 23:16:27.607162,0.24488537815684872,lstm
SVC-000059,EVT-0014901,2026-06-23 23:17:15.102494,0.4429824455830897,lstm
SVC-000058,EVT-0014902,2026-06-23 23:21:28.043344,0.3841751624077981,lstm
DEV-000017,EVT-0014903,2026-06-23 23:23:52.515314,0.68889285118299,lstm
USR-000088,EVT-0014904,2026-06-23 23:24:37.383735,0.3668240815375423,lstm
SVC-000032,EVT-0014905,2026-06-23 23:26:20.701180,0.2514758365433608,lstm
DEV-000001,EVT-0014906,2026-06-23 23:26:23.136823,0.8379745749868794,lstm
DEV-000017,EVT-0014907,2026-06-23 23:27:49.310832,0.9422565697785291,lstm
SVC-000041,EVT-0014908,2026-06-23 23:31:40.368070,0.9935475798708374,lstm
SVC-000002,EVT-0014909,2026-06-23 23:31:45.894253,0.40907608221551733,lstm
DEV-000020,EVT-0014910,2026-06-23 23:32:46.399410,0.4434255356674474,lstm
SVC-000041,EVT-0014911,2026-06-23 23:33:04.174694,0.9319495082644281,lstm
SVC-000025,EVT-0014912,2026-06-23 23:33:36.338773,0.41800384295646026,lstm
SVC-000032,EVT-0014913,2026-06-23 23:37:37.666647,0.2268626910504184,lstm
SVC-000059,EVT-0014914,2026-06-23 23:38:10.727773,0.21538992503987736,lstm
SVC-000025,EVT-0014915,2026-06-23 23:42:01.101639,0.30013936178285944,lstm
SVC-000059,EVT-0014916,2026-06-23 23:42:22.342582,0.26654072806995516,lstm
SVC-000059,EVT-0014917,2026-06-23 23:42:40.325425,0.42281145756280125,lstm
SVC-000041,EVT-0014918,2026-06-23 23:43:35.641242,0.5584044956948768,lstm
SVC-000056,EVT-0014919,2026-06-23 23:46:18.609094,0.5075534925582056,lstm
SVC-000025,EVT-0014920,2026-06-23 23:46:20.930241,0.31938020758809926,lstm
SVC-000025,EVT-0014921,2026-06-23 23:46:24.444215,0.6424866717762722,lstm
SVC-000041,EVT-0014922,2026-06-23 23:46:47.376338,0.6720793841011156,lstm
SVC-000032,EVT-0014923,2026-06-23 23:47:42.026126,0.2739386815420946,lstm
SVC-000059,EVT-0014924,2026-06-23 23:52:47.835316,0.21758283746426232,lstm
SVC-000025,EVT-0014925,2026-06-23 23:54:38.837747,0.6830491927638106,lstm
DEV-000026,EVT-0014926,2026-06-23 23:58:35.478811,0.973601755541563,lstm
SVC-000056,EVT-0014927,2026-06-23 23:59:54.182818,0.345706401740886,lstm
SVC-000025,EVT-0014928,2026-06-24 00:00:03.693812,0.4703379095430785,lstm
USR-000190,EVT-0014929,2026-06-24 00:00:22.133056,0.8431399437750259,lstm
SVC-000059,EVT-0014930,2026-06-24 00:01:22.098732,0.28123007370745834,lstm
USR-000190,EVT-0014931,2026-06-24 00:01:45.252452,0.8014946452954442,lstm
SVC-000032,EVT-0014932,2026-06-24 00:01:54.180723,0.6415331244807628,lstm
USR-000190,EVT-0014933,2026-06-24 00:02:47.845430,1.0,lstm
USR-000190,EVT-0014934,2026-06-24 00:03:26.328009,0.8857795872392716,lstm
SVC-000032,EVT-0014935,2026-06-24 00:04:56.979718,0.3517676720469958,lstm
SVC-000059,EVT-0014936,2026-06-24 00:05:27.829391,0.2575318103474804,lstm
SVC-000025,EVT-0014937,2026-06-24 00:12:56.512444,0.3214245882291879,lstm
DEV-000001,EVT-0014938,2026-06-24 00:14:24.459418,0.7594259399423353,lstm
DEV-000002,EVT-0014939,2026-06-24 00:20:43.495312,0.5418204324113883,lstm
DEV-000003,EVT-0014940,2026-06-24 00:21:48.982980,0.9999999999966618,lstm
SVC-000059,EVT-0014941,2026-06-24 00:25:54.423000,0.2282686278730487,lstm
SVC-000041,EVT-0014942,2026-06-24 00:37:24.145599,0.6316993728642876,lstm
USR-000122,EVT-0014943,2026-06-24 00:39:55.566124,0.36337361081929964,lstm
USR-000163,EVT-0014944,2026-06-24 00:41:41.104027,0.29737030224765604,lstm
SVC-000025,EVT-0014945,2026-06-24 00:42:09.006896,0.7378135557796093,lstm
USR-000088,EVT-0014946,2026-06-24 00:43:47.466460,0.2645931117932864,lstm
SVC-000025,EVT-0014947,2026-06-24 00:45:17.606447,0.4268199244715603,lstm
SVC-000056,EVT-0014948,2026-06-24 00:47:53.689557,0.459829782902607,lstm
DEV-000018,EVT-0014949,2026-06-24 00:48:13.209689,0.7625240145014412,lstm
DEV-000016,EVT-0014950,2026-06-24 00:49:05.382220,0.8328764263885028,lstm
SVC-000041,EVT-0014951,2026-06-24 00:49:49.009178,0.5819435506738032,lstm
USR-000122,EVT-0014952,2026-06-24 00:50:55.570875,0.4140495829059736,lstm
SVC-000025,EVT-0014953,2026-06-24 00:55:34.769574,0.3191167413489008,lstm
SVC-000056,EVT-0014954,2026-06-24 00:57:59.624768,0.5914321856791176,lstm
DEV-000013,EVT-0014955,2026-06-24 01:00:42.832479,0.9879146351312439,lstm
USR-000150,EVT-0014956,2026-06-24 01:03:08.449385,0.8075973063009926,lstm
SVC-000041,EVT-0014957,2026-06-24 01:03:46.974964,0.42722651498766434,lstm
DEV-000022,EVT-0014958,2026-06-24 01:07:50.352522,0.6512211322457777,lstm
DEV-000012,EVT-0014959,2026-06-24 01:18:50.111607,0.4272189382242875,lstm
SVC-000056,EVT-0014960,2026-06-24 01:20:34.330347,0.5049594349413021,lstm
DEV-000022,EVT-0014961,2026-06-24 01:21:37.275337,0.762085208615197,lstm
USR-000122,EVT-0014962,2026-06-24 01:22:57.241320,0.2649094147516342,lstm
SVC-000056,EVT-0014963,2026-06-24 01:33:25.137419,0.5033113502270837,lstm
DEV-000024,EVT-0014964,2026-06-24 01:36:55.544669,0.8696899985857465,lstm
SVC-000041,EVT-0014965,2026-06-24 01:39:02.621378,0.7703204722396951,lstm
SVC-000018,EVT-0014966,2026-06-24 01:39:07.962856,0.9967591206464995,lstm
SVC-000041,EVT-0014967,2026-06-24 01:39:28.065740,0.6376042361844985,lstm
DEV-000019,EVT-0014968,2026-06-24 01:41:46.474105,0.6306508786288291,lstm
USR-000122,EVT-0014969,2026-06-24 01:44:22.004700,0.46261016400471316,lstm
DEV-000001,EVT-0014970,2026-06-24 01:48:58.932133,0.6534494436237444,lstm
SVC-000018,EVT-0014971,2026-06-24 01:50:35.302714,0.4742039631074042,lstm
USR-000165,EVT-0014972,2026-06-24 01:50:48.722536,0.8297984119204543,lstm
USR-000163,EVT-0014973,2026-06-24 01:53:57.048278,0.2669760436349741,lstm
SVC-000041,EVT-0014974,2026-06-24 01:54:12.621308,0.33054776521730644,lstm
SVC-000018,EVT-0014975,2026-06-24 01:54:33.525763,0.35540337001381866,lstm
SVC-000018,EVT-0014976,2026-06-24 02:00:17.622657,0.4609467353824957,lstm
SVC-000018,EVT-0014977,2026-06-24 02:01:47.925212,0.46459324254286993,lstm
SVC-000018,EVT-0014978,2026-06-24 02:03:33.360166,0.7725503727008409,lstm
SVC-000041,EVT-0014979,2026-06-24 02:07:12.654862,0.6171131060093547,lstm
SVC-000014,EVT-0014980,2026-06-24 02:14:30.506804,0.9783839083673476,lstm
SVC-000014,EVT-0014981,2026-06-24 02:16:38.013017,0.507640743371489,lstm
DEV-000018,EVT-0014982,2026-06-24 02:17:59.833394,0.713327109357901,lstm
SVC-000014,EVT-0014983,2026-06-24 02:18:09.676410,0.524430076239539,lstm
DEV-000016,EVT-0014984,2026-06-24 02:24:16.252194,0.619720074504017,lstm
SVC-000014,EVT-0014985,2026-06-24 02:29:42.693072,0.2988838600197373,lstm
SVC-000018,EVT-0014986,2026-06-24 02:30:30.012777,0.4679521713764011,lstm
DEV-000024,EVT-0014987,2026-06-24 02:34:33.684152,0.890432165012275,lstm
DEV-000006,EVT-0014988,2026-06-24 02:37:01.621256,0.7145082823489397,lstm
SVC-000041,EVT-0014989,2026-06-24 02:37:30.463692,0.37776130704936317,lstm
SVC-000018,EVT-0014990,2026-06-24 02:43:24.419810,0.29858931577386644,lstm
SVC-000018,EVT-0014991,2026-06-24 02:44:44.574666,0.38536503037041475,lstm
SVC-000018,EVT-0014992,2026-06-24 02:49:12.868921,0.3451979925693577,lstm
USR-000122,EVT-0014993,2026-06-24 02:51:03.409100,0.26819676962263117,lstm
DEV-000012,EVT-0014994,2026-06-24 02:56:39.918831,0.35588050793117704,lstm
SVC-000014,EVT-0014995,2026-06-24 02:58:00.388143,0.28645339450615853,lstm
USR-000165,EVT-0014996,2026-06-24 03:03:55.625349,0.594493406237235,lstm
DEV-000013,EVT-0014997,2026-06-24 03:04:13.653416,0.8681891044838974,lstm
SVC-000018,EVT-0014998,2026-06-24 03:04:45.963329,0.2841255292482585,lstm
DEV-000010,EVT-0014999,2026-06-24 03:12:32.834609,0.794227571277022,lstm
DEV-000014,EVT-0015000,2026-06-24 03:21:34.269471,0.5916665303706772,lstm
USR-000122,EVT-0015001,2026-06-24 03:23:05.464216,0.3134753298558218,lstm
SVC-000018,EVT-0015002,2026-06-24 03:27:02.460888,0.9060952537989689,lstm
DEV-000024,EVT-0015003,2026-06-24 03:27:43.518977,0.9072517084130242,lstm
SVC-000018,EVT-0015004,2026-06-24 03:27:56.531000,0.8619007843332127,lstm
SVC-000015,EVT-0015005,2026-06-24 03:28:27.480717,0.9915760752594802,lstm
DEV-000017,EVT-0015006,2026-06-24 03:30:45.379421,0.3821317862842877,lstm
SVC-000018,EVT-0015007,2026-06-24 03:40:13.834385,0.3469253151559034,lstm
SVC-000018,EVT-0015008,2026-06-24 03:40:15.443259,0.5693454274662306,lstm
SVC-000019,EVT-0015009,2026-06-24 03:40:18.046570,0.9863674498002885,lstm
SVC-000014,EVT-0015010,2026-06-24 03:41:03.878419,0.31744837062994613,lstm
SVC-000015,EVT-0015011,2026-06-24 03:42:11.286219,0.7278446795535027,lstm
SVC-000015,EVT-0015012,2026-06-24 03:45:22.255955,0.4857410455253321,lstm
SVC-000020,EVT-0015013,2026-06-24 03:45:22.803772,0.9850867060973875,lstm
SVC-000014,EVT-0015014,2026-06-24 03:54:52.248111,0.2968830519211942,lstm
SVC-000015,EVT-0015015,2026-06-24 03:55:18.552262,0.48558243457504013,lstm
SVC-000014,EVT-0015016,2026-06-24 04:02:52.289075,0.32205956607506275,lstm
DEV-000016,EVT-0015017,2026-06-24 04:05:55.055561,0.4234236404546037,lstm
DEV-000010,EVT-0015018,2026-06-24 04:05:57.474047,0.5916222730155177,lstm
DEV-000010,EVT-0015019,2026-06-24 04:11:36.824547,0.7596441226965922,lstm
SVC-000015,EVT-0015020,2026-06-24 04:15:07.699516,0.2674154305515594,lstm
DEV-000009,EVT-0015021,2026-06-24 04:33:29.565349,0.6375326859426578,lstm
SVC-000014,EVT-0015022,2026-06-24 04:34:13.120579,0.3437073516852893,lstm
USR-000088,EVT-0015023,2026-06-24 04:35:40.274117,0.3713388656476779,lstm
SVC-000014,EVT-0015024,2026-06-24 04:41:35.695116,0.2517978143542887,lstm
SVC-000007,EVT-0015025,2026-06-24 04:52:19.765030,0.9999974130358642,lstm
SVC-000019,EVT-0015026,2026-06-24 04:54:04.972403,0.3855700431144476,lstm
SVC-000007,EVT-0015027,2026-06-24 05:02:25.664901,0.9895624802531847,lstm
SVC-000015,EVT-0015028,2026-06-24 05:04:46.866889,0.2937294520385292,lstm
SVC-000031,EVT-0015029,2026-06-24 05:07:27.388391,0.9650390016649447,lstm
SVC-000007,EVT-0015030,2026-06-24 05:08:20.014817,0.8719408127025318,lstm
SVC-000007,EVT-0015031,2026-06-24 05:08:35.945103,0.9445932013712163,lstm
USR-000182,EVT-0015032,2026-06-24 05:10:14.081277,0.9465060469588709,lstm
SVC-000007,EVT-0015033,2026-06-24 05:10:31.943097,0.7448779049687896,lstm
SVC-000015,EVT-0015034,2026-06-24 05:11:04.870744,0.5277764666801721,lstm
SVC-000019,EVT-0015035,2026-06-24 05:12:34.539130,0.2791095009369835,lstm
SVC-000020,EVT-0015036,2026-06-24 05:16:11.276710,0.49916753993679497,lstm
USR-000135,EVT-0015037,2026-06-24 05:16:44.994154,0.5034438063209171,lstm
DEV-000016,EVT-0015038,2026-06-24 05:17:31.909907,0.35071648463090704,lstm
SVC-000019,EVT-0015039,2026-06-24 05:19:54.355086,0.3138589514292855,lstm
SVC-000019,EVT-0015040,2026-06-24 05:28:36.519674,0.27862207587236393,lstm
USR-000129,EVT-0015041,2026-06-24 05:36:42.616247,0.6343203611906411,lstm
USR-000124,EVT-0015042,2026-06-24 05:42:07.797880,0.710589773302946,lstm
DEV-000018,EVT-0015043,2026-06-24 05:43:09.292409,0.7976650730128043,lstm
DEV-000018,EVT-0015044,2026-06-24 05:44:02.303007,0.9829024829256295,lstm
USR-000157,EVT-0015045,2026-06-24 05:44:17.841986,0.4703797821775195,lstm
USR-000116,EVT-0015046,2026-06-24 05:45:38.136037,0.6495139482417764,lstm
SVC-000009,EVT-0015047,2026-06-24 05:45:57.586193,0.9997482718195156,lstm
DEV-000007,EVT-0015048,2026-06-24 05:50:03.233285,0.7700336836086261,lstm
SVC-000019,EVT-0015049,2026-06-24 05:53:23.741028,0.2451276894792236,lstm
SVC-000031,EVT-0015050,2026-06-24 05:59:01.709831,0.36871346035886016,lstm
SVC-000019,EVT-0015051,2026-06-24 05:59:27.924275,0.27472680875881866,lstm
SVC-000007,EVT-0015052,2026-06-24 06:02:31.660585,0.6641887540493463,lstm
SVC-000019,EVT-0015053,2026-06-24 06:03:53.660678,0.2864430750450585,lstm
DEV-000003,EVT-0015054,2026-06-24 06:04:28.925999,0.8975744340117937,lstm
USR-000076,EVT-0015055,2026-06-24 06:04:49.519683,0.6813175221974063,lstm
SVC-000019,EVT-0015056,2026-06-24 06:05:01.214409,0.43369328680949354,lstm
DEV-000001,EVT-0015057,2026-06-24 06:05:12.426161,0.5063910362262054,lstm
USR-000194,EVT-0015058,2026-06-24 06:05:14.271001,0.7506754713822101,lstm
SVC-000009,EVT-0015059,2026-06-24 06:05:42.211582,0.9486080482732838,lstm
DEV-000003,EVT-0015060,2026-06-24 06:07:43.650417,0.9423985238813031,lstm
SVC-000014,EVT-0015061,2026-06-24 06:07:45.855967,0.6395388673328827,lstm
SVC-000019,EVT-0015062,2026-06-24 06:07:46.512518,0.35393587882677807,lstm
USR-000163,EVT-0015063,2026-06-24 06:08:19.062738,0.4350606610571514,lstm
SVC-000009,EVT-0015064,2026-06-24 06:10:54.745526,0.9220494030063741,lstm
SVC-000009,EVT-0015065,2026-06-24 06:15:49.677606,0.8331541051506473,lstm
DEV-000001,EVT-0015066,2026-06-24 06:16:15.242488,0.5864973810257992,lstm
USR-000135,EVT-0015067,2026-06-24 06:18:25.342703,0.3314471647479938,lstm
SVC-000031,EVT-0015068,2026-06-24 06:19:35.744823,0.3259211290172679,lstm
SVC-000009,EVT-0015069,2026-06-24 06:23:05.566676,0.8336307582187281,lstm
SVC-000009,EVT-0015070,2026-06-24 06:24:25.360099,0.7915140876686951,lstm
SVC-000031,EVT-0015071,2026-06-24 06:28:58.136109,0.3376333929271322,lstm
SVC-000009,EVT-0015072,2026-06-24 06:30:22.481547,0.5558811173283214,lstm
USR-000102,EVT-0015073,2026-06-24 06:30:41.844640,0.8596238333457761,lstm
USR-000157,EVT-0015074,2026-06-24 06:33:54.655648,0.3665223314247006,lstm
DEV-000020,EVT-0015075,2026-06-24 06:36:03.064768,0.5354692561264246,lstm
SVC-000051,EVT-0015076,2026-06-24 06:37:04.330746,0.8633026826954601,lstm
SVC-000031,EVT-0015077,2026-06-24 06:37:45.736446,0.3290910071753196,lstm
SVC-000009,EVT-0015078,2026-06-24 06:38:41.502823,0.628856019406097,lstm
USR-000103,EVT-0015079,2026-06-24 06:41:32.044456,0.42690924074813114,lstm
USR-000108,EVT-0015080,2026-06-24 06:42:00.003598,0.7272801410932462,lstm
SVC-000031,EVT-0015081,2026-06-24 06:42:34.865209,0.3854701557208673,lstm
DEV-000009,EVT-0015082,2026-06-24 06:44:38.285940,0.3176701141164437,lstm
SVC-000031,EVT-0015083,2026-06-24 06:45:46.917655,0.688724473611593,lstm
USR-000153,EVT-0015084,2026-06-24 06:49:01.523963,0.8871531112736524,lstm
DEV-000023,EVT-0015085,2026-06-24 06:49:02.318921,0.5983713496430171,lstm
DEV-000016,EVT-0015086,2026-06-24 06:49:54.793166,0.2096867960356166,lstm
SVC-000009,EVT-0015087,2026-06-24 06:50:23.947327,0.377941590024915,lstm
SVC-000055,EVT-0015088,2026-06-24 06:56:01.250438,0.9996678701924748,lstm
USR-000156,EVT-0015089,2026-06-24 06:57:38.354020,0.9270426273568869,lstm
SVC-000051,EVT-0015090,2026-06-24 07:00:53.273411,0.3634225820459403,lstm
SVC-000009,EVT-0015091,2026-06-24 07:03:41.707235,0.5174195922799847,lstm
SVC-000009,EVT-0015092,2026-06-24 07:05:16.084665,0.8521329226851204,lstm
USR-000191,EVT-0015093,2026-06-24 07:05:19.397038,0.9429572058819552,lstm
SVC-000040,EVT-0015094,2026-06-24 07:06:55.648874,0.8561174903451931,lstm
SVC-000051,EVT-0015095,2026-06-24 07:08:48.465064,0.5153201832221216,lstm
USR-000172,EVT-0015096,2026-06-24 07:10:30.227013,0.5609663838270056,lstm
SVC-000055,EVT-0015097,2026-06-24 07:14:51.457999,0.8941461705301479,lstm
SVC-000009,EVT-0015098,2026-06-24 07:14:57.968721,0.5151713440323334,lstm
DEV-000024,EVT-0015099,2026-06-24 07:15:32.037763,0.8111539532645662,lstm
USR-000036,EVT-0015100,2026-06-24 07:15:42.565038,0.8140241056262204,lstm
SVC-000031,EVT-0015101,2026-06-24 07:15:42.753788,0.48472635533766717,lstm
SVC-000040,EVT-0015102,2026-06-24 07:16:04.988833,0.496298507886965,lstm
SVC-000030,EVT-0015103,2026-06-24 07:18:44.275326,0.9509432196696302,lstm
SVC-000011,EVT-0015104,2026-06-24 07:20:13.184947,0.9897046488638248,lstm
USR-000158,EVT-0015105,2026-06-24 07:20:25.053613,0.9999999999999947,lstm
USR-000182,EVT-0015106,2026-06-24 07:20:41.290178,0.8356209896756414,lstm
SVC-000055,EVT-0015107,2026-06-24 07:20:58.381582,0.8888973109671146,lstm
SVC-000055,EVT-0015108,2026-06-24 07:21:00.464117,0.9803051565789457,lstm
USR-000177,EVT-0015109,2026-06-24 07:21:09.101485,0.7441737436207089,lstm
DEV-000009,EVT-0015110,2026-06-24 07:22:39.432678,0.26246112629204943,lstm
SVC-000019,EVT-0015111,2026-06-24 07:23:53.353020,0.47378054669791136,lstm
DEV-000025,EVT-0015112,2026-06-24 07:27:25.354367,0.5259689477825359,lstm
SVC-000011,EVT-0015113,2026-06-24 07:27:39.058429,0.3914164994617741,lstm
SVC-000030,EVT-0015114,2026-06-24 07:32:14.446812,0.4803324391054592,lstm
SVC-000031,EVT-0015115,2026-06-24 07:33:51.699814,0.46756904203568056,lstm
SVC-000040,EVT-0015116,2026-06-24 07:34:08.873848,0.4180822246519539,lstm
USR-000001,EVT-0015117,2026-06-24 07:35:04.984876,0.5031388610612207,lstm
SVC-000031,EVT-0015118,2026-06-24 07:35:41.943955,0.42177869897014336,lstm
USR-000120,EVT-0015119,2026-06-24 07:35:45.284940,0.778074091159368,lstm
DEV-000009,EVT-0015120,2026-06-24 07:37:45.471380,0.26462466638210896,lstm
USR-000103,EVT-0015121,2026-06-24 07:40:47.963999,0.3665396593983502,lstm
USR-000102,EVT-0015122,2026-06-24 07:40:59.589096,0.6028545561777224,lstm
USR-000103,EVT-0015123,2026-06-24 07:41:26.280937,0.6711400359107128,lstm
SVC-000055,EVT-0015124,2026-06-24 07:41:37.213050,0.9240626795373503,lstm
USR-000156,EVT-0015125,2026-06-24 07:41:58.014028,0.6985682789521908,lstm
USR-000059,EVT-0015126,2026-06-24 07:44:14.489199,0.9525608069890804,lstm
USR-000010,EVT-0015127,2026-06-24 07:47:04.193852,0.5651146227361193,baseline_fallback
SVC-000055,EVT-0015128,2026-06-24 07:47:28.241152,0.9802722591840782,lstm
SVC-000055,EVT-0015129,2026-06-24 07:47:52.726495,0.9734937034231889,lstm
SVC-000055,EVT-0015130,2026-06-24 07:52:54.552765,0.9334889324566419,lstm
SVC-000030,EVT-0015131,2026-06-24 08:01:21.747301,0.3817895469043333,lstm
USR-000207,EVT-0015132,2026-06-24 08:02:04.801308,0.40244634407338487,lstm
USR-000059,EVT-0015133,2026-06-24 08:02:25.082492,0.8865678947129186,lstm
USR-000177,EVT-0015134,2026-06-24 08:02:25.591789,0.5609874577514979,lstm
USR-000091,EVT-0015135,2026-06-24 08:02:47.108181,0.3992573083403054,baseline_fallback
SVC-000040,EVT-0015136,2026-06-24 08:02:55.210432,0.3092098167318173,lstm
USR-000094,EVT-0015137,2026-06-24 08:03:00.366899,0.5276954983933019,lstm
USR-000158,EVT-0015138,2026-06-24 08:03:44.753214,0.9711478570979057,lstm
USR-000157,EVT-0015139,2026-06-24 08:05:08.799919,0.23709992749272388,lstm
SVC-000055,EVT-0015140,2026-06-24 08:05:36.136269,0.8739013166397175,lstm
SVC-000046,EVT-0015141,2026-06-24 08:06:42.848819,0.9990232143106813,lstm
USR-000019,EVT-0015142,2026-06-24 08:09:40.150897,0.8160420406627197,lstm
SVC-000040,EVT-0015143,2026-06-24 08:12:00.899683,0.5100104358463083,lstm
SVC-000031,EVT-0015144,2026-06-24 08:12:54.402216,0.8597177443462621,lstm
USR-000019,EVT-0015145,2026-06-24 08:13:38.922103,0.9031013851576516,lstm
SVC-000055,EVT-0015146,2026-06-24 08:13:56.084751,0.8527113442001435,lstm
USR-000153,EVT-0015147,2026-06-24 08:13:58.018728,0.6520291710259469,lstm
SVC-000046,EVT-0015148,2026-06-24 08:17:17.434355,0.5079924024059833,lstm
SVC-000046,EVT-0015149,2026-06-24 08:17:56.119099,0.9187369318280911,lstm
SVC-000055,EVT-0015150,2026-06-24 08:18:09.845031,0.8798367889468711,lstm
SVC-000046,EVT-0015151,2026-06-24 08:18:17.983472,0.7525159127538089,lstm
SVC-000011,EVT-0015152,2026-06-24 08:18:28.208415,0.49099671630485836,lstm
SVC-000011,EVT-0015153,2026-06-24 08:21:28.170272,0.2677846872717,lstm
USR-000022,EVT-0015154,2026-06-24 08:21:36.823838,0.35096523130666296,lstm
SVC-000030,EVT-0015155,2026-06-24 08:23:23.317740,0.45101949687470416,lstm
SVC-000024,EVT-0015156,2026-06-24 08:23:49.869645,0.9769413749102663,lstm
USR-000158,EVT-0015157,2026-06-24 08:24:01.574310,0.8610438206001064,lstm
USR-000111,EVT-0015158,2026-06-24 08:25:40.089552,0.8897090124159663,lstm
USR-000048,EVT-0015159,2026-06-24 08:26:24.128552,0.5327815956890293,lstm
DEV-000013,EVT-0015160,2026-06-24 08:26:46.960720,0.6846395719506844,lstm
USR-000118,EVT-0015161,2026-06-24 08:28:39.540489,0.5685376546121472,lstm
SVC-000046,EVT-0015162,2026-06-24 08:28:50.430159,0.4815996082243601,lstm
USR-000172,EVT-0015163,2026-06-24 08:30:44.314920,0.3046303201079109,lstm
USR-000172,EVT-0015164,2026-06-24 08:32:49.703128,0.49102171535770345,lstm
SVC-000039,EVT-0015165,2026-06-24 08:33:15.123860,0.9925793069620379,lstm
SVC-000011,EVT-0015166,2026-06-24 08:34:37.843696,0.28626094634644333,lstm
DEV-000022,EVT-0015167,2026-06-24 08:37:23.876836,0.6580773433064205,lstm
SVC-000046,EVT-0015168,2026-06-24 08:38:43.993065,0.4231344774944424,lstm
USR-000031,EVT-0015169,2026-06-24 08:41:11.929699,0.407485516494006,lstm
USR-000098,EVT-0015170,2026-06-24 08:41:26.462383,0.8375970620220181,lstm
SVC-000008,EVT-0015171,2026-06-24 08:41:42.850090,0.9874942943405758,lstm
DEV-000006,EVT-0015172,2026-06-24 08:42:39.183810,0.307589735919843,lstm
USR-000102,EVT-0015173,2026-06-24 08:42:39.488994,0.5702825693639478,lstm
USR-000072,EVT-0015174,2026-06-24 08:44:15.909142,0.7311462739300305,baseline_fallback
USR-000031,EVT-0015175,2026-06-24 08:52:15.343698,0.27608791460102583,lstm
USR-000102,EVT-0015176,2026-06-24 08:54:26.745151,0.7053706302689974,lstm
USR-000162,EVT-0015177,2026-06-24 08:54:50.112826,0.49855575169059696,lstm
USR-000162,EVT-0015178,2026-06-24 08:55:01.750515,0.5714748212245465,lstm
SVC-000011,EVT-0015179,2026-06-24 08:57:10.487122,0.3545236812481649,lstm
USR-000090,EVT-0015180,2026-06-24 08:57:38.390249,0.7021731269261655,lstm
SVC-000053,EVT-0015181,2026-06-24 08:58:15.690134,0.9950358566669826,lstm
USR-000177,EVT-0015182,2026-06-24 09:00:46.202954,0.37740743373081975,lstm
SVC-000046,EVT-0015183,2026-06-24 09:02:05.539234,0.3229766440704516,lstm
SVC-000011,EVT-0015184,2026-06-24 09:03:16.727413,0.34592246261658505,lstm
USR-000199,EVT-0015185,2026-06-24 09:03:23.127800,0.30058168603815255,lstm
USR-000159,EVT-0015186,2026-06-24 09:04:16.456728,0.42071084827946903,baseline_fallback
SVC-000046,EVT-0015187,2026-06-24 09:04:46.780031,0.5620453754762444,lstm
USR-000138,EVT-0015188,2026-06-24 09:04:56.498108,0.4813827664355446,lstm
SVC-000030,EVT-0015189,2026-06-24 09:05:12.665234,0.34903374842289964,lstm
DEV-000007,EVT-0015190,2026-06-24 09:08:24.809637,0.2604977661683123,lstm
SVC-000011,EVT-0015191,2026-06-24 09:08:37.810893,0.3318343352070202,lstm
SVC-000046,EVT-0015192,2026-06-24 09:08:52.611902,0.2828023194448881,lstm
SVC-000053,EVT-0015193,2026-06-24 09:10:09.257346,0.8149064606050228,lstm
SVC-000042,EVT-0015194,2026-06-24 09:10:24.078968,0.9881343256103614,lstm
USR-000103,EVT-0015195,2026-06-24 09:10:43.636663,0.24577507255997805,lstm
USR-000036,EVT-0015196,2026-06-24 09:10:51.364017,0.5575999564449162,lstm
SVC-000051,EVT-0015197,2026-06-24 09:11:09.684934,0.32048301578764116,lstm
SVC-000042,EVT-0015198,2026-06-24 09:12:33.328463,0.34919431483999197,lstm
USR-000076,EVT-0015199,2026-06-24 09:12:40.108142,0.39630251548776557,lstm
USR-000162,EVT-0015200,2026-06-24 09:12:50.010307,0.2860181850638739,lstm
USR-000138,EVT-0015201,2026-06-24 09:13:09.076739,0.38202102045170705,lstm
USR-000096,EVT-0015202,2026-06-24 09:15:09.262133,0.9748154421847524,lstm
SVC-000030,EVT-0015203,2026-06-24 09:15:17.494488,0.7557524075257971,lstm
USR-000036,EVT-0015204,2026-06-24 09:15:18.954377,0.808777409977251,lstm
USR-000019,EVT-0015205,2026-06-24 09:15:40.850746,0.802874482824004,lstm
USR-000148,EVT-0015206,2026-06-24 09:15:53.311447,0.9990990628619458,lstm
SVC-000039,EVT-0015207,2026-06-24 09:16:59.845269,0.582302700133877,lstm
USR-000072,EVT-0015208,2026-06-24 09:17:05.104829,0.34256954079670654,baseline_fallback
USR-000067,EVT-0015209,2026-06-24 09:17:33.550939,0.6479515223163224,lstm
SVC-000039,EVT-0015210,2026-06-24 09:17:42.001752,0.8301330151997635,lstm
SVC-000024,EVT-0015211,2026-06-24 09:19:05.139234,0.43669402387386963,lstm
SVC-000024,EVT-0015212,2026-06-24 09:19:46.728602,0.6852018806710058,lstm
SVC-000013,EVT-0015213,2026-06-24 09:20:08.113629,0.9999999350399562,lstm
USR-000158,EVT-0015214,2026-06-24 09:20:31.090175,0.9256432385247116,lstm
SVC-000016,EVT-0015215,2026-06-24 09:20:59.466291,0.9472040030892006,lstm
SVC-000008,EVT-0015216,2026-06-24 09:21:41.630370,0.6392243452525921,lstm
SVC-000024,EVT-0015217,2026-06-24 09:23:46.384490,0.4284766096305303,lstm
DEV-000025,EVT-0015218,2026-06-24 09:24:15.280873,0.20791980965864784,lstm
USR-000199,EVT-0015219,2026-06-24 09:24:53.607486,0.441783577668645,lstm
USR-000194,EVT-0015220,2026-06-24 09:25:47.991121,0.36618816985180647,lstm
SVC-000039,EVT-0015221,2026-06-24 09:26:43.024182,0.42370989184306834,lstm
USR-000164,EVT-0015222,2026-06-24 09:27:11.575941,0.9056105683469112,lstm
USR-000005,EVT-0015223,2026-06-24 09:27:23.607605,0.6203140774514678,lstm
USR-000060,EVT-0015224,2026-06-24 09:27:41.806521,0.6873924461590826,lstm
USR-000039,EVT-0015225,2026-06-24 09:28:34.117532,0.7950205084458186,lstm
USR-000019,EVT-0015226,2026-06-24 09:28:55.570434,0.7467031863990371,lstm
USR-000173,EVT-0015227,2026-06-24 09:29:31.413019,0.5875733976217649,lstm
SVC-000046,EVT-0015228,2026-06-24 09:29:42.619640,0.3330605452501198,lstm
SVC-000042,EVT-0015229,2026-06-24 09:31:20.287410,0.24981509527246118,lstm
USR-000015,EVT-0015230,2026-06-24 09:31:48.839515,0.6594451361924384,lstm
SVC-000039,EVT-0015231,2026-06-24 09:32:02.684334,0.5144300172021322,lstm
USR-000194,EVT-0015232,2026-06-24 09:32:07.440209,0.4618918470573028,lstm
USR-000111,EVT-0015233,2026-06-24 09:36:02.353093,0.48451322755595355,lstm
USR-000207,EVT-0015234,2026-06-24 09:38:17.379793,0.34062894115078196,lstm
USR-000112,EVT-0015235,2026-06-24 09:40:11.496101,0.39232418262337904,baseline_fallback
USR-000076,EVT-0015236,2026-06-24 09:40:30.283324,0.31423298804710886,lstm
USR-000135,EVT-0015237,2026-06-24 09:41:22.592588,0.25009181228931676,lstm
USR-000103,EVT-0015238,2026-06-24 09:43:07.197913,0.24452915793228694,lstm
USR-000072,EVT-0015239,2026-06-24 09:43:22.909274,0.3383874142584363,baseline_fallback
SVC-000013,EVT-0015240,2026-06-24 09:44:17.443887,0.9483347284429017,lstm
USR-000001,EVT-0015241,2026-06-24 09:44:19.508857,0.3758146217533047,lstm
USR-000096,EVT-0015242,2026-06-24 09:45:05.753431,0.767004952229725,lstm
USR-000162,EVT-0015243,2026-06-24 09:45:27.290563,0.3309532482453089,lstm
SVC-000013,EVT-0015244,2026-06-24 09:45:31.515727,0.9820332236408008,lstm
SVC-000046,EVT-0015245,2026-06-24 09:46:07.905374,0.46150910062300604,lstm
SVC-000024,EVT-0015246,2026-06-24 09:46:55.575914,0.33295446180620786,lstm
USR-000206,EVT-0015247,2026-06-24 09:49:01.861765,0.29973913907258787,lstm
USR-000177,EVT-0015248,2026-06-24 09:49:30.768087,0.28661012062860347,lstm
SVC-000053,EVT-0015249,2026-06-24 09:50:13.290926,0.38351631421182325,lstm
DEV-000005,EVT-0015250,2026-06-24 09:50:27.308377,0.7580040980783418,lstm
USR-000048,EVT-0015251,2026-06-24 09:50:36.747426,0.33372416364866403,lstm
USR-000190,EVT-0015252,2026-06-24 09:50:47.001290,0.5711816861929534,lstm
USR-000158,EVT-0015253,2026-06-24 09:51:07.643635,0.7825086536662582,lstm
USR-000118,EVT-0015254,2026-06-24 09:52:58.754551,0.334649579499701,lstm
USR-000172,EVT-0015255,2026-06-24 09:53:15.069030,0.3231389438363659,lstm
DEV-000023,EVT-0015256,2026-06-24 09:53:37.759578,0.32918228096294455,lstm
SVC-000042,EVT-0015257,2026-06-24 09:53:40.111727,0.25281633573756945,lstm
USR-000103,EVT-0015258,2026-06-24 09:53:42.814302,0.38229652158914346,lstm
SVC-000053,EVT-0015259,2026-06-24 09:57:09.798135,0.31334712627295025,lstm
USR-000031,EVT-0015260,2026-06-24 09:57:19.285552,0.22718322460137205,lstm
DEV-000010,EVT-0015261,2026-06-24 09:58:32.054894,0.3051163840440662,lstm
SVC-000024,EVT-0015262,2026-06-24 09:59:08.085052,0.38534281244533614,lstm
USR-000159,EVT-0015263,2026-06-24 10:01:01.922706,0.7029809197374436,baseline_fallback
USR-000172,EVT-0015264,2026-06-24 10:01:55.721121,0.4450402338818304,lstm
SVC-000016,EVT-0015265,2026-06-24 10:02:48.960924,0.5212472838865986,lstm
SVC-000042,EVT-0015266,2026-06-24 10:02:52.812265,0.6266840528394098,lstm
USR-000157,EVT-0015267,2026-06-24 10:04:34.569128,0.30024977805733605,lstm
SVC-000042,EVT-0015268,2026-06-24 10:05:22.712738,0.251254727939381,lstm
USR-000182,EVT-0015269,2026-06-24 10:06:02.450671,0.4733932478654494,lstm
SVC-000024,EVT-0015270,2026-06-24 10:07:32.381232,0.31945372819929446,lstm
SVC-000042,EVT-0015271,2026-06-24 10:07:50.735417,0.29373155858634203,lstm
SVC-000013,EVT-0015272,2026-06-24 10:08:49.627554,0.8430823331615481,lstm
SVC-000042,EVT-0015273,2026-06-24 10:08:57.453213,0.344520919379438,lstm
USR-000095,EVT-0015274,2026-06-24 10:09:00.325824,0.4135158751233281,lstm
USR-000111,EVT-0015275,2026-06-24 10:09:51.964406,0.3868367268502756,lstm
USR-000172,EVT-0015276,2026-06-24 10:12:03.927208,0.3866517748242444,lstm
SVC-000013,EVT-0015277,2026-06-24 10:12:05.698489,0.9500055228174175,lstm
SVC-000039,EVT-0015278,2026-06-24 10:13:04.002707,0.6695906706892316,lstm
SVC-000039,EVT-0015279,2026-06-24 10:13:34.576519,0.746698196555772,lstm
USR-000079,EVT-0015280,2026-06-24 10:14:08.346049,0.4573771344373414,lstm
USR-000009,EVT-0015281,2026-06-24 10:14:15.779840,0.48984910914500035,lstm
SVC-000042,EVT-0015282,2026-06-24 10:15:45.167665,0.21830168430609334,lstm
USR-000090,EVT-0015283,2026-06-24 10:16:06.608057,0.5936388222424248,lstm
SVC-000039,EVT-0015284,2026-06-24 10:18:19.560531,0.4995798552900634,lstm
USR-000157,EVT-0015285,2026-06-24 10:20:56.678828,0.45006416496587637,lstm
SVC-000016,EVT-0015286,2026-06-24 10:22:07.377859,0.3409843529076136,lstm
USR-000102,EVT-0015287,2026-06-24 10:22:21.243100,0.4379200863397607,lstm
SVC-000042,EVT-0015288,2026-06-24 10:22:42.500703,0.5477840140758043,lstm
USR-000194,EVT-0015289,2026-06-24 10:23:37.373809,0.24618420858693318,lstm
USR-000015,EVT-0015290,2026-06-24 10:24:15.600048,0.5821081290946825,lstm
USR-000203,EVT-0015291,2026-06-24 10:26:36.683262,0.4253009686731808,baseline_fallback
USR-000009,EVT-0015292,2026-06-24 10:26:58.353059,0.30092179211003983,lstm
SVC-000024,EVT-0015293,2026-06-24 10:27:21.388603,0.2997705041175704,lstm
SVC-000024,EVT-0015294,2026-06-24 10:28:05.631334,0.7327137276758577,lstm
SVC-000013,EVT-0015295,2026-06-24 10:28:17.391913,0.7296282298598125,lstm
USR-000116,EVT-0015296,2026-06-24 10:29:34.436768,0.3584831564190314,lstm
DEV-000020,EVT-0015297,2026-06-24 10:30:32.973183,0.2843779643927911,lstm
DEV-000022,EVT-0015298,2026-06-24 10:32:15.306703,0.5489368407351506,lstm
USR-000090,EVT-0015299,2026-06-24 10:36:34.233427,0.5235414841335494,lstm
USR-000062,EVT-0015300,2026-06-24 10:37:22.363596,0.49072329604160436,lstm
SVC-000013,EVT-0015301,2026-06-24 10:37:46.514747,0.6768582030738453,lstm
USR-000039,EVT-0015302,2026-06-24 10:38:00.545200,0.5555693988596271,lstm
USR-000095,EVT-0015303,2026-06-24 10:40:55.188611,0.27676015728951614,lstm
USR-000087,EVT-0015304,2026-06-24 10:42:17.321847,0.5132139659233755,lstm
SVC-000013,EVT-0015305,2026-06-24 10:42:36.194746,0.7436227521282004,lstm
SVC-000024,EVT-0015306,2026-06-24 10:43:32.698185,0.5136018825454146,lstm
SVC-000024,EVT-0015307,2026-06-24 10:43:45.365744,0.6643087327441828,lstm
SVC-000021,EVT-0015308,2026-06-24 10:44:19.519046,0.9998153211649802,lstm
USR-000036,EVT-0015309,2026-06-24 10:44:25.506726,0.7353491062780829,lstm
SVC-000008,EVT-0015310,2026-06-24 10:46:11.472929,0.4864045390508466,lstm
SVC-000042,EVT-0015311,2026-06-24 10:46:37.156798,0.25554848435454036,lstm
DEV-000010,EVT-0015312,2026-06-24 10:47:17.471104,0.2684237701767756,lstm
USR-000039,EVT-0015313,2026-06-24 10:47:32.677283,0.6287943433657179,lstm
USR-000195,EVT-0015314,2026-06-24 10:48:06.135672,0.3889747944079197,lstm
SVC-000013,EVT-0015315,2026-06-24 10:48:11.159752,0.8944001417109999,lstm
USR-000051,EVT-0015316,2026-06-24 10:48:36.878244,0.626006231807499,lstm
DEV-000017,EVT-0015317,2026-06-24 10:49:09.545634,0.570136978322535,lstm
SVC-000053,EVT-0015318,2026-06-24 10:49:26.874666,0.40859894060561386,lstm
USR-000172,EVT-0015319,2026-06-24 10:50:05.845394,0.293142727091789,lstm
USR-000004,EVT-0015320,2026-06-24 10:54:01.010391,0.7331177650120444,lstm
USR-000129,EVT-0015321,2026-06-24 10:54:38.679535,0.2780689034658821,lstm
USR-000090,EVT-0015322,2026-06-24 10:54:48.251113,0.41281811634725757,lstm
SVC-000042,EVT-0015323,2026-06-24 10:56:02.895596,0.22305013235275992,lstm
USR-000200,EVT-0015324,2026-06-24 10:56:03.239467,0.4872511414798389,lstm
SVC-000013,EVT-0015325,2026-06-24 10:56:19.795056,0.817489206724146,lstm
USR-000090,EVT-0015326,2026-06-24 10:56:27.440884,0.6390554944026274,lstm
SVC-000021,EVT-0015327,2026-06-24 10:56:28.202822,0.8682359270623433,lstm
SVC-000001,EVT-0015328,2026-06-24 10:57:46.069824,0.9457201395633881,lstm
USR-000153,EVT-0015329,2026-06-24 10:57:59.936073,0.5562638516443108,lstm
USR-000094,EVT-0015330,2026-06-24 10:58:32.337475,0.41494067898012094,lstm
USR-000064,EVT-0015331,2026-06-24 10:59:38.855257,0.6431272457595781,lstm
USR-000115,EVT-0015332,2026-06-24 10:59:50.356874,0.5136635362502887,lstm
USR-000172,EVT-0015333,2026-06-24 11:00:12.758888,0.3527192573827278,lstm
SVC-000013,EVT-0015334,2026-06-24 11:00:47.046633,0.7457770890175557,lstm
SVC-000016,EVT-0015335,2026-06-24 11:01:24.059740,0.3406602966954233,lstm
SVC-000008,EVT-0015336,2026-06-24 11:01:47.006080,0.5537988800498724,lstm
USR-000087,EVT-0015337,2026-06-24 11:02:56.651597,0.6066865463301321,lstm
USR-000036,EVT-0015338,2026-06-24 11:04:16.760802,0.7697160616499397,lstm
USR-000189,EVT-0015339,2026-06-24 11:05:38.888848,0.3218690592700505,baseline_fallback
USR-000172,EVT-0015340,2026-06-24 11:06:25.495717,0.35675345003298664,lstm
SVC-000053,EVT-0015341,2026-06-24 11:07:07.103773,0.527835894697795,lstm
USR-000020,EVT-0015342,2026-06-24 11:07:28.315363,0.7172061034689089,lstm
SVC-000050,EVT-0015343,2026-06-24 11:08:13.367593,0.9749003114349122,lstm
USR-000019,EVT-0015344,2026-06-24 11:08:48.699310,0.6439015860044496,lstm
USR-000172,EVT-0015345,2026-06-24 11:09:06.798448,0.44889775669634574,lstm
USR-000111,EVT-0015346,2026-06-24 11:10:41.135968,0.32673262316353524,lstm
SVC-000042,EVT-0015347,2026-06-24 11:11:28.826131,0.23025415034233399,lstm
DEV-000012,EVT-0015348,2026-06-24 11:14:01.236401,0.4991488093573196,lstm
USR-000021,EVT-0015349,2026-06-24 11:14:28.691699,0.41152956635928906,lstm
DEV-000018,EVT-0015350,2026-06-24 11:15:48.901571,0.6681572143977286,lstm
USR-000030,EVT-0015351,2026-06-24 11:16:34.219808,0.3575831765162644,lstm
DEV-000012,EVT-0015352,2026-06-24 11:17:07.097983,0.9115907975568321,lstm
USR-000194,EVT-0015353,2026-06-24 11:18:14.032465,0.26516605176465613,lstm
SVC-000039,EVT-0015354,2026-06-24 11:18:45.206049,0.4665147158933583,lstm
USR-000148,EVT-0015355,2026-06-24 11:21:24.774786,0.889557887698321,lstm
USR-000173,EVT-0015356,2026-06-24 11:21:43.752615,0.6858295306859249,lstm
USR-000097,EVT-0015357,2026-06-24 11:21:50.582905,0.6898489925523692,lstm
USR-000008,EVT-0015358,2026-06-24 11:22:29.517725,0.778662328681246,lstm
SVC-000008,EVT-0015359,2026-06-24 11:22:45.664417,0.3295369540388397,lstm
SVC-000021,EVT-0015360,2026-06-24 11:23:02.523748,0.7936257391458561,lstm
SVC-000034,EVT-0015361,2026-06-24 11:23:53.060945,0.9588845480643627,lstm
USR-000039,EVT-0015362,2026-06-24 11:24:30.373236,0.9999999999999993,lstm
USR-000008,EVT-0015363,2026-06-24 11:24:42.567115,0.5827952143143678,lstm
USR-000207,EVT-0015364,2026-06-24 11:24:57.269399,0.3036056028599544,lstm
SVC-000021,EVT-0015365,2026-06-24 11:25:09.704780,0.6331967899832757,lstm
USR-000001,EVT-0015366,2026-06-24 11:25:29.582504,0.3420554966889617,lstm
USR-000071,EVT-0015367,2026-06-24 11:27:41.952630,0.6486900163353677,baseline_fallback
USR-000189,EVT-0015368,2026-06-24 11:28:29.681416,0.38834600628628807,baseline_fallback
USR-000007,EVT-0015369,2026-06-24 11:28:36.736935,0.6986026749920253,baseline_fallback
USR-000068,EVT-0015370,2026-06-24 11:30:01.986877,0.9669748845439473,lstm
SVC-000021,EVT-0015371,2026-06-24 11:31:13.641542,0.5932502988745192,lstm
USR-000157,EVT-0015372,2026-06-24 11:32:06.911539,0.33685860386598293,lstm
USR-000102,EVT-0015373,2026-06-24 11:33:49.708694,0.38833209796240004,lstm
SVC-000013,EVT-0015374,2026-06-24 11:35:22.987279,0.7246265595920303,lstm
SVC-000008,EVT-0015375,2026-06-24 11:38:41.811053,0.5812783629934551,lstm
USR-000090,EVT-0015376,2026-06-24 11:38:58.793390,0.35893440390316556,lstm
SVC-000053,EVT-0015377,2026-06-24 11:40:02.690068,0.577833020720923,lstm
USR-000029,EVT-0015378,2026-06-24 11:40:51.966547,0.3086436249984279,lstm
USR-000148,EVT-0015379,2026-06-24 11:41:00.402615,0.8974160502660584,lstm
USR-000079,EVT-0015380,2026-06-24 11:41:33.707959,0.30235293229224386,lstm
USR-000054,EVT-0015381,2026-06-24 11:42:07.288685,0.8995124541914782,lstm
SVC-000021,EVT-0015382,2026-06-24 11:43:01.738983,0.6655416836702424,lstm
DEV-000012,EVT-0015383,2026-06-24 11:44:30.055493,0.32441308589537854,lstm
DEV-000011,EVT-0015384,2026-06-24 11:44:58.250597,0.3699466263330423,lstm
USR-000001,EVT-0015385,2026-06-24 11:45:18.922087,0.2929653426433081,lstm
USR-000188,EVT-0015386,2026-06-24 11:46:02.127148,0.37077419032832754,baseline_fallback
USR-000080,EVT-0015387,2026-06-24 11:46:27.176035,0.5722480779165333,lstm
USR-000183,EVT-0015388,2026-06-24 11:48:35.027809,0.5199583922208096,lstm
USR-000111,EVT-0015389,2026-06-24 11:48:53.169655,0.29597683951129833,lstm
USR-000152,EVT-0015390,2026-06-24 11:50:02.337563,0.7873322450869422,lstm
USR-000199,EVT-0015391,2026-06-24 11:50:15.197865,0.3087375245740414,lstm
USR-000008,EVT-0015392,2026-06-24 11:50:26.851866,0.2810367335440391,lstm
SVC-000021,EVT-0015393,2026-06-24 11:50:37.323269,0.4304937381611798,lstm
USR-000054,EVT-0015394,2026-06-24 11:50:53.887478,0.427337037446638,lstm
SVC-000017,EVT-0015395,2026-06-24 11:51:46.837328,0.9908861109876859,lstm
SVC-000039,EVT-0015396,2026-06-24 11:53:57.144977,0.6420749659857512,lstm
USR-000177,EVT-0015397,2026-06-24 11:54:08.324553,0.24979066119298912,lstm
USR-000060,EVT-0015398,2026-06-24 11:54:35.219779,0.41843176951199995,lstm
SVC-000053,EVT-0015399,2026-06-24 11:54:57.721409,0.298247779079623,lstm
USR-000118,EVT-0015400,2026-06-24 11:55:07.614904,0.5758253409883916,lstm
SVC-000001,EVT-0015401,2026-06-24 11:56:54.565885,0.3013600950963741,lstm
DEV-000023,EVT-0015402,2026-06-24 11:57:09.174905,0.43702640229517864,lstm
SVC-000021,EVT-0015403,2026-06-24 11:57:41.619204,0.4898111903661979,lstm
USR-000186,EVT-0015404,2026-06-24 11:59:36.139394,0.9986238599225011,lstm
SVC-000001,EVT-0015405,2026-06-24 12:01:04.565601,0.42995486383561493,lstm
SVC-000053,EVT-0015406,2026-06-24 12:01:39.129314,0.36715374693400166,lstm
USR-000098,EVT-0015407,2026-06-24 12:01:58.095125,0.6811479510491182,lstm
SVC-000034,EVT-0015408,2026-06-24 12:04:02.126875,0.400398769555416,lstm
SVC-000001,EVT-0015409,2026-06-24 12:04:03.038518,0.5503711686417124,lstm
USR-000194,EVT-0015410,2026-06-24 12:06:25.875690,0.26197833132124965,lstm
USR-000135,EVT-0015411,2026-06-24 12:06:30.432630,0.3342312010723866,lstm
DEV-000003,EVT-0015412,2026-06-24 12:06:43.773083,0.8691808879508345,lstm
USR-000098,EVT-0015413,2026-06-24 12:07:18.724308,0.7171301642656718,lstm
USR-000153,EVT-0015414,2026-06-24 12:09:13.369018,0.391768873052874,lstm
USR-000048,EVT-0015415,2026-06-24 12:09:35.633192,0.2834073184251047,lstm
USR-000054,EVT-0015416,2026-06-24 12:09:40.215912,0.4453893142265582,lstm
USR-000200,EVT-0015417,2026-06-24 12:10:43.143615,0.4632227792282205,lstm
USR-000115,EVT-0015418,2026-06-24 12:10:59.672583,0.2784423593125166,lstm
USR-000207,EVT-0015419,2026-06-24 12:11:07.986159,0.2445740326498524,lstm
SVC-000034,EVT-0015420,2026-06-24 12:11:10.610966,0.4077312835664535,lstm
USR-000177,EVT-0015421,2026-06-24 12:11:51.273101,0.35114435299525454,lstm
USR-000157,EVT-0015422,2026-06-24 12:11:56.093301,0.2870763823835668,lstm
USR-000076,EVT-0015423,2026-06-24 12:11:57.550028,0.3365475389683133,lstm
USR-000022,EVT-0015424,2026-06-24 12:11:58.351180,0.293954916366515,lstm
USR-000035,EVT-0015425,2026-06-24 12:13:28.921156,0.45348648446371337,lstm
USR-000090,EVT-0015426,2026-06-24 12:13:40.385846,0.37761577195505247,lstm
USR-000033,EVT-0015427,2026-06-24 12:14:03.561328,0.35184727692291823,lstm
USR-000080,EVT-0015428,2026-06-24 12:14:41.694965,0.3531817329712917,lstm
DEV-000014,EVT-0015429,2026-06-24 12:15:38.013357,0.45278595808413385,lstm
USR-000131,EVT-0015430,2026-06-24 12:16:03.215402,0.6447330863136169,lstm
SVC-000039,EVT-0015431,2026-06-24 12:16:04.667108,0.3287460698514864,lstm
SVC-000001,EVT-0015432,2026-06-24 12:16:08.222564,0.3097426326560541,lstm
USR-000071,EVT-0015433,2026-06-24 12:17:14.082968,0.6412527385624857,baseline_fallback
USR-000071,EVT-0015434,2026-06-24 12:17:53.974037,0.649148915293425,baseline_fallback
USR-000054,EVT-0015435,2026-06-24 12:18:16.534137,0.40186182021419903,lstm
USR-000197,EVT-0015436,2026-06-24 12:19:37.587240,0.36449203882898756,lstm
USR-000129,EVT-0015437,2026-06-24 12:19:38.967924,0.33124825987836387,lstm
USR-000176,EVT-0015438,2026-06-24 12:19:59.970704,0.386923314030221,lstm
USR-000115,EVT-0015439,2026-06-24 12:20:28.927055,0.3136766394124957,lstm
USR-000177,EVT-0015440,2026-06-24 12:20:45.968405,0.47647510751573,lstm
USR-000092,EVT-0015441,2026-06-24 12:21:15.889318,0.7073260464157302,lstm
USR-000120,EVT-0015442,2026-06-24 12:21:31.611376,0.5876810915921835,lstm
USR-000195,EVT-0015443,2026-06-24 12:24:06.351035,0.26828868923067367,lstm
DEV-000003,EVT-0015444,2026-06-24 12:24:16.846337,0.9012910520551569,lstm
SVC-000008,EVT-0015445,2026-06-24 12:25:43.660084,0.3958996446615093,lstm
SVC-000050,EVT-0015446,2026-06-24 12:25:59.314944,0.4410036195365136,lstm
USR-000099,EVT-0015447,2026-06-24 12:26:19.510823,0.7302156338429977,lstm
USR-000007,EVT-0015448,2026-06-24 12:27:08.796821,0.705121510506262,baseline_fallback
USR-000010,EVT-0015449,2026-06-24 12:28:24.524648,0.7062922688664709,baseline_fallback
SVC-000008,EVT-0015450,2026-06-24 12:28:44.653391,0.7016458427941197,lstm
SVC-000008,EVT-0015451,2026-06-24 12:29:08.721206,0.7971610523685808,lstm
SVC-000021,EVT-0015452,2026-06-24 12:29:10.682444,0.5831724010255634,lstm
USR-000206,EVT-0015453,2026-06-24 12:29:52.561747,0.23866154461252245,lstm
USR-000007,EVT-0015454,2026-06-24 12:30:45.858811,0.6317876023977234,baseline_fallback
USR-000043,EVT-0015455,2026-06-24 12:30:53.909583,0.4937466482245865,lstm
SVC-000001,EVT-0015456,2026-06-24 12:31:23.592422,0.2894272754303441,lstm
USR-000210,EVT-0015457,2026-06-24 12:31:24.162322,0.7705187248581302,lstm
SVC-000021,EVT-0015458,2026-06-24 12:31:40.846402,0.6812067794659913,lstm
USR-000091,EVT-0015459,2026-06-24 12:31:43.408415,0.31319082348302413,baseline_fallback
USR-000210,EVT-0015460,2026-06-24 12:32:07.459163,0.929895817829925,lstm
SVC-000008,EVT-0015461,2026-06-24 12:32:36.102374,0.5040329796070816,lstm
USR-000002,EVT-0015462,2026-06-24 12:32:36.545037,0.7026020125929566,lstm
USR-000066,EVT-0015463,2026-06-24 12:34:45.295840,0.4801195539489168,lstm
USR-000203,EVT-0015464,2026-06-24 12:34:54.397458,0.33286798425792496,baseline_fallback
SVC-000001,EVT-0015465,2026-06-24 12:35:37.360738,0.3824212327116627,lstm
USR-000029,EVT-0015466,2026-06-24 12:35:39.602431,0.29335046517052266,lstm
USR-000094,EVT-0015467,2026-06-24 12:36:07.218160,0.8578688777908616,lstm
USR-000129,EVT-0015468,2026-06-24 12:36:42.798499,0.26831085612259636,lstm
USR-000135,EVT-0015469,2026-06-24 12:37:57.620962,0.3532888491341874,lstm
USR-000076,EVT-0015470,2026-06-24 12:38:28.568121,0.478751676578622,lstm
USR-000166,EVT-0015471,2026-06-24 12:40:15.260819,0.5128881903367992,lstm
USR-000190,EVT-0015472,2026-06-24 12:40:36.880358,0.6038855789751986,lstm
USR-000030,EVT-0015473,2026-06-24 12:40:39.939872,0.6911250237376096,lstm
USR-000200,EVT-0015474,2026-06-24 12:40:47.781417,0.32482920879440247,lstm
USR-000198,EVT-0015475,2026-06-24 12:41:09.239189,0.9005794993114467,lstm
SVC-000017,EVT-0015476,2026-06-24 12:42:15.224395,0.8645669835677692,lstm
SVC-000001,EVT-0015477,2026-06-24 12:42:29.548673,0.2630600804291335,lstm
SVC-000043,EVT-0015478,2026-06-24 12:44:21.894775,0.854715868783467,lstm
USR-000036,EVT-0015479,2026-06-24 12:45:41.645602,0.5787334822131444,lstm
DEV-000007,EVT-0015480,2026-06-24 12:50:31.690169,0.14025580704226084,lstm
USR-000097,EVT-0015481,2026-06-24 12:51:02.188285,0.41042854423050684,lstm
USR-000077,EVT-0015482,2026-06-24 12:51:45.688524,0.6533194058567975,lstm
SVC-000034,EVT-0015483,2026-06-24 12:53:47.460501,0.4407393078498987,lstm
SVC-000053,EVT-0015484,2026-06-24 12:54:28.070725,0.35988534885051865,lstm
SVC-000001,EVT-0015485,2026-06-24 12:54:35.362039,0.3513651616596399,lstm
SVC-000039,EVT-0015486,2026-06-24 12:56:05.232052,0.41669488417949013,lstm
SVC-000021,EVT-0015487,2026-06-24 12:58:04.627756,0.6563076087599108,lstm
SVC-000027,EVT-0015488,2026-06-24 13:00:01.551253,0.9921115715846687,lstm
USR-000138,EVT-0015489,2026-06-24 13:01:03.705142,0.30224200507533894,lstm
USR-000116,EVT-0015490,2026-06-24 13:01:09.836512,0.2547455960363728,lstm
USR-000064,EVT-0015491,2026-06-24 13:02:39.438626,0.44117947026995724,lstm
USR-000210,EVT-0015492,2026-06-24 13:03:38.903593,0.567143933580743,lstm
USR-000204,EVT-0015493,2026-06-24 13:03:49.173071,0.3700601966067901,baseline_fallback
USR-000173,EVT-0015494,2026-06-24 13:04:08.303356,0.24104844193435607,lstm
USR-000090,EVT-0015495,2026-06-24 13:04:19.745178,0.36858995558163693,lstm
USR-000057,EVT-0015496,2026-06-24 13:05:51.121142,0.6042923470403516,lstm
SVC-000027,EVT-0015497,2026-06-24 13:08:55.132698,0.6663947184827612,lstm
USR-000031,EVT-0015498,2026-06-24 13:09:58.510278,0.37003237579844334,lstm
SVC-000039,EVT-0015499,2026-06-24 13:09:58.761287,0.5069902592031537,lstm
USR-000080,EVT-0015500,2026-06-24 13:10:51.803201,0.29361462929238913,lstm
USR-000166,EVT-0015501,2026-06-24 13:10:57.799159,0.3650523755361135,lstm
USR-000077,EVT-0015502,2026-06-24 13:11:26.163198,0.6516766272496199,lstm
SVC-000017,EVT-0015503,2026-06-24 13:11:44.524659,0.8293381759104486,lstm
USR-000087,EVT-0015504,2026-06-24 13:12:22.721676,0.46995179367678,lstm
DEV-000022,EVT-0015505,2026-06-24 13:12:35.621838,0.5700763948790923,lstm
USR-000115,EVT-0015506,2026-06-24 13:13:03.771186,0.25192308768966465,lstm
DEV-000007,EVT-0015507,2026-06-24 13:13:21.807780,0.2791096711559796,lstm
USR-000003,EVT-0015508,2026-06-24 13:14:32.124403,0.555861336063457,lstm
SVC-000027,EVT-0015509,2026-06-24 13:15:00.539831,0.4808492465708691,lstm
USR-000148,EVT-0015510,2026-06-24 13:15:22.537461,0.8063200393317428,lstm
USR-000120,EVT-0015511,2026-06-24 13:15:51.441588,0.7205367331975666,lstm
USR-000195,EVT-0015512,2026-06-24 13:16:45.000127,0.26320151713699913,lstm
USR-000020,EVT-0015513,2026-06-24 13:17:47.698116,0.5351680665226576,lstm
SVC-000043,EVT-0015514,2026-06-24 13:20:01.726253,0.26270184372861427,lstm
DEV-000006,EVT-0015515,2026-06-24 13:21:53.296464,0.20192793750558286,lstm
USR-000103,EVT-0015516,2026-06-24 13:23:39.452390,0.4001202182577264,lstm
USR-000125,EVT-0015517,2026-06-24 13:25:29.023804,0.577592727771692,lstm
DEV-000020,EVT-0015518,2026-06-24 13:25:48.431148,0.3716450892209718,lstm
USR-000206,EVT-0015519,2026-06-24 13:26:02.009127,0.32825027786059785,lstm
USR-000080,EVT-0015520,2026-06-24 13:26:02.551928,0.3479285389051783,lstm
USR-000148,EVT-0015521,2026-06-24 13:26:33.571628,0.6772949108863872,lstm
USR-000053,EVT-0015522,2026-06-24 13:26:52.476234,0.3712307154841564,lstm
DEV-000011,EVT-0015523,2026-06-24 13:28:21.928314,0.24979758146224904,lstm
USR-000057,EVT-0015524,2026-06-24 13:28:50.420159,0.4471656552469525,lstm
USR-000062,EVT-0015525,2026-06-24 13:29:59.999902,0.2834755180814499,lstm
SVC-000043,EVT-0015526,2026-06-24 13:30:24.851506,0.3554174742092869,lstm
USR-000005,EVT-0015527,2026-06-24 13:31:49.612364,0.31760896787178966,lstm
SVC-000012,EVT-0015528,2026-06-24 13:32:22.750950,0.9874864347250993,lstm
USR-000131,EVT-0015529,2026-06-24 13:33:33.091040,0.29704381439676797,lstm
SVC-000012,EVT-0015530,2026-06-24 13:34:28.500436,0.6161320998071952,lstm
USR-000138,EVT-0015531,2026-06-24 13:35:38.573439,0.3445241799344987,lstm
USR-000193,EVT-0015532,2026-06-24 13:36:24.017195,0.38695478683086726,lstm
USR-000125,EVT-0015533,2026-06-24 13:37:37.654446,0.7649307405995476,lstm
USR-000131,EVT-0015534,2026-06-24 13:38:57.445486,0.39301507288825477,lstm
USR-000017,EVT-0015535,2026-06-24 13:39:55.324625,0.7578874587120631,lstm
USR-000190,EVT-0015536,2026-06-24 13:40:29.434639,0.5337498582860707,lstm
USR-000112,EVT-0015537,2026-06-24 13:40:29.992822,0.5802947750943557,lstm
SVC-000017,EVT-0015538,2026-06-24 13:43:58.895560,0.49432117946634097,lstm
SVC-000050,EVT-0015539,2026-06-24 13:44:18.991112,0.4422458746090754,lstm
USR-000009,EVT-0015540,2026-06-24 13:44:50.457131,0.3488122438737029,lstm
USR-000128,EVT-0015541,2026-06-24 13:47:14.116237,0.9586251242828828,lstm
SVC-000050,EVT-0015542,2026-06-24 13:48:53.268237,0.5754042888830557,lstm
USR-000126,EVT-0015543,2026-06-24 13:50:50.273465,0.7908027645877056,lstm
USR-000030,EVT-0015544,2026-06-24 13:51:44.245876,0.2737554715054514,lstm
SVC-000027,EVT-0015545,2026-06-24 13:52:41.543966,0.45632202324730947,lstm
USR-000066,EVT-0015546,2026-06-24 13:53:37.897736,0.7716239713534866,lstm
SVC-000017,EVT-0015547,2026-06-24 13:54:24.789833,0.552535585258749,lstm
USR-000048,EVT-0015548,2026-06-24 13:55:32.814986,0.32978780967628596,lstm
DEV-000021,EVT-0015549,2026-06-24 13:55:39.022876,0.4326866242514316,lstm
SVC-000053,EVT-0015550,2026-06-24 13:56:29.971324,0.4692199896590373,lstm
SVC-000050,EVT-0015551,2026-06-24 13:56:54.956815,0.47245247480068386,lstm
SVC-000001,EVT-0015552,2026-06-24 13:57:55.248266,0.37968191153684594,lstm
USR-000183,EVT-0015553,2026-06-24 13:57:59.523163,0.35064264490151775,lstm
USR-000020,EVT-0015554,2026-06-24 13:58:11.761188,0.5724005192707007,lstm
DEV-000018,EVT-0015555,2026-06-24 13:58:12.979110,0.45595554116574744,lstm
USR-000189,EVT-0015556,2026-06-24 13:59:04.305238,0.3033993058582023,baseline_fallback
USR-000053,EVT-0015557,2026-06-24 13:59:27.915816,0.3473807662718411,lstm
USR-000065,EVT-0015558,2026-06-24 14:02:45.948290,0.5987417958938935,lstm
SVC-000026,EVT-0015559,2026-06-24 14:04:33.545597,0.9923842479946015,lstm
USR-000120,EVT-0015560,2026-06-24 14:04:34.379358,0.7636752940865835,lstm
DEV-000007,EVT-0015561,2026-06-24 14:05:04.478885,0.13419794068318938,lstm
SVC-000022,EVT-0015562,2026-06-24 14:06:04.919512,0.963159719481539,lstm
USR-000183,EVT-0015563,2026-06-24 14:06:22.250466,0.4181296983117559,lstm
USR-000062,EVT-0015564,2026-06-24 14:06:48.530832,0.24806004738650372,lstm
USR-000090,EVT-0015565,2026-06-24 14:08:36.811448,0.35144527449416285,lstm
USR-000019,EVT-0015566,2026-06-24 14:08:47.824383,0.5728790870090079,lstm
USR-000003,EVT-0015567,2026-06-24 14:08:48.054902,0.29580189395395323,lstm
USR-000008,EVT-0015568,2026-06-24 14:09:22.502659,0.2791410754844368,lstm
SVC-000022,EVT-0015569,2026-06-24 14:11:34.634588,0.41964965353252853,lstm
SVC-000012,EVT-0015570,2026-06-24 14:11:42.257597,0.4674021331848287,lstm
SVC-000043,EVT-0015571,2026-06-24 14:13:28.723297,0.22229806877428546,lstm
USR-000082,EVT-0015572,2026-06-24 14:14:56.268962,0.7866372544736719,lstm
USR-000097,EVT-0015573,2026-06-24 14:15:17.915052,0.30431711118451377,lstm
SVC-000027,EVT-0015574,2026-06-24 14:16:15.637460,0.37260328759169964,lstm
SVC-000027,EVT-0015575,2026-06-24 14:17:22.700769,0.5637169141888582,lstm
SVC-000027,EVT-0015576,2026-06-24 14:20:04.643166,0.6206425378528344,lstm
SVC-000001,EVT-0015577,2026-06-24 14:20:07.431650,0.27400649597379473,lstm
DEV-000012,EVT-0015578,2026-06-24 14:20:34.816668,0.22483340578829708,lstm
DEV-000002,EVT-0015579,2026-06-24 14:22:11.842740,0.585118575655792,lstm
USR-000020,EVT-0015580,2026-06-24 14:24:13.774248,0.4075748461730954,lstm
USR-000193,EVT-0015581,2026-06-24 14:26:09.787893,0.33960817801192345,lstm
SVC-000022,EVT-0015582,2026-06-24 14:27:21.909389,0.24624118415085308,lstm
USR-000003,EVT-0015583,2026-06-24 14:27:32.356230,0.3108466388225453,lstm
USR-000092,EVT-0015584,2026-06-24 14:27:32.718756,0.3280392050460763,lstm
SVC-000027,EVT-0015585,2026-06-24 14:27:58.365444,0.5050617491962143,lstm
USR-000062,EVT-0015586,2026-06-24 14:30:56.020256,0.31787902910611393,lstm
DEV-000018,EVT-0015587,2026-06-24 14:31:10.841088,0.40049645532625416,lstm
USR-000077,EVT-0015588,2026-06-24 14:32:04.998238,0.3860778578943996,lstm
USR-000057,EVT-0015589,2026-06-24 14:32:10.687790,0.3744192151982142,lstm
SVC-000008,EVT-0015590,2026-06-24 14:32:15.713848,0.8009088464918923,lstm
SVC-000027,EVT-0015591,2026-06-24 14:32:42.647175,0.38607519548157626,lstm
USR-000193,EVT-0015592,2026-06-24 14:33:49.366165,0.4161476047681369,lstm
USR-000002,EVT-0015593,2026-06-24 14:34:40.073444,0.330269742862425,lstm
USR-000195,EVT-0015594,2026-06-24 14:34:43.777379,0.28194976345952033,lstm
USR-000029,EVT-0015595,2026-06-24 14:36:23.072940,0.43385383403893624,lstm
USR-000053,EVT-0015596,2026-06-24 14:36:50.018413,0.3121961868658623,lstm
SVC-000022,EVT-0015597,2026-06-24 14:37:05.157943,0.25186449547506873,lstm
DEV-000014,EVT-0015598,2026-06-24 14:39:11.197337,0.47809803976874143,lstm
DEV-000003,EVT-0015599,2026-06-24 14:40:30.403667,0.8741068920083435,lstm
USR-000125,EVT-0015600,2026-06-24 14:41:45.455239,0.6067855594138841,lstm
USR-000166,EVT-0015601,2026-06-24 14:42:25.151827,0.2634973557483557,lstm
SVC-000027,EVT-0015602,2026-06-24 14:43:00.574899,0.45857409076998895,lstm
SVC-000027,EVT-0015603,2026-06-24 14:43:01.568993,0.6447568503252304,lstm
USR-000044,EVT-0015604,2026-06-24 14:43:50.222003,0.57064865237279,lstm
SVC-000022,EVT-0015605,2026-06-24 14:45:21.053812,0.2785035241742874,lstm
USR-000068,EVT-0015606,2026-06-24 14:45:39.240070,0.9192960065327026,lstm
USR-000195,EVT-0015607,2026-06-24 14:46:32.848951,0.3445046174792572,lstm
USR-000193,EVT-0015608,2026-06-24 14:47:38.117137,0.3060530894435654,lstm
USR-000139,EVT-0015609,2026-06-24 14:47:55.107248,0.6199373226813049,lstm
USR-000075,EVT-0015610,2026-06-24 14:49:08.062022,0.7095227229479968,lstm
SVC-000012,EVT-0015611,2026-06-24 14:49:38.194152,0.3881646755728797,lstm
SVC-000027,EVT-0015612,2026-06-24 14:51:28.472582,0.5920179914871532,lstm
SVC-000043,EVT-0015613,2026-06-24 14:52:02.918766,0.615366748670832,lstm
USR-000152,EVT-0015614,2026-06-24 14:52:14.137116,0.5647963645343052,lstm
SVC-000039,EVT-0015615,2026-06-24 14:52:21.575594,0.7792808564414888,lstm
USR-000075,EVT-0015616,2026-06-24 14:56:37.471212,0.5646425802112133,lstm
DEV-000025,EVT-0015617,2026-06-24 14:56:42.369403,0.6714659564918312,lstm
USR-000027,EVT-0015618,2026-06-24 14:58:48.208286,0.6997222998641527,lstm
SVC-000012,EVT-0015619,2026-06-24 14:59:18.267191,0.37452188525307467,lstm
SVC-000012,EVT-0015620,2026-06-24 14:59:48.525757,0.7661527178964662,lstm
SVC-000022,EVT-0015621,2026-06-24 15:00:19.194211,0.24506621456729466,lstm
USR-000048,EVT-0015622,2026-06-24 15:01:11.586893,0.4324978897641346,lstm
USR-000075,EVT-0015623,2026-06-24 15:01:43.352886,0.4584279226622039,lstm
USR-000125,EVT-0015624,2026-06-24 15:02:21.194370,0.5019038421122963,lstm
USR-000193,EVT-0015625,2026-06-24 15:03:34.113578,0.26876406797161856,lstm
USR-000057,EVT-0015626,2026-06-24 15:04:22.729344,0.40438519981762,lstm
SVC-000027,EVT-0015627,2026-06-24 15:04:35.047814,0.6128120541494678,lstm
USR-000080,EVT-0015628,2026-06-24 15:05:04.369206,0.3818448911002962,lstm
USR-000018,EVT-0015629,2026-06-24 15:05:12.758570,0.36221133457203225,lstm
USR-000204,EVT-0015630,2026-06-24 15:05:55.309064,0.435614603589742,baseline_fallback
USR-000017,EVT-0015631,2026-06-24 15:06:42.548585,0.46643857094633384,lstm
USR-000054,EVT-0015632,2026-06-24 15:08:03.934007,0.3615236265145889,lstm
DEV-000002,EVT-0015633,2026-06-24 15:09:07.171194,0.3912889268354162,lstm
SVC-000027,EVT-0015634,2026-06-24 15:09:09.373527,0.5142405779805869,lstm
SVC-000028,EVT-0015635,2026-06-24 15:09:18.565007,0.9718623234033361,lstm
USR-000054,EVT-0015636,2026-06-24 15:09:57.969252,0.42548310309400894,lstm
DEV-000002,EVT-0015637,2026-06-24 15:10:20.052850,0.897030086330165,lstm
USR-000097,EVT-0015638,2026-06-24 15:10:34.771081,0.3327732511791355,lstm
USR-000115,EVT-0015639,2026-06-24 15:13:34.066029,0.25803344222688845,lstm
SVC-000027,EVT-0015640,2026-06-24 15:13:46.328942,0.38490482515738395,lstm
SVC-000027,EVT-0015641,2026-06-24 15:15:31.077363,0.4626632162387418,lstm
DEV-000008,EVT-0015642,2026-06-24 15:16:26.117930,0.83224367395847,lstm
DEV-000009,EVT-0015643,2026-06-24 15:17:05.281469,0.7093961822386795,lstm
USR-000075,EVT-0015644,2026-06-24 15:19:05.234471,0.26782434338350464,lstm
DEV-000006,EVT-0015645,2026-06-24 15:19:45.095248,0.21584099372873783,lstm
USR-000066,EVT-0015646,2026-06-24 15:21:22.221010,0.3240761033626116,lstm
SVC-000028,EVT-0015647,2026-06-24 15:21:35.418852,0.5895618415426351,lstm
USR-000092,EVT-0015648,2026-06-24 15:22:41.021771,0.299870942505149,lstm
SVC-000012,EVT-0015649,2026-06-24 15:24:41.451853,0.32949633653870003,lstm
SVC-000026,EVT-0015650,2026-06-24 15:26:39.187648,0.8052171571292797,lstm
SVC-000026,EVT-0015651,2026-06-24 15:26:45.236418,0.8686379158347874,lstm
USR-000151,EVT-0015652,2026-06-24 15:27:13.082483,0.6441961575709321,lstm
SVC-000027,EVT-0015653,2026-06-24 15:27:49.185714,0.7247702709318861,lstm
DEV-000025,EVT-0015654,2026-06-24 15:29:17.409896,0.7579526412186305,lstm
USR-000152,EVT-0015655,2026-06-24 15:31:51.327519,0.6131251698126,lstm
DEV-000014,EVT-0015656,2026-06-24 15:31:59.072727,0.5019492413475318,lstm
DEV-000021,EVT-0015657,2026-06-24 15:32:25.754703,0.2749695420066756,lstm
SVC-000028,EVT-0015658,2026-06-24 15:34:22.149851,0.5200400559741472,lstm
USR-000027,EVT-0015659,2026-06-24 15:35:20.572189,0.6636201003412111,lstm
USR-000020,EVT-0015660,2026-06-24 15:35:28.708676,0.40718276976336426,lstm
SVC-000026,EVT-0015661,2026-06-24 15:35:32.380518,0.3674689707334287,lstm
SVC-000027,EVT-0015662,2026-06-24 15:36:03.611030,0.4450015487811363,lstm
SVC-000026,EVT-0015663,2026-06-24 15:36:04.678941,0.5799488674207218,lstm
SVC-000027,EVT-0015664,2026-06-24 15:36:17.442046,0.5117216974847882,lstm
SVC-000012,EVT-0015665,2026-06-24 15:39:43.908061,0.4802008509624517,lstm
SVC-000012,EVT-0015666,2026-06-24 15:40:12.912520,0.6295546460754814,lstm
USR-000188,EVT-0015667,2026-06-24 15:40:51.987106,0.39534050827786704,baseline_fallback
USR-000198,EVT-0015668,2026-06-24 15:42:36.375786,0.5573395047530152,lstm
USR-000190,EVT-0015669,2026-06-24 15:42:49.805092,0.5768693169423846,lstm
USR-000198,EVT-0015670,2026-06-24 15:44:02.945564,0.6015034602020802,lstm
SVC-000026,EVT-0015671,2026-06-24 15:44:42.748813,0.5731167357641763,lstm
USR-000040,EVT-0015672,2026-06-24 15:44:49.410322,0.7616416444239239,lstm
DEV-000016,EVT-0015673,2026-06-24 15:45:36.860234,0.6132198631280175,lstm
USR-000052,EVT-0015674,2026-06-24 15:46:09.782331,0.8010064200150923,lstm
USR-000040,EVT-0015675,2026-06-24 15:46:26.008832,0.6606085849610173,lstm
SVC-000017,EVT-0015676,2026-06-24 15:47:52.378056,0.8056598610326137,lstm
SVC-000026,EVT-0015677,2026-06-24 15:48:00.779361,0.3871727821818006,lstm
SVC-000049,EVT-0015678,2026-06-24 15:48:49.578921,0.9999335831851663,lstm
SVC-000026,EVT-0015679,2026-06-24 15:49:52.793394,0.3050141645934057,lstm
SVC-000049,EVT-0015680,2026-06-24 15:54:28.707555,0.997440528070636,lstm
USR-000131,EVT-0015681,2026-06-24 15:55:04.253109,0.2467539667956239,lstm
USR-000128,EVT-0015682,2026-06-24 15:56:05.640801,0.9480604447328514,lstm
DEV-000002,EVT-0015683,2026-06-24 15:56:31.711822,0.3030559875868187,lstm
SVC-000012,EVT-0015684,2026-06-24 15:58:21.419071,0.3601112714020098,lstm
SVC-000029,EVT-0015685,2026-06-24 16:00:33.033990,0.975994501426556,lstm
USR-000135,EVT-0015686,2026-06-24 16:01:39.548208,0.4774381490837876,lstm
USR-000126,EVT-0015687,2026-06-24 16:01:54.307140,0.35200674432671003,lstm
USR-000139,EVT-0015688,2026-06-24 16:02:02.970287,0.3657213825569094,lstm
SVC-000029,EVT-0015689,2026-06-24 16:03:31.721060,0.7448022218014607,lstm
USR-000210,EVT-0015690,2026-06-24 16:04:19.192144,0.26561021873272384,lstm
USR-000052,EVT-0015691,2026-06-24 16:05:11.116236,0.6266883991148855,lstm
SVC-000026,EVT-0015692,2026-06-24 16:05:59.959813,0.4268934446849779,lstm
SVC-000033,EVT-0015693,2026-06-24 16:09:36.590622,0.9604845310463664,lstm
USR-000147,EVT-0015694,2026-06-24 16:09:40.672442,0.3601494868114824,lstm
USR-000017,EVT-0015695,2026-06-24 16:11:42.997381,0.3474663266640855,lstm
SVC-000029,EVT-0015696,2026-06-24 16:12:42.002062,0.4881478952724109,lstm
SVC-000005,EVT-0015697,2026-06-24 16:17:56.264328,0.9832827722903063,lstm
USR-000001,EVT-0015698,2026-06-24 16:22:05.271450,0.4245779091409856,lstm
USR-000210,EVT-0015699,2026-06-24 16:22:28.746091,0.27185005866749945,lstm
DEV-000007,EVT-0015700,2026-06-24 16:22:36.344902,0.1205685515333418,lstm
USR-000134,EVT-0015701,2026-06-24 16:22:42.995443,0.8871464698909929,lstm
USR-000075,EVT-0015702,2026-06-24 16:23:40.410102,0.27671042792411965,lstm
SVC-000026,EVT-0015703,2026-06-24 16:24:16.141323,0.41358231331960094,lstm
USR-000077,EVT-0015704,2026-06-24 16:25:25.272003,0.28670925218810983,lstm
USR-000002,EVT-0015705,2026-06-24 16:26:00.314279,0.45722281171865053,lstm
SVC-000049,EVT-0015706,2026-06-24 16:27:54.641816,0.8956345007624825,lstm
SVC-000029,EVT-0015707,2026-06-24 16:29:15.824237,0.5993626555099618,lstm
USR-000002,EVT-0015708,2026-06-24 16:29:34.936329,0.4255051630690963,lstm
DEV-000025,EVT-0015709,2026-06-24 16:29:50.130359,0.6656625491521778,lstm
USR-000079,EVT-0015710,2026-06-24 16:31:23.006209,0.2906180187838761,lstm
SVC-000026,EVT-0015711,2026-06-24 16:32:32.216814,0.293642855520073,lstm
SVC-000033,EVT-0015712,2026-06-24 16:34:27.003049,0.5646949318333785,lstm
SVC-000029,EVT-0015713,2026-06-24 16:34:55.328722,0.4950573216315839,lstm
SVC-000005,EVT-0015714,2026-06-24 16:40:00.373663,0.5505801632305753,lstm
USR-000210,EVT-0015715,2026-06-24 16:41:37.143197,0.28715774216008216,lstm
USR-000062,EVT-0015716,2026-06-24 16:41:48.533834,0.2835054509451353,lstm
DEV-000002,EVT-0015717,2026-06-24 16:42:32.909759,0.2301224866577447,lstm
SVC-000026,EVT-0015718,2026-06-24 16:44:50.335702,0.5079136729163911,lstm
SVC-000023,EVT-0015719,2026-06-24 16:45:24.085867,0.9999983388029126,lstm
DEV-000010,EVT-0015720,2026-06-24 16:46:16.998794,0.5314412250839885,lstm
SVC-000029,EVT-0015721,2026-06-24 16:48:38.349214,0.3347508615964256,lstm
USR-000092,EVT-0015722,2026-06-24 16:51:05.525226,0.31984626323202714,lstm
SVC-000037,EVT-0015723,2026-06-24 16:51:50.178396,0.9658541294786102,lstm
SVC-000005,EVT-0015724,2026-06-24 16:52:17.010435,0.3513031163031779,lstm
USR-000003,EVT-0015725,2026-06-24 16:56:53.932116,0.32531248568956894,lstm
USR-000044,EVT-0015726,2026-06-24 16:57:01.098842,0.6224352699114198,lstm
USR-000097,EVT-0015727,2026-06-24 16:57:29.308446,0.3090430522106866,lstm
USR-000056,EVT-0015728,2026-06-24 17:00:15.558727,0.6530074515647979,lstm
DEV-000002,EVT-0015729,2026-06-24 17:00:32.733174,0.2883140060850392,lstm
SVC-000033,EVT-0015730,2026-06-24 17:00:39.634879,0.4423906625777512,lstm
SVC-000033,EVT-0015731,2026-06-24 17:01:00.159403,0.8355352563876758,lstm
USR-000152,EVT-0015732,2026-06-24 17:01:32.100816,0.6903928728654769,lstm
SVC-000049,EVT-0015733,2026-06-24 17:02:29.918022,0.8418971126946957,lstm
USR-000061,EVT-0015734,2026-06-24 17:02:30.356926,0.6713179669603695,lstm
SVC-000029,EVT-0015735,2026-06-24 17:02:52.592550,0.3200084576825182,lstm
DEV-000025,EVT-0015736,2026-06-24 17:04:31.973744,0.8029999047530486,lstm
SVC-000026,EVT-0015737,2026-06-24 17:04:37.503567,0.4166806105926616,lstm
USR-000147,EVT-0015738,2026-06-24 17:10:31.776942,0.23081996296555837,lstm
SVC-000026,EVT-0015739,2026-06-24 17:12:40.565040,0.38979493625945955,lstm
USR-000204,EVT-0015740,2026-06-24 17:13:08.080014,0.5404337952135765,baseline_fallback
USR-000052,EVT-0015741,2026-06-24 17:13:57.071348,0.3919025916062529,lstm
DEV-000014,EVT-0015742,2026-06-24 17:14:09.880807,0.500581880337547,lstm
USR-000068,EVT-0015743,2026-06-24 17:15:52.952929,0.9255605492174481,lstm
USR-000185,EVT-0015744,2026-06-24 17:16:04.583735,0.4201280646098445,lstm
SVC-000026,EVT-0015745,2026-06-24 17:16:13.720910,0.37874602905611116,lstm
DEV-000024,EVT-0015746,2026-06-24 17:18:21.111584,0.26171189766728675,lstm
SVC-000023,EVT-0015747,2026-06-24 17:20:46.055865,0.980561080779219,lstm
SVC-000033,EVT-0015748,2026-06-24 17:21:54.488429,0.44055241949321094,lstm
SVC-000033,EVT-0015749,2026-06-24 17:22:10.227157,0.7847717836733908,lstm
DEV-000010,EVT-0015750,2026-06-24 17:22:13.130277,0.5998772101881997,lstm
DEV-000020,EVT-0015751,2026-06-24 17:22:49.690464,0.3611906045372198,lstm
SVC-000044,EVT-0015752,2026-06-24 17:23:18.045170,0.9239511693767859,lstm
SVC-000026,EVT-0015753,2026-06-24 17:23:37.949382,0.36997443053412793,lstm
USR-000027,EVT-0015754,2026-06-24 17:24:35.896529,0.3978632112126605,lstm
USR-000134,EVT-0015755,2026-06-24 17:24:49.138568,0.5611260622034155,lstm
USR-000152,EVT-0015756,2026-06-24 17:27:47.393982,0.669113667700688,lstm
SVC-000005,EVT-0015757,2026-06-24 17:29:16.109278,0.918607311027712,lstm
SVC-000023,EVT-0015758,2026-06-24 17:30:08.239587,0.9744372434079955,lstm
USR-000203,EVT-0015759,2026-06-24 17:30:27.504019,0.5301276579654396,baseline_fallback
DEV-000004,EVT-0015760,2026-06-24 17:30:32.953055,0.7667822265482708,lstm
SVC-000005,EVT-0015761,2026-06-24 17:32:52.892091,0.8158829848858529,lstm
USR-000040,EVT-0015762,2026-06-24 17:33:28.476174,0.35586794078279876,lstm
USR-000117,EVT-0015763,2026-06-24 17:33:35.632549,0.4243855699970766,lstm
SVC-000023,EVT-0015764,2026-06-24 17:35:35.856148,0.98837285238498,lstm
USR-000185,EVT-0015765,2026-06-24 17:36:49.004403,0.28433260620991985,lstm
SVC-000023,EVT-0015766,2026-06-24 17:40:15.539975,0.9740133954868984,lstm
USR-000210,EVT-0015767,2026-06-24 17:42:01.159430,0.45876263609072426,lstm
SVC-000044,EVT-0015768,2026-06-24 17:42:24.138530,0.5423073030617361,lstm
DEV-000025,EVT-0015769,2026-06-24 17:44:40.210828,0.5908550777958271,lstm
SVC-000033,EVT-0015770,2026-06-24 17:45:41.856331,0.4311237533477041,lstm
USR-000033,EVT-0015771,2026-06-24 17:46:09.530847,0.2719206279591327,lstm
USR-000040,EVT-0015772,2026-06-24 17:49:54.432107,0.4091626644262605,lstm
USR-000200,EVT-0015773,2026-06-24 17:51:58.283052,0.5162924393317463,lstm
SVC-000052,EVT-0015774,2026-06-24 17:52:33.394095,0.950058890706211,lstm
USR-000201,EVT-0015775,2026-06-24 17:52:38.177973,0.4528109154005489,baseline_fallback
USR-000092,EVT-0015776,2026-06-24 17:55:14.623421,0.3992372842883815,lstm
USR-000152,EVT-0015777,2026-06-24 17:56:12.180384,0.5118062791895678,lstm
DEV-000005,EVT-0015778,2026-06-24 17:56:56.888827,0.4016681718283186,lstm
USR-000193,EVT-0015779,2026-06-24 17:59:45.544759,0.34229337587930525,lstm
DEV-000026,EVT-0015780,2026-06-24 18:00:03.970701,0.9460707215894584,lstm
SVC-000037,EVT-0015781,2026-06-24 18:01:13.340508,0.8833766497649764,lstm
USR-000117,EVT-0015782,2026-06-24 18:01:47.434434,0.33002970689194155,lstm
USR-000092,EVT-0015783,2026-06-24 18:03:29.695623,0.42044455128251845,lstm
DEV-000004,EVT-0015784,2026-06-24 18:10:13.128773,0.46144043011588387,lstm
SVC-000037,EVT-0015785,2026-06-24 18:12:49.222544,0.5443191231511507,lstm
USR-000002,EVT-0015786,2026-06-24 18:17:34.336865,0.43897306725199947,lstm
USR-000018,EVT-0015787,2026-06-24 18:28:45.073813,0.24782579484147252,lstm
USR-000079,EVT-0015788,2026-06-24 18:29:09.501770,0.3362983400686393,lstm
USR-000062,EVT-0015789,2026-06-24 18:29:48.585842,0.37425909457576956,lstm
DEV-000013,EVT-0015790,2026-06-24 18:30:18.450149,0.6618470991945719,lstm
SVC-000052,EVT-0015791,2026-06-24 18:34:52.902062,0.44927948620450026,lstm
SVC-000044,EVT-0015792,2026-06-24 18:35:08.213852,0.4101067265819711,lstm
SVC-000005,EVT-0015793,2026-06-24 18:35:44.724979,0.493474057334214,lstm
DEV-000006,EVT-0015794,2026-06-24 18:37:58.711565,0.36904394499402393,lstm
USR-000033,EVT-0015795,2026-06-24 18:46:16.011545,0.8661472183495792,lstm
USR-000017,EVT-0015796,2026-06-24 18:48:17.689888,0.5179850084470479,lstm
USR-000117,EVT-0015797,2026-06-24 18:51:34.713366,0.27130079354447895,lstm
SVC-000052,EVT-0015798,2026-06-24 18:56:39.302827,0.43175810305696954,lstm
SVC-000037,EVT-0015799,2026-06-24 18:57:33.208897,0.4425597402329683,lstm
SVC-000052,EVT-0015800,2026-06-24 18:57:57.235050,0.746390240965119,lstm
SVC-000006,EVT-0015801,2026-06-24 18:58:19.771811,0.9999064947104959,lstm
SVC-000044,EVT-0015802,2026-06-24 18:58:41.297480,0.5717339940861544,lstm
SVC-000057,EVT-0015803,2026-06-24 18:58:58.167136,0.965639621317164,lstm
SVC-000023,EVT-0015804,2026-06-24 19:03:07.274101,0.8346432896048753,lstm
SVC-000004,EVT-0015805,2026-06-24 19:06:43.486110,0.994077674381762,lstm
USR-000044,EVT-0015806,2026-06-24 19:08:55.988734,0.5756311521906287,lstm
SVC-000048,EVT-0015807,2026-06-24 19:09:52.781597,0.9963109379116386,lstm
SVC-000004,EVT-0015808,2026-06-24 19:09:56.296436,0.6151135666706177,lstm
SVC-000052,EVT-0015809,2026-06-24 19:12:07.956060,0.31344471786785144,lstm
SVC-000004,EVT-0015810,2026-06-24 19:12:09.093314,0.4926355629418253,lstm
DEV-000012,EVT-0015811,2026-06-24 19:12:19.617576,0.3676020212586643,lstm
SVC-000044,EVT-0015812,2026-06-24 19:15:09.806581,0.502449680090949,lstm
SVC-000006,EVT-0015813,2026-06-24 19:17:04.242280,0.9993037760494583,lstm
DEV-000001,EVT-0015814,2026-06-24 19:18:21.867863,0.5937359626765675,lstm
SVC-000057,EVT-0015815,2026-06-24 19:21:57.684833,0.6010327575918024,lstm
SVC-000023,EVT-0015816,2026-06-24 19:26:52.523544,0.7255034589525936,lstm
USR-000152,EVT-0015817,2026-06-24 19:27:11.108976,0.45814792849048147,lstm
SVC-000006,EVT-0015818,2026-06-24 19:28:57.123423,0.9986612659294235,lstm
SVC-000048,EVT-0015819,2026-06-24 19:30:49.028868,0.4920733001300377,lstm
USR-000117,EVT-0015820,2026-06-24 19:30:52.277991,0.30781533903719643,lstm
SVC-000006,EVT-0015821,2026-06-24 19:32:30.816562,0.9968537326340567,lstm
SVC-000033,EVT-0015822,2026-06-24 19:35:39.013736,0.6914260543309307,lstm
DEV-000005,EVT-0015823,2026-06-24 19:36:45.471836,0.23382483720874905,lstm
SVC-000006,EVT-0015824,2026-06-24 19:40:40.908357,0.9810810995679401,lstm
SVC-000057,EVT-0015825,2026-06-24 19:41:05.957704,0.37499626675329534,lstm
SVC-000006,EVT-0015826,2026-06-24 19:41:42.954753,0.9706896948470956,lstm
SVC-000058,EVT-0015827,2026-06-24 19:44:02.558500,0.9577890574269858,lstm
SVC-000006,EVT-0015828,2026-06-24 19:45:34.446426,0.8364226940389606,lstm
SVC-000006,EVT-0015829,2026-06-24 19:47:48.904800,0.8528770066805835,lstm
SVC-000052,EVT-0015830,2026-06-24 19:48:26.283059,0.46099613909760123,lstm
SVC-000044,EVT-0015831,2026-06-24 19:48:43.279933,0.6276666695529493,lstm
SVC-000061,EVT-0015832,2026-06-24 19:53:58.975328,0.9877278157810986,lstm
SVC-000052,EVT-0015833,2026-06-24 19:55:06.686799,0.4436520219765491,lstm
SVC-000058,EVT-0015834,2026-06-24 19:55:29.634197,0.34588571923880657,lstm
SVC-000061,EVT-0015835,2026-06-24 19:59:54.725379,0.30477026173863775,lstm
DEV-000005,EVT-0015836,2026-06-24 20:00:25.572486,0.325510966048514,lstm
SVC-000061,EVT-0015837,2026-06-24 20:02:53.343464,0.4380851618961701,lstm
SVC-000061,EVT-0015838,2026-06-24 20:04:00.366663,0.44485900805286677,lstm
SVC-000061,EVT-0015839,2026-06-24 20:04:06.943952,0.7673017554066858,lstm
USR-000002,EVT-0015840,2026-06-24 20:04:31.214102,0.4656152878517442,lstm
SVC-000006,EVT-0015841,2026-06-24 20:06:29.125249,0.8197815808740173,lstm
SVC-000061,EVT-0015842,2026-06-24 20:10:43.670900,0.4033540597552027,lstm
SVC-000006,EVT-0015843,2026-06-24 20:11:01.365533,0.8198831944411286,lstm
SVC-000006,EVT-0015844,2026-06-24 20:11:01.921929,0.9491629401657871,lstm
USR-000186,EVT-0015845,2026-06-24 20:12:16.437277,0.9823669567627891,lstm
SVC-000057,EVT-0015846,2026-06-24 20:12:46.415117,0.6355963265067102,lstm
SVC-000061,EVT-0015847,2026-06-24 20:15:20.112494,0.252323084430178,lstm
SVC-000061,EVT-0015848,2026-06-24 20:20:33.775047,0.40422907116477164,lstm
SVC-000023,EVT-0015849,2026-06-24 20:21:14.261147,0.749344028245061,lstm
DEV-000014,EVT-0015850,2026-06-24 20:24:52.623166,0.6625648802094827,lstm
SVC-000048,EVT-0015851,2026-06-24 20:26:14.431113,0.37534258325804415,lstm
SVC-000052,EVT-0015852,2026-06-24 20:28:33.080307,0.5309866374404811,lstm
SVC-000033,EVT-0015853,2026-06-24 20:29:43.986940,0.6085410427652621,lstm
DEV-000025,EVT-0015854,2026-06-24 20:31:10.217192,0.7404440599821471,lstm
SVC-000004,EVT-0015855,2026-06-24 20:31:13.279145,0.3515515059147529,lstm
DEV-000007,EVT-0015856,2026-06-24 20:34:58.388597,0.39354113109484207,lstm
SVC-000052,EVT-0015857,2026-06-24 20:35:11.434419,0.5511833954227428,lstm
USR-000092,EVT-0015858,2026-06-24 20:35:12.009347,0.3732295897067953,lstm
DEV-000012,EVT-0015859,2026-06-24 20:36:36.772403,0.42774731270932104,lstm
SVC-000054,EVT-0015860,2026-06-24 20:37:09.693211,0.992075764192559,lstm
SVC-000061,EVT-0015861,2026-06-24 20:37:53.373349,0.23569159705080844,lstm
SVC-000004,EVT-0015862,2026-06-24 20:38:54.966836,0.47423579697364965,lstm
USR-000185,EVT-0015863,2026-06-24 20:39:43.700524,0.3653975735811537,lstm
DEV-000001,EVT-0015864,2026-06-24 20:40:25.620189,0.27376988736107727,lstm
SVC-000033,EVT-0015865,2026-06-24 20:44:42.013300,0.5902954486069406,lstm
SVC-000033,EVT-0015866,2026-06-24 20:44:54.144169,0.8310429107229923,lstm
SVC-000058,EVT-0015867,2026-06-24 20:47:15.898477,0.29675458439794145,lstm
SVC-000004,EVT-0015868,2026-06-24 20:49:47.999963,0.3173610156214079,lstm
SVC-000004,EVT-0015869,2026-06-24 20:51:54.508771,0.4459153701900975,lstm
USR-000134,EVT-0015870,2026-06-24 20:52:09.768992,0.7903267582252378,lstm
SVC-000054,EVT-0015871,2026-06-24 20:54:37.471371,0.4262674799786479,lstm
SVC-000061,EVT-0015872,2026-06-24 20:56:00.274783,0.2987816134531622,lstm
SVC-000004,EVT-0015873,2026-06-24 20:56:18.838707,0.4388107544027644,lstm
SVC-000052,EVT-0015874,2026-06-24 20:56:19.133304,0.32712773048784666,lstm
SVC-000061,EVT-0015875,2026-06-24 21:00:12.947589,0.39333063207735286,lstm
DEV-000015,EVT-0015876,2026-06-24 21:03:06.565187,0.8930085242831299,lstm
SVC-000006,EVT-0015877,2026-06-24 21:03:08.988457,0.8419838986883532,lstm
USR-000002,EVT-0015878,2026-06-24 21:03:23.913271,0.5877513297037922,lstm
DEV-000022,EVT-0015879,2026-06-24 21:05:28.879092,0.507352957497054,lstm
SVC-000003,EVT-0015880,2026-06-24 21:14:07.054202,0.9881761014115122,lstm
DEV-000025,EVT-0015881,2026-06-24 21:14:48.039338,0.5540599172782195,lstm
SVC-000035,EVT-0015882,2026-06-24 21:15:05.297410,0.9799562387764754,lstm
SVC-000052,EVT-0015883,2026-06-24 21:17:03.448216,0.4827522212272989,lstm
DEV-000019,EVT-0015884,2026-06-24 21:19:30.567661,0.5002388670096717,lstm
SVC-000054,EVT-0015885,2026-06-24 21:20:10.608103,0.37603464901748895,lstm
DEV-000020,EVT-0015886,2026-06-24 21:20:54.553392,0.3122491562353472,lstm
SVC-000035,EVT-0015887,2026-06-24 21:23:49.999106,0.5707133895007477,lstm
SVC-000044,EVT-0015888,2026-06-24 21:23:52.470319,0.6992999003529664,lstm
SVC-000054,EVT-0015889,2026-06-24 21:24:19.327646,0.2877109223417546,lstm
SVC-000035,EVT-0015890,2026-06-24 21:24:57.588957,0.8031827554262545,lstm
SVC-000048,EVT-0015891,2026-06-24 21:26:20.234581,0.34885013380725993,lstm
SVC-000045,EVT-0015892,2026-06-24 21:30:52.995732,0.9997295688102512,lstm
SVC-000035,EVT-0015893,2026-06-24 21:31:15.462264,0.404549448693383,lstm
SVC-000048,EVT-0015894,2026-06-24 21:31:20.934525,0.6869621941437124,lstm
SVC-000044,EVT-0015895,2026-06-24 21:33:57.749371,0.6716472783765,lstm
SVC-000058,EVT-0015896,2026-06-24 21:35:38.717979,0.32207838820950924,lstm
SVC-000058,EVT-0015897,2026-06-24 21:39:14.039430,0.4669188070085761,lstm
SVC-000045,EVT-0015898,2026-06-24 21:41:08.241702,0.8777376001175142,lstm
USR-000134,EVT-0015899,2026-06-24 21:42:32.020250,0.8608957358523461,lstm
SVC-000025,EVT-0015900,2026-06-24 21:47:20.019494,0.9697378114396693,lstm
SVC-000058,EVT-0015901,2026-06-24 21:47:34.589944,0.27500697925400935,lstm
DEV-000001,EVT-0015902,2026-06-24 21:48:32.353317,0.20532831170058796,lstm
SVC-000058,EVT-0015903,2026-06-24 21:48:49.166532,0.4073628805530607,lstm
SVC-000045,EVT-0015904,2026-06-24 21:49:06.380269,0.8909201797657937,lstm
SVC-000047,EVT-0015905,2026-06-24 21:49:51.099877,0.9543542168089837,lstm
SVC-000004,EVT-0015906,2026-06-24 21:50:13.248112,0.34870380014630137,lstm
DEV-000008,EVT-0015907,2026-06-24 21:53:15.418284,0.6580949662909998,lstm
SVC-000048,EVT-0015908,2026-06-24 21:55:32.247960,0.34830953651035623,lstm
USR-000106,EVT-0015909,2026-06-24 21:55:33.949031,0.8136777023303906,lstm
SVC-000035,EVT-0015910,2026-06-24 21:55:56.283820,0.30652241172227196,lstm
SVC-000003,EVT-0015911,2026-06-24 21:58:24.978931,0.854756883956386,lstm
SVC-000054,EVT-0015912,2026-06-24 21:59:54.497027,0.6629453128008094,lstm
SVC-000003,EVT-0015913,2026-06-24 22:01:41.962000,0.49724782810191676,lstm
SVC-000035,EVT-0015914,2026-06-24 22:02:46.518094,0.43199149874592707,lstm
SVC-000003,EVT-0015915,2026-06-24 22:04:35.994352,0.518297779568488,lstm
SVC-000003,EVT-0015916,2026-06-24 22:09:06.716965,0.3520923915409846,lstm
SVC-000054,EVT-0015917,2026-06-24 22:10:42.690875,0.26737985453568097,lstm
SVC-000047,EVT-0015918,2026-06-24 22:11:43.742005,0.43986595372397935,lstm
SVC-000002,EVT-0015919,2026-06-24 22:13:52.665825,0.9884394541393361,lstm
SVC-000045,EVT-0015920,2026-06-24 22:13:57.472345,0.8233835784826757,lstm
SVC-000058,EVT-0015921,2026-06-24 22:14:12.098119,0.25976087165968453,lstm
SVC-000002,EVT-0015922,2026-06-24 22:17:33.581764,0.9542184753548734,lstm
SVC-000058,EVT-0015923,2026-06-24 22:18:26.782931,0.2944850596017011,lstm
DEV-000026,EVT-0015924,2026-06-24 22:18:55.256898,0.9108536474009351,lstm
DEV-000009,EVT-0015925,2026-06-24 22:21:58.727325,0.4985960093921421,lstm
SVC-000054,EVT-0015926,2026-06-24 22:22:18.357774,0.38449922227846495,lstm
SVC-000035,EVT-0015927,2026-06-24 22:22:46.874906,0.33889281833079843,lstm
SVC-000032,EVT-0015928,2026-06-24 22:24:49.961994,0.9743941343718479,lstm
SVC-000002,EVT-0015929,2026-06-24 22:25:10.180691,0.5957992820470637,lstm
DEV-000014,EVT-0015930,2026-06-24 22:25:19.954958,0.5910051559885614,lstm
DEV-000022,EVT-0015931,2026-06-24 22:29:27.811058,0.37145066495086854,lstm
SVC-000035,EVT-0015932,2026-06-24 22:32:19.740904,0.47450740251989315,lstm
SVC-000058,EVT-0015933,2026-06-24 22:33:47.988746,0.24650614134707244,lstm
USR-000088,EVT-0015934,2026-06-24 22:35:00.126883,0.7807790636800807,lstm
SVC-000054,EVT-0015935,2026-06-24 22:37:39.294937,0.3415616342841764,lstm
SVC-000045,EVT-0015936,2026-06-24 22:38:11.780881,0.9555213511321128,lstm
SVC-000035,EVT-0015937,2026-06-24 22:38:26.766564,0.5606521993389261,lstm
SVC-000003,EVT-0015938,2026-06-24 22:39:02.033232,0.4421182605435862,lstm
SVC-000002,EVT-0015939,2026-06-24 22:39:58.476566,0.4251257626971805,lstm
SVC-000054,EVT-0015940,2026-06-24 22:40:36.086264,0.36661429192898365,lstm
SVC-000047,EVT-0015941,2026-06-24 22:41:45.612380,0.30220412168927135,lstm
USR-000106,EVT-0015942,2026-06-24 22:41:47.754698,0.5574175913472751,lstm
SVC-000025,EVT-0015943,2026-06-24 22:43:34.912766,0.3953111709477303,lstm
DEV-000001,EVT-0015944,2026-06-24 22:43:43.945718,0.20319457312626332,lstm
DEV-000003,EVT-0015945,2026-06-24 22:43:48.526882,0.9726019186826672,lstm
SVC-000032,EVT-0015946,2026-06-24 22:45:40.312773,0.23107950966300422,lstm
SVC-000002,EVT-0015947,2026-06-24 22:46:49.714419,0.24461934694904727,lstm
SVC-000056,EVT-0015948,2026-06-24 22:47:02.574775,0.9690902964262513,lstm
SVC-000002,EVT-0015949,2026-06-24 22:50:51.891199,0.23366149334544375,lstm
SVC-000047,EVT-0015950,2026-06-24 22:51:11.806407,0.348097689868129,lstm
SVC-000047,EVT-0015951,2026-06-24 22:52:41.100649,0.5274369084681207,lstm
DEV-000009,EVT-0015952,2026-06-24 22:54:33.125850,0.28433729799763696,lstm
SVC-000045,EVT-0015953,2026-06-24 22:54:50.659623,0.9492050408614889,lstm
SVC-000047,EVT-0015954,2026-06-24 22:55:05.348022,0.4491223481355061,lstm
SVC-000002,EVT-0015955,2026-06-24 22:55:45.923878,0.27183826143207507,lstm
SVC-000045,EVT-0015956,2026-06-24 22:55:53.420730,0.9632378490507234,lstm
USR-000088,EVT-0015957,2026-06-24 22:57:12.359253,0.2905429787926079,lstm
SVC-000045,EVT-0015958,2026-06-24 23:00:36.858052,0.728735381645489,lstm
SVC-000002,EVT-0015959,2026-06-24 23:00:54.329623,0.4004661447611365,lstm
SVC-000035,EVT-0015960,2026-06-24 23:03:13.338008,0.3553391641226848,lstm
SVC-000025,EVT-0015961,2026-06-24 23:04:53.143702,0.3279992113841966,lstm
SVC-000002,EVT-0015962,2026-06-24 23:08:19.843157,0.2705001874320857,lstm
SVC-000059,EVT-0015963,2026-06-24 23:08:51.898538,0.9560580361734261,lstm
SVC-000002,EVT-0015964,2026-06-24 23:10:05.553234,0.47944785292067393,lstm
USR-000141,EVT-0015965,2026-06-24 23:10:39.233159,0.6455324719732273,baseline_fallback
SVC-000002,EVT-0015966,2026-06-24 23:11:47.329868,0.48984423155580087,lstm
SVC-000047,EVT-0015967,2026-06-24 23:12:42.980542,0.3736381241124143,lstm
SVC-000002,EVT-0015968,2026-06-24 23:12:55.629059,0.35229649226492754,lstm
DEV-000023,EVT-0015969,2026-06-24 23:14:01.556727,0.8255128845948586,lstm
SVC-000059,EVT-0015970,2026-06-24 23:14:04.270650,0.25260286957119416,lstm
DEV-000026,EVT-0015971,2026-06-24 23:15:29.124089,0.8425518971855489,lstm
SVC-000041,EVT-0015972,2026-06-24 23:15:38.378135,0.9817916706402651,lstm
SVC-000002,EVT-0015973,2026-06-24 23:16:28.840175,0.303932930756232,lstm
USR-000141,EVT-0015974,2026-06-24 23:17:51.793994,0.9298743072181985,lstm
SVC-000059,EVT-0015975,2026-06-24 23:19:11.782525,0.24558678740413717,lstm
SVC-000002,EVT-0015976,2026-06-24 23:20:50.997479,0.3243234217873822,lstm
SVC-000045,EVT-0015977,2026-06-24 23:21:08.688794,0.5227343551623357,lstm
SVC-000025,EVT-0015978,2026-06-24 23:21:59.686356,0.3239914419601961,lstm
SVC-000059,EVT-0015979,2026-06-24 23:22:19.614961,0.2953401812758346,lstm
SVC-000059,EVT-0015980,2026-06-24 23:23:16.879265,0.8218915729532558,lstm
SVC-000059,EVT-0015981,2026-06-24 23:26:43.697146,0.2627689057883458,lstm
SVC-000025,EVT-0015982,2026-06-24 23:27:40.598553,0.43369520522688193,lstm
SVC-000025,EVT-0015983,2026-06-24 23:27:52.853620,0.5926949756886116,lstm
DEV-000021,EVT-0015984,2026-06-24 23:28:48.383967,0.7905997466648383,lstm
SVC-000025,EVT-0015985,2026-06-24 23:28:59.543190,0.45753499047055285,lstm
USR-000106,EVT-0015986,2026-06-24 23:30:13.353713,0.48715095107941353,lstm
SVC-000032,EVT-0015987,2026-06-24 23:31:07.433135,0.5751594469336044,lstm
SVC-000059,EVT-0015988,2026-06-24 23:34:19.604598,0.21786736059718745,lstm
SVC-000059,EVT-0015989,2026-06-24 23:35:18.598192,0.3218252370165431,lstm
SVC-000059,EVT-0015990,2026-06-24 23:37:22.349416,0.2572889200094617,lstm
SVC-000002,EVT-0015991,2026-06-24 23:38:57.547858,0.35501980625493895,lstm
SVC-000045,EVT-0015992,2026-06-24 23:39:45.300824,0.5079555579058624,lstm
DEV-000007,EVT-0015993,2026-06-24 23:39:56.571707,0.7037643385135405,lstm
SVC-000035,EVT-0015994,2026-06-24 23:40:01.118198,0.3637686546080154,lstm
SVC-000059,EVT-0015995,2026-06-24 23:40:02.279340,0.2516734674388828,lstm
USR-000150,EVT-0015996,2026-06-24 23:40:52.661197,0.7784368078380233,lstm
SVC-000041,EVT-0015997,2026-06-24 23:43:29.810277,0.7864511288911108,lstm
USR-000122,EVT-0015998,2026-06-24 23:45:13.578230,0.42536293211802717,lstm
SVC-000032,EVT-0015999,2026-06-24 23:47:34.086316,0.25426025895134247,lstm
SVC-000059,EVT-0016000,2026-06-24 23:48:29.630179,0.2236055162411475,lstm
SVC-000059,EVT-0016001,2026-06-24 23:49:33.318125,0.29861913451145145,lstm
USR-000124,EVT-0016002,2026-06-24 23:51:29.006506,0.5209642496541,lstm
SVC-000025,EVT-0016003,2026-06-24 23:52:42.502227,0.47728591157439826,lstm
SVC-000041,EVT-0016004,2026-06-24 23:55:38.037916,0.2761566426288947,lstm
SVC-000059,EVT-0016005,2026-06-24 23:56:07.948614,0.22320066281726736,lstm
DEV-000016,EVT-0016006,2026-06-24 23:56:32.740102,0.40215823150755725,lstm
SVC-000041,EVT-0016007,2026-06-24 23:56:45.023880,0.9468341265843506,lstm
USR-000141,EVT-0016008,2026-06-24 23:57:29.888765,0.6293162826892326,lstm
SVC-000002,EVT-0016009,2026-06-24 23:59:41.816951,0.7189332295137357,lstm
SVC-000059,EVT-0016010,2026-06-25 00:04:04.662349,0.2807605552164804,lstm
SVC-000059,EVT-0016011,2026-06-25 00:05:13.483774,0.2905198157477704,lstm
SVC-000035,EVT-0016012,2026-06-25 00:06:35.896895,0.6249218639387437,lstm
SVC-000025,EVT-0016013,2026-06-25 00:07:02.892845,0.36262932835314826,lstm
USR-000122,EVT-0016014,2026-06-25 00:08:56.082848,0.3476025676135087,lstm
SVC-000041,EVT-0016015,2026-06-25 00:09:18.306510,0.7378747605321184,lstm
SVC-000059,EVT-0016016,2026-06-25 00:12:45.796249,0.24149769168322086,lstm
SVC-000047,EVT-0016017,2026-06-25 00:13:11.451943,0.5564880834648963,lstm
SVC-000056,EVT-0016018,2026-06-25 00:16:43.957373,0.5469009767559695,lstm
DEV-000001,EVT-0016019,2026-06-25 00:19:16.467600,0.1708786334369072,lstm
USR-000141,EVT-0016020,2026-06-25 00:19:19.694142,0.6296775276500631,lstm
DEV-000007,EVT-0016021,2026-06-25 00:19:43.064327,0.701759684931424,lstm
SVC-000041,EVT-0016022,2026-06-25 00:20:03.318410,0.9059973284614647,lstm
SVC-000025,EVT-0016023,2026-06-25 00:20:20.544826,0.32477416404788606,lstm
SVC-000056,EVT-0016024,2026-06-25 00:22:58.843474,0.6748712530266325,lstm
DEV-000014,EVT-0016025,2026-06-25 00:25:27.148477,0.4758235635674646,lstm
DEV-000002,EVT-0016026,2026-06-25 00:28:17.894956,0.7169785953016098,lstm
USR-000113,EVT-0016027,2026-06-25 00:28:32.207250,0.8354274130749103,lstm
DEV-000018,EVT-0016028,2026-06-25 00:43:28.903657,0.8040474234614406,lstm
SVC-000056,EVT-0016029,2026-06-25 00:51:25.066208,0.5806307583460765,lstm
SVC-000056,EVT-0016030,2026-06-25 00:51:45.382384,0.8361952634091512,lstm
DEV-000002,EVT-0016031,2026-06-25 00:55:30.641081,0.5979803310751772,lstm
SVC-000041,EVT-0016032,2026-06-25 00:57:18.032660,0.30665573997674034,lstm
DEV-000015,EVT-0016033,2026-06-25 01:02:29.659795,0.7939242867186362,lstm
SVC-000041,EVT-0016034,2026-06-25 01:03:46.416554,0.5631473972716013,lstm
DEV-000018,EVT-0016035,2026-06-25 01:09:23.478752,0.5704929113900952,lstm
USR-000011,EVT-0016036,2026-06-25 01:15:22.652333,0.9999908053657817,lstm
DEV-000002,EVT-0016037,2026-06-25 01:15:37.658200,0.5779488601616886,lstm
SVC-000050,EVT-0016038,2026-06-25 01:15:45.764984,1.0,lstm
USR-000080,EVT-0016039,2026-06-25 01:15:46.261505,0.9999999999893852,lstm
USR-000177,EVT-0016040,2026-06-25 01:16:29.015233,0.9999990990179555,lstm
DEV-000010,EVT-0016041,2026-06-25 01:16:38.446896,0.652314876909651,lstm
SVC-000042,EVT-0016042,2026-06-25 01:17:45.303256,1.0,lstm
USR-000013,EVT-0016043,2026-06-25 01:17:54.930812,1.0,lstm
USR-000002,EVT-0016044,2026-06-25 01:19:14.407152,0.9999992148900154,lstm
DEV-000017,EVT-0016045,2026-06-25 01:19:16.231082,1.0,lstm
USR-000131,EVT-0016046,2026-06-25 01:19:29.696295,0.999998295203302,lstm
SVC-000058,EVT-0016047,2026-06-25 01:20:37.173554,0.9999999999999998,lstm
SVC-000053,EVT-0016048,2026-06-25 01:21:15.287656,1.0,lstm
USR-000111,EVT-0016049,2026-06-25 01:22:04.581854,1.0,lstm
USR-000050,EVT-0016050,2026-06-25 01:22:47.236728,0.9999975629085229,lstm
SVC-000029,EVT-0016051,2026-06-25 01:22:49.458343,1.0,lstm
SVC-000013,EVT-0016052,2026-06-25 01:22:52.213815,1.0,lstm
USR-000114,EVT-0016053,2026-06-25 01:22:52.651926,0.9861259742449949,baseline_fallback
USR-000194,EVT-0016054,2026-06-25 01:23:35.195425,1.0,lstm
USR-000032,EVT-0016055,2026-06-25 01:24:51.680137,0.9861259742449949,baseline_fallback
DEV-000021,EVT-0016056,2026-06-25 01:25:18.143319,1.0,lstm
USR-000129,EVT-0016057,2026-06-25 01:26:01.309767,0.9999995843253291,lstm
USR-000001,EVT-0016058,2026-06-25 01:27:05.928314,0.999991591025575,lstm
SVC-000041,EVT-0016059,2026-06-25 01:27:13.507304,1.0,lstm
USR-000086,EVT-0016060,2026-06-25 01:27:28.871733,0.9999995374214626,lstm
USR-000100,EVT-0016061,2026-06-25 01:28:06.724767,0.9861259742449949,baseline_fallback
USR-000146,EVT-0016062,2026-06-25 01:28:26.883935,0.999999897548605,lstm
DEV-000012,EVT-0016063,2026-06-25 01:28:36.130792,1.0,lstm
USR-000052,EVT-0016064,2026-06-25 01:28:36.133505,0.9999917781457281,lstm
SVC-000056,EVT-0016065,2026-06-25 01:29:29.556193,1.0,lstm
SVC-000025,EVT-0016066,2026-06-25 01:29:56.134941,1.0,lstm
SVC-000031,EVT-0016067,2026-06-25 01:30:15.346943,1.0,lstm
SVC-000041,EVT-0016068,2026-06-25 01:32:12.260784,0.9999999964465163,lstm
USR-000185,EVT-0016069,2026-06-25 01:32:26.365629,0.9999799324534875,lstm
USR-000113,EVT-0016070,2026-06-25 01:32:50.509467,0.5496491853746324,lstm
USR-000150,EVT-0016071,2026-06-25 01:33:32.898103,0.7785820129490227,lstm
DEV-000025,EVT-0016072,2026-06-25 01:34:50.189429,0.6616232657633094,lstm
SVC-000018,EVT-0016073,2026-06-25 01:38:43.102170,0.9980801147352779,lstm
SVC-000041,EVT-0016074,2026-06-25 01:41:22.292227,0.9884776839284233,lstm
USR-000150,EVT-0016075,2026-06-25 01:44:53.608271,0.7699395854530467,lstm
SVC-000018,EVT-0016076,2026-06-25 01:47:02.248601,0.8041586355425396,lstm
SVC-000041,EVT-0016077,2026-06-25 01:47:27.910605,0.9077356256330762,lstm
DEV-000014,EVT-0016078,2026-06-25 01:47:45.359489,0.7881776864595238,lstm
SVC-000018,EVT-0016079,2026-06-25 01:47:48.564171,0.5191325662151077,lstm
DEV-000011,EVT-0016080,2026-06-25 01:54:14.602729,0.6549639373470832,lstm
DEV-000006,EVT-0016081,2026-06-25 01:57:21.556833,0.7725701632740585,lstm
SVC-000018,EVT-0016082,2026-06-25 02:04:40.139615,0.5962173918957704,lstm
SVC-000018,EVT-0016083,2026-06-25 02:14:59.780290,0.4257924060476699,lstm
SVC-000014,EVT-0016084,2026-06-25 02:15:47.911138,0.9569168006777365,lstm
SVC-000018,EVT-0016085,2026-06-25 02:16:21.007627,0.6682322594958632,lstm
DEV-000005,EVT-0016086,2026-06-25 02:16:56.577029,0.3542402921103575,lstm
SVC-000018,EVT-0016087,2026-06-25 02:18:02.859898,0.42044598659301374,lstm
DEV-000011,EVT-0016088,2026-06-25 02:19:17.813762,0.5984608310332424,lstm
SVC-000018,EVT-0016089,2026-06-25 02:28:22.736945,0.46798127180473853,lstm
SVC-000018,EVT-0016090,2026-06-25 02:31:12.617854,0.4309631201810283,lstm
DEV-000006,EVT-0016091,2026-06-25 02:31:31.527378,0.6347581771143195,lstm
SVC-000014,EVT-0016092,2026-06-25 02:35:09.110860,0.30289273635995717,lstm
SVC-000018,EVT-0016093,2026-06-25 02:37:51.082761,0.2556772471046132,lstm
DEV-000021,EVT-0016094,2026-06-25 02:38:33.580987,0.9931337989209325,lstm
DEV-000006,EVT-0016095,2026-06-25 02:42:32.815827,0.5971485963714707,lstm
SVC-000018,EVT-0016096,2026-06-25 02:52:30.181100,0.4490184851635037,lstm
SVC-000014,EVT-0016097,2026-06-25 02:55:15.135690,0.3245476781813952,lstm
SVC-000018,EVT-0016098,2026-06-25 02:58:46.997062,0.6949451767927342,lstm
SVC-000018,EVT-0016099,2026-06-25 03:00:30.433135,0.4409673490891079,lstm
DEV-000016,EVT-0016100,2026-06-25 03:01:29.184847,0.24112339397814797,lstm
SVC-000014,EVT-0016101,2026-06-25 03:17:08.723737,0.5859891540304428,lstm
DEV-000024,EVT-0016102,2026-06-25 03:17:37.873781,0.7983494929975882,lstm
SVC-000018,EVT-0016103,2026-06-25 03:18:26.048343,0.47740949776697456,lstm
USR-000122,EVT-0016104,2026-06-25 03:21:50.855301,0.43479683508465067,lstm
SVC-000014,EVT-0016105,2026-06-25 03:22:29.695025,0.41315537492393317,lstm
DEV-000013,EVT-0016106,2026-06-25 03:25:09.209221,0.686502330283452,lstm
SVC-000014,EVT-0016107,2026-06-25 03:27:25.624763,0.34081428979116246,lstm
SVC-000041,EVT-0016108,2026-06-25 03:28:47.046009,0.8193272141676897,lstm
SVC-000014,EVT-0016109,2026-06-25 03:37:51.227130,0.29729795974263773,lstm
DEV-000003,EVT-0016110,2026-06-25 03:39:11.027367,0.9122033945900152,lstm
DEV-000024,EVT-0016111,2026-06-25 03:50:02.256512,0.8592682677392398,lstm
SVC-000014,EVT-0016112,2026-06-25 03:51:18.127193,0.31453992098974815,lstm
SVC-000041,EVT-0016113,2026-06-25 03:54:11.169211,0.9732151569943833,lstm
SVC-000015,EVT-0016114,2026-06-25 03:55:05.924431,0.9631144401610081,lstm
SVC-000041,EVT-0016115,2026-06-25 03:55:09.055331,0.9864299153298723,lstm
SVC-000019,EVT-0016116,2026-06-25 04:00:21.316711,0.9641953710962418,lstm
SVC-000014,EVT-0016117,2026-06-25 04:00:22.764795,0.3359171159266732,lstm
SVC-000014,EVT-0016118,2026-06-25 04:03:48.675329,0.39992407903997096,lstm
DEV-000001,EVT-0016119,2026-06-25 04:04:41.132937,0.469932377081245,lstm
SVC-000020,EVT-0016120,2026-06-25 04:05:36.478524,0.9520585398307171,lstm
SVC-000020,EVT-0016121,2026-06-25 04:09:35.539741,0.8293684858121286,lstm
DEV-000009,EVT-0016122,2026-06-25 04:09:46.079233,0.6089437676354894,lstm
SVC-000019,EVT-0016123,2026-06-25 04:10:56.519214,0.3302001364743566,lstm
SVC-000015,EVT-0016124,2026-06-25 04:16:33.717204,0.42589640360765973,lstm
SVC-000007,EVT-0016125,2026-06-25 04:18:03.321165,0.98692531371102,lstm
SVC-000015,EVT-0016126,2026-06-25 04:24:59.545095,0.41014481193251734,lstm
SVC-000007,EVT-0016127,2026-06-25 04:25:36.238072,0.4115484985347234,lstm
SVC-000014,EVT-0016128,2026-06-25 04:29:58.355246,0.4055807934482953,lstm
SVC-000015,EVT-0016129,2026-06-25 04:31:36.028227,0.3537806810897513,lstm
SVC-000007,EVT-0016130,2026-06-25 04:31:40.248761,0.5819839403310085,lstm
SVC-000019,EVT-0016131,2026-06-25 04:31:53.580261,0.2663248435148775,lstm
SVC-000007,EVT-0016132,2026-06-25 04:31:55.698399,0.8786035731065609,lstm
USR-000163,EVT-0016133,2026-06-25 04:32:58.443622,0.4074808094963959,lstm
SVC-000020,EVT-0016134,2026-06-25 04:34:21.215388,0.8082911159451943,lstm
SVC-000007,EVT-0016135,2026-06-25 04:35:27.252327,0.6076058122380309,lstm
DEV-000002,EVT-0016136,2026-06-25 04:37:52.705129,0.7528087873626997,lstm
SVC-000007,EVT-0016137,2026-06-25 04:40:49.514139,0.6925738355898806,lstm
SVC-000014,EVT-0016138,2026-06-25 04:47:26.713538,0.34574377566203457,lstm
SVC-000019,EVT-0016139,2026-06-25 04:49:58.199508,0.24579797253066438,lstm
USR-000036,EVT-0016140,2026-06-25 04:51:06.527170,0.7768670794159099,lstm
SVC-000019,EVT-0016141,2026-06-25 04:51:41.950919,0.3699389441416477,lstm
SVC-000020,EVT-0016142,2026-06-25 04:51:55.435543,0.5938818729739035,lstm
SVC-000015,EVT-0016143,2026-06-25 04:53:59.250795,0.3633840597742733,lstm
SVC-000019,EVT-0016144,2026-06-25 04:54:35.142944,0.2840106621788816,lstm
SVC-000020,EVT-0016145,2026-06-25 04:56:29.805009,0.5632898358424041,lstm
DEV-000001,EVT-0016146,2026-06-25 04:57:51.916917,0.4175744176595273,lstm
SVC-000014,EVT-0016147,2026-06-25 04:57:58.407188,0.39951723899560476,lstm
DEV-000023,EVT-0016148,2026-06-25 04:58:00.239494,0.9062029037152977,lstm
SVC-000007,EVT-0016149,2026-06-25 05:04:20.863587,0.77940839065067,lstm
SVC-000007,EVT-0016150,2026-06-25 05:04:29.690373,0.746529630889023,lstm
SVC-000019,EVT-0016151,2026-06-25 05:06:00.996030,0.219842813311394,lstm
SVC-000015,EVT-0016152,2026-06-25 05:06:02.407222,0.49958454190653695,lstm
SVC-000009,EVT-0016153,2026-06-25 05:09:15.633405,0.9985296164832643,lstm
SVC-000019,EVT-0016154,2026-06-25 05:09:21.128819,0.2907961830689289,lstm
SVC-000019,EVT-0016155,2026-06-25 05:10:17.779879,0.39721500067927024,lstm
DEV-000007,EVT-0016156,2026-06-25 05:10:58.242981,0.7035607078970625,lstm
SVC-000019,EVT-0016157,2026-06-25 05:12:22.314988,0.285172215986448,lstm
SVC-000007,EVT-0016158,2026-06-25 05:16:24.044271,0.26448985896497224,lstm
SVC-000031,EVT-0016159,2026-06-25 05:19:23.626139,0.9991637520092828,lstm
SVC-000007,EVT-0016160,2026-06-25 05:20:57.165590,0.5958615611026209,lstm
DEV-000018,EVT-0016161,2026-06-25 05:21:00.474432,0.6226443378668237,lstm
SVC-000020,EVT-0016162,2026-06-25 05:22:17.155423,0.2891832497152917,lstm
SVC-000019,EVT-0016163,2026-06-25 05:22:45.028152,0.2248704766080588,lstm
DEV-000019,EVT-0016164,2026-06-25 05:24:57.583933,0.683357320471878,lstm
SVC-000031,EVT-0016165,2026-06-25 05:25:32.391530,0.8907119328382742,lstm
DEV-000013,EVT-0016166,2026-06-25 05:27:17.396027,0.3674945980127084,lstm
SVC-000015,EVT-0016167,2026-06-25 05:27:25.137842,0.3569005579082914,lstm
SVC-000007,EVT-0016168,2026-06-25 05:28:30.989708,0.3732014095039728,lstm
USR-000009,EVT-0016169,2026-06-25 05:28:47.827037,0.4985172021634259,lstm
SVC-000009,EVT-0016170,2026-06-25 05:37:46.227044,0.7641796556873164,lstm
SVC-000009,EVT-0016171,2026-06-25 05:38:16.484253,0.6210064389012597,lstm
SVC-000009,EVT-0016172,2026-06-25 05:39:44.528215,0.4695271556209984,lstm
SVC-000019,EVT-0016173,2026-06-25 05:39:49.489359,0.25685588464039755,lstm
DEV-000011,EVT-0016174,2026-06-25 05:40:55.564400,0.22173868243324915,lstm
SVC-000019,EVT-0016175,2026-06-25 05:41:22.891309,0.36783078767400423,lstm
DEV-000006,EVT-0016176,2026-06-25 05:42:10.747712,0.2790455932263795,lstm
SVC-000019,EVT-0016177,2026-06-25 05:44:31.912940,0.29179941433627465,lstm
SVC-000014,EVT-0016178,2026-06-25 05:44:38.927577,0.3492702613970584,lstm
USR-000207,EVT-0016179,2026-06-25 05:46:51.844322,0.47165881860134284,lstm
DEV-000017,EVT-0016180,2026-06-25 05:52:03.993277,0.9999994883780037,lstm
SVC-000009,EVT-0016181,2026-06-25 05:53:08.544238,0.589582151410185,lstm
SVC-000009,EVT-0016182,2026-06-25 05:58:36.520087,0.4522015268111436,lstm
SVC-000031,EVT-0016183,2026-06-25 06:03:29.076181,0.5626076994255306,lstm
USR-000036,EVT-0016184,2026-06-25 06:06:01.505577,0.5688105055214434,lstm
SVC-000015,EVT-0016185,2026-06-25 06:11:49.379431,0.3449964556809358,lstm
DEV-000010,EVT-0016186,2026-06-25 06:12:49.630947,0.2776684833046304,lstm
SVC-000019,EVT-0016187,2026-06-25 06:12:53.999701,0.3667670261291877,lstm
USR-000114,EVT-0016188,2026-06-25 06:12:59.584134,0.7632306166227089,baseline_fallback
SVC-000009,EVT-0016189,2026-06-25 06:17:03.165775,0.41247895365915155,lstm
SVC-000009,EVT-0016190,2026-06-25 06:17:13.746217,0.6509947597904343,lstm
SVC-000009,EVT-0016191,2026-06-25 06:18:15.223679,0.4973188353956102,lstm
SVC-000009,EVT-0016192,2026-06-25 06:19:49.309752,0.6448503324454248,lstm
SVC-000019,EVT-0016193,2026-06-25 06:21:26.194490,0.27236039514146115,lstm
USR-000093,EVT-0016194,2026-06-25 06:24:21.632568,0.8052618131437254,lstm
DEV-000002,EVT-0016195,2026-06-25 06:24:43.523020,0.7183412864315926,lstm
SVC-000031,EVT-0016196,2026-06-25 06:26:32.780041,0.5108081998032991,lstm
SVC-000009,EVT-0016197,2026-06-25 06:32:58.681430,0.4802212696326372,lstm
USR-000067,EVT-0016198,2026-06-25 06:34:20.987319,0.5228831478556317,lstm
USR-000121,EVT-0016199,2026-06-25 06:34:47.487447,0.7211110476956383,lstm
USR-000009,EVT-0016200,2026-06-25 06:36:30.374875,0.33814095616759904,lstm
SVC-000019,EVT-0016201,2026-06-25 06:36:59.407542,0.34017781486142057,lstm
SVC-000031,EVT-0016202,2026-06-25 06:38:49.568800,0.5047523910928836,lstm
SVC-000031,EVT-0016203,2026-06-25 06:45:56.439561,0.6157531416835406,lstm
SVC-000009,EVT-0016204,2026-06-25 06:52:15.259378,0.4647579039343104,lstm
SVC-000009,EVT-0016205,2026-06-25 06:58:47.124591,0.4038435189211565,lstm
SVC-000051,EVT-0016206,2026-06-25 07:04:13.260604,0.7893177044183615,lstm
DEV-000011,EVT-0016207,2026-06-25 07:06:34.620905,0.17036331981634092,lstm
DEV-000015,EVT-0016208,2026-06-25 07:07:03.927138,0.4836694395543009,lstm
SVC-000055,EVT-0016209,2026-06-25 07:09:48.708237,0.9995043224249919,lstm
USR-000095,EVT-0016210,2026-06-25 07:11:09.218847,0.46163280657154043,lstm
SVC-000040,EVT-0016211,2026-06-25 07:13:09.355854,0.8966577083348239,lstm
SVC-000031,EVT-0016212,2026-06-25 07:14:21.764786,0.7082084069875395,lstm
SVC-000031,EVT-0016213,2026-06-25 07:14:44.636881,0.9099206816803954,lstm
DEV-000002,EVT-0016214,2026-06-25 07:16:21.355235,0.5782015135266244,lstm
SVC-000055,EVT-0016215,2026-06-25 07:17:45.136619,0.7530874016300263,lstm
SVC-000011,EVT-0016216,2026-06-25 07:18:51.794066,0.9936876129522166,lstm
SVC-000055,EVT-0016217,2026-06-25 07:21:48.626820,0.737966495461677,lstm
SVC-000055,EVT-0016218,2026-06-25 07:24:31.154723,0.526512579305152,lstm
USR-000094,EVT-0016219,2026-06-25 07:26:27.462535,0.7081815008222502,lstm
SVC-000031,EVT-0016220,2026-06-25 07:27:34.716863,0.732877462113515,lstm
SVC-000055,EVT-0016221,2026-06-25 07:27:46.185467,0.3729829718961271,lstm
DEV-000002,EVT-0016222,2026-06-25 07:29:35.170311,0.5408859720526686,lstm
SVC-000011,EVT-0016223,2026-06-25 07:30:37.517457,0.3630860601577449,lstm
SVC-000031,EVT-0016224,2026-06-25 07:30:47.235317,0.7159346733129045,lstm
USR-000019,EVT-0016225,2026-06-25 07:31:54.360500,0.6242960392366257,lstm
SVC-000031,EVT-0016226,2026-06-25 07:33:04.383080,0.9280682384173452,lstm
SVC-000031,EVT-0016227,2026-06-25 07:33:08.921486,0.7719628464866402,lstm
SVC-000031,EVT-0016228,2026-06-25 07:33:19.743771,0.6318529360213234,lstm
SVC-000055,EVT-0016229,2026-06-25 07:34:00.183584,0.3495987303262219,lstm
DEV-000010,EVT-0016230,2026-06-25 07:35:27.400950,0.24247663075640624,lstm
USR-000090,EVT-0016231,2026-06-25 07:38:13.990320,0.6618298044048774,lstm
USR-000067,EVT-0016232,2026-06-25 07:40:12.696678,0.3085318904273966,lstm
USR-000031,EVT-0016233,2026-06-25 07:42:00.868040,0.4183516791510654,lstm
USR-000087,EVT-0016234,2026-06-25 07:42:07.650390,0.6844744358110165,lstm
SVC-000011,EVT-0016235,2026-06-25 07:43:55.620598,0.6991712022135813,lstm
SVC-000031,EVT-0016236,2026-06-25 07:45:33.631631,0.623710351580136,lstm
SVC-000031,EVT-0016237,2026-06-25 07:48:26.542048,0.3464088789200838,lstm
SVC-000011,EVT-0016238,2026-06-25 07:48:46.700651,0.3883383238049572,lstm
SVC-000011,EVT-0016239,2026-06-25 07:49:18.115301,0.6077791293329795,lstm
USR-000179,EVT-0016240,2026-06-25 07:49:42.961813,0.9497488328187572,baseline_fallback
DEV-000010,EVT-0016241,2026-06-25 07:54:12.510102,0.4482183066949921,lstm
SVC-000031,EVT-0016242,2026-06-25 07:54:17.304096,0.3008204339927587,lstm
USR-000172,EVT-0016243,2026-06-25 07:56:11.242130,0.41428757189779,lstm
SVC-000055,EVT-0016244,2026-06-25 07:57:18.523784,0.2946873069482605,lstm
DEV-000006,EVT-0016245,2026-06-25 07:57:48.617602,0.21390177511424568,lstm
USR-000051,EVT-0016246,2026-06-25 07:59:50.594457,0.7755833010716563,lstm
DEV-000013,EVT-0016247,2026-06-25 08:00:03.475122,0.28773004789174095,lstm
SVC-000040,EVT-0016248,2026-06-25 08:02:52.694950,0.3450765951520696,lstm
SVC-000011,EVT-0016249,2026-06-25 08:06:05.148674,0.35353598944452336,lstm
SVC-000055,EVT-0016250,2026-06-25 08:08:24.403081,0.35233150813805936,lstm
SVC-000011,EVT-0016251,2026-06-25 08:08:26.917923,0.4680862543811317,lstm
USR-000164,EVT-0016252,2026-06-25 08:08:43.831044,0.5657808338842444,lstm
SVC-000051,EVT-0016253,2026-06-25 08:10:37.860208,0.3768190287301142,lstm
SVC-000011,EVT-0016254,2026-06-25 08:11:09.772905,0.385389805349956,lstm
USR-000007,EVT-0016255,2026-06-25 08:11:58.466800,0.7884606892470288,lstm
SVC-000039,EVT-0016256,2026-06-25 08:13:17.175266,0.9893009794981967,lstm
SVC-000040,EVT-0016257,2026-06-25 08:14:04.010630,0.535630721293663,lstm
USR-000039,EVT-0016258,2026-06-25 08:14:55.867065,0.9919601871242673,lstm
USR-000102,EVT-0016259,2026-06-25 08:15:45.685776,0.5137642898872723,lstm
SVC-000040,EVT-0016260,2026-06-25 08:15:59.721857,0.6711415366100834,lstm
SVC-000011,EVT-0016261,2026-06-25 08:16:07.366521,0.3373783385242763,lstm
SVC-000011,EVT-0016262,2026-06-25 08:16:15.954022,0.5846967249449124,lstm
SVC-000055,EVT-0016263,2026-06-25 08:16:50.386023,0.2926935872593686,lstm
USR-000026,EVT-0016264,2026-06-25 08:18:55.112099,0.6091226371207467,lstm
SVC-000040,EVT-0016265,2026-06-25 08:19:29.952557,0.4533433042452946,lstm
USR-000102,EVT-0016266,2026-06-25 08:19:33.242206,0.40955373028324055,lstm
DEV-000002,EVT-0016267,2026-06-25 08:20:13.678944,0.4183262221311609,lstm
USR-000180,EVT-0016268,2026-06-25 08:22:31.424405,0.6528659996221561,lstm
SVC-000040,EVT-0016269,2026-06-25 08:23:08.857735,0.5076782275309346,lstm
USR-000019,EVT-0016270,2026-06-25 08:25:24.404619,0.5763753721839782,lstm
USR-000041,EVT-0016271,2026-06-25 08:27:25.226735,0.6684374752924919,lstm
DEV-000024,EVT-0016272,2026-06-25 08:30:22.870547,0.6548521453277418,lstm
USR-000036,EVT-0016273,2026-06-25 08:33:53.323776,0.35252297598455956,lstm
SVC-000011,EVT-0016274,2026-06-25 08:34:18.816783,0.3266732403807534,lstm
SVC-000011,EVT-0016275,2026-06-25 08:36:43.170749,0.4095816127475029,lstm
SVC-000046,EVT-0016276,2026-06-25 08:36:48.458603,0.9798654450407271,lstm
USR-000203,EVT-0016277,2026-06-25 08:36:57.422503,0.5340321218619142,lstm
SVC-000040,EVT-0016278,2026-06-25 08:37:25.103654,0.5891000620572779,lstm
SVC-000011,EVT-0016279,2026-06-25 08:37:57.972195,0.4758488987561913,lstm
DEV-000002,EVT-0016280,2026-06-25 08:39:07.113468,0.30920509880900027,lstm
SVC-000031,EVT-0016281,2026-06-25 08:40:29.798157,0.49061644762359957,lstm
USR-000190,EVT-0016282,2026-06-25 08:41:28.720961,0.5023929839796879,lstm
USR-000162,EVT-0016283,2026-06-25 08:42:01.223983,0.4930464774795044,lstm
USR-000071,EVT-0016284,2026-06-25 08:45:12.195105,0.7346537703326416,baseline_fallback
SVC-000046,EVT-0016285,2026-06-25 08:45:40.109864,0.28044692009181166,lstm
USR-000179,EVT-0016286,2026-06-25 08:46:10.380810,0.8109426656211229,lstm
SVC-000011,EVT-0016287,2026-06-25 08:48:37.853454,0.38608717902787504,lstm
USR-000019,EVT-0016288,2026-06-25 08:48:59.976313,0.7004242659640176,lstm
DEV-000006,EVT-0016289,2026-06-25 08:49:08.541213,0.1907994703845406,lstm
USR-000031,EVT-0016290,2026-06-25 08:49:53.157026,0.2239513518335929,lstm
USR-000013,EVT-0016291,2026-06-25 08:51:12.058600,0.9933585296467049,lstm
USR-000123,EVT-0016292,2026-06-25 08:51:25.783053,0.4467307849850877,baseline_fallback
USR-000087,EVT-0016293,2026-06-25 08:51:47.251036,0.548598511365606,lstm
DEV-000023,EVT-0016294,2026-06-25 08:51:54.400751,0.3405244842967834,lstm
USR-000194,EVT-0016295,2026-06-25 08:55:57.979615,0.9954565768648974,lstm
DEV-000020,EVT-0016296,2026-06-25 08:58:16.413849,0.5416387187295094,lstm
SVC-000013,EVT-0016297,2026-06-25 08:58:56.419182,0.9999979115615065,lstm
USR-000039,EVT-0016298,2026-06-25 08:59:18.623260,0.9285613342748987,lstm
USR-000133,EVT-0016299,2026-06-25 08:59:33.001209,0.5810319588578492,lstm
USR-000114,EVT-0016300,2026-06-25 09:00:21.738806,0.3444122729026578,baseline_fallback
SVC-000046,EVT-0016301,2026-06-25 09:00:54.010965,0.31189058730385666,lstm
USR-000048,EVT-0016302,2026-06-25 09:01:54.868127,0.4697878046248186,lstm
USR-000102,EVT-0016303,2026-06-25 09:02:09.369928,0.2772148454045309,lstm
USR-000105,EVT-0016304,2026-06-25 09:06:05.678009,0.9506241390750756,lstm
SVC-000046,EVT-0016305,2026-06-25 09:08:05.719304,0.32081137382471236,lstm
USR-000190,EVT-0016306,2026-06-25 09:10:27.062873,0.38502327264870484,lstm
USR-000102,EVT-0016307,2026-06-25 09:10:44.880950,0.39560910513442815,lstm
SVC-000039,EVT-0016308,2026-06-25 09:12:33.471112,0.727725608432857,lstm
SVC-000046,EVT-0016309,2026-06-25 09:12:44.541510,0.3199204502991203,lstm
USR-000112,EVT-0016310,2026-06-25 09:12:53.951780,0.447558200305957,lstm
SVC-000024,EVT-0016311,2026-06-25 09:13:08.251532,0.9819870090101666,lstm
USR-000159,EVT-0016312,2026-06-25 09:13:44.065803,0.4569049612462637,baseline_fallback
USR-000090,EVT-0016313,2026-06-25 09:14:06.037144,0.4088673349524722,lstm
DEV-000005,EVT-0016314,2026-06-25 09:16:03.614126,0.6608732497740661,lstm
USR-000090,EVT-0016315,2026-06-25 09:16:31.061032,0.6364191714728221,lstm
SVC-000042,EVT-0016316,2026-06-25 09:16:43.729213,0.9960341375091745,lstm
SVC-000039,EVT-0016317,2026-06-25 09:17:51.477678,0.5048916630560658,lstm
USR-000120,EVT-0016318,2026-06-25 09:17:51.680119,0.6450675023952127,lstm
USR-000199,EVT-0016319,2026-06-25 09:18:16.623959,0.29744939874602544,lstm
DEV-000002,EVT-0016320,2026-06-25 09:18:39.208831,0.29854019753180744,lstm
SVC-000013,EVT-0016321,2026-06-25 09:18:57.277041,0.9672185635975409,lstm
SVC-000008,EVT-0016322,2026-06-25 09:19:51.028003,0.9869277618027059,lstm
SVC-000039,EVT-0016323,2026-06-25 09:21:37.290270,0.48808703911014806,lstm
USR-000162,EVT-0016324,2026-06-25 09:22:01.673612,0.3032052923318384,lstm
USR-000194,EVT-0016325,2026-06-25 09:22:36.764516,0.6160898670648072,lstm
USR-000179,EVT-0016326,2026-06-25 09:24:13.001002,0.6306666988060357,lstm
USR-000041,EVT-0016327,2026-06-25 09:24:28.137744,0.5804911777914984,lstm
USR-000038,EVT-0016328,2026-06-25 09:24:45.575246,0.7162571239596578,lstm
USR-000021,EVT-0016329,2026-06-25 09:25:44.623467,0.7555958051349286,lstm
USR-000051,EVT-0016330,2026-06-25 09:26:52.998709,0.5223663874107274,lstm
DEV-000003,EVT-0016331,2026-06-25 09:28:10.352458,0.7715210341579021,lstm
SVC-000042,EVT-0016332,2026-06-25 09:30:41.599926,0.8662291348928008,lstm
USR-000022,EVT-0016333,2026-06-25 09:31:10.277423,0.33514841127625233,lstm
USR-000010,EVT-0016334,2026-06-25 09:32:48.497586,0.44762725268670656,baseline_fallback
SVC-000046,EVT-0016335,2026-06-25 09:33:03.439420,0.4593603366976216,lstm
SVC-000039,EVT-0016336,2026-06-25 09:34:32.784669,0.5106276349236769,lstm
USR-000031,EVT-0016337,2026-06-25 09:34:47.898502,0.2897790291449232,lstm
USR-000105,EVT-0016338,2026-06-25 09:35:37.605551,0.7284077856946818,lstm
USR-000129,EVT-0016339,2026-06-25 09:36:06.752745,0.8863853009270605,lstm
USR-000121,EVT-0016340,2026-06-25 09:37:16.231013,0.36536108185755917,lstm
USR-000129,EVT-0016341,2026-06-25 09:38:26.879172,0.8573228039448866,lstm
USR-000013,EVT-0016342,2026-06-25 09:39:02.891679,0.6508719419681017,lstm
USR-000180,EVT-0016343,2026-06-25 09:39:08.837929,0.42792880147337653,lstm
SVC-000042,EVT-0016344,2026-06-25 09:39:23.803015,0.6085403661340663,lstm
SVC-000024,EVT-0016345,2026-06-25 09:40:08.021325,0.6941892260042629,lstm
USR-000203,EVT-0016346,2026-06-25 09:41:49.508639,0.499183881717029,lstm
USR-000042,EVT-0016347,2026-06-25 09:41:57.805294,0.5612748667115793,lstm
USR-000042,EVT-0016348,2026-06-25 09:42:53.288483,0.5669696811492257,lstm
SVC-000013,EVT-0016349,2026-06-25 09:44:17.947423,0.8644422833824815,lstm
SVC-000013,EVT-0016350,2026-06-25 09:45:13.329631,0.924216783036888,lstm
USR-000039,EVT-0016351,2026-06-25 09:45:40.283232,0.7445707925381115,lstm
SVC-000016,EVT-0016352,2026-06-25 09:46:39.044705,0.9563089159208004,lstm
SVC-000042,EVT-0016353,2026-06-25 09:47:35.022081,0.5765576274649963,lstm
SVC-000039,EVT-0016354,2026-06-25 09:49:01.461821,0.3497517137295909,lstm
USR-000019,EVT-0016355,2026-06-25 09:49:30.643570,0.7328243156238934,lstm
SVC-000016,EVT-0016356,2026-06-25 09:49:43.279809,0.7747714963724773,lstm
SVC-000013,EVT-0016357,2026-06-25 09:49:51.999105,0.6405766426357352,lstm
SVC-000013,EVT-0016358,2026-06-25 09:51:30.896530,0.7673629626107717,lstm
USR-000172,EVT-0016359,2026-06-25 09:52:39.575454,0.28204038218427935,lstm
SVC-000042,EVT-0016360,2026-06-25 09:53:41.252882,0.49338126409745636,lstm
USR-000022,EVT-0016361,2026-06-25 09:53:51.455792,0.3521417118046696,lstm
SVC-000013,EVT-0016362,2026-06-25 09:55:06.597684,0.7093182213917215,lstm
USR-000090,EVT-0016363,2026-06-25 09:57:14.238136,0.32021161012072236,lstm
USR-000135,EVT-0016364,2026-06-25 09:57:15.231673,0.3495901732586619,lstm
SVC-000016,EVT-0016365,2026-06-25 09:58:20.870716,0.6455439464720291,lstm
SVC-000013,EVT-0016366,2026-06-25 09:58:35.491099,0.5912766155713692,lstm
SVC-000008,EVT-0016367,2026-06-25 09:58:42.108202,0.786414156811418,lstm
USR-000162,EVT-0016368,2026-06-25 09:58:59.511817,0.32701687805816027,lstm
USR-000001,EVT-0016369,2026-06-25 10:00:02.896980,0.8515107125706781,lstm
USR-000090,EVT-0016370,2026-06-25 10:00:14.137167,0.4075182742597937,lstm
USR-000179,EVT-0016371,2026-06-25 10:01:16.288622,0.6398796229071466,lstm
SVC-000013,EVT-0016372,2026-06-25 10:02:14.607330,0.6427750412483015,lstm
SVC-000024,EVT-0016373,2026-06-25 10:04:12.307823,0.3199043520207629,lstm
USR-000031,EVT-0016374,2026-06-25 10:04:50.025712,0.30261606262991547,lstm
SVC-000024,EVT-0016375,2026-06-25 10:04:57.005836,0.8238869423660603,lstm
SVC-000042,EVT-0016376,2026-06-25 10:05:11.803207,0.33369905869681943,lstm
USR-000030,EVT-0016377,2026-06-25 10:05:12.226439,0.4642878155347127,lstm
USR-000051,EVT-0016378,2026-06-25 10:06:41.000455,0.5650836467123875,lstm
SVC-000039,EVT-0016379,2026-06-25 10:07:21.302171,0.3316685536403194,lstm
SVC-000039,EVT-0016380,2026-06-25 10:07:29.248113,0.8204894688314112,lstm
USR-000019,EVT-0016381,2026-06-25 10:10:36.720510,0.6751294069451871,lstm
SVC-000013,EVT-0016382,2026-06-25 10:11:55.513282,0.7366966323674182,lstm
SVC-000013,EVT-0016383,2026-06-25 10:14:00.110543,0.7330721474259696,lstm
USR-000093,EVT-0016384,2026-06-25 10:16:24.486095,0.4521022740423831,lstm
DEV-000018,EVT-0016385,2026-06-25 10:17:48.331419,0.5464480164776847,lstm
DEV-000001,EVT-0016386,2026-06-25 10:18:58.578442,0.8745159008820546,lstm
DEV-000016,EVT-0016387,2026-06-25 10:19:50.137036,0.3788258467561492,lstm
SVC-000042,EVT-0016388,2026-06-25 10:20:44.888547,0.4018954596674121,lstm
USR-000009,EVT-0016389,2026-06-25 10:21:44.584007,0.2368433294096026,lstm
SVC-000021,EVT-0016390,2026-06-25 10:21:45.213453,0.9865364389298281,lstm
SVC-000042,EVT-0016391,2026-06-25 10:23:04.194855,0.482902157999271,lstm
USR-000129,EVT-0016392,2026-06-25 10:23:22.200945,0.4311597668524704,lstm
SVC-000013,EVT-0016393,2026-06-25 10:24:39.960075,0.8528984609148478,lstm
SVC-000039,EVT-0016394,2026-06-25 10:24:43.613690,0.3611125599648577,lstm
USR-000153,EVT-0016395,2026-06-25 10:25:36.056146,0.32955420816655817,lstm
USR-000194,EVT-0016396,2026-06-25 10:25:59.901656,0.39332947255448375,lstm
SVC-000013,EVT-0016397,2026-06-25 10:26:59.317745,0.8350584420679726,lstm
SVC-000024,EVT-0016398,2026-06-25 10:28:18.290620,0.4349603953402915,lstm
SVC-000024,EVT-0016399,2026-06-25 10:29:16.414770,0.46081049097238874,lstm
USR-000104,EVT-0016400,2026-06-25 10:29:30.766261,0.8441542843161715,lstm
SVC-000013,EVT-0016401,2026-06-25 10:30:28.647980,0.6676084305223617,lstm
USR-000024,EVT-0016402,2026-06-25 10:30:46.666479,0.8020480275337261,lstm
SVC-000013,EVT-0016403,2026-06-25 10:31:20.634141,0.37880736727454256,lstm
USR-000053,EVT-0016404,2026-06-25 10:31:26.659432,0.6352449574151523,lstm
DEV-000011,EVT-0016405,2026-06-25 10:33:40.583399,0.18894378008930085,lstm
SVC-000013,EVT-0016406,2026-06-25 10:34:27.133510,0.33622349358358306,lstm
SVC-000039,EVT-0016407,2026-06-25 10:35:10.584164,0.33719698103114065,lstm
USR-000212,EVT-0016408,2026-06-25 10:35:25.743034,0.7437425312245408,lstm
SVC-000013,EVT-0016409,2026-06-25 10:37:01.052754,0.6586454799987536,lstm
USR-000093,EVT-0016410,2026-06-25 10:37:04.838865,0.3506258935012685,lstm
USR-000180,EVT-0016411,2026-06-25 10:37:30.645288,0.38123679882277217,lstm
USR-000205,EVT-0016412,2026-06-25 10:37:38.321999,0.6703354465447843,baseline_fallback
USR-000157,EVT-0016413,2026-06-25 10:39:44.542537,0.2904414343477848,lstm
SVC-000013,EVT-0016414,2026-06-25 10:40:16.835636,0.369049761699925,lstm
SVC-000021,EVT-0016415,2026-06-25 10:40:19.661507,0.4342817059764191,lstm
USR-000091,EVT-0016416,2026-06-25 10:41:57.175103,0.33382493893024934,baseline_fallback
USR-000093,EVT-0016417,2026-06-25 10:43:28.648267,0.48255573008624536,lstm
USR-000093,EVT-0016418,2026-06-25 10:44:29.062415,0.5906416356824781,lstm
USR-000125,EVT-0016419,2026-06-25 10:44:47.810284,0.6695059628783958,lstm
USR-000157,EVT-0016420,2026-06-25 10:45:11.095809,0.4281046841936574,lstm
USR-000159,EVT-0016421,2026-06-25 10:47:49.996321,0.3145063661393459,baseline_fallback
USR-000135,EVT-0016422,2026-06-25 10:48:08.472120,0.24651571770635083,lstm
SVC-000008,EVT-0016423,2026-06-25 10:48:24.440315,0.4767952084430735,lstm
USR-000162,EVT-0016424,2026-06-25 10:49:42.479503,0.2849162268170595,lstm
USR-000112,EVT-0016425,2026-06-25 10:49:46.712433,0.3183133306004237,lstm
USR-000029,EVT-0016426,2026-06-25 10:49:52.608719,0.431907174988987,lstm
USR-000010,EVT-0016427,2026-06-25 10:50:38.597069,0.393155012000204,baseline_fallback
SVC-000013,EVT-0016428,2026-06-25 10:50:42.304749,0.39040321225755803,lstm
USR-000095,EVT-0016429,2026-06-25 10:51:13.513327,0.23642198659081726,lstm
SVC-000016,EVT-0016430,2026-06-25 10:52:29.447559,0.30232800292805107,lstm
USR-000090,EVT-0016431,2026-06-25 10:53:07.073711,0.28322579964799477,lstm
SVC-000042,EVT-0016432,2026-06-25 10:54:04.519169,0.9331883120526339,lstm
DEV-000011,EVT-0016433,2026-06-25 10:56:09.070876,0.28721478901790076,lstm
USR-000022,EVT-0016434,2026-06-25 10:56:11.769041,0.2629694470532632,lstm
SVC-000039,EVT-0016435,2026-06-25 10:56:36.249822,0.41611621713532065,lstm
USR-000114,EVT-0016436,2026-06-25 10:59:51.483113,0.3781615219456317,baseline_fallback
USR-000095,EVT-0016437,2026-06-25 10:59:54.532753,0.34402195853325207,lstm
SVC-000050,EVT-0016438,2026-06-25 11:00:06.858639,0.9992168718171358,lstm
DEV-000008,EVT-0016439,2026-06-25 11:00:09.143282,0.696234470341227,lstm
SVC-000008,EVT-0016440,2026-06-25 11:00:30.008897,0.36811739844535063,lstm
SVC-000013,EVT-0016441,2026-06-25 11:02:21.369423,0.37660394702514044,lstm
SVC-000039,EVT-0016442,2026-06-25 11:03:11.297171,0.3057983526482764,lstm
SVC-000013,EVT-0016443,2026-06-25 11:03:29.929443,0.5025095395345136,lstm
USR-000162,EVT-0016444,2026-06-25 11:03:51.672672,0.3011623156088353,lstm
SVC-000039,EVT-0016445,2026-06-25 11:04:32.573091,0.5558878841320853,lstm
SVC-000039,EVT-0016446,2026-06-25 11:04:35.755363,0.7005396311730915,lstm
USR-000038,EVT-0016447,2026-06-25 11:05:12.220798,0.40594938656768326,lstm
USR-000022,EVT-0016448,2026-06-25 11:06:14.943221,0.3471719867021747,lstm
USR-000048,EVT-0016449,2026-06-25 11:07:08.937896,0.30003579201169306,lstm
SVC-000039,EVT-0016450,2026-06-25 11:07:45.869531,0.5044629459047416,lstm
USR-000063,EVT-0016451,2026-06-25 11:08:07.643814,0.9997391809098386,lstm
USR-000051,EVT-0016452,2026-06-25 11:08:12.921973,0.4142096362044302,lstm
USR-000129,EVT-0016453,2026-06-25 11:08:35.077551,0.394080343464523,lstm
SVC-000013,EVT-0016454,2026-06-25 11:08:50.678338,0.601290321796149,lstm
USR-000132,EVT-0016455,2026-06-25 11:09:15.934621,0.7396207325374293,lstm
SVC-000021,EVT-0016456,2026-06-25 11:09:27.037462,0.28980510307722057,lstm
USR-000087,EVT-0016457,2026-06-25 11:09:37.477542,0.4144922243460633,lstm
USR-000046,EVT-0016458,2026-06-25 11:11:10.072501,0.6319269296033312,lstm
USR-000199,EVT-0016459,2026-06-25 11:11:13.563757,0.3540052024921438,lstm
USR-000143,EVT-0016460,2026-06-25 11:13:05.702714,0.9987671459474696,lstm
USR-000123,EVT-0016461,2026-06-25 11:14:22.562846,0.34271493778026346,baseline_fallback
USR-000028,EVT-0016462,2026-06-25 11:14:50.107764,0.73470733255997,lstm
SVC-000021,EVT-0016463,2026-06-25 11:15:32.908606,0.5160096104935088,lstm
USR-000194,EVT-0016464,2026-06-25 11:16:08.504442,0.4077773621709692,lstm
SVC-000021,EVT-0016465,2026-06-25 11:16:23.978769,0.544412716386461,lstm
USR-000061,EVT-0016466,2026-06-25 11:17:56.703094,0.48160225241617094,lstm
SVC-000021,EVT-0016467,2026-06-25 11:18:07.352380,0.6241597828954188,lstm
USR-000190,EVT-0016468,2026-06-25 11:19:48.051402,0.36945684152646935,lstm
SVC-000008,EVT-0016469,2026-06-25 11:20:50.388592,0.31759967998302324,lstm
USR-000095,EVT-0016470,2026-06-25 11:20:57.637311,0.26505181277785084,lstm
USR-000170,EVT-0016471,2026-06-25 11:21:08.629617,0.9630461961896625,lstm
USR-000180,EVT-0016472,2026-06-25 11:21:17.763255,0.3904923572400698,lstm
USR-000195,EVT-0016473,2026-06-25 11:21:18.846434,0.4739569391436563,lstm
DEV-000009,EVT-0016474,2026-06-25 11:21:35.343452,0.6973514291393167,lstm
SVC-000039,EVT-0016475,2026-06-25 11:22:00.046355,0.3681362448629028,lstm
USR-000157,EVT-0016476,2026-06-25 11:22:12.706422,0.29835765431374034,lstm
USR-000170,EVT-0016477,2026-06-25 11:23:17.670686,0.7318873145335321,lstm
USR-000160,EVT-0016478,2026-06-25 11:23:34.248412,0.8125554970971816,lstm
USR-000104,EVT-0016479,2026-06-25 11:24:17.059786,0.4553526196351835,lstm
USR-000172,EVT-0016480,2026-06-25 11:24:25.915208,0.26188955629656124,lstm
SVC-000016,EVT-0016481,2026-06-25 11:24:54.858707,0.4476248853602285,lstm
USR-000036,EVT-0016482,2026-06-25 11:25:28.119133,0.3360569674911994,lstm
USR-000135,EVT-0016483,2026-06-25 11:27:48.570231,0.2689062798924351,lstm
DEV-000009,EVT-0016484,2026-06-25 11:27:55.522715,0.7540918215016651,lstm
USR-000007,EVT-0016485,2026-06-25 11:31:58.954340,0.6399664580778083,lstm
USR-000104,EVT-0016486,2026-06-25 11:32:31.418931,0.5612196474033636,lstm
SVC-000008,EVT-0016487,2026-06-25 11:33:04.976620,0.659681242381817,lstm
USR-000036,EVT-0016488,2026-06-25 11:33:10.930604,0.5402156261210991,lstm
USR-000035,EVT-0016489,2026-06-25 11:33:47.287745,0.4983748689968311,lstm
USR-000049,EVT-0016490,2026-06-25 11:34:15.124068,0.6450852353825602,lstm
USR-000205,EVT-0016491,2026-06-25 11:35:00.234050,0.29942240050502233,baseline_fallback
SVC-000008,EVT-0016492,2026-06-25 11:35:25.487433,0.6295627606824643,lstm
USR-000132,EVT-0016493,2026-06-25 11:35:32.217623,0.7124136370968943,lstm
DEV-000007,EVT-0016494,2026-06-25 11:37:22.901317,0.2536689054424896,lstm
USR-000048,EVT-0016495,2026-06-25 11:40:29.136186,0.39668208985915665,lstm
SVC-000008,EVT-0016496,2026-06-25 11:41:03.640858,0.4105280444549703,lstm
DEV-000013,EVT-0016497,2026-06-25 11:42:59.933715,0.7928686463935914,lstm
USR-000029,EVT-0016498,2026-06-25 11:45:30.546194,0.22364730316380263,lstm
SVC-000016,EVT-0016499,2026-06-25 11:46:07.921836,0.5436141677032121,lstm
USR-000042,EVT-0016500,2026-06-25 11:46:54.124580,0.26274079803417905,lstm
SVC-000001,EVT-0016501,2026-06-25 11:47:51.089070,0.9207127293948664,lstm
USR-000205,EVT-0016502,2026-06-25 11:48:20.965677,0.893693049741643,lstm
USR-000156,EVT-0016503,2026-06-25 11:48:47.845821,0.8693681448880726,lstm
DEV-000023,EVT-0016504,2026-06-25 11:49:06.273242,0.22133156282778516,lstm
USR-000105,EVT-0016505,2026-06-25 11:50:15.550834,0.48689560909337976,lstm
USR-000092,EVT-0016506,2026-06-25 11:50:22.927559,0.49407974194618004,lstm
USR-000102,EVT-0016507,2026-06-25 11:50:37.549939,0.37869371438752825,lstm
USR-000069,EVT-0016508,2026-06-25 11:51:29.136142,0.5221976155247354,lstm
USR-000194,EVT-0016509,2026-06-25 11:54:32.763575,0.4061760958254098,lstm
USR-000207,EVT-0016510,2026-06-25 11:55:10.256977,0.3053428214264444,lstm
USR-000053,EVT-0016511,2026-06-25 11:56:24.269187,0.34237981039977256,lstm
USR-000212,EVT-0016512,2026-06-25 11:56:47.716541,0.32159230313893633,lstm
SVC-000001,EVT-0016513,2026-06-25 12:00:21.084670,0.4357859132994695,lstm
USR-000094,EVT-0016514,2026-06-25 12:01:34.558279,0.5975612505793866,lstm
USR-000212,EVT-0016515,2026-06-25 12:02:02.616346,0.43562963029839397,lstm
USR-000051,EVT-0016516,2026-06-25 12:03:04.899965,0.3605549342425189,lstm
USR-000121,EVT-0016517,2026-06-25 12:03:31.248690,0.3329042605315127,lstm
SVC-000021,EVT-0016518,2026-06-25 12:03:46.514832,0.5306260058026604,lstm
USR-000191,EVT-0016519,2026-06-25 12:06:57.982626,0.818244311858841,lstm
USR-000019,EVT-0016520,2026-06-25 12:07:21.666082,0.4678568905762414,lstm
USR-000001,EVT-0016521,2026-06-25 12:08:10.669338,0.4204467438125173,lstm
USR-000048,EVT-0016522,2026-06-25 12:08:30.156747,0.3096511198068125,lstm
USR-000048,EVT-0016523,2026-06-25 12:08:59.770887,0.5440356962092836,lstm
USR-000036,EVT-0016524,2026-06-25 12:09:30.150701,0.5697682027735258,lstm
USR-000196,EVT-0016525,2026-06-25 12:10:11.027277,0.6106261424997798,lstm
USR-000187,EVT-0016526,2026-06-25 12:10:40.213150,0.45122878518006254,lstm
SVC-000043,EVT-0016527,2026-06-25 12:13:17.871520,0.8869506187609612,lstm
USR-000189,EVT-0016528,2026-06-25 12:13:52.269574,0.34519650950003256,baseline_fallback
SVC-000034,EVT-0016529,2026-06-25 12:14:36.210111,0.9516660696730915,lstm
USR-000143,EVT-0016530,2026-06-25 12:14:43.560668,0.994564574124744,lstm
USR-000024,EVT-0016531,2026-06-25 12:15:51.773066,0.43743336803498767,lstm
SVC-000021,EVT-0016532,2026-06-25 12:16:09.696858,0.330548032344815,lstm
SVC-000008,EVT-0016533,2026-06-25 12:17:50.394812,0.6944718924679459,lstm
SVC-000008,EVT-0016534,2026-06-25 12:19:51.334634,0.6184106489582211,lstm
USR-000129,EVT-0016535,2026-06-25 12:19:53.598941,0.359616710361923,lstm
USR-000139,EVT-0016536,2026-06-25 12:20:23.811519,0.4333671325160935,lstm
USR-000142,EVT-0016537,2026-06-25 12:20:25.745347,0.32511419623620347,baseline_fallback
USR-000026,EVT-0016538,2026-06-25 12:20:47.049774,0.37591093302547574,lstm
USR-000087,EVT-0016539,2026-06-25 12:21:52.403934,0.34916746894697936,lstm
USR-000090,EVT-0016540,2026-06-25 12:22:11.140787,0.30339178156186447,lstm
SVC-000039,EVT-0016541,2026-06-25 12:22:23.240249,0.6241798385430786,lstm
USR-000019,EVT-0016542,2026-06-25 12:22:24.265605,0.4247106526380435,lstm
USR-000132,EVT-0016543,2026-06-25 12:22:29.154333,0.7630295838149749,lstm
SVC-000017,EVT-0016544,2026-06-25 12:22:51.310346,0.9830096547666078,lstm
USR-000212,EVT-0016545,2026-06-25 12:23:49.628197,0.36983807077596786,lstm
USR-000127,EVT-0016546,2026-06-25 12:23:52.300300,0.8674627132801045,lstm
SVC-000001,EVT-0016547,2026-06-25 12:24:18.577253,0.2563412660673636,lstm
USR-000170,EVT-0016548,2026-06-25 12:24:49.028543,0.44436227428268443,lstm
USR-000030,EVT-0016549,2026-06-25 12:26:35.663715,0.294387843637429,lstm
USR-000085,EVT-0016550,2026-06-25 12:26:48.523796,0.8741659115465708,baseline_fallback
USR-000029,EVT-0016551,2026-06-25 12:26:53.964599,0.23223508387714073,lstm
USR-000001,EVT-0016552,2026-06-25 12:27:29.998569,0.6629355770477802,lstm
USR-000182,EVT-0016553,2026-06-25 12:27:38.979269,0.5026440368594692,lstm
USR-000090,EVT-0016554,2026-06-25 12:27:39.513841,0.3946766967474898,lstm
DEV-000015,EVT-0016555,2026-06-25 12:28:06.306380,0.404228445225245,lstm
SVC-000001,EVT-0016556,2026-06-25 12:28:38.229658,0.2987337703844612,lstm
USR-000196,EVT-0016557,2026-06-25 12:28:41.085967,0.3630182974013892,lstm
USR-000159,EVT-0016558,2026-06-25 12:28:41.162371,0.35064638014520144,baseline_fallback
SVC-000021,EVT-0016559,2026-06-25 12:29:23.944312,0.30223991130573435,lstm
SVC-000021,EVT-0016560,2026-06-25 12:29:48.707278,0.7385867822560718,lstm
USR-000030,EVT-0016561,2026-06-25 12:30:36.791921,0.39057955641658915,lstm
USR-000203,EVT-0016562,2026-06-25 12:30:41.030430,0.2944237880201047,lstm
SVC-000039,EVT-0016563,2026-06-25 12:31:09.524325,0.4619076329325685,lstm
USR-000194,EVT-0016564,2026-06-25 12:32:35.856226,0.3069826774582329,lstm
USR-000162,EVT-0016565,2026-06-25 12:35:16.028719,0.34817799085297974,lstm
USR-000202,EVT-0016566,2026-06-25 12:35:20.102555,0.709406080746777,baseline_fallback
USR-000176,EVT-0016567,2026-06-25 12:37:22.760221,0.4001727300970453,lstm
USR-000042,EVT-0016568,2026-06-25 12:38:03.541142,0.30125554369049756,lstm
SVC-000021,EVT-0016569,2026-06-25 12:38:04.824286,0.6144067415265361,lstm
USR-000143,EVT-0016570,2026-06-25 12:38:45.767668,0.9356947619271597,lstm
USR-000196,EVT-0016571,2026-06-25 12:39:59.503015,0.28167343517106297,lstm
USR-000028,EVT-0016572,2026-06-25 12:40:11.057614,0.3415472814006,lstm
USR-000024,EVT-0016573,2026-06-25 12:40:23.523278,0.5786607013083902,lstm
USR-000135,EVT-0016574,2026-06-25 12:43:01.714793,0.2864892531591858,lstm
USR-000023,EVT-0016575,2026-06-25 12:43:25.033904,0.8222749924955599,lstm
SVC-000021,EVT-0016576,2026-06-25 12:43:31.276829,0.46472752172113513,lstm
DEV-000001,EVT-0016577,2026-06-25 12:43:36.145504,0.7930836377214546,lstm
SVC-000027,EVT-0016578,2026-06-25 12:43:46.962656,0.9998489091007062,lstm
USR-000029,EVT-0016579,2026-06-25 12:44:01.868046,0.2931242016780898,lstm
DEV-000020,EVT-0016580,2026-06-25 12:44:09.998054,0.2782851223906704,lstm
SVC-000034,EVT-0016581,2026-06-25 12:44:17.828897,0.4120987170788361,lstm
SVC-000008,EVT-0016582,2026-06-25 12:44:58.142824,0.36225329066103,lstm
USR-000135,EVT-0016583,2026-06-25 12:45:41.668542,0.4194378253175017,lstm
USR-000144,EVT-0016584,2026-06-25 12:45:56.124129,0.6654718157348053,lstm
USR-000046,EVT-0016585,2026-06-25 12:46:19.951992,0.5309692109805795,lstm
SVC-000001,EVT-0016586,2026-06-25 12:46:57.473520,0.24249536965815965,lstm
USR-000063,EVT-0016587,2026-06-25 12:48:48.509549,0.6708595683238749,lstm
USR-000064,EVT-0016588,2026-06-25 12:49:11.841965,0.47573394768294863,lstm
USR-000041,EVT-0016589,2026-06-25 12:49:51.641088,0.31815489646645617,lstm
SVC-000021,EVT-0016590,2026-06-25 12:50:15.037246,0.33692002163192214,lstm
SVC-000017,EVT-0016591,2026-06-25 12:51:34.760450,0.6096183849881293,lstm
SVC-000039,EVT-0016592,2026-06-25 12:52:36.104503,0.4638757259895933,lstm
SVC-000043,EVT-0016593,2026-06-25 12:52:45.176615,0.3226272743868909,lstm
USR-000022,EVT-0016594,2026-06-25 12:52:45.906064,0.29230053786096627,lstm
USR-000024,EVT-0016595,2026-06-25 12:52:54.334608,0.5566296752051362,lstm
USR-000021,EVT-0016596,2026-06-25 12:54:03.284189,0.5566766125366315,lstm
DEV-000002,EVT-0016597,2026-06-25 12:54:13.584344,0.48138004384507116,lstm
SVC-000034,EVT-0016598,2026-06-25 12:55:14.305081,0.30706614749643096,lstm
USR-000092,EVT-0016599,2026-06-25 12:55:20.641052,0.2748021185390433,lstm
USR-000121,EVT-0016600,2026-06-25 12:56:22.274784,0.3862538204905698,lstm
SVC-000008,EVT-0016601,2026-06-25 12:58:16.134571,0.34593028708886564,lstm
USR-000164,EVT-0016602,2026-06-25 12:58:52.035800,0.31698937388488874,lstm
USR-000093,EVT-0016603,2026-06-25 12:59:37.877722,0.38018161473054846,lstm
SVC-000050,EVT-0016604,2026-06-25 12:59:45.389648,0.9619818796462446,lstm
USR-000023,EVT-0016605,2026-06-25 12:59:47.964596,0.3724628270823225,lstm
USR-000048,EVT-0016606,2026-06-25 12:59:57.949580,0.3703145116978582,lstm
USR-000031,EVT-0016607,2026-06-25 13:00:33.601865,0.39792625397129794,lstm
SVC-000050,EVT-0016608,2026-06-25 13:01:13.530246,0.9946344752166252,lstm
USR-000154,EVT-0016609,2026-06-25 13:04:19.932852,0.5840868580336139,lstm
USR-000140,EVT-0016610,2026-06-25 13:06:04.850240,0.7758615179077146,lstm
DEV-000015,EVT-0016611,2026-06-25 13:07:38.331096,0.4622488314412769,lstm
SVC-000034,EVT-0016612,2026-06-25 13:08:19.331353,0.39514084854431397,lstm
USR-000038,EVT-0016613,2026-06-25 13:11:01.919349,0.33944897192614865,lstm
USR-000156,EVT-0016614,2026-06-25 13:11:22.403946,0.7496870077377201,lstm
SVC-000008,EVT-0016615,2026-06-25 13:12:44.586792,0.7354619487482027,lstm
USR-000071,EVT-0016616,2026-06-25 13:12:56.683809,0.9784419762871982,lstm
USR-000004,EVT-0016617,2026-06-25 13:14:49.252514,0.7139182105167223,lstm
SVC-000017,EVT-0016618,2026-06-25 13:14:51.290557,0.40532204436147523,lstm
USR-000176,EVT-0016619,2026-06-25 13:16:47.782406,0.33856035708346377,lstm
USR-000074,EVT-0016620,2026-06-25 13:17:59.980260,0.5896676585074273,lstm
USR-000042,EVT-0016621,2026-06-25 13:18:30.334305,0.3432852591730103,lstm
SVC-000001,EVT-0016622,2026-06-25 13:19:09.130325,0.22604557025460956,lstm
USR-000001,EVT-0016623,2026-06-25 13:20:20.678347,0.45311779323331086,lstm
USR-000064,EVT-0016624,2026-06-25 13:21:41.661517,0.5181538072159698,lstm
DEV-000008,EVT-0016625,2026-06-25 13:22:23.673137,0.3437338151392765,lstm
USR-000044,EVT-0016626,2026-06-25 13:24:18.769337,0.38431357172300823,lstm
USR-000003,EVT-0016627,2026-06-25 13:25:16.580370,0.4758146507338138,lstm
USR-000195,EVT-0016628,2026-06-25 13:25:31.626714,0.4727055006010706,lstm
SVC-000050,EVT-0016629,2026-06-25 13:25:44.301653,0.8093593765813492,lstm
SVC-000001,EVT-0016630,2026-06-25 13:26:17.074815,0.2562014179053109,lstm
SVC-000050,EVT-0016631,2026-06-25 13:28:52.668011,0.8199497518331116,lstm
USR-000029,EVT-0016632,2026-06-25 13:31:36.098603,0.3271838411964952,lstm
USR-000176,EVT-0016633,2026-06-25 13:32:02.830843,0.3800372579252352,lstm
USR-000160,EVT-0016634,2026-06-25 13:32:29.219029,0.36445762890397926,lstm
USR-000030,EVT-0016635,2026-06-25 13:32:31.006063,0.28350731453288,lstm
DEV-000017,EVT-0016636,2026-06-25 13:32:38.526617,0.9871635557457509,lstm
USR-000005,EVT-0016637,2026-06-25 13:33:09.339056,0.38727373232865525,lstm
USR-000087,EVT-0016638,2026-06-25 13:33:10.460496,0.386530360297395,lstm
USR-000189,EVT-0016639,2026-06-25 13:33:41.382761,0.40598674052701206,baseline_fallback
USR-000164,EVT-0016640,2026-06-25 13:34:25.098684,0.3636755454966551,lstm
USR-000147,EVT-0016641,2026-06-25 13:34:43.214100,0.48242828386837067,lstm
USR-000003,EVT-0016642,2026-06-25 13:35:49.548986,0.36166326121933146,lstm
SVC-000012,EVT-0016643,2026-06-25 13:36:56.217123,0.9831584342960893,lstm
USR-000024,EVT-0016644,2026-06-25 13:37:03.989748,0.48032409017104477,lstm
USR-000189,EVT-0016645,2026-06-25 13:38:10.643975,0.3160020941336988,baseline_fallback
USR-000039,EVT-0016646,2026-06-25 13:39:31.156945,0.8125512513126786,lstm
USR-000081,EVT-0016647,2026-06-25 13:39:37.845637,0.6452362525741691,lstm
SVC-000043,EVT-0016648,2026-06-25 13:40:09.092560,0.25242902416109103,lstm
USR-000081,EVT-0016649,2026-06-25 13:40:43.700921,0.7437950173159842,lstm
USR-000004,EVT-0016650,2026-06-25 13:41:04.992892,0.5807814169337622,lstm
SVC-000017,EVT-0016651,2026-06-25 13:42:10.505916,0.7642225469886481,lstm
USR-000143,EVT-0016652,2026-06-25 13:42:54.985697,1.0,lstm
USR-000026,EVT-0016653,2026-06-25 13:43:18.844038,0.2971153350972262,lstm
USR-000101,EVT-0016654,2026-06-25 13:43:59.358633,0.49575525102652923,lstm
SVC-000049,EVT-0016655,2026-06-25 13:44:37.920691,0.9351567210651422,lstm
DEV-000002,EVT-0016656,2026-06-25 13:45:04.680682,0.3913443346198149,lstm
SVC-000050,EVT-0016657,2026-06-25 13:47:12.783257,0.45650253151014125,lstm
SVC-000033,EVT-0016658,2026-06-25 13:47:33.519583,0.9933213879561513,lstm
USR-000154,EVT-0016659,2026-06-25 13:48:18.693438,0.6132542259265348,lstm
USR-000205,EVT-0016660,2026-06-25 13:49:50.544042,0.7488870604722173,lstm
USR-000087,EVT-0016661,2026-06-25 13:50:36.328222,0.3721035734764768,lstm
SVC-000043,EVT-0016662,2026-06-25 13:54:56.476869,0.26840064743467706,lstm
DEV-000007,EVT-0016663,2026-06-25 13:55:50.330112,0.1421620291924436,lstm
DEV-000013,EVT-0016664,2026-06-25 13:55:52.239207,0.6697922788931535,lstm
USR-000092,EVT-0016665,2026-06-25 13:56:49.957113,0.29962022499179947,lstm
SVC-000017,EVT-0016666,2026-06-25 13:59:36.192856,0.6573063077254804,lstm
USR-000094,EVT-0016667,2026-06-25 13:59:58.337416,0.4903685348885413,lstm
USR-000140,EVT-0016668,2026-06-25 14:03:02.719955,0.47280825156338757,lstm
SVC-000039,EVT-0016669,2026-06-25 14:03:16.385835,0.6879729251339803,lstm
USR-000035,EVT-0016670,2026-06-25 14:04:12.863192,0.2764215100583192,lstm
USR-000023,EVT-0016671,2026-06-25 14:04:49.498407,0.3345430702554588,lstm
DEV-000013,EVT-0016672,2026-06-25 14:05:36.009661,0.7873767288851977,lstm
SVC-000050,EVT-0016673,2026-06-25 14:06:50.743962,0.7022138216828039,lstm
SVC-000027,EVT-0016674,2026-06-25 14:07:36.123810,0.7031705591648357,lstm
SVC-000027,EVT-0016675,2026-06-25 14:07:41.162303,0.6555184153349815,lstm
SVC-000050,EVT-0016676,2026-06-25 14:08:03.515651,0.8436520900118728,lstm
USR-000203,EVT-0016677,2026-06-25 14:08:31.165957,0.4020548138206189,lstm
USR-000095,EVT-0016678,2026-06-25 14:08:33.143007,0.3091895948674411,lstm
SVC-000027,EVT-0016679,2026-06-25 14:09:08.602849,0.4987621490885603,lstm
SVC-000043,EVT-0016680,2026-06-25 14:11:30.272682,0.261625693000281,lstm
SVC-000049,EVT-0016681,2026-06-25 14:11:42.468923,0.4019940366309191,lstm
SVC-000027,EVT-0016682,2026-06-25 14:12:01.454814,0.5467570715418258,lstm
SVC-000022,EVT-0016683,2026-06-25 14:12:33.202106,0.9655645815793998,lstm
USR-000038,EVT-0016684,2026-06-25 14:12:34.663640,0.37950682264136804,lstm
SVC-000017,EVT-0016685,2026-06-25 14:12:37.622447,0.7526411009145879,lstm
SVC-000050,EVT-0016686,2026-06-25 14:15:49.908162,0.9272803932984206,lstm
SVC-000039,EVT-0016687,2026-06-25 14:16:38.870264,0.557728202304065,lstm
DEV-000023,EVT-0016688,2026-06-25 14:17:03.626969,0.3076810441870631,lstm
USR-000190,EVT-0016689,2026-06-25 14:17:23.620917,0.5078104302574636,lstm
DEV-000010,EVT-0016690,2026-06-25 14:17:49.459061,0.4281241596909047,lstm
USR-000090,EVT-0016691,2026-06-25 14:17:56.004357,0.3223298834559023,lstm
USR-000061,EVT-0016692,2026-06-25 14:19:57.476616,0.26216069177794343,lstm
SVC-000027,EVT-0016693,2026-06-25 14:20:14.921654,0.42586525573711487,lstm
USR-000202,EVT-0016694,2026-06-25 14:20:43.910901,0.34864285546537505,baseline_fallback
DEV-000016,EVT-0016695,2026-06-25 14:20:57.569861,0.5424507560405829,lstm
SVC-000027,EVT-0016696,2026-06-25 14:21:56.590799,0.6046007809895699,lstm
USR-000075,EVT-0016697,2026-06-25 14:22:48.474648,0.4798325671248302,lstm
DEV-000002,EVT-0016698,2026-06-25 14:24:01.465466,0.36599507687165084,lstm
SVC-000012,EVT-0016699,2026-06-25 14:24:22.421890,0.49933558328033867,lstm
USR-000185,EVT-0016700,2026-06-25 14:27:07.117338,0.6541074369473328,lstm
USR-000120,EVT-0016701,2026-06-25 14:27:24.258627,0.3874637768007701,lstm
USR-000181,EVT-0016702,2026-06-25 14:27:34.638731,0.5503091635037669,lstm
USR-000046,EVT-0016703,2026-06-25 14:28:37.220253,0.4058687204158666,lstm
USR-000127,EVT-0016704,2026-06-25 14:28:57.767096,0.9999999999997098,lstm
USR-000184,EVT-0016705,2026-06-25 14:30:03.143652,0.7566461305969278,lstm
USR-000101,EVT-0016706,2026-06-25 14:31:07.508587,0.28195934514943344,lstm
USR-000127,EVT-0016707,2026-06-25 14:32:35.975132,0.9742733344528582,lstm
DEV-000001,EVT-0016708,2026-06-25 14:33:15.334267,0.6244104164412567,lstm
USR-000194,EVT-0016709,2026-06-25 14:33:31.177949,0.3208962110719819,lstm
USR-000101,EVT-0016710,2026-06-25 14:38:10.511459,0.4212940683122079,lstm
USR-000120,EVT-0016711,2026-06-25 14:39:22.058504,0.5999210696818209,lstm
USR-000053,EVT-0016712,2026-06-25 14:40:01.156823,0.3082186205506509,lstm
USR-000139,EVT-0016713,2026-06-25 14:41:02.786059,0.26057319628130043,lstm
SVC-000017,EVT-0016714,2026-06-25 14:41:28.118717,0.4377808560463307,lstm
SVC-000008,EVT-0016715,2026-06-25 14:41:41.250368,0.7454505557217941,lstm
USR-000064,EVT-0016716,2026-06-25 14:42:05.912066,0.38655161309714725,lstm
USR-000064,EVT-0016717,2026-06-25 14:43:20.322703,0.6990047334242151,lstm
USR-000110,EVT-0016718,2026-06-25 14:43:20.608594,0.5366226018097171,lstm
DEV-000007,EVT-0016719,2026-06-25 14:45:29.117256,0.18548049243185386,lstm
USR-000092,EVT-0016720,2026-06-25 14:48:02.128287,0.3165062680538575,lstm
USR-000003,EVT-0016721,2026-06-25 14:52:51.708039,0.2713159140877064,lstm
SVC-000022,EVT-0016722,2026-06-25 14:53:51.946413,0.3684262430162475,lstm
USR-000157,EVT-0016723,2026-06-25 14:55:07.167495,0.582032076543854,lstm
USR-000144,EVT-0016724,2026-06-25 14:55:23.197807,0.31951441382596674,lstm
USR-000024,EVT-0016725,2026-06-25 14:56:05.467508,0.5636324828565131,lstm
SVC-000026,EVT-0016726,2026-06-25 14:57:02.444998,0.9945993242192366,lstm
USR-000074,EVT-0016727,2026-06-25 14:57:05.001564,0.2697577346212232,lstm
SVC-000008,EVT-0016728,2026-06-25 14:57:07.645724,0.536922610319277,lstm
USR-000160,EVT-0016729,2026-06-25 14:57:40.682097,0.3326699780869845,lstm
SVC-000012,EVT-0016730,2026-06-25 14:59:23.286899,0.7216796045734332,lstm
SVC-000049,EVT-0016731,2026-06-25 15:00:01.531855,0.4248157410118048,lstm
USR-000101,EVT-0016732,2026-06-25 15:01:13.117391,0.317476429951633,lstm
USR-000143,EVT-0016733,2026-06-25 15:01:44.505004,0.901400711030403,lstm
SVC-000036,EVT-0016734,2026-06-25 15:03:01.182567,0.9999786611320344,lstm
USR-000104,EVT-0016735,2026-06-25 15:03:42.826829,1.0,lstm
USR-000212,EVT-0016736,2026-06-25 15:03:45.123473,0.3217923967726992,lstm
USR-000035,EVT-0016737,2026-06-25 15:03:45.533838,0.27444370294545944,lstm
USR-000196,EVT-0016738,2026-06-25 15:03:53.539370,0.34872342375757837,lstm
SVC-000033,EVT-0016739,2026-06-25 15:04:13.595840,0.9073753829734585,lstm
SVC-000012,EVT-0016740,2026-06-25 15:05:48.855465,0.7420496540777357,lstm
USR-000101,EVT-0016741,2026-06-25 15:05:54.977863,0.40837352482077327,lstm
USR-000196,EVT-0016742,2026-06-25 15:06:09.458484,0.48640376568278315,lstm
SVC-000029,EVT-0016743,2026-06-25 15:06:18.147224,0.9995211120947214,lstm
USR-000048,EVT-0016744,2026-06-25 15:07:17.927476,0.32645035758005386,lstm
SVC-000012,EVT-0016745,2026-06-25 15:07:31.369394,0.4588525596041503,lstm
USR-000003,EVT-0016746,2026-06-25 15:08:10.684099,0.3015540730197414,lstm
USR-000127,EVT-0016747,2026-06-25 15:08:16.287184,0.7874009207382296,lstm
USR-000125,EVT-0016748,2026-06-25 15:09:17.707987,0.31388276861398096,lstm
SVC-000029,EVT-0016749,2026-06-25 15:10:11.537842,0.9062469418330232,lstm
USR-000095,EVT-0016750,2026-06-25 15:10:12.220849,0.36708736816918,lstm
SVC-000027,EVT-0016751,2026-06-25 15:10:35.929087,0.5473478458043274,lstm
SVC-000012,EVT-0016752,2026-06-25 15:10:40.097953,0.4266093187853181,lstm
USR-000061,EVT-0016753,2026-06-25 15:12:23.521605,0.23795868770408882,lstm
SVC-000017,EVT-0016754,2026-06-25 15:13:04.338177,0.6358489768662317,lstm
USR-000073,EVT-0016755,2026-06-25 15:14:02.582434,0.5803919269315304,lstm
SVC-000043,EVT-0016756,2026-06-25 15:14:08.071579,0.2703380680109335,lstm
USR-000094,EVT-0016757,2026-06-25 15:16:16.366643,0.5227257039210377,lstm
USR-000024,EVT-0016758,2026-06-25 15:16:19.946830,0.4413672550836539,lstm
SVC-000049,EVT-0016759,2026-06-25 15:17:34.369056,0.5973904082307463,lstm
USR-000052,EVT-0016760,2026-06-25 15:17:45.933649,0.5481731907531063,lstm
USR-000125,EVT-0016761,2026-06-25 15:18:50.744742,0.2982061092522045,lstm
SVC-000026,EVT-0016762,2026-06-25 15:20:42.137291,0.3755914672593968,lstm
USR-000028,EVT-0016763,2026-06-25 15:21:43.557637,0.3428431639446916,lstm
USR-000135,EVT-0016764,2026-06-25 15:23:11.192223,0.4132811610120509,lstm
SVC-000036,EVT-0016765,2026-06-25 15:24:36.866169,0.9072850116851325,lstm
SVC-000010,EVT-0016766,2026-06-25 15:25:45.657325,0.9989415206564742,lstm
USR-000157,EVT-0016767,2026-06-25 15:25:57.933968,0.5443162175666098,lstm
USR-000038,EVT-0016768,2026-06-25 15:26:04.430551,0.3444552953391539,lstm
SVC-000036,EVT-0016769,2026-06-25 15:27:02.553661,0.7373860197066961,lstm
SVC-000012,EVT-0016770,2026-06-25 15:28:29.232749,0.30635455955285973,lstm
SVC-000026,EVT-0016771,2026-06-25 15:30:12.804644,0.37613405446190185,lstm
SVC-000036,EVT-0016772,2026-06-25 15:30:18.048153,0.5273093330600817,lstm
SVC-000029,EVT-0016773,2026-06-25 15:30:20.517683,0.870761269459533,lstm
USR-000185,EVT-0016774,2026-06-25 15:30:34.912443,0.5228751371191801,lstm
SVC-000036,EVT-0016775,2026-06-25 15:31:47.525780,0.6669456852146312,lstm
USR-000046,EVT-0016776,2026-06-25 15:34:17.587874,0.3424921194006376,lstm
DEV-000019,EVT-0016777,2026-06-25 15:34:44.274555,0.4673200507378275,lstm
USR-000092,EVT-0016778,2026-06-25 15:34:49.826995,0.3068249055013021,lstm
USR-000185,EVT-0016779,2026-06-25 15:35:52.993392,0.6692599761086419,lstm
USR-000157,EVT-0016780,2026-06-25 15:36:58.313970,0.5199801465152529,lstm
SVC-000036,EVT-0016781,2026-06-25 15:38:04.975978,0.4215796947051323,lstm
USR-000212,EVT-0016782,2026-06-25 15:39:09.824862,0.2623860534462211,lstm
SVC-000049,EVT-0016783,2026-06-25 15:40:46.544726,0.9361320381089705,lstm
USR-000075,EVT-0016784,2026-06-25 15:42:26.516188,0.32196178156148425,lstm
SVC-000036,EVT-0016785,2026-06-25 15:42:31.255584,0.6671639827664838,lstm
SVC-000036,EVT-0016786,2026-06-25 15:42:55.097653,0.7083300105090249,lstm
SVC-000033,EVT-0016787,2026-06-25 15:44:15.282233,0.5583275404053607,lstm
SVC-000049,EVT-0016788,2026-06-25 15:44:32.342207,0.9219255573008819,lstm
USR-000210,EVT-0016789,2026-06-25 15:45:27.849025,0.4605421056555667,lstm
DEV-000004,EVT-0016790,2026-06-25 15:45:29.208609,0.7414627144659672,lstm
USR-000023,EVT-0016791,2026-06-25 15:47:12.434518,0.45247866837004,lstm
SVC-000036,EVT-0016792,2026-06-25 15:48:25.809527,0.6480579033920892,lstm
SVC-000036,EVT-0016793,2026-06-25 15:49:58.800550,0.4863225487315381,lstm
USR-000061,EVT-0016794,2026-06-25 15:50:55.126005,0.3062830124093487,lstm
SVC-000026,EVT-0016795,2026-06-25 15:51:19.569899,0.3126092236714916,lstm
SVC-000027,EVT-0016796,2026-06-25 15:51:42.452248,0.6804515234431492,lstm
DEV-000021,EVT-0016797,2026-06-25 15:53:33.048672,0.891246022162038,lstm
SVC-000036,EVT-0016798,2026-06-25 15:53:38.946460,0.42979586855468266,lstm
USR-000196,EVT-0016799,2026-06-25 15:54:41.080354,0.253362882464807,lstm
USR-000176,EVT-0016800,2026-06-25 15:55:03.173696,0.2747479931456879,lstm
DEV-000011,EVT-0016801,2026-06-25 15:55:05.953224,0.4369248707214229,lstm
USR-000140,EVT-0016802,2026-06-25 15:56:10.232723,0.788805512136894,lstm
SVC-000029,EVT-0016803,2026-06-25 15:56:15.568811,0.7977628169916822,lstm
DEV-000002,EVT-0016804,2026-06-25 15:56:44.502838,0.4672086427379875,lstm
USR-000109,EVT-0016805,2026-06-25 15:57:03.100807,0.58677259179142,lstm
USR-000090,EVT-0016806,2026-06-25 15:57:40.565262,0.45346973758022163,lstm
USR-000210,EVT-0016807,2026-06-25 15:57:59.957265,0.326545136998999,lstm
SVC-000017,EVT-0016808,2026-06-25 15:58:35.118015,0.49078244562541745,lstm
SVC-000029,EVT-0016809,2026-06-25 16:02:06.220220,0.47947695309533606,lstm
SVC-000012,EVT-0016810,2026-06-25 16:03:15.695370,0.4111620724234941,lstm
DEV-000018,EVT-0016811,2026-06-25 16:03:34.270254,0.5365471246869334,lstm
SVC-000033,EVT-0016812,2026-06-25 16:07:47.407948,0.40088853587290363,lstm
USR-000147,EVT-0016813,2026-06-25 16:08:52.927651,0.2920891227282727,lstm
DEV-000016,EVT-0016814,2026-06-25 16:08:55.946696,0.39313816219551484,lstm
USR-000018,EVT-0016815,2026-06-25 16:09:49.384986,0.5118475846889013,lstm
SVC-000036,EVT-0016816,2026-06-25 16:10:11.680875,0.49364842747384374,lstm
USR-000184,EVT-0016817,2026-06-25 16:10:28.461626,0.309279619362756,lstm
SVC-000038,EVT-0016818,2026-06-25 16:14:35.383588,0.9994879019144509,lstm
USR-000075,EVT-0016819,2026-06-25 16:14:36.520842,0.3626638471406394,lstm
USR-000097,EVT-0016820,2026-06-25 16:15:09.457582,0.43505467692235245,lstm
SVC-000026,EVT-0016821,2026-06-25 16:15:28.630558,0.7494402594934909,lstm
USR-000170,EVT-0016822,2026-06-25 16:16:25.042517,0.5435529241029292,lstm
SVC-000036,EVT-0016823,2026-06-25 16:16:46.002573,0.4197105811604411,lstm
SVC-000029,EVT-0016824,2026-06-25 16:17:31.659815,0.7433617105846166,lstm
SVC-000026,EVT-0016825,2026-06-25 16:17:59.965640,0.34018814311477913,lstm
DEV-000015,EVT-0016826,2026-06-25 16:18:22.497187,0.3455851899250185,lstm
USR-000144,EVT-0016827,2026-06-25 16:18:55.326055,0.266848769648064,lstm
USR-000185,EVT-0016828,2026-06-25 16:20:07.639458,0.42805481579410376,lstm
SVC-000036,EVT-0016829,2026-06-25 16:21:20.053551,0.40153950503747987,lstm
DEV-000002,EVT-0016830,2026-06-25 16:21:27.855424,0.5536937536448705,lstm
USR-000195,EVT-0016831,2026-06-25 16:21:28.878642,0.29777663237066954,lstm
SVC-000036,EVT-0016832,2026-06-25 16:21:43.496789,0.6776830757435751,lstm
USR-000017,EVT-0016833,2026-06-25 16:21:54.098812,0.32212980697789245,lstm
USR-000212,EVT-0016834,2026-06-25 16:22:09.932209,0.2651255136884858,lstm
SVC-000036,EVT-0016835,2026-06-25 16:22:10.754555,0.4439217072201984,lstm
SVC-000029,EVT-0016836,2026-06-25 16:22:39.032131,0.6900881085643608,lstm
SVC-000010,EVT-0016837,2026-06-25 16:22:42.778991,0.6121006329365158,lstm
USR-000210,EVT-0016838,2026-06-25 16:23:13.573334,0.23829352558499706,lstm
SVC-000029,EVT-0016839,2026-06-25 16:23:27.507388,0.847479218799631,lstm
SVC-000033,EVT-0016840,2026-06-25 16:23:37.824041,0.46141200750020983,lstm
USR-000110,EVT-0016841,2026-06-25 16:23:42.096294,0.6128369959882745,lstm
USR-000018,EVT-0016842,2026-06-25 16:26:19.355937,0.3566150769829275,lstm
SVC-000033,EVT-0016843,2026-06-25 16:27:05.250668,0.5448826780580395,lstm
SVC-000036,EVT-0016844,2026-06-25 16:29:16.439083,0.35272038648373827,lstm
USR-000109,EVT-0016845,2026-06-25 16:31:00.765796,0.6774411190977568,lstm
DEV-000003,EVT-0016846,2026-06-25 16:33:48.918480,0.8296029897067662,lstm
SVC-000012,EVT-0016847,2026-06-25 16:34:11.287745,0.35751479688741195,lstm
SVC-000049,EVT-0016848,2026-06-25 16:34:28.966973,0.9248842979213118,lstm
DEV-000014,EVT-0016849,2026-06-25 16:36:49.592065,0.3766318291421361,lstm
SVC-000005,EVT-0016850,2026-06-25 16:37:49.518184,0.9369209066820763,lstm
SVC-000033,EVT-0016851,2026-06-25 16:37:53.470185,0.32625012041135076,lstm
SVC-000036,EVT-0016852,2026-06-25 16:40:31.282483,0.5375736480735176,lstm
USR-000109,EVT-0016853,2026-06-25 16:41:32.966272,0.38089383511490166,lstm
DEV-000003,EVT-0016854,2026-06-25 16:42:07.483246,0.8795986119273436,lstm
USR-000147,EVT-0016855,2026-06-25 16:43:15.820569,0.2994646666128568,lstm
SVC-000038,EVT-0016856,2026-06-25 16:43:31.832575,0.6263893292716942,lstm
DEV-000004,EVT-0016857,2026-06-25 16:45:59.928212,0.424536224369328,lstm
DEV-000002,EVT-0016858,2026-06-25 16:48:34.883511,0.4576124704492167,lstm
USR-000061,EVT-0016859,2026-06-25 16:49:08.857149,0.2891453323352028,lstm
SVC-000026,EVT-0016860,2026-06-25 16:49:15.070926,0.2864916989242043,lstm
USR-000097,EVT-0016861,2026-06-25 16:49:21.461630,0.37455572165987105,lstm
SVC-000038,EVT-0016862,2026-06-25 16:51:34.759479,0.6233646440720786,lstm
SVC-000010,EVT-0016863,2026-06-25 16:51:44.756967,0.4441142545963974,lstm
SVC-000026,EVT-0016864,2026-06-25 16:53:58.880192,0.6752106062837354,lstm
SVC-000005,EVT-0016865,2026-06-25 16:54:23.975895,0.6574696640602671,lstm
DEV-000005,EVT-0016866,2026-06-25 16:54:55.408078,0.44078029706309974,lstm
SVC-000029,EVT-0016867,2026-06-25 16:55:05.667956,0.7039884813963212,lstm
SVC-000036,EVT-0016868,2026-06-25 16:56:50.182201,0.594340301261486,lstm
USR-000202,EVT-0016869,2026-06-25 16:58:15.938116,0.43608558708278866,baseline_fallback
USR-000202,EVT-0016870,2026-06-25 17:00:02.746773,0.7869450359724031,baseline_fallback
DEV-000020,EVT-0016871,2026-06-25 17:01:37.964960,0.19219785151226604,lstm
DEV-000002,EVT-0016872,2026-06-25 17:02:01.204703,0.5533057945318433,lstm
DEV-000006,EVT-0016873,2026-06-25 17:02:28.146795,0.6093730223503651,lstm
SVC-000038,EVT-0016874,2026-06-25 17:04:21.946709,0.8911246888278278,lstm
USR-000109,EVT-0016875,2026-06-25 17:05:15.623528,0.6156686025070545,lstm
SVC-000038,EVT-0016876,2026-06-25 17:06:13.902747,0.9305934099902576,lstm
DEV-000012,EVT-0016877,2026-06-25 17:06:32.495318,0.9992039728637956,lstm
SVC-000033,EVT-0016878,2026-06-25 17:07:08.754730,0.38732259196664803,lstm
DEV-000001,EVT-0016879,2026-06-25 17:10:05.957849,0.45062843797739616,lstm
SVC-000005,EVT-0016880,2026-06-25 17:10:52.430427,0.5993763646583072,lstm
SVC-000005,EVT-0016881,2026-06-25 17:12:23.447892,0.8561931874620042,lstm
USR-000044,EVT-0016882,2026-06-25 17:13:00.392661,0.3157352272745606,lstm
DEV-000023,EVT-0016883,2026-06-25 17:19:09.758032,0.2934498715310809,lstm
USR-000195,EVT-0016884,2026-06-25 17:24:27.520392,0.414510528906739,lstm
DEV-000002,EVT-0016885,2026-06-25 17:25:54.596973,0.42232732184355004,lstm
SVC-000010,EVT-0016886,2026-06-25 17:26:40.814212,0.4696002011408303,lstm
SVC-000026,EVT-0016887,2026-06-25 17:27:19.536794,0.34281624199108335,lstm
SVC-000033,EVT-0016888,2026-06-25 17:27:53.388912,0.7035128147999881,lstm
USR-000160,EVT-0016889,2026-06-25 17:28:17.283795,0.38676449961493464,lstm
USR-000184,EVT-0016890,2026-06-25 17:29:25.078963,0.265055507393256,lstm
DEV-000021,EVT-0016891,2026-06-25 17:29:49.053540,0.768433495589801,lstm
SVC-000005,EVT-0016892,2026-06-25 17:31:32.778967,0.5129783284683214,lstm
USR-000092,EVT-0016893,2026-06-25 17:32:13.683502,0.35628177235759306,lstm
DEV-000023,EVT-0016894,2026-06-25 17:32:23.402903,0.4360330166096883,lstm
SVC-000036,EVT-0016895,2026-06-25 17:33:52.756750,0.5187311938436484,lstm
USR-000184,EVT-0016896,2026-06-25 17:40:33.522657,0.34561524980719366,lstm
USR-000210,EVT-0016897,2026-06-25 17:41:33.568554,0.28425393524284676,lstm
SVC-000004,EVT-0016898,2026-06-25 17:41:55.355173,0.9816445895558602,lstm
DEV-000012,EVT-0016899,2026-06-25 17:42:59.636718,0.9459487195178254,lstm
SVC-000037,EVT-0016900,2026-06-25 17:46:09.986219,0.9761915284800725,lstm
USR-000108,EVT-0016901,2026-06-25 17:52:45.465869,0.496408926398799,lstm
SVC-000005,EVT-0016902,2026-06-25 17:55:45.243129,0.4402621616406452,lstm
SVC-000026,EVT-0016903,2026-06-25 17:57:32.997826,0.792741516865019,lstm
SVC-000052,EVT-0016904,2026-06-25 17:57:53.891104,0.9925530425592732,lstm
USR-000135,EVT-0016905,2026-06-25 17:58:48.069381,0.4457285104349602,lstm
USR-000092,EVT-0016906,2026-06-25 17:58:50.215684,0.3190204415599104,lstm
SVC-000026,EVT-0016907,2026-06-25 17:59:39.351632,0.5854419781978749,lstm
USR-000147,EVT-0016908,2026-06-25 18:00:24.261482,0.25750120899202195,lstm
SVC-000010,EVT-0016909,2026-06-25 18:00:28.060048,0.8289690091903266,lstm
SVC-000023,EVT-0016910,2026-06-25 18:01:12.855490,0.9713119159232307,lstm
SVC-000033,EVT-0016911,2026-06-25 18:05:26.539788,0.3802964910585308,lstm
SVC-000023,EVT-0016912,2026-06-25 18:07:51.295521,0.7516267402423813,lstm
USR-000017,EVT-0016913,2026-06-25 18:08:10.193920,0.2664656360918145,lstm
SVC-000037,EVT-0016914,2026-06-25 18:08:59.786630,0.5956536101999877,lstm
SVC-000006,EVT-0016915,2026-06-25 18:13:05.831505,0.9995318227989335,lstm
USR-000109,EVT-0016916,2026-06-25 18:14:07.914981,0.30460390724669634,lstm
SVC-000023,EVT-0016917,2026-06-25 18:14:49.652744,0.6172595709751557,lstm
DEV-000014,EVT-0016918,2026-06-25 18:15:13.914965,0.31640479142598155,lstm
SVC-000023,EVT-0016919,2026-06-25 18:22:02.948045,0.6187985919240778,lstm
SVC-000010,EVT-0016920,2026-06-25 18:25:31.062330,0.8062086831490028,lstm
USR-000046,EVT-0016921,2026-06-25 18:27:39.400875,0.4833707471976386,lstm
SVC-000005,EVT-0016922,2026-06-25 18:28:22.218809,0.4489527473993472,lstm
SVC-000023,EVT-0016923,2026-06-25 18:30:16.008019,0.7813143334649871,lstm
DEV-000024,EVT-0016924,2026-06-25 18:30:22.414662,0.41500523451310833,lstm
DEV-000002,EVT-0016925,2026-06-25 18:31:20.416097,0.5134210762500031,lstm
SVC-000044,EVT-0016926,2026-06-25 18:32:03.335443,0.9550255229283983,lstm
USR-000021,EVT-0016927,2026-06-25 18:34:11.327209,0.5675453915498108,lstm
SVC-000038,EVT-0016928,2026-06-25 18:35:38.046870,0.7188760031808651,lstm
DEV-000002,EVT-0016929,2026-06-25 18:36:30.441363,0.5671858190519073,lstm
USR-000185,EVT-0016930,2026-06-25 18:36:42.508006,0.38369443424633176,lstm
DEV-000021,EVT-0016931,2026-06-25 18:37:57.261562,0.7907559878483077,lstm
SVC-000004,EVT-0016932,2026-06-25 18:43:27.259566,0.44211563337844634,lstm
SVC-000033,EVT-0016933,2026-06-25 18:43:50.253338,0.38626528223172085,lstm
USR-000003,EVT-0016934,2026-06-25 18:44:26.615577,0.36574649116499625,lstm
SVC-000033,EVT-0016935,2026-06-25 18:48:47.833410,0.537698587260776,lstm
SVC-000033,EVT-0016936,2026-06-25 18:48:59.443786,0.8178658618219838,lstm
SVC-000037,EVT-0016937,2026-06-25 18:49:51.104603,0.414611051672759,lstm
SVC-000037,EVT-0016938,2026-06-25 18:54:04.212088,0.9355473904657556,lstm
SVC-000057,EVT-0016939,2026-06-25 18:54:11.566813,0.944078696538048,lstm
SVC-000005,EVT-0016940,2026-06-25 18:54:49.828157,0.408266901834404,lstm
USR-000113,EVT-0016941,2026-06-25 18:58:01.173216,0.5939831324675294,lstm
SVC-000037,EVT-0016942,2026-06-25 19:03:18.188761,0.9560397277413731,lstm
SVC-000023,EVT-0016943,2026-06-25 19:10:16.346447,0.5679863378942483,lstm
DEV-000026,EVT-0016944,2026-06-25 19:11:40.286530,0.8728597315887899,lstm
DEV-000026,EVT-0016945,2026-06-25 19:12:56.439638,0.9887421785405623,lstm
SVC-000052,EVT-0016946,2026-06-25 19:13:07.348490,0.3707394169797101,lstm
USR-000113,EVT-0016947,2026-06-25 19:13:24.658907,0.4726345239695642,lstm
DEV-000011,EVT-0016948,2026-06-25 19:14:37.114466,0.47365589218813053,lstm
DEV-000013,EVT-0016949,2026-06-25 19:15:04.140122,0.7624912659442469,lstm
SVC-000037,EVT-0016950,2026-06-25 19:15:41.785438,0.8531437174358535,lstm
USR-000147,EVT-0016951,2026-06-25 19:17:19.038538,0.3213373099607937,lstm
SVC-000006,EVT-0016952,2026-06-25 19:19:23.023742,0.6815112606755844,lstm
SVC-000006,EVT-0016953,2026-06-25 19:19:59.671151,0.7209488173684272,lstm
SVC-000023,EVT-0016954,2026-06-25 19:21:43.315480,0.3395009289162943,lstm
SVC-000057,EVT-0016955,2026-06-25 19:24:22.821518,0.4388104396461566,lstm
SVC-000004,EVT-0016956,2026-06-25 19:24:55.728857,0.2830948608003409,lstm
USR-000109,EVT-0016957,2026-06-25 19:25:00.653681,0.4099207985351688,lstm
SVC-000006,EVT-0016958,2026-06-25 19:25:52.329515,0.8082716612291421,lstm
SVC-000023,EVT-0016959,2026-06-25 19:26:13.723448,0.4055553886602389,lstm
SVC-000004,EVT-0016960,2026-06-25 19:26:30.236829,0.5938247377511267,lstm
SVC-000044,EVT-0016961,2026-06-25 19:26:44.326225,0.42479207448198897,lstm
USR-000003,EVT-0016962,2026-06-25 19:27:13.777015,0.4260208211122065,lstm
SVC-000006,EVT-0016963,2026-06-25 19:27:28.144902,0.5655414912959522,lstm
SVC-000033,EVT-0016964,2026-06-25 19:27:52.108314,0.4673222344720738,lstm
DEV-000009,EVT-0016965,2026-06-25 19:28:31.406665,0.5158119253686377,lstm
SVC-000006,EVT-0016966,2026-06-25 19:30:53.191533,0.444092096067307,lstm
SVC-000052,EVT-0016967,2026-06-25 19:31:27.098412,0.29660370427380295,lstm
SVC-000006,EVT-0016968,2026-06-25 19:34:42.279914,0.4914490841722103,lstm
SVC-000052,EVT-0016969,2026-06-25 19:35:00.234917,0.3963754829715864,lstm
SVC-000052,EVT-0016970,2026-06-25 19:35:42.907344,0.6339534685202637,lstm
SVC-000023,EVT-0016971,2026-06-25 19:37:13.934922,0.2795017861005235,lstm
USR-000036,EVT-0016972,2026-06-25 19:37:39.762131,0.7292338140198589,lstm
SVC-000044,EVT-0016973,2026-06-25 19:38:28.591417,0.5859038074325266,lstm
USR-000196,EVT-0016974,2026-06-25 19:39:41.846786,0.516949045296447,lstm
DEV-000008,EVT-0016975,2026-06-25 19:40:34.980735,0.5244379721210929,lstm
DEV-000026,EVT-0016976,2026-06-25 19:41:02.259221,0.6974739889978016,lstm
USR-000185,EVT-0016977,2026-06-25 19:41:47.941821,0.3721041917983267,lstm
USR-000075,EVT-0016978,2026-06-25 19:43:35.768138,0.40842092599577273,lstm
SVC-000006,EVT-0016979,2026-06-25 19:43:55.470302,0.4363450842210311,lstm
SVC-000006,EVT-0016980,2026-06-25 19:45:10.447580,0.5963202651201027,lstm
SVC-000044,EVT-0016981,2026-06-25 19:48:05.747913,0.5663069922328701,lstm
SVC-000058,EVT-0016982,2026-06-25 19:48:49.102779,0.9993811661169711,lstm
DEV-000024,EVT-0016983,2026-06-25 19:48:57.542877,0.3778239027428377,lstm
SVC-000006,EVT-0016984,2026-06-25 19:49:13.253885,0.4838559303640699,lstm
SVC-000006,EVT-0016985,2026-06-25 19:50:07.922287,0.4616927420141355,lstm
SVC-000048,EVT-0016986,2026-06-25 19:50:27.127172,0.9522395985209845,lstm
SVC-000006,EVT-0016987,2026-06-25 19:52:58.227327,0.318514140237719,lstm
SVC-000060,EVT-0016988,2026-06-25 19:53:02.807823,0.999838600478246,lstm
DEV-000014,EVT-0016989,2026-06-25 19:53:15.207996,0.5080990434863641,lstm
SVC-000004,EVT-0016990,2026-06-25 19:57:08.485673,0.3218991827520518,lstm
SVC-000048,EVT-0016991,2026-06-25 19:57:30.291438,0.6044170243784385,lstm
SVC-000061,EVT-0016992,2026-06-25 19:58:43.352864,0.9833665408755102,lstm
SVC-000048,EVT-0016993,2026-06-25 19:58:55.039971,0.8961133906682804,lstm
DEV-000004,EVT-0016994,2026-06-25 20:00:47.638543,0.3469552392987697,lstm
SVC-000057,EVT-0016995,2026-06-25 20:01:14.274966,0.3903240920503681,lstm
SVC-000035,EVT-0016996,2026-06-25 20:01:31.779664,0.9616253246497279,lstm
SVC-000006,EVT-0016997,2026-06-25 20:02:02.425024,0.2706862475793765,lstm
SVC-000052,EVT-0016998,2026-06-25 20:03:21.963873,0.35267622608330695,lstm
SVC-000044,EVT-0016999,2026-06-25 20:04:10.219239,0.46718513784513865,lstm
SVC-000057,EVT-0017000,2026-06-25 20:04:18.665519,0.7964599399554759,lstm
SVC-000061,EVT-0017001,2026-06-25 20:07:00.070095,0.2888915544715278,lstm
DEV-000013,EVT-0017002,2026-06-25 20:07:22.281249,0.5474282699451419,lstm
SVC-000057,EVT-0017003,2026-06-25 20:09:50.678750,0.6140159389091461,lstm
USR-000017,EVT-0017004,2026-06-25 20:10:12.786664,0.3366059230328631,lstm
SVC-000052,EVT-0017005,2026-06-25 20:16:22.075069,0.2612448499913812,lstm
SVC-000058,EVT-0017006,2026-06-25 20:16:38.070329,0.9657573055688831,lstm
SVC-000061,EVT-0017007,2026-06-25 20:17:48.319542,0.3200670385198987,lstm
SVC-000061,EVT-0017008,2026-06-25 20:19:56.985670,0.725933600002413,lstm
SVC-000052,EVT-0017009,2026-06-25 20:24:26.482253,0.36174229947881176,lstm
SVC-000006,EVT-0017010,2026-06-25 20:25:33.322712,0.9249603531084141,lstm
DEV-000001,EVT-0017011,2026-06-25 20:27:12.765492,0.3109968389648249,lstm
DEV-000018,EVT-0017012,2026-06-25 20:31:14.330829,0.46774479114930057,lstm
DEV-000009,EVT-0017013,2026-06-25 20:32:39.645165,0.30088014717563116,lstm
DEV-000009,EVT-0017014,2026-06-25 20:37:15.330385,0.5533268886283917,lstm
SVC-000061,EVT-0017015,2026-06-25 20:39:17.953170,0.2585533675309771,lstm
USR-000027,EVT-0017016,2026-06-25 20:41:00.835743,0.7601327604692474,lstm
SVC-000060,EVT-0017017,2026-06-25 20:44:14.014899,0.973779571842186,lstm
SVC-000061,EVT-0017018,2026-06-25 20:44:14.762516,0.22204783890513224,lstm
SVC-000048,EVT-0017019,2026-06-25 20:45:56.101932,0.34115549440833465,lstm
SVC-000004,EVT-0017020,2026-06-25 20:47:11.724690,0.3141558754717744,lstm
SVC-000048,EVT-0017021,2026-06-25 20:48:04.273371,0.5040368848691987,lstm
SVC-000061,EVT-0017022,2026-06-25 20:48:28.108835,0.2634987505289594,lstm
SVC-000004,EVT-0017023,2026-06-25 20:49:08.279503,0.5620501297552128,lstm
SVC-000048,EVT-0017024,2026-06-25 20:51:23.469804,0.5049919540212644,lstm
DEV-000022,EVT-0017025,2026-06-25 20:52:05.898459,0.5538413191557652,lstm
SVC-000052,EVT-0017026,2026-06-25 20:55:05.416060,0.45267604581243076,lstm
SVC-000058,EVT-0017027,2026-06-25 20:55:16.075513,0.9106873533065204,lstm
DEV-000018,EVT-0017028,2026-06-25 20:57:52.674941,0.40410832351220194,lstm
SVC-000058,EVT-0017029,2026-06-25 20:58:06.438105,0.8341286436711304,lstm
SVC-000058,EVT-0017030,2026-06-25 21:01:10.723964,0.9080578828148685,lstm
SVC-000035,EVT-0017031,2026-06-25 21:06:04.014362,0.3813650876137401,lstm
DEV-000018,EVT-0017032,2026-06-25 21:08:04.194635,0.5469691055693303,lstm
SVC-000044,EVT-0017033,2026-06-25 21:08:13.574099,0.7033616874538081,lstm
SVC-000061,EVT-0017034,2026-06-25 21:09:21.746507,0.24739308757547684,lstm
SVC-000035,EVT-0017035,2026-06-25 21:13:32.224855,0.45914727722744353,lstm
SVC-000035,EVT-0017036,2026-06-25 21:13:41.785104,0.5857236564664308,lstm
DEV-000018,EVT-0017037,2026-06-25 21:14:50.132768,0.5481189272942899,lstm
SVC-000054,EVT-0017038,2026-06-25 21:16:03.767458,0.9699040436868359,lstm
SVC-000058,EVT-0017039,2026-06-25 21:18:15.103482,0.5810025315585993,lstm
SVC-000060,EVT-0017040,2026-06-25 21:18:48.505959,0.8917987581775391,lstm
SVC-000045,EVT-0017041,2026-06-25 21:20:22.457071,0.9783249245456521,lstm
SVC-000052,EVT-0017042,2026-06-25 21:20:27.250192,0.6856798117584602,lstm
SVC-000044,EVT-0017043,2026-06-25 21:21:27.510603,0.6243190169988498,lstm
DEV-000020,EVT-0017044,2026-06-25 21:21:32.757735,0.2070557696023142,lstm
SVC-000054,EVT-0017045,2026-06-25 21:22:39.853105,0.4089601208012169,lstm
DEV-000008,EVT-0017046,2026-06-25 21:24:30.137037,0.6329570282836265,lstm
DEV-000001,EVT-0017047,2026-06-25 21:26:38.660000,0.18820720306344516,lstm
SVC-000058,EVT-0017048,2026-06-25 21:32:02.773889,0.7192529234482316,lstm
SVC-000054,EVT-0017049,2026-06-25 21:32:24.800604,0.35694122308853715,lstm
DEV-000013,EVT-0017050,2026-06-25 21:33:07.385917,0.43984498561528057,lstm
SVC-000045,EVT-0017051,2026-06-25 21:33:53.666914,0.5110349310658538,lstm
SVC-000003,EVT-0017052,2026-06-25 21:34:20.987317,0.9982777587643209,lstm
SVC-000054,EVT-0017053,2026-06-25 21:34:38.841727,0.5721151081657544,lstm
SVC-000054,EVT-0017054,2026-06-25 21:35:14.921410,0.5791634190203795,lstm
SVC-000048,EVT-0017055,2026-06-25 21:36:28.350920,0.2384431159007482,lstm
DEV-000009,EVT-0017056,2026-06-25 21:37:00.353300,0.28405974292111347,lstm
SVC-000058,EVT-0017057,2026-06-25 21:37:47.782905,0.7104831516855101,lstm
SVC-000054,EVT-0017058,2026-06-25 21:41:54.956304,0.2743316902804796,lstm
SVC-000060,EVT-0017059,2026-06-25 21:42:08.685967,0.8247528391876656,lstm
USR-000113,EVT-0017060,2026-06-25 21:44:00.728749,0.29860143784248977,lstm
SVC-000045,EVT-0017061,2026-06-25 21:46:02.887764,0.3705555210907187,lstm
SVC-000054,EVT-0017062,2026-06-25 21:47:24.776054,0.2724758554812767,lstm
SVC-000045,EVT-0017063,2026-06-25 21:53:59.432576,0.4093318549277316,lstm
SVC-000054,EVT-0017064,2026-06-25 21:55:36.246183,0.3255112806693885,lstm
DEV-000015,EVT-0017065,2026-06-25 21:57:56.975904,0.5120296938620453,lstm
SVC-000003,EVT-0017066,2026-06-25 22:01:11.539771,0.4300754425721823,lstm
DEV-000002,EVT-0017067,2026-06-25 22:01:47.106072,0.7107011075939972,lstm
DEV-000002,EVT-0017068,2026-06-25 22:03:13.831944,0.8509316816761863,lstm
SVC-000054,EVT-0017069,2026-06-25 22:03:21.675237,0.29835397882553355,lstm
SVC-000054,EVT-0017070,2026-06-25 22:04:14.131658,0.5173107952654381,lstm
SVC-000045,EVT-0017071,2026-06-25 22:04:28.656928,0.34462384433669424,lstm
SVC-000004,EVT-0017072,2026-06-25 22:06:40.983617,0.48816201821050925,lstm
SVC-000002,EVT-0017073,2026-06-25 22:13:52.231233,0.9942533130756197,lstm
SVC-000002,EVT-0017074,2026-06-25 22:14:08.192679,0.45259539928586207,lstm
SVC-000054,EVT-0017075,2026-06-25 22:14:14.679034,0.3213560115861844,lstm
SVC-000002,EVT-0017076,2026-06-25 22:16:49.716448,0.30272009856282966,lstm
USR-000113,EVT-0017077,2026-06-25 22:20:04.951982,0.3800990512661856,lstm
SVC-000032,EVT-0017078,2026-06-25 22:20:46.434083,0.9742973210662036,lstm
SVC-000045,EVT-0017079,2026-06-25 22:21:55.555520,0.31718420650324275,lstm
SVC-000058,EVT-0017080,2026-06-25 22:22:50.834803,0.6721495553187844,lstm
SVC-000003,EVT-0017081,2026-06-25 22:23:08.731669,0.40129048213235147,lstm
SVC-000054,EVT-0017082,2026-06-25 22:26:15.041309,0.3483179181365809,lstm
SVC-000045,EVT-0017083,2026-06-25 22:27:15.263876,0.4884362482249996,lstm
SVC-000045,EVT-0017084,2026-06-25 22:27:19.890929,0.6891072082761016,lstm
SVC-000002,EVT-0017085,2026-06-25 22:27:46.853274,0.3823567180579665,lstm
USR-000113,EVT-0017086,2026-06-25 22:33:08.280649,0.3863712918034979,lstm
DEV-000024,EVT-0017087,2026-06-25 22:33:54.853314,0.3965015454580812,lstm
SVC-000035,EVT-0017088,2026-06-25 22:35:29.339566,0.40855858296173736,lstm
SVC-000054,EVT-0017089,2026-06-25 22:35:33.355352,0.3605106689155497,lstm
SVC-000058,EVT-0017090,2026-06-25 22:36:07.853625,0.6690159329239797,lstm
SVC-000003,EVT-0017091,2026-06-25 22:37:24.071526,0.8218707408850662,lstm
SVC-000002,EVT-0017092,2026-06-25 22:38:19.659040,0.3406472979890103,lstm
SVC-000002,EVT-0017093,2026-06-25 22:38:19.828492,0.5604201838060665,lstm
SVC-000003,EVT-0017094,2026-06-25 22:40:12.549128,0.5120365882957435,lstm
DEV-000011,EVT-0017095,2026-06-25 22:42:08.705186,0.5663554297143951,lstm
DEV-000020,EVT-0017096,2026-06-25 22:43:22.871407,0.25463202379570954,lstm
SVC-000002,EVT-0017097,2026-06-25 22:44:12.353697,0.24065016027926828,lstm
SVC-000054,EVT-0017098,2026-06-25 22:48:03.160616,0.28738592134186364,lstm
SVC-000032,EVT-0017099,2026-06-25 22:50:34.835194,0.3174741580468639,lstm
SVC-000025,EVT-0017100,2026-06-25 22:51:35.913318,0.9999289621701645,lstm
SVC-000025,EVT-0017101,2026-06-25 22:53:22.527515,0.9747142782419186,lstm
SVC-000045,EVT-0017102,2026-06-25 22:56:56.265973,0.34932921966233493,lstm
SVC-000045,EVT-0017103,2026-06-25 22:57:16.124221,0.6215192796291765,lstm
SVC-000059,EVT-0017104,2026-06-25 22:58:00.357785,0.9951563929898116,lstm
SVC-000059,EVT-0017105,2026-06-25 23:00:37.985833,0.21899759160229149,lstm
SVC-000032,EVT-0017106,2026-06-25 23:01:26.115271,0.3139110076690317,lstm
SVC-000035,EVT-0017107,2026-06-25 23:01:35.654350,0.2517330242112462,lstm
SVC-000032,EVT-0017108,2026-06-25 23:04:24.181615,0.3881248261614503,lstm
SVC-000002,EVT-0017109,2026-06-25 23:04:45.878666,0.41970212412792257,lstm
SVC-000035,EVT-0017110,2026-06-25 23:05:25.149909,0.5786701155150475,lstm
SVC-000032,EVT-0017111,2026-06-25 23:06:37.416266,0.4963201645709324,lstm
SVC-000035,EVT-0017112,2026-06-25 23:10:17.046479,0.30649415608407965,lstm
SVC-000035,EVT-0017113,2026-06-25 23:14:27.898397,0.39213745520110516,lstm
SVC-000002,EVT-0017114,2026-06-25 23:19:02.425598,0.43240707210371,lstm
SVC-000032,EVT-0017115,2026-06-25 23:19:58.039036,0.24591547850724266,lstm
SVC-000032,EVT-0017116,2026-06-25 23:19:59.280588,0.7030312802729526,lstm
USR-000163,EVT-0017117,2026-06-25 23:20:38.406401,0.5075941789571232,lstm
SVC-000032,EVT-0017118,2026-06-25 23:21:34.450458,0.6579253098273686,lstm
SVC-000032,EVT-0017119,2026-06-25 23:23:03.146926,0.4387015018461071,lstm
SVC-000032,EVT-0017120,2026-06-25 23:23:09.751390,0.6159327275977942,lstm
SVC-000003,EVT-0017121,2026-06-25 23:23:22.918990,0.39859313893855136,lstm
SVC-000025,EVT-0017122,2026-06-25 23:23:31.413783,0.8605397105849351,lstm
DEV-000007,EVT-0017123,2026-06-25 23:23:47.340456,0.6573492095036633,lstm
SVC-000041,EVT-0017124,2026-06-25 23:23:47.959582,0.9970447031101012,lstm
SVC-000059,EVT-0017125,2026-06-25 23:24:20.937672,0.26802499416840275,lstm
SVC-000025,EVT-0017126,2026-06-25 23:24:55.149536,0.7843516540191909,lstm
SVC-000032,EVT-0017127,2026-06-25 23:25:55.196791,0.41062324661596683,lstm
SVC-000002,EVT-0017128,2026-06-25 23:26:28.498102,0.35354694414700727,lstm
DEV-000007,EVT-0017129,2026-06-25 23:26:50.882179,0.9159795736671864,lstm
SVC-000002,EVT-0017130,2026-06-25 23:26:51.640253,0.5740340063834278,lstm
SVC-000059,EVT-0017131,2026-06-25 23:30:10.491196,0.21058356670421302,lstm
SVC-000035,EVT-0017132,2026-06-25 23:30:25.050561,0.3335398978788541,lstm
DEV-000006,EVT-0017133,2026-06-25 23:31:39.562014,0.5275634459423919,lstm
USR-000150,EVT-0017134,2026-06-25 23:31:44.875675,0.5478338974862188,lstm
SVC-000032,EVT-0017135,2026-06-25 23:42:45.795772,0.3038040824265857,lstm
SVC-000045,EVT-0017136,2026-06-25 23:45:28.547414,0.7141119606408505,lstm
DEV-000012,EVT-0017137,2026-06-25 23:45:53.343328,0.7812387782673883,lstm
SVC-000025,EVT-0017138,2026-06-25 23:49:08.988921,0.6058490109601424,lstm
SVC-000059,EVT-0017139,2026-06-25 23:50:08.710034,0.2652253033920836,lstm
SVC-000002,EVT-0017140,2026-06-25 23:53:36.973205,0.32361011718362315,lstm
SVC-000032,EVT-0017141,2026-06-25 23:53:56.058821,0.21674686806428678,lstm
USR-000122,EVT-0017142,2026-06-25 23:54:22.821995,0.3616320007266601,lstm
SVC-000025,EVT-0017143,2026-06-25 23:55:28.861848,0.46164166868452317,lstm
SVC-000056,EVT-0017144,2026-06-25 23:58:00.844897,0.9998183247114314,lstm
SVC-000059,EVT-0017145,2026-06-25 23:59:28.698970,0.22081994809508795,lstm
DEV-000017,EVT-0017146,2026-06-26 00:00:33.594550,0.9532012478194679,lstm
SVC-000059,EVT-0017147,2026-06-26 00:00:35.332384,0.3579201546473792,lstm
SVC-000045,EVT-0017148,2026-06-26 00:01:06.269392,0.687782229931598,lstm
SVC-000059,EVT-0017149,2026-06-26 00:02:48.336399,0.2660488024955699,lstm
SVC-000032,EVT-0017150,2026-06-26 00:04:33.940337,0.48690472761372344,lstm
SVC-000059,EVT-0017151,2026-06-26 00:05:30.507931,0.23613620022671045,lstm
SVC-000002,EVT-0017152,2026-06-26 00:10:13.362987,0.5517796981663933,lstm
SVC-000059,EVT-0017153,2026-06-26 00:23:15.486735,0.23273129962685027,lstm
SVC-000059,EVT-0017154,2026-06-26 00:24:03.950333,0.7130090912753604,lstm
DEV-000003,EVT-0017155,2026-06-26 00:27:04.445282,0.9869644450244636,lstm
USR-000122,EVT-0017156,2026-06-26 00:31:49.038736,0.33108510789935636,lstm
USR-000163,EVT-0017157,2026-06-26 00:34:06.375366,0.37018324310286915,lstm
DEV-000013,EVT-0017158,2026-06-26 00:39:53.547619,0.4191376368695302,lstm
SVC-000056,EVT-0017159,2026-06-26 00:42:21.338196,0.9970807448891695,lstm
SVC-000041,EVT-0017160,2026-06-26 00:51:37.863060,0.7852718404500085,lstm
SVC-000041,EVT-0017161,2026-06-26 00:52:57.999091,0.8225727377173738,lstm
SVC-000041,EVT-0017162,2026-06-26 00:53:24.522202,0.9133161126754095,lstm
USR-000141,EVT-0017163,2026-06-26 00:58:13.786117,0.5473180989018792,lstm
USR-000165,EVT-0017164,2026-06-26 00:59:42.957098,0.6527194016619277,lstm
USR-000150,EVT-0017165,2026-06-26 01:02:15.769107,0.6340943479040769,lstm
SVC-000041,EVT-0017166,2026-06-26 01:04:07.298223,0.6235411806433895,lstm
SVC-000041,EVT-0017167,2026-06-26 01:10:19.255484,0.7744334834579326,lstm
DEV-000019,EVT-0017168,2026-06-26 01:11:25.820684,0.8150443431210983,lstm
SVC-000025,EVT-0017169,2026-06-26 01:12:05.172700,0.9163770186544464,lstm
DEV-000006,EVT-0017170,2026-06-26 01:13:04.069063,0.36830864394523816,lstm
DEV-000011,EVT-0017171,2026-06-26 01:19:07.294713,0.4017081323369703,lstm
DEV-000025,EVT-0017172,2026-06-26 01:21:27.695722,0.9079276218837193,lstm
USR-000122,EVT-0017173,2026-06-26 01:23:01.670008,0.2638707141322679,lstm
SVC-000056,EVT-0017174,2026-06-26 01:23:56.454063,0.9606842260943156,lstm
SVC-000018,EVT-0017175,2026-06-26 01:29:06.023214,0.9956549449505486,lstm
SVC-000056,EVT-0017176,2026-06-26 01:30:25.590146,0.7427526608494686,lstm
SVC-000041,EVT-0017177,2026-06-26 01:32:15.064364,0.4523882701684791,lstm
SVC-000056,EVT-0017178,2026-06-26 01:33:04.592412,0.942050913210185,lstm
USR-000113,EVT-0017179,2026-06-26 01:36:28.337315,0.4023269776694343,lstm
SVC-000025,EVT-0017180,2026-06-26 01:41:15.184066,0.7542320858021333,lstm
DEV-000009,EVT-0017181,2026-06-26 01:44:57.335850,0.4129848191226137,lstm
USR-000113,EVT-0017182,2026-06-26 01:47:19.403985,0.44536911442233296,lstm
DEV-000009,EVT-0017183,2026-06-26 01:48:29.313409,0.5615500677342135,lstm
SVC-000018,EVT-0017184,2026-06-26 01:51:35.399843,0.4104487946265825,lstm
USR-000106,EVT-0017185,2026-06-26 01:56:29.044984,0.40972921924307265,lstm
USR-000124,EVT-0017186,2026-06-26 01:57:27.806618,0.7739740721497879,lstm
SVC-000018,EVT-0017187,2026-06-26 02:00:38.732668,0.39557083631712125,lstm
SVC-000018,EVT-0017188,2026-06-26 02:03:16.074803,0.4138073201795046,lstm
DEV-000010,EVT-0017189,2026-06-26 02:04:57.204630,0.46691621232460623,lstm
DEV-000012,EVT-0017190,2026-06-26 02:09:23.776870,0.7022805395293191,lstm
SVC-000018,EVT-0017191,2026-06-26 02:10:08.656574,0.28950548466170944,lstm
SVC-000018,EVT-0017192,2026-06-26 02:14:55.785720,0.49779508396881406,lstm
USR-000163,EVT-0017193,2026-06-26 02:17:51.835987,0.3825378425171697,lstm
SVC-000018,EVT-0017194,2026-06-26 02:19:41.948589,0.4850884570205566,lstm
DEV-000012,EVT-0017195,2026-06-26 02:19:45.940958,0.6754391638962738,lstm
DEV-000025,EVT-0017196,2026-06-26 02:22:45.814066,0.7280459693198019,lstm
DEV-000024,EVT-0017197,2026-06-26 02:30:36.783682,0.27442029812656615,lstm
SVC-000018,EVT-0017198,2026-06-26 02:31:08.572052,0.5027715213664875,lstm
SVC-000018,EVT-0017199,2026-06-26 02:32:03.664484,0.6613698257532854,lstm
USR-000124,EVT-0017200,2026-06-26 02:34:17.811637,0.6024832837549428,lstm
SVC-000018,EVT-0017201,2026-06-26 02:35:30.054780,0.4503306233615043,lstm
DEV-000024,EVT-0017202,2026-06-26 02:36:07.025812,0.6108536965129822,lstm
USR-000163,EVT-0017203,2026-06-26 02:37:37.399535,0.3743507628481512,lstm
SVC-000018,EVT-0017204,2026-06-26 02:40:58.449537,0.7082594113216875,lstm
USR-000106,EVT-0017205,2026-06-26 02:43:37.353037,0.3429375165010754,lstm
SVC-000056,EVT-0017206,2026-06-26 02:45:06.426365,0.8082112187622117,lstm
SVC-000018,EVT-0017207,2026-06-26 02:51:55.436031,0.4187028502346467,lstm
SVC-000014,EVT-0017208,2026-06-26 03:13:12.054802,0.9504858597410915,lstm
SVC-000014,EVT-0017209,2026-06-26 03:14:39.495782,0.5733902990773374,lstm
DEV-000010,EVT-0017210,2026-06-26 03:16:51.125589,0.2236412971466915,lstm
USR-000207,EVT-0017211,2026-06-26 03:17:09.974573,0.5538087806729445,lstm
USR-000113,EVT-0017212,2026-06-26 03:18:24.592517,0.39537401255605975,lstm
DEV-000021,EVT-0017213,2026-06-26 03:21:40.085060,0.8845880981312214,lstm
SVC-000014,EVT-0017214,2026-06-26 03:22:39.115507,0.2538925444728752,lstm
SVC-000018,EVT-0017215,2026-06-26 03:26:24.271910,0.5168556244981379,lstm
SVC-000018,EVT-0017216,2026-06-26 03:31:37.197836,0.4432862664755814,lstm
SVC-000018,EVT-0017217,2026-06-26 03:32:02.887197,0.4958820988048718,lstm
USR-000122,EVT-0017218,2026-06-26 03:39:43.445082,0.5076079372819625,lstm
SVC-000014,EVT-0017219,2026-06-26 03:40:19.407662,0.21472048756426582,lstm
SVC-000019,EVT-0017220,2026-06-26 03:40:41.048802,0.994363441349418,lstm
DEV-000023,EVT-0017221,2026-06-26 03:43:17.089374,0.8995056121450703,lstm
SVC-000014,EVT-0017222,2026-06-26 03:48:26.181017,0.33213765442085574,lstm
USR-000163,EVT-0017223,2026-06-26 03:53:58.263950,0.2568934422641605,lstm
SVC-000014,EVT-0017224,2026-06-26 03:57:31.178985,0.24939167785840624,lstm
SVC-000020,EVT-0017225,2026-06-26 04:01:28.261244,0.9757735753029317,lstm
SVC-000018,EVT-0017226,2026-06-26 04:02:02.930393,0.5299943991686237,lstm
SVC-000014,EVT-0017227,2026-06-26 04:10:51.679612,0.2112718965846144,lstm
SVC-000014,EVT-0017228,2026-06-26 04:14:14.801031,0.3174710807306022,lstm
SVC-000015,EVT-0017229,2026-06-26 04:15:46.697257,0.9691582381387437,lstm
SVC-000014,EVT-0017230,2026-06-26 04:16:34.235225,0.31544426168317197,lstm
SVC-000020,EVT-0017231,2026-06-26 04:16:38.654253,0.4804064586362023,lstm
SVC-000014,EVT-0017232,2026-06-26 04:17:05.632424,0.8589945567612995,lstm
SVC-000014,EVT-0017233,2026-06-26 04:19:53.175854,0.381467218804525,lstm
DEV-000019,EVT-0017234,2026-06-26 04:22:26.312716,0.7058300025653101,lstm
DEV-000018,EVT-0017235,2026-06-26 04:23:44.302521,0.7010286601578337,lstm
SVC-000014,EVT-0017236,2026-06-26 04:26:33.876328,0.3164348121056702,lstm
SVC-000020,EVT-0017237,2026-06-26 04:26:47.862756,0.40276431858878126,lstm
SVC-000019,EVT-0017238,2026-06-26 04:26:48.987620,0.40710557285044635,lstm
SVC-000007,EVT-0017239,2026-06-26 04:36:13.387361,0.9929539272847651,lstm
SVC-000007,EVT-0017240,2026-06-26 04:37:32.303749,0.5485486878501338,lstm
SVC-000007,EVT-0017241,2026-06-26 04:37:51.406147,0.6359468990352588,lstm
SVC-000019,EVT-0017242,2026-06-26 04:38:18.129610,0.2689773808264132,lstm
SVC-000015,EVT-0017243,2026-06-26 04:39:36.509690,0.4222167986435684,lstm
SVC-000014,EVT-0017244,2026-06-26 04:42:28.673725,0.31724632594106633,lstm
SVC-000009,EVT-0017245,2026-06-26 04:48:22.090656,0.9968164171493712,lstm
SVC-000007,EVT-0017246,2026-06-26 04:50:03.506131,0.265784701442202,lstm
SVC-000015,EVT-0017247,2026-06-26 04:51:36.351757,0.3317764777234629,lstm
SVC-000007,EVT-0017248,2026-06-26 04:53:20.936794,0.23345992871092242,lstm
SVC-000007,EVT-0017249,2026-06-26 04:54:12.508544,0.31898253940039245,lstm
DEV-000024,EVT-0017250,2026-06-26 04:54:30.257637,0.2076722082468451,lstm
SVC-000014,EVT-0017251,2026-06-26 04:55:29.010097,0.22960805572043752,lstm
SVC-000007,EVT-0017252,2026-06-26 04:56:21.025857,0.32458771631898103,lstm
SVC-000014,EVT-0017253,2026-06-26 04:56:21.049637,0.4123446656634894,lstm
SVC-000007,EVT-0017254,2026-06-26 04:56:23.740894,0.45409824973348006,lstm
SVC-000007,EVT-0017255,2026-06-26 04:59:45.408771,0.2986336057669508,lstm
SVC-000019,EVT-0017256,2026-06-26 05:00:15.432448,0.27133629094162437,lstm
SVC-000020,EVT-0017257,2026-06-26 05:00:35.970723,0.35021876742976293,lstm
SVC-000007,EVT-0017258,2026-06-26 05:00:51.674459,0.3057754703710008,lstm
USR-000009,EVT-0017259,2026-06-26 05:02:25.143119,0.4660258745272638,lstm
USR-000036,EVT-0017260,2026-06-26 05:04:00.147560,0.880706942755939,lstm
SVC-000007,EVT-0017261,2026-06-26 05:10:03.620208,0.4701092565164025,lstm
USR-000009,EVT-0017262,2026-06-26 05:12:54.018299,0.502155426504884,lstm
SVC-000014,EVT-0017263,2026-06-26 05:13:50.015040,0.7063884416430866,lstm
DEV-000018,EVT-0017264,2026-06-26 05:17:14.414475,0.4703453383521271,lstm
SVC-000007,EVT-0017265,2026-06-26 05:17:37.734208,0.3086496416282134,lstm
SVC-000014,EVT-0017266,2026-06-26 05:21:17.597264,0.2964059071309734,lstm
DEV-000020,EVT-0017267,2026-06-26 05:23:51.047167,0.4919648199014447,lstm
SVC-000019,EVT-0017268,2026-06-26 05:24:33.846525,0.5703282755295904,lstm
SVC-000014,EVT-0017269,2026-06-26 05:24:54.806129,0.31802483867687337,lstm
USR-000162,EVT-0017270,2026-06-26 05:25:09.875403,0.6790039316643339,lstm
SVC-000020,EVT-0017271,2026-06-26 05:26:46.706022,0.4901407544392904,lstm
DEV-000011,EVT-0017272,2026-06-26 05:28:05.815403,0.32301867420119673,lstm
DEV-000005,EVT-0017273,2026-06-26 05:28:34.490935,0.6014050758952555,lstm
SVC-000015,EVT-0017274,2026-06-26 05:33:01.478812,0.33742493160536474,lstm
SVC-000015,EVT-0017275,2026-06-26 05:36:06.796319,0.6519553067196351,lstm
SVC-000007,EVT-0017276,2026-06-26 05:37:44.602904,0.3399111339848304,lstm
DEV-000012,EVT-0017277,2026-06-26 05:37:48.728692,0.5771514119257918,lstm
DEV-000003,EVT-0017278,2026-06-26 05:46:28.363664,0.9367746382724782,lstm
SVC-000007,EVT-0017279,2026-06-26 05:50:25.316340,0.4503028164432054,lstm
SVC-000015,EVT-0017280,2026-06-26 05:53:58.003590,0.27676175302092293,lstm
DEV-000024,EVT-0017281,2026-06-26 06:04:23.343079,0.2653194075196542,lstm
SVC-000009,EVT-0017282,2026-06-26 06:15:17.641731,0.7308251440096969,lstm
USR-000082,EVT-0017283,2026-06-26 06:15:42.864010,0.6023514003961149,lstm
DEV-000006,EVT-0017284,2026-06-26 06:18:02.748557,0.2344296356563758,lstm
SVC-000009,EVT-0017285,2026-06-26 06:19:36.778147,0.484694111749335,lstm
SVC-000009,EVT-0017286,2026-06-26 06:19:53.860986,0.6147697835412339,lstm
SVC-000009,EVT-0017287,2026-06-26 06:25:31.740520,0.7624947164327988,lstm
USR-000025,EVT-0017288,2026-06-26 06:27:59.618842,0.9977509684002517,lstm
SVC-000031,EVT-0017289,2026-06-26 06:29:03.374161,0.9975901266295195,lstm
DEV-000021,EVT-0017290,2026-06-26 06:33:22.438294,0.7943160094656807,lstm
SVC-000030,EVT-0017291,2026-06-26 06:37:37.771989,0.998222772270289,lstm
DEV-000008,EVT-0017292,2026-06-26 06:38:28.374819,0.8386709598101015,lstm
USR-000174,EVT-0017293,2026-06-26 06:41:10.117136,0.8748348433601618,lstm
SVC-000009,EVT-0017294,2026-06-26 06:42:05.740631,0.5119714747326888,lstm
SVC-000009,EVT-0017295,2026-06-26 06:42:31.967422,0.7556063585037432,lstm
USR-000103,EVT-0017296,2026-06-26 06:44:12.466753,0.6256243196732237,lstm
DEV-000009,EVT-0017297,2026-06-26 06:44:50.251523,0.5126079706153248,lstm
DEV-000013,EVT-0017298,2026-06-26 06:47:11.345465,0.5680965960119689,lstm
SVC-000031,EVT-0017299,2026-06-26 06:47:22.270201,0.31342518905912115,lstm
DEV-000002,EVT-0017300,2026-06-26 06:48:13.190702,0.9414616125751644,lstm
USR-000030,EVT-0017301,2026-06-26 06:49:31.283385,0.6606303010688384,lstm
SVC-000040,EVT-0017302,2026-06-26 06:55:56.204458,0.9459757526184265,lstm
DEV-000012,EVT-0017303,2026-06-26 06:56:14.025014,0.4302581910229886,lstm
SVC-000031,EVT-0017304,2026-06-26 06:57:42.552783,0.5083393327215434,lstm
DEV-000022,EVT-0017305,2026-06-26 06:58:21.507281,0.6256459396191432,lstm
DEV-000006,EVT-0017306,2026-06-26 06:59:04.923495,0.31699895917538323,lstm
SVC-000040,EVT-0017307,2026-06-26 06:59:34.438772,0.6068408149307742,lstm
DEV-000002,EVT-0017308,2026-06-26 07:00:43.053106,0.8539292973274164,lstm
USR-000026,EVT-0017309,2026-06-26 07:01:46.160877,0.6855795674468531,lstm
SVC-000011,EVT-0017310,2026-06-26 07:04:21.656935,0.9945273319980628,lstm
SVC-000055,EVT-0017311,2026-06-26 07:12:00.369226,0.9890875506942804,lstm
DEV-000018,EVT-0017312,2026-06-26 07:12:05.614645,0.5195505177647477,lstm
SVC-000011,EVT-0017313,2026-06-26 07:14:37.228884,0.41397179223353014,lstm
SVC-000055,EVT-0017314,2026-06-26 07:19:35.195597,0.42866730902703404,lstm
USR-000162,EVT-0017315,2026-06-26 07:26:06.551089,0.386204154832714,lstm
SVC-000055,EVT-0017316,2026-06-26 07:26:15.780345,0.4042986743413854,lstm
DEV-000010,EVT-0017317,2026-06-26 07:26:31.807484,0.1640464360997264,lstm
USR-000162,EVT-0017318,2026-06-26 07:26:51.200909,0.48718572888888534,lstm
SVC-000031,EVT-0017319,2026-06-26 07:38:17.223889,0.5493187227584623,lstm
USR-000118,EVT-0017320,2026-06-26 07:43:55.704950,0.6043901355397374,lstm
SVC-000030,EVT-0017321,2026-06-26 07:44:42.246002,0.5801423557883124,lstm
SVC-000055,EVT-0017322,2026-06-26 07:45:10.679874,0.38454409274909224,lstm
SVC-000031,EVT-0017323,2026-06-26 07:46:57.880113,0.26009356790131505,lstm
SVC-000055,EVT-0017324,2026-06-26 07:48:11.926868,0.4600230282687733,lstm
SVC-000031,EVT-0017325,2026-06-26 07:50:34.940958,0.3899349628376499,lstm
USR-000103,EVT-0017326,2026-06-26 07:52:01.996979,0.42239679076408637,lstm
SVC-000042,EVT-0017327,2026-06-26 07:52:36.927256,0.9978886781143831,lstm
SVC-000030,EVT-0017328,2026-06-26 07:52:38.645602,0.6492591082585276,lstm
USR-000025,EVT-0017329,2026-06-26 07:53:09.712929,0.9923903392139366,lstm
USR-000099,EVT-0017330,2026-06-26 07:54:08.277196,0.8627790883467048,lstm
SVC-000011,EVT-0017331,2026-06-26 07:57:18.638705,0.43025253151782383,lstm
SVC-000040,EVT-0017332,2026-06-26 07:57:20.089953,0.4179495866991949,lstm
SVC-000011,EVT-0017333,2026-06-26 07:57:20.999244,0.5954718644483069,lstm
SVC-000011,EVT-0017334,2026-06-26 08:00:55.482194,0.27044798087956284,lstm
SVC-000031,EVT-0017335,2026-06-26 08:03:11.309579,0.36815109433969856,lstm
USR-000137,EVT-0017336,2026-06-26 08:03:49.812761,0.7815322409987197,lstm
DEV-000013,EVT-0017337,2026-06-26 08:05:44.869043,0.450147291750078,lstm
SVC-000011,EVT-0017338,2026-06-26 08:10:12.322793,0.2351266279917323,lstm
SVC-000030,EVT-0017339,2026-06-26 08:10:51.825399,0.5003336198174864,lstm
SVC-000040,EVT-0017340,2026-06-26 08:12:09.552655,0.3047992859582951,lstm
SVC-000055,EVT-0017341,2026-06-26 08:12:10.588382,0.47503047146045735,lstm
SVC-000031,EVT-0017342,2026-06-26 08:12:31.126371,0.3621543415147957,lstm
SVC-000055,EVT-0017343,2026-06-26 08:13:55.989680,0.3089135517600475,lstm
SVC-000013,EVT-0017344,2026-06-26 08:15:01.078365,0.9994216171175465,lstm
USR-000031,EVT-0017345,2026-06-26 08:15:14.085725,0.412669810374987,lstm
SVC-000040,EVT-0017346,2026-06-26 08:17:06.618785,0.39739460823508005,lstm
DEV-000016,EVT-0017347,2026-06-26 08:19:55.613214,0.42292295079527303,lstm
SVC-000030,EVT-0017348,2026-06-26 08:20:20.850045,0.8091306311039499,lstm
USR-000060,EVT-0017349,2026-06-26 08:21:22.288511,0.551455864419534,lstm
SVC-000046,EVT-0017350,2026-06-26 08:21:22.302483,0.9785538522517017,lstm
SVC-000046,EVT-0017351,2026-06-26 08:22:07.986133,0.6911964196456204,lstm
USR-000172,EVT-0017352,2026-06-26 08:23:32.960036,0.5185500186692549,lstm
SVC-000011,EVT-0017353,2026-06-26 08:23:40.990906,0.296159841220063,lstm
DEV-000001,EVT-0017354,2026-06-26 08:24:59.093032,0.7979112659841622,lstm
SVC-000046,EVT-0017355,2026-06-26 08:26:12.071485,0.3653001447401166,lstm
SVC-000011,EVT-0017356,2026-06-26 08:26:23.825784,0.3130689884991754,lstm
DEV-000017,EVT-0017357,2026-06-26 08:27:30.845971,0.9255087227211868,lstm
USR-000019,EVT-0017358,2026-06-26 08:28:26.016591,0.4519763261469288,lstm
USR-000095,EVT-0017359,2026-06-26 08:29:14.318042,0.33362933299829695,lstm
USR-000025,EVT-0017360,2026-06-26 08:29:54.340187,0.985175440185768,lstm
SVC-000046,EVT-0017361,2026-06-26 08:32:11.228974,0.3462738105029139,lstm
SVC-000053,EVT-0017362,2026-06-26 08:35:49.884126,0.9999999946054405,lstm
USR-000133,EVT-0017363,2026-06-26 08:35:51.428978,0.6898081850528817,lstm
SVC-000040,EVT-0017364,2026-06-26 08:36:13.511459,0.24664398273738658,lstm
SVC-000039,EVT-0017365,2026-06-26 08:36:20.170473,0.9969003240142429,lstm
USR-000181,EVT-0017366,2026-06-26 08:39:04.573840,0.6011465240269777,lstm
DEV-000007,EVT-0017367,2026-06-26 08:39:20.652463,0.6125776408671182,lstm
SVC-000008,EVT-0017368,2026-06-26 08:40:58.334855,0.993848138410563,lstm
USR-000102,EVT-0017369,2026-06-26 08:41:09.572439,0.5326471609528677,lstm
SVC-000046,EVT-0017370,2026-06-26 08:42:20.018330,0.6112298952291788,lstm
SVC-000011,EVT-0017371,2026-06-26 08:42:51.540082,0.2926217209465401,lstm
USR-000118,EVT-0017372,2026-06-26 08:42:59.250551,0.3901358436266755,lstm
USR-000039,EVT-0017373,2026-06-26 08:43:00.509321,0.5936083486258079,lstm
SVC-000031,EVT-0017374,2026-06-26 08:43:18.137912,0.4022000069654731,lstm
USR-000051,EVT-0017375,2026-06-26 08:43:31.105995,0.6275725128874726,lstm
USR-000094,EVT-0017376,2026-06-26 08:43:32.965120,0.38537096237160134,lstm
SVC-000046,EVT-0017377,2026-06-26 08:44:44.970750,0.3526562380069809,lstm
USR-000156,EVT-0017378,2026-06-26 08:45:13.033871,0.7280665439969206,lstm
SVC-000046,EVT-0017379,2026-06-26 08:46:18.962918,0.7293027268603955,lstm
DEV-000009,EVT-0017380,2026-06-26 08:46:22.735108,0.45367026000437144,lstm
SVC-000011,EVT-0017381,2026-06-26 08:46:49.996996,0.35540846181090163,lstm
USR-000039,EVT-0017382,2026-06-26 08:50:01.092845,0.7386883745712378,lstm
DEV-000020,EVT-0017383,2026-06-26 08:50:07.044569,0.36201129851750774,lstm
USR-000207,EVT-0017384,2026-06-26 08:50:37.098887,0.2776303096691692,lstm
USR-000172,EVT-0017385,2026-06-26 08:50:46.037234,0.3182886000098295,lstm
USR-000103,EVT-0017386,2026-06-26 08:52:53.394481,0.2933613732267709,lstm
SVC-000040,EVT-0017387,2026-06-26 08:52:57.706511,0.32343924538828767,lstm
USR-000153,EVT-0017388,2026-06-26 08:54:08.118963,0.5352846342658312,lstm
USR-000014,EVT-0017389,2026-06-26 08:56:18.665840,0.9999999999999913,lstm
SVC-000011,EVT-0017390,2026-06-26 08:56:48.910361,0.3183878707440621,lstm
SVC-000031,EVT-0017391,2026-06-26 08:57:00.932232,0.34729220692345075,lstm
USR-000174,EVT-0017392,2026-06-26 08:57:26.303502,0.7991953393317807,lstm
SVC-000030,EVT-0017393,2026-06-26 08:57:56.003896,0.377189483126699,lstm
SVC-000011,EVT-0017394,2026-06-26 08:58:11.117125,0.4508488166892038,lstm
DEV-000010,EVT-0017395,2026-06-26 09:00:18.240572,0.16960589510454085,lstm
SVC-000046,EVT-0017396,2026-06-26 09:00:47.376075,0.27387248486594845,lstm
USR-000172,EVT-0017397,2026-06-26 09:01:45.026133,0.33293004232785184,lstm
USR-000102,EVT-0017398,2026-06-26 09:01:46.508255,0.29834366581523386,lstm
USR-000009,EVT-0017399,2026-06-26 09:02:28.210803,0.24776055920776716,lstm
SVC-000011,EVT-0017400,2026-06-26 09:02:30.285219,0.707283905535781,lstm
SVC-000055,EVT-0017401,2026-06-26 09:03:40.118368,0.5819413739544772,lstm
USR-000031,EVT-0017402,2026-06-26 09:07:43.800415,0.23427935084667512,lstm
SVC-000024,EVT-0017403,2026-06-26 09:08:01.962744,0.9936240741402433,lstm
USR-000019,EVT-0017404,2026-06-26 09:08:10.633935,0.29212052463709093,lstm
USR-000179,EVT-0017405,2026-06-26 09:08:31.543939,0.6401586743215131,lstm
SVC-000046,EVT-0017406,2026-06-26 09:10:14.994400,0.2122878291048057,lstm
SVC-000024,EVT-0017407,2026-06-26 09:10:48.146524,0.6306288783627472,lstm
SVC-000046,EVT-0017408,2026-06-26 09:11:49.558418,0.42406999520894306,lstm
USR-000175,EVT-0017409,2026-06-26 09:13:51.986335,0.771336519362543,baseline_fallback
DEV-000011,EVT-0017410,2026-06-26 09:14:40.689654,0.26968399797262566,lstm
DEV-000001,EVT-0017411,2026-06-26 09:15:30.614359,0.6266043852587454,lstm
SVC-000042,EVT-0017412,2026-06-26 09:16:21.722939,0.8332179008760078,lstm
SVC-000046,EVT-0017413,2026-06-26 09:16:58.893654,0.55681926018774,lstm
SVC-000024,EVT-0017414,2026-06-26 09:17:37.192971,0.4044566040283151,lstm
USR-000205,EVT-0017415,2026-06-26 09:17:57.276463,0.7884778445398142,lstm
DEV-000017,EVT-0017416,2026-06-26 09:18:07.375850,0.8278872040745445,lstm
SVC-000011,EVT-0017417,2026-06-26 09:18:39.916609,0.41540216683547193,lstm
USR-000082,EVT-0017418,2026-06-26 09:18:43.886239,0.529370603638981,lstm
USR-000164,EVT-0017419,2026-06-26 09:20:25.363134,0.44409488974407413,lstm
SVC-000024,EVT-0017420,2026-06-26 09:20:44.880794,0.41210807591462545,lstm
USR-000022,EVT-0017421,2026-06-26 09:20:46.404039,0.26756055559408887,lstm
USR-000036,EVT-0017422,2026-06-26 09:21:23.134417,0.24513925204734732,lstm
USR-000180,EVT-0017423,2026-06-26 09:21:55.874240,0.2953120480227983,lstm
USR-000086,EVT-0017424,2026-06-26 09:22:10.320392,0.7940712052103174,lstm
USR-000172,EVT-0017425,2026-06-26 09:23:18.243539,0.3087057460434121,lstm
SVC-000013,EVT-0017426,2026-06-26 09:23:32.419114,0.735642780650087,lstm
USR-000039,EVT-0017427,2026-06-26 09:24:08.301397,0.4155241334614979,lstm
USR-000039,EVT-0017428,2026-06-26 09:24:58.957760,0.7162524984764974,lstm
DEV-000018,EVT-0017429,2026-06-26 09:25:09.216483,0.5852709863702129,lstm
SVC-000013,EVT-0017430,2026-06-26 09:26:53.304956,0.7037990375877636,lstm
SVC-000051,EVT-0017431,2026-06-26 09:26:56.210730,0.828509192244115,lstm
USR-000168,EVT-0017432,2026-06-26 09:27:10.881910,0.8380318929821053,lstm
USR-000019,EVT-0017433,2026-06-26 09:28:52.465244,0.3761735314304719,lstm
DEV-000011,EVT-0017434,2026-06-26 09:29:52.784013,0.4110143199796339,lstm
USR-000130,EVT-0017435,2026-06-26 09:30:19.125187,0.3559579858152038,baseline_fallback
USR-000030,EVT-0017436,2026-06-26 09:31:32.611209,0.31496320075655204,lstm
USR-000022,EVT-0017437,2026-06-26 09:31:34.792160,0.32644878644839975,lstm
USR-000133,EVT-0017438,2026-06-26 09:32:41.356441,0.3202019706671393,lstm
USR-000200,EVT-0017439,2026-06-26 09:32:42.468350,0.4930447135252796,lstm
SVC-000013,EVT-0017440,2026-06-26 09:32:56.463330,0.34077043645825617,lstm
USR-000054,EVT-0017441,2026-06-26 09:36:38.444422,0.7867420021876946,lstm
SVC-000042,EVT-0017442,2026-06-26 09:37:10.646713,0.7374265001049335,lstm
SVC-000053,EVT-0017443,2026-06-26 09:37:23.757655,0.9807168882822916,lstm
SVC-000013,EVT-0017444,2026-06-26 09:37:44.500566,0.44472152657610664,lstm
USR-000049,EVT-0017445,2026-06-26 09:38:40.035766,0.6886898722168916,lstm
USR-000054,EVT-0017446,2026-06-26 09:38:47.589100,0.5004808586001902,lstm
USR-000157,EVT-0017447,2026-06-26 09:39:10.680090,0.4555297702113304,lstm
USR-000031,EVT-0017448,2026-06-26 09:40:40.207760,0.2697779448944255,lstm
SVC-000039,EVT-0017449,2026-06-26 09:40:48.789928,0.66565415262169,lstm
SVC-000024,EVT-0017450,2026-06-26 09:41:36.084144,0.32714084439810004,lstm
USR-000200,EVT-0017451,2026-06-26 09:41:45.053060,0.4563236832557727,lstm
USR-000157,EVT-0017452,2026-06-26 09:43:00.395604,0.4498433267130709,lstm
DEV-000021,EVT-0017453,2026-06-26 09:43:07.012141,0.5559620502616203,lstm
SVC-000042,EVT-0017454,2026-06-26 09:43:57.881023,0.7055073129533211,lstm
SVC-000013,EVT-0017455,2026-06-26 09:44:13.502355,0.3614726782619457,lstm
SVC-000024,EVT-0017456,2026-06-26 09:47:47.006571,0.4060133172185571,lstm
USR-000104,EVT-0017457,2026-06-26 09:47:47.627420,0.6376833204140513,lstm
USR-000178,EVT-0017458,2026-06-26 09:49:56.023588,0.8137837609480457,lstm
USR-000051,EVT-0017459,2026-06-26 09:50:25.567549,0.5050449200914294,lstm
USR-000168,EVT-0017460,2026-06-26 09:51:18.956466,0.5513368108582262,lstm
SVC-000013,EVT-0017461,2026-06-26 09:54:31.534180,0.32643367345968805,lstm
SVC-000039,EVT-0017462,2026-06-26 09:55:22.755626,0.473662642642791,lstm
USR-000168,EVT-0017463,2026-06-26 09:55:39.432337,0.5156441052489591,lstm
SVC-000024,EVT-0017464,2026-06-26 09:55:58.629018,0.6603033322520339,lstm
USR-000015,EVT-0017465,2026-06-26 09:57:01.993226,0.7279759946464005,lstm
DEV-000006,EVT-0017466,2026-06-26 09:57:06.763589,0.34002456049971025,lstm
SVC-000008,EVT-0017467,2026-06-26 09:57:06.874798,0.8402220174969197,lstm
SVC-000053,EVT-0017468,2026-06-26 09:58:22.170119,0.8658036875792253,lstm
DEV-000011,EVT-0017469,2026-06-26 09:59:03.967333,0.22851029503302944,lstm
SVC-000024,EVT-0017470,2026-06-26 09:59:14.498231,0.40322282247398006,lstm
USR-000042,EVT-0017471,2026-06-26 10:01:03.924652,0.35584517213219774,lstm
SVC-000013,EVT-0017472,2026-06-26 10:02:11.607226,0.44908664913005364,lstm
DEV-000026,EVT-0017473,2026-06-26 10:02:44.369795,0.837497491507385,lstm
SVC-000042,EVT-0017474,2026-06-26 10:02:58.872418,0.5938899566491646,lstm
SVC-000039,EVT-0017475,2026-06-26 10:03:03.621900,0.4251141006773861,lstm
SVC-000053,EVT-0017476,2026-06-26 10:04:59.378732,0.8319566625898225,lstm
SVC-000039,EVT-0017477,2026-06-26 10:05:44.505731,0.5518474863756896,lstm
SVC-000013,EVT-0017478,2026-06-26 10:06:00.668861,0.46844432662680985,lstm
USR-000015,EVT-0017479,2026-06-26 10:07:13.201562,0.3983639903554038,lstm
SVC-000042,EVT-0017480,2026-06-26 10:07:50.564099,0.317236251660588,lstm
USR-000104,EVT-0017481,2026-06-26 10:08:37.559045,0.5887913572159128,lstm
SVC-000039,EVT-0017482,2026-06-26 10:09:44.677523,0.43460088418444776,lstm
USR-000066,EVT-0017483,2026-06-26 10:10:05.984227,0.6331325393436527,lstm
USR-000031,EVT-0017484,2026-06-26 10:11:00.218932,0.3815141234460126,lstm
SVC-000024,EVT-0017485,2026-06-26 10:12:08.208912,0.32912512377736824,lstm
USR-000094,EVT-0017486,2026-06-26 10:12:35.926465,0.38061323170358347,lstm
SVC-000039,EVT-0017487,2026-06-26 10:13:21.039958,0.41712631605058276,lstm
SVC-000042,EVT-0017488,2026-06-26 10:13:21.643567,0.24184860591497784,lstm
USR-000178,EVT-0017489,2026-06-26 10:14:59.974050,0.6775770400004204,lstm
USR-000168,EVT-0017490,2026-06-26 10:15:31.660632,0.33273411793245083,lstm
USR-000050,EVT-0017491,2026-06-26 10:17:13.332429,0.8174682505766703,lstm
SVC-000013,EVT-0017492,2026-06-26 10:17:24.028865,0.341770853761074,lstm
SVC-000013,EVT-0017493,2026-06-26 10:18:10.648827,0.7201898968190655,lstm
USR-000036,EVT-0017494,2026-06-26 10:19:31.489106,0.24687754911206558,lstm
USR-000179,EVT-0017495,2026-06-26 10:21:01.316071,0.3931466477848455,lstm
SVC-000008,EVT-0017496,2026-06-26 10:23:27.611718,0.45976508826341633,lstm
USR-000172,EVT-0017497,2026-06-26 10:26:02.644580,0.27271945647942314,lstm
SVC-000008,EVT-0017498,2026-06-26 10:27:56.055525,0.6912284596160716,lstm
USR-000103,EVT-0017499,2026-06-26 10:27:58.203107,0.3571842880672861,lstm
USR-000196,EVT-0017500,2026-06-26 10:27:58.743321,0.43102868129763616,lstm
SVC-000013,EVT-0017501,2026-06-26 10:28:27.977176,0.3412200422961332,lstm
DEV-000009,EVT-0017502,2026-06-26 10:30:33.862870,0.48587606180806864,lstm
SVC-000039,EVT-0017503,2026-06-26 10:30:50.082887,0.4244293118806077,lstm
SVC-000024,EVT-0017504,2026-06-26 10:32:41.378739,0.3676120981735194,lstm
SVC-000013,EVT-0017505,2026-06-26 10:34:10.666069,0.6215299699742658,lstm
SVC-000053,EVT-0017506,2026-06-26 10:35:35.470932,0.5707126240205516,lstm
DEV-000018,EVT-0017507,2026-06-26 10:35:57.387218,0.570348174898609,lstm
USR-000041,EVT-0017508,2026-06-26 10:36:14.636437,0.5135674093697881,lstm
SVC-000013,EVT-0017509,2026-06-26 10:36:41.005827,0.8985404929934581,lstm
USR-000007,EVT-0017510,2026-06-26 10:36:59.921119,0.7733742800518163,lstm
USR-000039,EVT-0017511,2026-06-26 10:37:25.100146,0.3010587367658045,lstm
SVC-000016,EVT-0017512,2026-06-26 10:38:15.780487,0.9046686319226364,lstm
USR-000138,EVT-0017513,2026-06-26 10:38:38.703719,0.5306777145867528,lstm
SVC-000016,EVT-0017514,2026-06-26 10:39:17.381844,0.7662067067362717,lstm
USR-000120,EVT-0017515,2026-06-26 10:39:17.633390,0.4956204247699628,lstm
SVC-000016,EVT-0017516,2026-06-26 10:39:39.330034,0.819229057754731,lstm
USR-000099,EVT-0017517,2026-06-26 10:40:02.387293,0.5466891776642012,lstm
USR-000036,EVT-0017518,2026-06-26 10:40:02.917640,0.3304387809361851,lstm
SVC-000039,EVT-0017519,2026-06-26 10:40:02.964046,0.37464377288433937,lstm
USR-000177,EVT-0017520,2026-06-26 10:42:06.587677,0.7993961504648884,lstm
USR-000177,EVT-0017521,2026-06-26 10:42:55.602796,0.7571511015194521,lstm
USR-000053,EVT-0017522,2026-06-26 10:44:31.788442,0.5232189279215459,lstm
USR-000060,EVT-0017523,2026-06-26 10:44:40.632710,0.39141379161011797,lstm
USR-000148,EVT-0017524,2026-06-26 10:45:59.661599,1.0,lstm
SVC-000001,EVT-0017525,2026-06-26 10:46:08.303517,0.9707688676537533,lstm
USR-000164,EVT-0017526,2026-06-26 10:46:25.399743,0.29813421584669325,lstm
USR-000053,EVT-0017527,2026-06-26 10:47:32.105054,0.7188717833662147,lstm
SVC-000008,EVT-0017528,2026-06-26 10:48:28.147886,0.33853022953672574,lstm
SVC-000039,EVT-0017529,2026-06-26 10:49:05.285845,0.30672146495098657,lstm
SVC-000013,EVT-0017530,2026-06-26 10:49:07.710794,0.4370297134296441,lstm
USR-000178,EVT-0017531,2026-06-26 10:49:36.551655,0.4678093199798194,lstm
DEV-000018,EVT-0017532,2026-06-26 10:50:21.345802,0.604803196510598,lstm
USR-000015,EVT-0017533,2026-06-26 10:51:52.692873,0.31271185896463627,lstm
SVC-000013,EVT-0017534,2026-06-26 10:52:48.399344,0.41003145234861454,lstm
USR-000177,EVT-0017535,2026-06-26 10:54:09.231983,0.48508953092506324,lstm
USR-000207,EVT-0017536,2026-06-26 10:54:38.878093,0.241963669273454,lstm
USR-000047,EVT-0017537,2026-06-26 10:54:51.192100,0.7517492137807551,lstm
USR-000172,EVT-0017538,2026-06-26 10:55:28.663412,0.31096975024346785,lstm
SVC-000030,EVT-0017539,2026-06-26 10:55:31.089870,0.8670722212653243,lstm
SVC-000039,EVT-0017540,2026-06-26 10:56:20.607564,0.6702138099771938,lstm
USR-000157,EVT-0017541,2026-06-26 10:57:09.298881,0.3389223947723481,lstm
USR-000177,EVT-0017542,2026-06-26 10:57:11.140449,0.5719121835402549,lstm
SVC-000013,EVT-0017543,2026-06-26 10:57:19.308509,0.38280538772147366,lstm
USR-000091,EVT-0017544,2026-06-26 11:01:12.148880,0.3414500524455129,baseline_fallback
SVC-000053,EVT-0017545,2026-06-26 11:02:13.336318,0.7862360053375099,lstm
USR-000168,EVT-0017546,2026-06-26 11:02:33.831306,0.2770314131158693,lstm
SVC-000013,EVT-0017547,2026-06-26 11:04:14.184051,0.42864974417994156,lstm
DEV-000017,EVT-0017548,2026-06-26 11:04:32.421237,0.6660378739371973,lstm
USR-000039,EVT-0017549,2026-06-26 11:05:27.393246,0.30465329576560346,lstm
DEV-000026,EVT-0017550,2026-06-26 11:07:36.941785,0.7947651630005333,lstm
USR-000205,EVT-0017551,2026-06-26 11:08:13.030176,0.5287048503657102,lstm
USR-000028,EVT-0017552,2026-06-26 11:08:25.068594,0.5887422751493283,lstm
DEV-000006,EVT-0017553,2026-06-26 11:08:29.772002,0.4169996028262904,lstm
USR-000051,EVT-0017554,2026-06-26 11:08:50.090477,0.379949199261164,lstm
USR-000147,EVT-0017555,2026-06-26 11:08:51.104179,0.6011813806959297,lstm
SVC-000001,EVT-0017556,2026-06-26 11:09:10.673839,0.4225331434564067,lstm
USR-000180,EVT-0017557,2026-06-26 11:09:45.221298,0.22305397640913271,lstm
SVC-000039,EVT-0017558,2026-06-26 11:10:03.046947,0.2914291593755239,lstm
USR-000053,EVT-0017559,2026-06-26 11:10:03.056326,0.3185466180005104,lstm
USR-000095,EVT-0017560,2026-06-26 11:10:11.490516,0.2190653343687326,lstm
DEV-000024,EVT-0017561,2026-06-26 11:10:13.547206,0.6719800618571665,lstm
DEV-000018,EVT-0017562,2026-06-26 11:10:49.075075,0.42249333372072817,lstm
SVC-000024,EVT-0017563,2026-06-26 11:11:07.603143,0.40245964874100726,lstm
SVC-000021,EVT-0017564,2026-06-26 11:12:29.795972,0.9859326089896477,lstm
USR-000039,EVT-0017565,2026-06-26 11:12:37.489229,0.3551025767788276,lstm
USR-000026,EVT-0017566,2026-06-26 11:15:21.441531,0.5224577703720469,lstm
SVC-000053,EVT-0017567,2026-06-26 11:15:59.335898,0.47646573611223797,lstm
USR-000036,EVT-0017568,2026-06-26 11:17:25.094679,0.35443388425618855,lstm
SVC-000053,EVT-0017569,2026-06-26 11:17:48.609376,0.7928264865238907,lstm
USR-000115,EVT-0017570,2026-06-26 11:18:24.656938,0.5375540246146386,lstm
USR-000050,EVT-0017571,2026-06-26 11:18:40.761841,0.35511122311167415,lstm
SVC-000008,EVT-0017572,2026-06-26 11:18:45.080313,0.5956710205661723,lstm
USR-000036,EVT-0017573,2026-06-26 11:19:28.172464,0.4280471056522794,lstm
SVC-000053,EVT-0017574,2026-06-26 11:19:46.102551,0.9114669542057522,lstm
DEV-000009,EVT-0017575,2026-06-26 11:20:06.701847,0.34132073680700686,lstm
USR-000053,EVT-0017576,2026-06-26 11:20:50.937043,0.3388605532313782,lstm
USR-000205,EVT-0017577,2026-06-26 11:21:00.132744,0.7515945954086423,lstm
USR-000178,EVT-0017578,2026-06-26 11:21:04.361901,0.2818322989111456,lstm
USR-000207,EVT-0017579,2026-06-26 11:22:48.252065,0.37112105467643486,lstm
SVC-000013,EVT-0017580,2026-06-26 11:25:29.389492,0.49784716836729936,lstm
SVC-000021,EVT-0017581,2026-06-26 11:27:10.197833,0.418679431911689,lstm
DEV-000009,EVT-0017582,2026-06-26 11:27:30.512968,0.40724089943400343,lstm
USR-000098,EVT-0017583,2026-06-26 11:28:35.794427,0.5405416449124955,lstm
DEV-000018,EVT-0017584,2026-06-26 11:30:13.471747,0.34439357671699594,lstm
USR-000112,EVT-0017585,2026-06-26 11:31:29.508507,0.3634316299342872,lstm
SVC-000039,EVT-0017586,2026-06-26 11:32:21.024295,0.39561706823055665,lstm
USR-000133,EVT-0017587,2026-06-26 11:32:29.481875,0.3614117849315325,lstm
USR-000120,EVT-0017588,2026-06-26 11:32:32.525862,0.4013557833764478,lstm
USR-000022,EVT-0017589,2026-06-26 11:32:46.628977,0.2586293763889331,lstm
USR-000036,EVT-0017590,2026-06-26 11:33:16.462996,0.26911295034318555,lstm
SVC-000053,EVT-0017591,2026-06-26 11:33:42.634373,0.6896226921231497,lstm
USR-000102,EVT-0017592,2026-06-26 11:33:49.187717,0.44023893009470244,lstm
SVC-000021,EVT-0017593,2026-06-26 11:33:52.791276,0.6346405336056867,lstm
SVC-000039,EVT-0017594,2026-06-26 11:34:02.469909,0.5611612320619894,lstm
SVC-000039,EVT-0017595,2026-06-26 11:34:48.710997,0.5573788756066889,lstm
SVC-000013,EVT-0017596,2026-06-26 11:34:59.542938,0.374307327176858,lstm
USR-000054,EVT-0017597,2026-06-26 11:35:27.400194,0.4069566927101286,lstm
USR-000102,EVT-0017598,2026-06-26 11:35:35.285049,0.48347944054879455,lstm
USR-000120,EVT-0017599,2026-06-26 11:35:57.907348,0.47629911545919573,lstm
USR-000130,EVT-0017600,2026-06-26 11:37:05.033254,0.49081428830013385,baseline_fallback
USR-000050,EVT-0017601,2026-06-26 11:37:56.090107,0.4449111046548649,lstm
USR-000099,EVT-0017602,2026-06-26 11:39:35.018997,0.4049797307230472,lstm
USR-000129,EVT-0017603,2026-06-26 11:39:37.081267,0.43935646571841835,lstm
USR-000099,EVT-0017604,2026-06-26 11:40:06.525177,0.6931695409728085,lstm
USR-000053,EVT-0017605,2026-06-26 11:40:15.537762,0.34164064922796156,lstm
USR-000099,EVT-0017606,2026-06-26 11:40:49.307567,0.4928145630993363,lstm
USR-000168,EVT-0017607,2026-06-26 11:41:14.150073,0.3197585107632362,lstm
USR-000133,EVT-0017608,2026-06-26 11:41:16.559399,0.47607346784518334,lstm
SVC-000016,EVT-0017609,2026-06-26 11:43:04.638302,0.37320976470725736,lstm
SVC-000008,EVT-0017610,2026-06-26 11:43:30.083709,0.7577422419966586,lstm
USR-000022,EVT-0017611,2026-06-26 11:43:40.727417,0.35778627236044896,lstm
DEV-000001,EVT-0017612,2026-06-26 11:44:32.453558,0.4255829089476845,lstm
SVC-000039,EVT-0017613,2026-06-26 11:45:10.388861,0.4027256649588072,lstm
USR-000123,EVT-0017614,2026-06-26 11:45:12.044710,0.9447275793296814,lstm
USR-000050,EVT-0017615,2026-06-26 11:45:28.602362,0.4999620676460406,lstm
USR-000182,EVT-0017616,2026-06-26 11:45:56.938097,0.4708883003357445,lstm
USR-000060,EVT-0017617,2026-06-26 11:46:04.260525,0.39884292157001655,lstm
SVC-000024,EVT-0017618,2026-06-26 11:46:24.477848,0.4165005544807848,lstm
USR-000200,EVT-0017619,2026-06-26 11:46:50.737918,0.3243292542034035,lstm
USR-000209,EVT-0017620,2026-06-26 11:47:39.862610,0.7672076250876023,lstm
SVC-000008,EVT-0017621,2026-06-26 11:49:58.601401,0.34907786003351754,lstm
USR-000166,EVT-0017622,2026-06-26 11:50:19.942521,0.5302831900879273,lstm
SVC-000001,EVT-0017623,2026-06-26 11:51:28.742463,0.27708643740057676,lstm
DEV-000022,EVT-0017624,2026-06-26 11:51:29.395328,0.4094193964663614,lstm
SVC-000001,EVT-0017625,2026-06-26 11:53:18.978323,0.6633739357775197,lstm
SVC-000039,EVT-0017626,2026-06-26 11:55:32.791265,0.38256790283132236,lstm
USR-000086,EVT-0017627,2026-06-26 11:57:06.316321,0.30346127138533174,lstm
SVC-000042,EVT-0017628,2026-06-26 11:59:05.354923,0.48849994525154333,lstm
USR-000115,EVT-0017629,2026-06-26 12:00:14.282775,0.3290590169233123,lstm
DEV-000010,EVT-0017630,2026-06-26 12:01:05.457927,0.27444319880863843,lstm
USR-000042,EVT-0017631,2026-06-26 12:02:04.835907,0.24706209803393306,lstm
USR-000086,EVT-0017632,2026-06-26 12:03:33.875303,0.4663984386451435,lstm
USR-000130,EVT-0017633,2026-06-26 12:03:40.006192,0.3578252622013296,baseline_fallback
SVC-000001,EVT-0017634,2026-06-26 12:04:28.102042,0.34018736211500333,lstm
DEV-000025,EVT-0017635,2026-06-26 12:05:02.986174,0.5526016050877376,lstm
SVC-000043,EVT-0017636,2026-06-26 12:05:31.055587,0.9583756699886972,lstm
DEV-000025,EVT-0017637,2026-06-26 12:05:43.157715,0.9457916755180417,lstm
USR-000030,EVT-0017638,2026-06-26 12:07:02.918283,0.27763033620660793,lstm
USR-000021,EVT-0017639,2026-06-26 12:08:41.513358,0.3161383194130669,lstm
USR-000005,EVT-0017640,2026-06-26 12:09:07.951577,0.41517266999992014,lstm
USR-000030,EVT-0017641,2026-06-26 12:10:43.034471,0.4090744212057082,lstm
SVC-000021,EVT-0017642,2026-06-26 12:10:55.271738,0.6215405933877172,lstm
SVC-000039,EVT-0017643,2026-06-26 12:11:24.115864,0.6230631392672171,lstm
USR-000004,EVT-0017644,2026-06-26 12:11:58.649678,0.6976543246380519,lstm
USR-000064,EVT-0017645,2026-06-26 12:14:06.264676,0.4224589057587082,lstm
USR-000200,EVT-0017646,2026-06-26 12:14:26.583166,0.5381410192303581,lstm
DEV-000014,EVT-0017647,2026-06-26 12:15:35.173269,0.818279628308759,lstm
USR-000066,EVT-0017648,2026-06-26 12:15:55.078339,0.42704443853416374,lstm
SVC-000008,EVT-0017649,2026-06-26 12:18:04.100382,0.32157773645354504,lstm
USR-000098,EVT-0017650,2026-06-26 12:18:57.676790,0.3291933567672236,lstm
USR-000005,EVT-0017651,2026-06-26 12:19:28.330425,0.5075008248925571,lstm
SVC-000021,EVT-0017652,2026-06-26 12:19:56.768248,0.43665873930503135,lstm
USR-000047,EVT-0017653,2026-06-26 12:21:37.081881,0.36294072572508984,lstm
SVC-000039,EVT-0017654,2026-06-26 12:22:25.511248,0.3696498089439667,lstm
DEV-000026,EVT-0017655,2026-06-26 12:23:20.633680,0.661154921276344,lstm
SVC-000008,EVT-0017656,2026-06-26 12:25:07.394942,0.47943991331135727,lstm
USR-000094,EVT-0017657,2026-06-26 12:26:15.460613,0.31318140968273434,lstm
DEV-000016,EVT-0017658,2026-06-26 12:26:22.983815,0.3825451510638772,lstm
USR-000175,EVT-0017659,2026-06-26 12:28:07.337509,0.8966636630789118,baseline_fallback
SVC-000021,EVT-0017660,2026-06-26 12:28:12.353228,0.2736363541434091,lstm
USR-000019,EVT-0017661,2026-06-26 12:28:45.501417,0.31338516017817813,lstm
USR-000047,EVT-0017662,2026-06-26 12:28:53.323405,0.33731890964262323,lstm
SVC-000021,EVT-0017663,2026-06-26 12:29:34.744648,0.7387941375064705,lstm
USR-000175,EVT-0017664,2026-06-26 12:32:06.189974,0.8570710284400177,lstm
SVC-000008,EVT-0017665,2026-06-26 12:32:38.264495,0.417883531274448,lstm
USR-000047,EVT-0017666,2026-06-26 12:33:29.709643,0.35300334626033164,lstm
SVC-000053,EVT-0017667,2026-06-26 12:33:53.939031,0.898109811182814,lstm
SVC-000001,EVT-0017668,2026-06-26 12:34:25.308778,0.3346902678539898,lstm
USR-000205,EVT-0017669,2026-06-26 12:34:27.414602,0.4620863766477074,lstm
USR-000042,EVT-0017670,2026-06-26 12:35:47.967603,0.26809493419456754,lstm
DEV-000026,EVT-0017671,2026-06-26 12:36:16.813039,0.7879813492112359,lstm
SVC-000050,EVT-0017672,2026-06-26 12:37:10.891312,0.9734345951824498,lstm
SVC-000021,EVT-0017673,2026-06-26 12:38:16.372610,0.4725874098756575,lstm
SVC-000021,EVT-0017674,2026-06-26 12:39:07.057753,0.8017521301480669,lstm
DEV-000008,EVT-0017675,2026-06-26 12:40:45.480034,0.3163040584943517,lstm
USR-000042,EVT-0017676,2026-06-26 12:41:05.818044,0.38226479562945026,lstm
USR-000030,EVT-0017677,2026-06-26 12:42:38.397244,0.26592646271433157,lstm
SVC-000021,EVT-0017678,2026-06-26 12:42:38.735845,0.6040088991756584,lstm
SVC-000039,EVT-0017679,2026-06-26 12:43:23.128007,0.7997989424390435,lstm
USR-000074,EVT-0017680,2026-06-26 12:43:44.713277,0.4500982039736328,lstm
USR-000095,EVT-0017681,2026-06-26 12:44:14.845605,0.226036402583643,lstm
SVC-000001,EVT-0017682,2026-06-26 12:45:03.698830,0.32976054488159634,lstm
USR-000166,EVT-0017683,2026-06-26 12:46:51.120930,0.27058840058078737,lstm
USR-000147,EVT-0017684,2026-06-26 12:47:14.549696,0.3895067576696187,lstm
USR-000181,EVT-0017685,2026-06-26 12:48:10.504007,0.3715876269837099,lstm
USR-000026,EVT-0017686,2026-06-26 12:48:36.749893,0.39568265661530644,lstm
SVC-000017,EVT-0017687,2026-06-26 12:49:46.291717,0.9603646951622143,lstm
USR-000029,EVT-0017688,2026-06-26 12:49:51.642331,0.43234473180837024,lstm
SVC-000039,EVT-0017689,2026-06-26 12:50:21.504444,0.367265502915289,lstm
SVC-000008,EVT-0017690,2026-06-26 12:52:38.097945,0.5636577799747134,lstm
USR-000033,EVT-0017691,2026-06-26 12:53:41.241849,0.43321422662418074,lstm
DEV-000020,EVT-0017692,2026-06-26 12:54:20.072473,0.23030197718350412,lstm
SVC-000001,EVT-0017693,2026-06-26 12:54:24.663084,0.2951339655459857,lstm
SVC-000021,EVT-0017694,2026-06-26 12:54:32.099732,0.36453172098292225,lstm
USR-000166,EVT-0017695,2026-06-26 12:55:10.920693,0.35676409821871785,lstm
SVC-000039,EVT-0017696,2026-06-26 12:55:50.794861,0.41090382257564656,lstm
USR-000157,EVT-0017697,2026-06-26 12:56:43.398193,0.3017700969970977,lstm
USR-000154,EVT-0017698,2026-06-26 12:58:19.084773,0.4304583263546207,lstm
DEV-000019,EVT-0017699,2026-06-26 12:58:31.638600,0.49993494906685837,lstm
USR-000197,EVT-0017700,2026-06-26 13:00:41.949281,0.6513054460272589,lstm
SVC-000001,EVT-0017701,2026-06-26 13:00:55.896411,0.2803685303991635,lstm
SVC-000001,EVT-0017702,2026-06-26 13:00:55.928473,0.7632570607754982,lstm
DEV-000016,EVT-0017703,2026-06-26 13:01:47.069469,0.5039511765025543,lstm
USR-000104,EVT-0017704,2026-06-26 13:02:23.538963,0.48222916750187544,lstm
USR-000176,EVT-0017705,2026-06-26 13:02:29.485238,0.387648641413536,lstm
SVC-000021,EVT-0017706,2026-06-26 13:02:58.431172,0.6139070479504143,lstm
USR-000066,EVT-0017707,2026-06-26 13:03:06.917006,0.31749154997617274,lstm
USR-000031,EVT-0017708,2026-06-26 13:03:14.678243,0.3146621710659171,lstm
USR-000065,EVT-0017709,2026-06-26 13:03:26.188386,0.3918338698883558,lstm
DEV-000026,EVT-0017710,2026-06-26 13:04:32.999108,0.7260678975945283,lstm
USR-000021,EVT-0017711,2026-06-26 13:04:48.961833,0.29090593726310515,lstm
USR-000154,EVT-0017712,2026-06-26 13:05:09.424496,0.7675772257366398,lstm
USR-000042,EVT-0017713,2026-06-26 13:05:29.308714,0.24282751259784777,lstm
USR-000181,EVT-0017714,2026-06-26 13:07:04.778141,0.564066494270938,lstm
USR-000162,EVT-0017715,2026-06-26 13:09:05.673790,0.416818626258444,lstm
USR-000066,EVT-0017716,2026-06-26 13:09:08.120529,0.39985741830811833,lstm
SVC-000021,EVT-0017717,2026-06-26 13:11:49.324019,0.4767894336457813,lstm
SVC-000008,EVT-0017718,2026-06-26 13:12:07.463574,0.5030333951664834,lstm
USR-000186,EVT-0017719,2026-06-26 13:13:07.350879,0.6915923718442304,lstm
DEV-000016,EVT-0017720,2026-06-26 13:13:28.617473,0.6713342081825812,lstm
USR-000035,EVT-0017721,2026-06-26 13:13:40.841469,0.49243496932674413,lstm
DEV-000004,EVT-0017722,2026-06-26 13:14:26.074266,0.5318330131788815,lstm
USR-000045,EVT-0017723,2026-06-26 13:14:33.521835,0.7614683206641771,lstm
SVC-000053,EVT-0017724,2026-06-26 13:15:53.505037,0.6687282488524362,lstm
USR-000104,EVT-0017725,2026-06-26 13:16:26.229801,0.560007267080647,lstm
SVC-000001,EVT-0017726,2026-06-26 13:17:04.431556,0.2611914538307754,lstm
DEV-000014,EVT-0017727,2026-06-26 13:17:14.359275,0.5618696633105175,lstm
USR-000120,EVT-0017728,2026-06-26 13:18:59.095612,0.5554211940192016,lstm
USR-000115,EVT-0017729,2026-06-26 13:21:07.813730,0.3003303233352832,lstm
SVC-000021,EVT-0017730,2026-06-26 13:21:28.388077,0.6391870400148052,lstm
DEV-000026,EVT-0017731,2026-06-26 13:23:29.313712,0.5978514652541967,lstm
SVC-000053,EVT-0017732,2026-06-26 13:23:47.883641,0.9549407428556222,lstm
USR-000094,EVT-0017733,2026-06-26 13:24:17.796047,0.3454506715182927,lstm
SVC-000008,EVT-0017734,2026-06-26 13:24:35.022778,0.47402415351186095,lstm
USR-000043,EVT-0017735,2026-06-26 13:24:49.656971,0.37398990607870713,lstm
SVC-000008,EVT-0017736,2026-06-26 13:26:05.323732,0.6116827259765482,lstm
USR-000177,EVT-0017737,2026-06-26 13:26:34.283798,0.309086482558175,lstm
SVC-000027,EVT-0017738,2026-06-26 13:26:51.177848,0.9917743989948391,lstm
SVC-000001,EVT-0017739,2026-06-26 13:29:04.180418,0.32277553868519315,lstm
DEV-000009,EVT-0017740,2026-06-26 13:29:05.499420,0.2623956014776504,lstm
SVC-000008,EVT-0017741,2026-06-26 13:29:46.632239,0.7782138759504965,lstm
USR-000147,EVT-0017742,2026-06-26 13:30:02.648735,0.3620772319365904,lstm
USR-000178,EVT-0017743,2026-06-26 13:30:20.800143,0.344899514459963,lstm
USR-000077,EVT-0017744,2026-06-26 13:30:56.615847,0.7073170980229917,lstm
DEV-000015,EVT-0017745,2026-06-26 13:31:47.744741,0.42022928977538254,lstm
SVC-000050,EVT-0017746,2026-06-26 13:35:03.677828,0.5626651181843373,lstm
SVC-000049,EVT-0017747,2026-06-26 13:35:04.438318,0.957757604666926,lstm
USR-000028,EVT-0017748,2026-06-26 13:37:46.623690,0.3178003808620593,lstm
USR-000127,EVT-0017749,2026-06-26 13:38:19.576079,0.5139786630971679,lstm
USR-000052,EVT-0017750,2026-06-26 13:38:44.502483,0.5424207383780868,lstm
USR-000195,EVT-0017751,2026-06-26 13:40:28.576991,0.3129711114184557,lstm
USR-000175,EVT-0017752,2026-06-26 13:41:01.719866,0.7448385305198485,lstm
DEV-000019,EVT-0017753,2026-06-26 13:41:25.370464,0.4901794178408386,lstm
USR-000090,EVT-0017754,2026-06-26 13:41:26.556265,0.4577423397491188,lstm
USR-000029,EVT-0017755,2026-06-26 13:41:39.901637,0.2778200303169081,lstm
USR-000115,EVT-0017756,2026-06-26 13:42:05.552129,0.306798170561107,lstm
SVC-000017,EVT-0017757,2026-06-26 13:42:08.726177,0.6771465822817326,lstm
DEV-000002,EVT-0017758,2026-06-26 13:42:48.918257,0.31586666128684904,lstm
DEV-000026,EVT-0017759,2026-06-26 13:44:19.533908,0.3781864458586739,lstm
USR-000108,EVT-0017760,2026-06-26 13:44:28.471223,0.36699553350019865,lstm
DEV-000025,EVT-0017761,2026-06-26 13:44:41.594925,0.26197799655051207,lstm
SVC-000053,EVT-0017762,2026-06-26 13:46:54.754604,0.8519007852584269,lstm
USR-000211,EVT-0017763,2026-06-26 13:47:10.693556,0.9190081996869566,lstm
USR-000089,EVT-0017764,2026-06-26 13:47:31.931895,0.6575448487757442,lstm
SVC-000043,EVT-0017765,2026-06-26 13:48:52.322704,0.3493594672186601,lstm
SVC-000026,EVT-0017766,2026-06-26 13:48:58.562765,0.9786394497544607,lstm
USR-000030,EVT-0017767,2026-06-26 13:49:25.953312,0.28824476757463635,lstm
SVC-000043,EVT-0017768,2026-06-26 13:50:03.673266,0.801885233629963,lstm
USR-000069,EVT-0017769,2026-06-26 13:50:24.848652,0.4876833426820595,lstm
USR-000197,EVT-0017770,2026-06-26 13:52:51.534787,0.5706218083299561,lstm
SVC-000008,EVT-0017771,2026-06-26 13:53:42.672963,0.5902075523189735,lstm
SVC-000026,EVT-0017772,2026-06-26 13:53:52.197665,0.5496269098484547,lstm
USR-000069,EVT-0017773,2026-06-26 13:54:02.814896,0.6721049838700757,lstm
USR-000147,EVT-0017774,2026-06-26 13:54:35.706802,0.35240712747024405,lstm
USR-000202,EVT-0017775,2026-06-26 13:54:41.660941,0.8715623019366324,lstm
SVC-000022,EVT-0017776,2026-06-26 13:55:05.511032,0.9612474609443706,lstm
USR-000025,EVT-0017777,2026-06-26 13:56:00.711936,0.9221797052446886,lstm
USR-000065,EVT-0017778,2026-06-26 13:57:29.081678,0.4029715703252883,lstm
USR-000211,EVT-0017779,2026-06-26 13:57:35.961826,0.9499638521107072,lstm
SVC-000027,EVT-0017780,2026-06-26 13:57:54.440707,0.4976597783720591,lstm
USR-000003,EVT-0017781,2026-06-26 13:58:25.756572,0.41325431643673854,lstm
SVC-000001,EVT-0017782,2026-06-26 13:58:37.243950,0.3429596298444794,lstm
DEV-000019,EVT-0017783,2026-06-26 13:58:55.991701,0.7888774710033905,lstm
USR-000145,EVT-0017784,2026-06-26 13:59:24.436377,0.6930477634554492,baseline_fallback
USR-000077,EVT-0017785,2026-06-26 14:01:07.957294,0.6584050838920256,lstm
USR-000204,EVT-0017786,2026-06-26 14:01:10.061354,0.37037492049526116,baseline_fallback
USR-000028,EVT-0017787,2026-06-26 14:01:14.291831,0.49163233061785955,lstm
SVC-000043,EVT-0017788,2026-06-26 14:05:37.276149,0.315098282270622,lstm
USR-000021,EVT-0017789,2026-06-26 14:05:48.054007,0.3250038770824988,lstm
SVC-000039,EVT-0017790,2026-06-26 14:05:59.375479,0.6857816672888603,lstm
USR-000028,EVT-0017791,2026-06-26 14:07:21.576077,0.435100902686908,lstm
USR-000050,EVT-0017792,2026-06-26 14:07:52.080354,0.37928733966694017,lstm
USR-000129,EVT-0017793,2026-06-26 14:08:14.739121,0.4445920063614022,lstm
USR-000136,EVT-0017794,2026-06-26 14:09:16.026416,0.7894388810519144,lstm
USR-000204,EVT-0017795,2026-06-26 14:09:32.694505,0.8821164351330257,lstm
USR-000002,EVT-0017796,2026-06-26 14:09:34.154767,0.9291859651645655,lstm
SVC-000050,EVT-0017797,2026-06-26 14:09:48.576755,0.5486050998423632,lstm
SVC-000022,EVT-0017798,2026-06-26 14:10:01.710306,0.39573439666524957,lstm
SVC-000027,EVT-0017799,2026-06-26 14:10:04.290931,0.45629609132094456,lstm
USR-000199,EVT-0017800,2026-06-26 14:11:00.830316,0.43521571311248863,lstm
DEV-000018,EVT-0017801,2026-06-26 14:11:30.748936,0.42532588127396803,lstm
SVC-000027,EVT-0017802,2026-06-26 14:11:54.539875,0.6442583855263281,lstm
USR-000154,EVT-0017803,2026-06-26 14:13:39.671553,0.5365856624302026,lstm
USR-000196,EVT-0017804,2026-06-26 14:14:19.442853,0.3183520364132848,lstm
USR-000066,EVT-0017805,2026-06-26 14:15:25.811572,0.266395809346744,lstm
SVC-000022,EVT-0017806,2026-06-26 14:15:42.764128,0.3564827632906213,lstm
USR-000065,EVT-0017807,2026-06-26 14:16:08.594617,0.529959693923629,lstm
USR-000154,EVT-0017808,2026-06-26 14:18:52.105524,0.60134224108282,lstm
USR-000120,EVT-0017809,2026-06-26 14:20:16.952788,0.5327358330747429,lstm
DEV-000007,EVT-0017810,2026-06-26 14:21:52.324478,0.27055394945539274,lstm
SVC-000001,EVT-0017811,2026-06-26 14:23:32.937002,0.30945449228802085,lstm
SVC-000001,EVT-0017812,2026-06-26 14:24:00.476880,0.5874654104003553,lstm
SVC-000012,EVT-0017813,2026-06-26 14:24:52.136792,0.9813771887469637,lstm
SVC-000012,EVT-0017814,2026-06-26 14:25:26.193243,0.7156175504024028,lstm
USR-000178,EVT-0017815,2026-06-26 14:27:42.351620,0.25075217136428024,lstm
SVC-000008,EVT-0017816,2026-06-26 14:28:33.629151,0.59093321904233,lstm
USR-000136,EVT-0017817,2026-06-26 14:29:54.462594,0.5967503959046411,lstm
USR-000110,EVT-0017818,2026-06-26 14:31:43.021653,0.6761931888381257,lstm
USR-000116,EVT-0017819,2026-06-26 14:31:56.906542,0.7762595998739389,lstm
USR-000204,EVT-0017820,2026-06-26 14:32:24.893672,0.47986662877835634,lstm
DEV-000002,EVT-0017821,2026-06-26 14:32:25.154976,0.11390199512133731,lstm
USR-000029,EVT-0017822,2026-06-26 14:33:39.846160,0.44429636710465675,lstm
SVC-000050,EVT-0017823,2026-06-26 14:33:55.670802,0.6695946296090028,lstm
SVC-000012,EVT-0017824,2026-06-26 14:34:31.004044,0.3173764764287493,lstm
USR-000003,EVT-0017825,2026-06-26 14:35:47.513511,0.32641943997704576,lstm
SVC-000027,EVT-0017826,2026-06-26 14:36:37.606857,0.443487590910949,lstm
SVC-000026,EVT-0017827,2026-06-26 14:36:43.699701,0.3761339044961142,lstm
SVC-000049,EVT-0017828,2026-06-26 14:37:03.929444,0.7758528362095799,lstm
USR-000054,EVT-0017829,2026-06-26 14:39:27.785562,0.26776622466065275,lstm
SVC-000022,EVT-0017830,2026-06-26 14:39:28.143600,0.27344119676020423,lstm
USR-000138,EVT-0017831,2026-06-26 14:41:39.179792,0.35019998143654246,lstm
SVC-000028,EVT-0017832,2026-06-26 14:41:45.413548,0.9969393087790707,lstm
SVC-000028,EVT-0017833,2026-06-26 14:41:59.825603,0.9771614365540229,lstm
USR-000146,EVT-0017834,2026-06-26 14:42:48.864606,0.6676758784095772,lstm
USR-000065,EVT-0017835,2026-06-26 14:43:13.523982,0.5338237520596462,lstm
USR-000196,EVT-0017836,2026-06-26 14:46:34.140039,0.2407116737744192,lstm
SVC-000026,EVT-0017837,2026-06-26 14:47:07.580319,0.30999320599547,lstm
SVC-000027,EVT-0017838,2026-06-26 14:47:39.610271,0.4633718969647502,lstm
DEV-000004,EVT-0017839,2026-06-26 14:48:27.273716,0.20421764211208882,lstm
USR-000085,EVT-0017840,2026-06-26 14:50:34.711262,0.7304595861241663,baseline_fallback
USR-000061,EVT-0017841,2026-06-26 14:53:03.628412,0.5685426316472669,lstm
USR-000033,EVT-0017842,2026-06-26 14:54:04.816026,0.2742161714973045,lstm
SVC-000027,EVT-0017843,2026-06-26 14:55:05.122443,0.39777632563615256,lstm
USR-000205,EVT-0017844,2026-06-26 14:55:35.779600,0.5099073837643469,lstm
DEV-000011,EVT-0017845,2026-06-26 14:55:55.747478,0.47400017159992136,lstm
SVC-000027,EVT-0017846,2026-06-26 14:56:01.641042,0.6802443436443268,lstm
USR-000027,EVT-0017847,2026-06-26 14:58:50.688209,0.6495872027726064,lstm
USR-000157,EVT-0017848,2026-06-26 14:59:43.914296,0.3662266621176669,lstm
SVC-000010,EVT-0017849,2026-06-26 15:01:32.830711,0.9922154143717249,lstm
USR-000115,EVT-0017850,2026-06-26 15:03:27.221963,0.2730499654663939,lstm
USR-000077,EVT-0017851,2026-06-26 15:04:07.015573,0.40910621623945276,lstm
SVC-000012,EVT-0017852,2026-06-26 15:04:36.005370,0.4334123822239467,lstm
SVC-000012,EVT-0017853,2026-06-26 15:06:56.562924,0.5017056211817372,lstm
USR-000045,EVT-0017854,2026-06-26 15:07:48.057895,0.38628334915326207,lstm
USR-000073,EVT-0017855,2026-06-26 15:07:51.594581,0.36642082838740964,lstm
SVC-000026,EVT-0017856,2026-06-26 15:07:51.906843,0.6101532441993586,lstm
DEV-000009,EVT-0017857,2026-06-26 15:10:19.053176,0.23939825803454542,lstm
USR-000147,EVT-0017858,2026-06-26 15:10:19.206824,0.2631182906078323,lstm
SVC-000027,EVT-0017859,2026-06-26 15:11:27.162703,0.4318144455877455,lstm
DEV-000015,EVT-0017860,2026-06-26 15:11:43.440515,0.39931351782247476,lstm
USR-000178,EVT-0017861,2026-06-26 15:11:58.631141,0.32356072695656013,lstm
SVC-000017,EVT-0017862,2026-06-26 15:12:27.492488,0.6544656678186782,lstm
SVC-000012,EVT-0017863,2026-06-26 15:13:38.928511,0.41397184391398356,lstm
SVC-000036,EVT-0017864,2026-06-26 15:13:53.931483,0.9952672326531709,lstm
SVC-000017,EVT-0017865,2026-06-26 15:14:42.196081,0.8754862499012411,lstm
SVC-000036,EVT-0017866,2026-06-26 15:15:27.986233,0.7536450301054142,lstm
SVC-000012,EVT-0017867,2026-06-26 15:19:08.113535,0.29502269968662387,lstm
USR-000099,EVT-0017868,2026-06-26 15:20:22.957214,0.3809599676914427,lstm
USR-000197,EVT-0017869,2026-06-26 15:20:36.395201,0.5088515603075919,lstm
USR-000077,EVT-0017870,2026-06-26 15:22:59.203666,0.3462672429286239,lstm
SVC-000049,EVT-0017871,2026-06-26 15:23:05.595731,0.4453009698675051,lstm
USR-000092,EVT-0017872,2026-06-26 15:26:28.606576,0.36707644423591373,lstm
SVC-000028,EVT-0017873,2026-06-26 15:28:30.399349,0.5257153009841208,lstm
USR-000003,EVT-0017874,2026-06-26 15:28:47.904334,0.3755458133998763,lstm
USR-000120,EVT-0017875,2026-06-26 15:29:17.895943,0.42729442341516294,lstm
SVC-000036,EVT-0017876,2026-06-26 15:29:18.954689,0.5566922490562165,lstm
USR-000213,EVT-0017877,2026-06-26 15:31:24.230175,0.8275792604978541,lstm
DEV-000014,EVT-0017878,2026-06-26 15:32:44.978038,0.1839097049594289,lstm
USR-000018,EVT-0017879,2026-06-26 15:32:46.835631,0.5562881082359489,lstm
SVC-000027,EVT-0017880,2026-06-26 15:32:54.872868,0.4934578344595215,lstm
SVC-000001,EVT-0017881,2026-06-26 15:32:59.454709,0.5996813358900424,lstm
SVC-000010,EVT-0017882,2026-06-26 15:35:45.311093,0.6240695272126727,lstm
USR-000136,EVT-0017883,2026-06-26 15:36:52.071328,0.5671451463160517,lstm
SVC-000033,EVT-0017884,2026-06-26 15:37:41.722375,0.9856956912648369,lstm
SVC-000029,EVT-0017885,2026-06-26 15:39:27.854874,0.9908414781583775,lstm
USR-000204,EVT-0017886,2026-06-26 15:41:28.564841,0.4129575418107064,lstm
SVC-000012,EVT-0017887,2026-06-26 15:41:39.199245,0.38093916835255404,lstm
SVC-000049,EVT-0017888,2026-06-26 15:43:31.429209,0.44881990704793423,lstm
SVC-000028,EVT-0017889,2026-06-26 15:44:12.610093,0.502703851446619,lstm
USR-000200,EVT-0017890,2026-06-26 15:44:28.975031,0.4037075963314307,lstm
SVC-000012,EVT-0017891,2026-06-26 15:44:44.180384,0.3541305405094409,lstm
USR-000145,EVT-0017892,2026-06-26 15:45:16.489310,0.6286055098351905,lstm
SVC-000036,EVT-0017893,2026-06-26 15:48:54.495465,0.5453115368282915,lstm
USR-000002,EVT-0017894,2026-06-26 15:49:28.174497,0.4663012711011339,lstm
SVC-000029,EVT-0017895,2026-06-26 15:52:26.960964,0.777837928154794,lstm
SVC-000033,EVT-0017896,2026-06-26 15:54:35.641536,0.39624609556000934,lstm
SVC-000036,EVT-0017897,2026-06-26 15:55:15.057210,0.3032319826208595,lstm
USR-000066,EVT-0017898,2026-06-26 15:55:35.919924,0.2996329797013407,lstm
USR-000118,EVT-0017899,2026-06-26 15:56:34.559872,0.5881231516152399,lstm
USR-000043,EVT-0017900,2026-06-26 15:57:10.433382,0.5012418850742678,lstm
USR-000011,EVT-0017901,2026-06-26 15:57:13.341916,0.5399127571233514,lstm
USR-000052,EVT-0017902,2026-06-26 15:59:06.348647,0.3407917445034575,lstm
USR-000196,EVT-0017903,2026-06-26 15:59:14.892530,0.23909179962730345,lstm
DEV-000009,EVT-0017904,2026-06-26 15:59:49.346736,0.2547519497747491,lstm
SVC-000036,EVT-0017905,2026-06-26 16:00:56.912031,0.3302335889945859,lstm
SVC-000012,EVT-0017906,2026-06-26 16:01:39.052639,0.3570979540699968,lstm
SVC-000012,EVT-0017907,2026-06-26 16:02:51.262072,0.5547134478748638,lstm
USR-000074,EVT-0017908,2026-06-26 16:02:55.175858,0.3049943543312847,lstm
USR-000089,EVT-0017909,2026-06-26 16:05:09.258573,0.569673399286555,lstm
USR-000211,EVT-0017910,2026-06-26 16:05:17.433479,0.7489088249415733,lstm
SVC-000028,EVT-0017911,2026-06-26 16:06:09.429085,0.6038761771486184,lstm
SVC-000005,EVT-0017912,2026-06-26 16:06:34.106667,0.9758368660624827,lstm
SVC-000026,EVT-0017913,2026-06-26 16:06:38.517314,0.31324765699824225,lstm
DEV-000006,EVT-0017914,2026-06-26 16:06:56.345595,0.7388487968902951,lstm
SVC-000005,EVT-0017915,2026-06-26 16:07:19.898690,0.7536281543224314,lstm
DEV-000006,EVT-0017916,2026-06-26 16:07:44.498440,0.9822216984395428,lstm
USR-000185,EVT-0017917,2026-06-26 16:07:56.903614,0.413943903739838,lstm
USR-000080,EVT-0017918,2026-06-26 16:08:11.403891,0.9595975319966172,lstm
SVC-000036,EVT-0017919,2026-06-26 16:08:59.865079,0.40829004387137735,lstm
USR-000004,EVT-0017920,2026-06-26 16:11:38.828303,0.41500027942878315,lstm
USR-000211,EVT-0017921,2026-06-26 16:13:03.749969,0.5659850594290897,lstm
USR-000110,EVT-0017922,2026-06-26 16:13:48.674119,0.6131109408636861,lstm
USR-000092,EVT-0017923,2026-06-26 16:15:04.647258,0.31724516645338485,lstm
USR-000198,EVT-0017924,2026-06-26 16:16:07.195010,0.6733230289314284,lstm
SVC-000036,EVT-0017925,2026-06-26 16:18:17.961258,0.45510580548225177,lstm
SVC-000038,EVT-0017926,2026-06-26 16:19:13.428759,0.9363898354652543,lstm
SVC-000026,EVT-0017927,2026-06-26 16:23:00.858156,0.3249698265177258,lstm
DEV-000003,EVT-0017928,2026-06-26 16:23:36.973822,0.8892237191492304,lstm
USR-000186,EVT-0017929,2026-06-26 16:24:03.704187,1.0,lstm
SVC-000010,EVT-0017930,2026-06-26 16:24:38.546590,0.32604206021421567,lstm
SVC-000010,EVT-0017931,2026-06-26 16:25:46.179693,0.725090224066023,lstm
SVC-000036,EVT-0017932,2026-06-26 16:26:01.725955,0.3268810236529979,lstm
USR-000140,EVT-0017933,2026-06-26 16:26:19.156190,0.5305317827556306,lstm
SVC-000036,EVT-0017934,2026-06-26 16:26:33.698650,0.8622442561717085,lstm
SVC-000010,EVT-0017935,2026-06-26 16:26:59.704508,0.7802733062527903,lstm
SVC-000038,EVT-0017936,2026-06-26 16:27:45.153662,0.47720707722399147,lstm
USR-000146,EVT-0017937,2026-06-26 16:28:59.905689,0.4959528826423121,lstm
SVC-000036,EVT-0017938,2026-06-26 16:30:24.522979,0.37954720589636737,lstm
SVC-000033,EVT-0017939,2026-06-26 16:35:19.656375,0.3255994504075666,lstm
DEV-000005,EVT-0017940,2026-06-26 16:37:03.217888,0.3496468471768876,lstm
SVC-000033,EVT-0017941,2026-06-26 16:37:03.609889,0.4294854379375416,lstm
SVC-000038,EVT-0017942,2026-06-26 16:37:33.692286,0.5907257788156647,lstm
USR-000181,EVT-0017943,2026-06-26 16:39:06.234867,0.44487555021558767,lstm
USR-000033,EVT-0017944,2026-06-26 16:40:56.481511,0.23617933006007114,lstm
USR-000033,EVT-0017945,2026-06-26 16:42:18.050235,0.5922694832250697,lstm
SVC-000029,EVT-0017946,2026-06-26 16:45:10.774755,0.871246479679788,lstm
SVC-000023,EVT-0017947,2026-06-26 16:45:59.144623,0.9868087582296129,lstm
SVC-000044,EVT-0017948,2026-06-26 16:46:19.664207,0.9944472536534328,lstm
SVC-000033,EVT-0017949,2026-06-26 16:46:22.946754,0.5287329875150645,lstm
USR-000028,EVT-0017950,2026-06-26 16:47:36.042656,0.43705472375704785,lstm
USR-000176,EVT-0017951,2026-06-26 16:49:32.846689,0.2805386992449709,lstm
SVC-000036,EVT-0017952,2026-06-26 16:50:04.700780,0.551549449767556,lstm
SVC-000026,EVT-0017953,2026-06-26 16:51:07.422942,0.6047853227445159,lstm
SVC-000033,EVT-0017954,2026-06-26 16:51:09.990840,0.5951195185571351,lstm
SVC-000038,EVT-0017955,2026-06-26 16:53:07.623799,0.5731850091888312,lstm
USR-000202,EVT-0017956,2026-06-26 16:54:00.156485,0.5952689968001255,lstm
SVC-000033,EVT-0017957,2026-06-26 16:54:48.464397,0.4090841350694537,lstm
SVC-000033,EVT-0017958,2026-06-26 16:55:37.997795,0.6584117435283068,lstm
SVC-000029,EVT-0017959,2026-06-26 16:59:44.230193,0.7267435515706641,lstm
SVC-000026,EVT-0017960,2026-06-26 17:00:32.120649,0.5080583176387592,lstm
USR-000045,EVT-0017961,2026-06-26 17:02:16.995650,0.36293481074399847,lstm
SVC-000010,EVT-0017962,2026-06-26 17:04:07.044364,0.36966102707675924,lstm
USR-000185,EVT-0017963,2026-06-26 17:04:38.137008,0.27892446203255794,lstm
SVC-000027,EVT-0017964,2026-06-26 17:05:04.790282,0.7664646242398047,lstm
SVC-000038,EVT-0017965,2026-06-26 17:05:41.783195,0.6579505918661056,lstm
SVC-000036,EVT-0017966,2026-06-26 17:06:25.428403,0.34600495313558444,lstm
DEV-000013,EVT-0017967,2026-06-26 17:06:59.187143,0.6750568646686057,lstm
SVC-000038,EVT-0017968,2026-06-26 17:07:44.453361,0.9228677587502545,lstm
USR-000033,EVT-0017969,2026-06-26 17:08:13.698485,0.3091975556338757,lstm
SVC-000010,EVT-0017970,2026-06-26 17:08:48.646114,0.47911932486121067,lstm
USR-000033,EVT-0017971,2026-06-26 17:08:59.107434,0.4966657513979183,lstm
SVC-000029,EVT-0017972,2026-06-26 17:11:29.214144,0.49956664755312846,lstm
USR-000174,EVT-0017973,2026-06-26 17:12:58.236303,0.5259713823195933,lstm
SVC-000029,EVT-0017974,2026-06-26 17:14:09.888105,0.40213108457487773,lstm
USR-000092,EVT-0017975,2026-06-26 17:15:32.296696,0.24448011746609366,lstm
SVC-000036,EVT-0017976,2026-06-26 17:15:57.731569,0.9174484841635803,lstm
USR-000149,EVT-0017977,2026-06-26 17:20:33.108366,0.7270238420284276,lstm
SVC-000010,EVT-0017978,2026-06-26 17:20:48.576566,0.45372087358678076,lstm
DEV-000005,EVT-0017979,2026-06-26 17:21:27.361438,0.31836630787478265,lstm
SVC-000038,EVT-0017980,2026-06-26 17:21:43.029744,0.7282937722968967,lstm
USR-000115,EVT-0017981,2026-06-26 17:21:54.849294,0.36000551351707105,lstm
SVC-000010,EVT-0017982,2026-06-26 17:26:06.027778,0.48690391156592017,lstm
SVC-000023,EVT-0017983,2026-06-26 17:26:28.318805,0.24246866997478028,lstm
SVC-000044,EVT-0017984,2026-06-26 17:26:32.136876,0.6572728129918686,lstm
SVC-000033,EVT-0017985,2026-06-26 17:27:16.193931,0.2718304535296724,lstm
USR-000074,EVT-0017986,2026-06-26 17:28:27.366859,0.41831729163274517,lstm
USR-000074,EVT-0017987,2026-06-26 17:30:16.593986,0.5182545030494826,lstm
USR-000110,EVT-0017988,2026-06-26 17:30:54.137478,0.42642562699321723,lstm
SVC-000029,EVT-0017989,2026-06-26 17:35:16.222316,0.4408061002732767,lstm
SVC-000038,EVT-0017990,2026-06-26 17:36:31.985325,0.8557597201295927,lstm
SVC-000005,EVT-0017991,2026-06-26 17:36:44.319538,0.5539392503454141,lstm
DEV-000001,EVT-0017992,2026-06-26 17:40:09.572921,0.39427715558748394,lstm
USR-000092,EVT-0017993,2026-06-26 17:40:09.581652,0.27479491081314916,lstm
DEV-000017,EVT-0017994,2026-06-26 17:41:31.748166,0.8930553533530758,lstm
SVC-000033,EVT-0017995,2026-06-26 17:42:24.866446,0.22071808096222018,lstm
USR-000045,EVT-0017996,2026-06-26 17:42:53.174270,0.3414256597602772,lstm
USR-000018,EVT-0017997,2026-06-26 17:44:06.028555,0.24109451999162468,lstm
USR-000092,EVT-0017998,2026-06-26 17:46:15.726169,0.41914446418537343,lstm
SVC-000026,EVT-0017999,2026-06-26 17:46:18.861044,0.4893112182839342,lstm
SVC-000023,EVT-0018000,2026-06-26 17:46:42.549356,0.28019108900586864,lstm
SVC-000052,EVT-0018001,2026-06-26 17:46:59.686980,0.9684671145051467,lstm
DEV-000004,EVT-0018002,2026-06-26 17:49:45.377489,0.27952414410213694,lstm
SVC-000033,EVT-0018003,2026-06-26 17:53:03.573709,0.3218378835689149,lstm
SVC-000010,EVT-0018004,2026-06-26 17:53:25.794514,0.409016625243816,lstm
SVC-000023,EVT-0018005,2026-06-26 17:54:04.286819,0.315705637102613,lstm
USR-000045,EVT-0018006,2026-06-26 17:55:19.902954,0.33891944981234906,lstm
SVC-000005,EVT-0018007,2026-06-26 17:55:42.973665,0.7657701211796089,lstm
SVC-000023,EVT-0018008,2026-06-26 17:55:51.671117,0.48097712538493065,lstm
SVC-000005,EVT-0018009,2026-06-26 17:56:22.128346,0.7530871903665012,lstm
USR-000176,EVT-0018010,2026-06-26 17:59:09.393117,0.36610103622586526,lstm
USR-000066,EVT-0018011,2026-06-26 17:59:25.782412,0.42079229991528855,lstm
SVC-000023,EVT-0018012,2026-06-26 18:02:26.644411,0.2899326503334117,lstm
SVC-000029,EVT-0018013,2026-06-26 18:04:39.244032,0.50482374898551,lstm
USR-000140,EVT-0018014,2026-06-26 18:05:12.430907,0.5216381759675228,lstm
SVC-000029,EVT-0018015,2026-06-26 18:09:45.560724,0.5284820832812855,lstm
SVC-000052,EVT-0018016,2026-06-26 18:10:03.392423,0.37224355600280123,lstm
DEV-000016,EVT-0018017,2026-06-26 18:13:20.302376,0.5437307470626089,lstm
USR-000077,EVT-0018018,2026-06-26 18:15:38.817660,0.48172413341419085,lstm
SVC-000052,EVT-0018019,2026-06-26 18:16:40.140713,0.5248696894172393,lstm
DEV-000010,EVT-0018020,2026-06-26 18:16:59.183214,0.6601916600439357,lstm
USR-000086,EVT-0018021,2026-06-26 18:19:13.976371,0.3786123973772375,lstm
USR-000149,EVT-0018022,2026-06-26 18:20:08.189005,0.3873742351639109,lstm
SVC-000006,EVT-0018023,2026-06-26 18:22:18.310444,0.998294072717138,lstm
SVC-000037,EVT-0018024,2026-06-26 18:23:18.443623,0.980854623483096,lstm
SVC-000044,EVT-0018025,2026-06-26 18:25:30.537272,0.47427538598933433,lstm
SVC-000010,EVT-0018026,2026-06-26 18:26:13.783740,0.5507936025306694,lstm
SVC-000044,EVT-0018027,2026-06-26 18:29:11.440263,0.924532254832751,lstm
SVC-000044,EVT-0018028,2026-06-26 18:34:55.354822,0.6424761832380903,lstm
SVC-000044,EVT-0018029,2026-06-26 18:37:20.134085,0.6921554257904963,lstm
USR-000149,EVT-0018030,2026-06-26 18:37:24.940436,0.4061608827559522,lstm
SVC-000057,EVT-0018031,2026-06-26 18:38:10.975102,0.7979450509100626,lstm
SVC-000004,EVT-0018032,2026-06-26 18:41:03.345218,0.9730600497610746,lstm
USR-000092,EVT-0018033,2026-06-26 18:42:05.358613,0.2992291913969002,lstm
SVC-000044,EVT-0018034,2026-06-26 18:45:37.162717,0.7748163988441746,lstm
SVC-000060,EVT-0018035,2026-06-26 18:46:14.210363,0.9273062839990853,lstm
DEV-000006,EVT-0018036,2026-06-26 18:51:05.813686,0.5741794271033196,lstm
DEV-000022,EVT-0018037,2026-06-26 18:51:48.932894,0.3544965492652908,lstm
DEV-000022,EVT-0018038,2026-06-26 18:58:17.914834,0.7770324651016419,lstm
SVC-000037,EVT-0018039,2026-06-26 18:59:41.459196,0.909426977747223,lstm
DEV-000021,EVT-0018040,2026-06-26 19:01:19.358392,0.39302207947644974,lstm
SVC-000052,EVT-0018041,2026-06-26 19:03:06.304088,0.3226762521361798,lstm
SVC-000037,EVT-0018042,2026-06-26 19:04:52.779410,0.9012374616861555,lstm
SVC-000060,EVT-0018043,2026-06-26 19:05:39.087932,0.3882769635056144,lstm
SVC-000006,EVT-0018044,2026-06-26 19:06:54.620930,0.5235057458518421,lstm
SVC-000044,EVT-0018045,2026-06-26 19:07:45.913221,0.6550687855282181,lstm
SVC-000052,EVT-0018046,2026-06-26 19:12:21.760355,0.29503810381927875,lstm
DEV-000001,EVT-0018047,2026-06-26 19:12:23.340016,0.2962982938265519,lstm
SVC-000006,EVT-0018048,2026-06-26 19:13:35.610433,0.4571996193768721,lstm
SVC-000006,EVT-0018049,2026-06-26 19:14:05.576225,0.7820735761459655,lstm
DEV-000022,EVT-0018050,2026-06-26 19:15:16.595452,0.428453746211958,lstm
USR-000018,EVT-0018051,2026-06-26 19:15:50.811518,0.35011443022600863,lstm
SVC-000006,EVT-0018052,2026-06-26 19:16:09.390065,0.5731578738764839,lstm
SVC-000052,EVT-0018053,2026-06-26 19:16:19.882009,0.409077663727294,lstm
USR-000092,EVT-0018054,2026-06-26 19:17:32.546841,0.29366915490468654,lstm
SVC-000044,EVT-0018055,2026-06-26 19:19:19.116004,0.3581273496509688,lstm
SVC-000004,EVT-0018056,2026-06-26 19:21:29.869136,0.8811942415509314,lstm
SVC-000006,EVT-0018057,2026-06-26 19:22:21.781536,0.363842875987315,lstm
SVC-000023,EVT-0018058,2026-06-26 19:23:11.601664,0.44018845741120827,lstm
DEV-000026,EVT-0018059,2026-06-26 19:24:00.599547,0.19395033519971663,lstm
SVC-000057,EVT-0018060,2026-06-26 19:24:31.723599,0.46419032991461595,lstm
SVC-000004,EVT-0018061,2026-06-26 19:25:20.391304,0.41952611096181386,lstm
SVC-000006,EVT-0018062,2026-06-26 19:29:20.958743,0.5407890286871352,lstm
SVC-000052,EVT-0018063,2026-06-26 19:29:25.069096,0.25984959869583507,lstm
SVC-000006,EVT-0018064,2026-06-26 19:32:54.557329,0.45768455408533454,lstm
SVC-000006,EVT-0018065,2026-06-26 19:36:12.012575,0.492058178938575,lstm
SVC-000057,EVT-0018066,2026-06-26 19:36:16.169150,0.5533188542244226,lstm
SVC-000004,EVT-0018067,2026-06-26 19:36:36.716833,0.43423010241044097,lstm
DEV-000009,EVT-0018068,2026-06-26 19:37:01.023158,0.34099681292210404,lstm
SVC-000033,EVT-0018069,2026-06-26 19:37:01.388332,0.7967084279746482,lstm
USR-000129,EVT-0018070,2026-06-26 19:38:15.734819,0.5513566244326704,lstm
SVC-000010,EVT-0018071,2026-06-26 19:41:55.836959,0.8788214091307087,lstm
SVC-000004,EVT-0018072,2026-06-26 19:42:26.780031,0.49057637700130324,lstm
SVC-000048,EVT-0018073,2026-06-26 19:42:28.129268,0.9406671639010699,lstm
SVC-000060,EVT-0018074,2026-06-26 19:44:43.983676,0.4066383120872438,lstm
USR-000209,EVT-0018075,2026-06-26 19:44:51.437073,0.5347752366144461,lstm
DEV-000019,EVT-0018076,2026-06-26 19:47:47.281551,0.3598139533671888,lstm
SVC-000004,EVT-0018077,2026-06-26 19:49:15.956954,0.39152364506328025,lstm
SVC-000006,EVT-0018078,2026-06-26 19:49:58.877901,0.5980507037838497,lstm
SVC-000060,EVT-0018079,2026-06-26 19:50:15.006392,0.5656348320974226,lstm
SVC-000004,EVT-0018080,2026-06-26 19:50:33.755844,0.5107738827550626,lstm
USR-000018,EVT-0018081,2026-06-26 19:51:15.969722,0.3856487511754025,lstm
USR-000026,EVT-0018082,2026-06-26 19:52:20.670436,0.7510890595797157,lstm
SVC-000044,EVT-0018083,2026-06-26 19:54:01.046945,0.3464701839071113,lstm
USR-000085,EVT-0018084,2026-06-26 19:54:07.745134,0.8361877195122029,baseline_fallback
SVC-000044,EVT-0018085,2026-06-26 19:54:28.914093,0.7813763016055443,lstm
USR-000146,EVT-0018086,2026-06-26 19:54:32.022896,0.4996495668564667,lstm
SVC-000033,EVT-0018087,2026-06-26 19:55:06.200203,0.53790746765575,lstm
SVC-000044,EVT-0018088,2026-06-26 19:55:19.148971,0.7888937495157139,lstm
SVC-000006,EVT-0018089,2026-06-26 19:56:05.744839,0.4672648215644563,lstm
SVC-000057,EVT-0018090,2026-06-26 19:59:20.433480,0.3744542525508893,lstm
SVC-000058,EVT-0018091,2026-06-26 20:06:13.790102,0.9811571509482505,lstm
SVC-000004,EVT-0018092,2026-06-26 20:10:24.200078,0.22520499842352731,lstm
SVC-000006,EVT-0018093,2026-06-26 20:12:51.980533,0.4604058503881617,lstm
SVC-000052,EVT-0018094,2026-06-26 20:16:01.321384,0.2899561872060357,lstm
USR-000192,EVT-0018095,2026-06-26 20:17:05.835910,0.7255005663197356,lstm
SVC-000058,EVT-0018096,2026-06-26 20:17:51.977614,0.6748240411732815,lstm
SVC-000035,EVT-0018097,2026-06-26 20:20:45.457269,0.9802239408839556,lstm
SVC-000048,EVT-0018098,2026-06-26 20:21:59.671436,0.3432669174158487,lstm
SVC-000004,EVT-0018099,2026-06-26 20:24:53.775631,0.2364178636318929,lstm
DEV-000007,EVT-0018100,2026-06-26 20:25:12.099161,0.2691613033707077,lstm
SVC-000048,EVT-0018101,2026-06-26 20:25:43.729725,0.5370703839577659,lstm
SVC-000052,EVT-0018102,2026-06-26 20:27:52.065964,0.2967086474231455,lstm
USR-000073,EVT-0018103,2026-06-26 20:30:02.969564,0.48092910566037894,lstm
SVC-000060,EVT-0018104,2026-06-26 20:33:35.043690,0.8131852019723296,lstm
DEV-000008,EVT-0018105,2026-06-26 20:34:09.943977,0.5650665903774124,lstm
SVC-000052,EVT-0018106,2026-06-26 20:35:47.320749,0.40955281592998816,lstm
DEV-000009,EVT-0018107,2026-06-26 20:36:15.760129,0.32396448885822154,lstm
DEV-000023,EVT-0018108,2026-06-26 20:38:29.601800,0.7693607260264134,lstm
SVC-000035,EVT-0018109,2026-06-26 20:40:55.658621,0.3518095782675705,lstm
SVC-000060,EVT-0018110,2026-06-26 20:41:54.758942,0.6583334202787678,lstm
SVC-000048,EVT-0018111,2026-06-26 20:44:17.561534,0.35254578603357833,lstm
SVC-000044,EVT-0018112,2026-06-26 20:45:56.782705,0.5704253015294375,lstm
SVC-000054,EVT-0018113,2026-06-26 20:46:30.300329,0.9893017791737398,lstm
SVC-000047,EVT-0018114,2026-06-26 20:55:17.593854,0.9946567452217937,lstm
SVC-000044,EVT-0018115,2026-06-26 20:56:01.102445,0.7349090730923012,lstm
SVC-000035,EVT-0018116,2026-06-26 20:57:49.751652,0.36497659023181855,lstm
DEV-000023,EVT-0018117,2026-06-26 20:57:59.332970,0.7870570706438953,lstm
SVC-000058,EVT-0018118,2026-06-26 20:58:09.640198,0.6843257488331667,lstm
SVC-000004,EVT-0018119,2026-06-26 20:59:04.823843,0.32250957921321144,lstm
DEV-000007,EVT-0018120,2026-06-26 21:03:19.446872,0.26675795509076594,lstm
USR-000141,EVT-0018121,2026-06-26 21:07:50.109052,0.46219092572731824,lstm
SVC-000058,EVT-0018122,2026-06-26 21:08:02.744832,0.36221021222640964,lstm
DEV-000004,EVT-0018123,2026-06-26 21:10:40.089301,0.5004145044533603,lstm
SVC-000051,EVT-0018124,2026-06-26 21:10:51.788822,1.0,lstm
SVC-000028,EVT-0018125,2026-06-26 21:11:17.955873,0.9999999999999998,lstm
USR-000052,EVT-0018126,2026-06-26 21:11:25.249645,0.9999999999918925,lstm
SVC-000031,EVT-0018127,2026-06-26 21:12:29.954774,1.0,lstm
USR-000040,EVT-0018128,2026-06-26 21:12:31.779145,0.9999826620567684,lstm
USR-000018,EVT-0018129,2026-06-26 21:12:58.072339,0.9999999998870264,lstm
USR-000087,EVT-0018130,2026-06-26 21:13:05.224831,0.999999749101317,lstm
SVC-000060,EVT-0018131,2026-06-26 21:14:17.595177,0.6902725946426257,lstm
USR-000148,EVT-0018132,2026-06-26 21:14:34.926479,0.9999638435841457,lstm
SVC-000058,EVT-0018133,2026-06-26 21:14:51.192406,0.44952452512218344,lstm
SVC-000041,EVT-0018134,2026-06-26 21:15:18.438502,1.0,lstm
USR-000131,EVT-0018135,2026-06-26 21:15:20.433866,0.9999976965581873,lstm
USR-000163,EVT-0018136,2026-06-26 21:15:58.994029,0.9999813536324927,lstm
USR-000041,EVT-0018137,2026-06-26 21:15:59.142970,0.9999885562133558,lstm
USR-000170,EVT-0018138,2026-06-26 21:16:09.095231,0.9999999999409217,lstm
SVC-000054,EVT-0018139,2026-06-26 21:16:17.681051,0.48749212246997614,lstm
SVC-000058,EVT-0018140,2026-06-26 21:17:34.938850,0.33146152305415655,lstm
DEV-000010,EVT-0018141,2026-06-26 21:17:50.449298,1.0,lstm
SVC-000022,EVT-0018142,2026-06-26 21:18:03.870582,1.0,lstm
USR-000104,EVT-0018143,2026-06-26 21:18:16.418246,1.0,lstm
SVC-000048,EVT-0018144,2026-06-26 21:18:27.626140,0.26402988766518626,lstm
SVC-000035,EVT-0018145,2026-06-26 21:19:08.265507,0.4204293239520802,lstm
DEV-000025,EVT-0018146,2026-06-26 21:19:44.984530,0.6023468153142243,lstm
USR-000092,EVT-0018147,2026-06-26 21:20:15.225014,0.9999964774509166,lstm
USR-000097,EVT-0018148,2026-06-26 21:20:21.906385,0.9999776266047729,lstm
SVC-000023,EVT-0018149,2026-06-26 21:20:51.684422,1.0,lstm
SVC-000061,EVT-0018150,2026-06-26 21:21:08.675076,1.0,lstm
USR-000160,EVT-0018151,2026-06-26 21:21:16.211649,0.9999995837217656,lstm
USR-000211,EVT-0018152,2026-06-26 21:22:21.073970,0.9999861861807038,lstm
USR-000045,EVT-0018153,2026-06-26 21:22:23.265663,0.9999991245989086,lstm
SVC-000029,EVT-0018154,2026-06-26 21:22:43.350956,1.0,lstm
USR-000037,EVT-0018155,2026-06-26 21:22:48.786995,0.9999999433195544,lstm
DEV-000010,EVT-0018156,2026-06-26 21:23:06.566177,0.9987394450377991,lstm
SVC-000048,EVT-0018157,2026-06-26 21:23:15.555215,0.4600199591080788,lstm
USR-000035,EVT-0018158,2026-06-26 21:23:18.248187,0.9999999361045003,lstm
USR-000002,EVT-0018159,2026-06-26 21:23:24.401927,0.9999861831193264,lstm
USR-000189,EVT-0018160,2026-06-26 21:24:29.203210,0.9573656992882918,baseline_fallback
USR-000066,EVT-0018161,2026-06-26 21:24:40.628173,0.9999709920010007,lstm
USR-000079,EVT-0018162,2026-06-26 21:24:52.868680,0.9999953208552306,lstm
SVC-000054,EVT-0018163,2026-06-26 21:26:08.638815,0.28359626049472436,lstm
SVC-000004,EVT-0018164,2026-06-26 21:27:48.273606,0.709810502750981,lstm
SVC-000035,EVT-0018165,2026-06-26 21:29:54.569521,0.4303203849527004,lstm
SVC-000044,EVT-0018166,2026-06-26 21:32:41.733535,0.5702810830250179,lstm
SVC-000045,EVT-0018167,2026-06-26 21:34:10.474243,0.9766146686324845,lstm
SVC-000060,EVT-0018168,2026-06-26 21:34:12.060356,0.879220995859934,lstm
USR-000113,EVT-0018169,2026-06-26 21:35:04.350614,0.4210367556228945,lstm
DEV-000019,EVT-0018170,2026-06-26 21:37:15.700164,0.5120971774254629,lstm
SVC-000004,EVT-0018171,2026-06-26 21:37:27.842038,0.4260338154439383,lstm
SVC-000047,EVT-0018172,2026-06-26 21:38:39.774337,0.5657474280578529,lstm
SVC-000054,EVT-0018173,2026-06-26 21:40:52.565075,0.3139609273336582,lstm
DEV-000022,EVT-0018174,2026-06-26 21:42:21.352581,0.28063947450393883,lstm
SVC-000054,EVT-0018175,2026-06-26 21:45:27.413302,0.2547705064669848,lstm
SVC-000045,EVT-0018176,2026-06-26 21:47:59.222969,0.7805926426930034,lstm
SVC-000045,EVT-0018177,2026-06-26 21:49:58.639389,0.5559736769905691,lstm
SVC-000054,EVT-0018178,2026-06-26 21:50:33.132234,0.2992418214584711,lstm
SVC-000054,EVT-0018179,2026-06-26 21:52:34.512410,0.34891554399408425,lstm
SVC-000035,EVT-0018180,2026-06-26 21:53:49.255827,0.30980767593305736,lstm
SVC-000058,EVT-0018181,2026-06-26 21:55:17.173262,0.2938885285802174,lstm
SVC-000058,EVT-0018182,2026-06-26 21:57:06.156668,0.4409299939877049,lstm
SVC-000054,EVT-0018183,2026-06-26 21:58:09.326662,0.31781262163582624,lstm
SVC-000023,EVT-0018184,2026-06-26 21:58:56.498561,0.999210842738017,lstm
SVC-000002,EVT-0018185,2026-06-26 21:59:13.887067,0.989059500535699,lstm
SVC-000035,EVT-0018186,2026-06-26 22:01:54.631251,0.2810502912496891,lstm
SVC-000041,EVT-0018187,2026-06-26 22:01:56.779339,0.9999404194146441,lstm
SVC-000058,EVT-0018188,2026-06-26 22:03:20.772882,0.2563987870964273,lstm
SVC-000052,EVT-0018189,2026-06-26 22:03:32.957330,0.5174939903312539,lstm
SVC-000045,EVT-0018190,2026-06-26 22:04:06.869491,0.4150378787808616,lstm
SVC-000047,EVT-0018191,2026-06-26 22:05:09.547624,0.43429712800832054,lstm
SVC-000054,EVT-0018192,2026-06-26 22:06:11.298307,0.29545281744748353,lstm
SVC-000035,EVT-0018193,2026-06-26 22:07:19.300936,0.34373676091631916,lstm
SVC-000054,EVT-0018194,2026-06-26 22:07:32.079666,0.45036324679143763,lstm
DEV-000025,EVT-0018195,2026-06-26 22:09:00.175274,0.46736293073248747,lstm
SVC-000058,EVT-0018196,2026-06-26 22:10:02.169552,0.25661046523082987,lstm
SVC-000054,EVT-0018197,2026-06-26 22:10:41.052535,0.3669048594804247,lstm
DEV-000009,EVT-0018198,2026-06-26 22:12:21.548260,0.4112625252615838,lstm
SVC-000002,EVT-0018199,2026-06-26 22:14:42.214212,0.36323810173443927,lstm
SVC-000035,EVT-0018200,2026-06-26 22:14:46.726616,0.27101727047956037,lstm
SVC-000045,EVT-0018201,2026-06-26 22:18:39.072515,0.5647102224765754,lstm
SVC-000035,EVT-0018202,2026-06-26 22:20:05.287630,0.2820062682265397,lstm
SVC-000058,EVT-0018203,2026-06-26 22:21:34.756747,0.2532986136624424,lstm
SVC-000002,EVT-0018204,2026-06-26 22:27:07.346939,0.4811534015666584,lstm
SVC-000045,EVT-0018205,2026-06-26 22:27:37.818087,0.26066290268401054,lstm
SVC-000047,EVT-0018206,2026-06-26 22:27:42.414756,0.7168356993962854,lstm
SVC-000047,EVT-0018207,2026-06-26 22:27:43.597142,0.7833514462257812,lstm
SVC-000035,EVT-0018208,2026-06-26 22:29:22.680685,0.2832476621509043,lstm
DEV-000010,EVT-0018209,2026-06-26 22:29:37.451768,0.8993602520102955,lstm
SVC-000032,EVT-0018210,2026-06-26 22:30:11.856523,0.9969323743694857,lstm
DEV-000010,EVT-0018211,2026-06-26 22:32:19.955430,0.7549713482937408,lstm
SVC-000045,EVT-0018212,2026-06-26 22:34:14.961666,0.44915885582981574,lstm
SVC-000047,EVT-0018213,2026-06-26 22:35:21.675501,0.3080186921203663,lstm
DEV-000006,EVT-0018214,2026-06-26 22:36:38.881916,0.4515541465335625,lstm
SVC-000058,EVT-0018215,2026-06-26 22:38:29.811766,0.24306367089409991,lstm
SVC-000025,EVT-0018216,2026-06-26 22:39:15.136010,0.9885005398431624,lstm
DEV-000014,EVT-0018217,2026-06-26 22:40:35.672758,0.6034152050461361,lstm
SVC-000058,EVT-0018218,2026-06-26 22:41:01.442025,0.4086287291807641,lstm
SVC-000002,EVT-0018219,2026-06-26 22:43:17.441596,0.2570571910548486,lstm
USR-000165,EVT-0018220,2026-06-26 22:44:12.736354,0.4999596858470812,lstm
SVC-000025,EVT-0018221,2026-06-26 22:45:09.174512,0.9179201961769464,lstm
SVC-000002,EVT-0018222,2026-06-26 22:47:30.139971,0.27222276522483796,lstm
SVC-000054,EVT-0018223,2026-06-26 22:48:59.242920,0.3815581002508406,lstm
DEV-000014,EVT-0018224,2026-06-26 22:52:19.238747,0.5821963531062483,lstm
SVC-000025,EVT-0018225,2026-06-26 22:55:28.058377,0.8173988382296697,lstm
SVC-000041,EVT-0018226,2026-06-26 22:56:28.229507,0.9960143279681394,lstm
SVC-000059,EVT-0018227,2026-06-26 22:56:47.970093,0.9790740558730929,lstm
SVC-000004,EVT-0018228,2026-06-26 22:57:27.593264,0.5939350324816479,lstm
SVC-000045,EVT-0018229,2026-06-26 22:58:23.519982,0.6784824307318521,lstm
USR-000034,EVT-0018230,2026-06-26 22:59:32.940273,0.7431701761433414,baseline_fallback
SVC-000045,EVT-0018231,2026-06-26 22:59:54.996135,0.47075300508676876,lstm
SVC-000002,EVT-0018232,2026-06-26 23:01:17.996278,0.36127361649283224,lstm
SVC-000047,EVT-0018233,2026-06-26 23:03:52.162415,0.23857892749280463,lstm
SVC-000002,EVT-0018234,2026-06-26 23:06:30.802481,0.2687359125553213,lstm
DEV-000011,EVT-0018235,2026-06-26 23:07:59.734746,0.6991465350678224,lstm
SVC-000002,EVT-0018236,2026-06-26 23:08:13.228202,0.3860072688876479,lstm
SVC-000045,EVT-0018237,2026-06-26 23:12:35.765746,0.4592401031605599,lstm
SVC-000056,EVT-0018238,2026-06-26 23:20:13.966558,0.9796212147166208,lstm
USR-000141,EVT-0018239,2026-06-26 23:20:14.343842,0.40088311400924587,lstm
SVC-000041,EVT-0018240,2026-06-26 23:20:58.404471,0.9240536502313447,lstm
SVC-000002,EVT-0018241,2026-06-26 23:25:25.168673,0.2908600373712862,lstm
SVC-000032,EVT-0018242,2026-06-26 23:25:39.598563,0.5244105952385796,lstm
DEV-000008,EVT-0018243,2026-06-26 23:27:21.745680,0.6927680915073119,lstm
USR-000163,EVT-0018244,2026-06-26 23:29:44.518578,0.8299791382537756,lstm
SVC-000032,EVT-0018245,2026-06-26 23:30:11.138420,0.23814100152100076,lstm
SVC-000002,EVT-0018246,2026-06-26 23:30:11.538178,0.38720359835569956,lstm
SVC-000041,EVT-0018247,2026-06-26 23:30:59.534341,0.8597591887678099,lstm
SVC-000032,EVT-0018248,2026-06-26 23:32:59.423336,0.2529731672427345,lstm
SVC-000002,EVT-0018249,2026-06-26 23:33:14.970241,0.4045051293943568,lstm
SVC-000032,EVT-0018250,2026-06-26 23:43:58.145793,0.2826871497283909,lstm
USR-000141,EVT-0018251,2026-06-26 23:45:14.603150,0.3534139004510318,lstm
SVC-000059,EVT-0018252,2026-06-26 23:45:25.883987,0.2882795343554824,lstm
SVC-000032,EVT-0018253,2026-06-26 23:45:26.110112,0.27213977776896636,lstm
SVC-000047,EVT-0018254,2026-06-26 23:46:40.147627,0.39368026610520584,lstm
SVC-000059,EVT-0018255,2026-06-26 23:48:14.655902,0.2696031773794223,lstm
USR-000113,EVT-0018256,2026-06-26 23:49:12.960669,0.28833423483662735,lstm
SVC-000059,EVT-0018257,2026-06-26 23:51:43.448787,0.24643433899358905,lstm
SVC-000059,EVT-0018258,2026-06-26 23:58:33.350199,0.23391122377416293,lstm
SVC-000035,EVT-0018259,2026-06-27 00:02:13.997087,0.702433091094114,lstm
SVC-000059,EVT-0018260,2026-06-27 00:02:36.178600,0.28223778118682474,lstm
SVC-000032,EVT-0018261,2026-06-27 00:05:28.145869,0.5206485913616146,lstm
SVC-000032,EVT-0018262,2026-06-27 00:05:49.931327,0.610985905800175,lstm
SVC-000059,EVT-0018263,2026-06-27 00:06:00.442535,0.24591576162056253,lstm
SVC-000059,EVT-0018264,2026-06-27 00:06:26.023899,0.3290868524732374,lstm
SVC-000059,EVT-0018265,2026-06-27 00:09:48.920497,0.203622336041404,lstm
SVC-000025,EVT-0018266,2026-06-27 00:10:29.854011,0.6273842126205664,lstm
SVC-000047,EVT-0018267,2026-06-27 00:13:13.157710,0.30907123289247185,lstm
SVC-000059,EVT-0018268,2026-06-27 00:13:49.966922,0.21313959798780183,lstm
USR-000141,EVT-0018269,2026-06-27 00:17:13.524158,0.4236351174018736,lstm
SVC-000041,EVT-0018270,2026-06-27 00:18:26.350135,0.9364318308962295,lstm
SVC-000056,EVT-0018271,2026-06-27 00:24:30.741192,0.918392347739934,lstm
SVC-000056,EVT-0018272,2026-06-27 00:24:44.587180,0.9954403202814148,lstm
SVC-000056,EVT-0018273,2026-06-27 00:34:28.348063,0.779878603362903,lstm
DEV-000014,EVT-0018274,2026-06-27 00:40:23.170350,0.5719664288056943,lstm
USR-000058,EVT-0018275,2026-06-27 00:44:33.242987,0.921264107099757,lstm
DEV-000025,EVT-0018276,2026-06-27 00:48:13.666199,0.47495347413368233,lstm
SVC-000056,EVT-0018277,2026-06-27 00:50:05.629998,0.7935830763220225,lstm
SVC-000041,EVT-0018278,2026-06-27 00:52:43.263012,0.8935969460115556,lstm
SVC-000041,EVT-0018279,2026-06-27 00:58:21.598154,0.8644462108510937,lstm
DEV-000011,EVT-0018280,2026-06-27 01:07:20.003822,0.5516377951339584,lstm
DEV-000016,EVT-0018281,2026-06-27 01:09:10.262119,0.584860709927368,lstm
DEV-000026,EVT-0018282,2026-06-27 01:10:41.295863,0.8055212127998944,lstm
DEV-000013,EVT-0018283,2026-06-27 01:12:31.090608,0.7395884651697604,lstm
DEV-000001,EVT-0018284,2026-06-27 01:27:37.971346,0.6109131359910693,lstm
USR-000106,EVT-0018285,2026-06-27 01:32:33.447048,0.4208290657769914,lstm
SVC-000056,EVT-0018286,2026-06-27 01:33:24.030921,0.6413216572506759,lstm
DEV-000012,EVT-0018287,2026-06-27 01:37:55.899525,0.9472581847277021,lstm
DEV-000019,EVT-0018288,2026-06-27 01:44:49.778114,0.5006707397730603,lstm
USR-000165,EVT-0018289,2026-06-27 01:53:30.301685,0.24788823781285632,lstm
SVC-000041,EVT-0018290,2026-06-27 01:53:51.526066,0.9209878391929349,lstm
SVC-000041,EVT-0018291,2026-06-27 02:03:24.810016,0.7870658504302369,lstm
SVC-000056,EVT-0018292,2026-06-27 02:03:27.894476,0.7252388791618272,lstm
SVC-000018,EVT-0018293,2026-06-27 02:04:41.772971,0.9979220050346004,lstm
SVC-000018,EVT-0018294,2026-06-27 02:14:38.125152,0.3841711226318012,lstm
SVC-000056,EVT-0018295,2026-06-27 02:19:09.707225,0.8776083921552218,lstm
USR-000165,EVT-0018296,2026-06-27 02:21:51.834779,0.4724757320587679,lstm
SVC-000018,EVT-0018297,2026-06-27 02:27:02.248310,0.2607931480159779,lstm
DEV-000004,EVT-0018298,2026-06-27 02:28:28.640416,0.8974189819767654,lstm
SVC-000018,EVT-0018299,2026-06-27 02:30:18.794665,0.28312109768837523,lstm
SVC-000041,EVT-0018300,2026-06-27 02:31:34.602410,0.904652120113009,lstm
SVC-000041,EVT-0018301,2026-06-27 02:40:55.416135,0.8304076004095288,lstm
SVC-000041,EVT-0018302,2026-06-27 02:41:29.572371,0.788163071094989,lstm
DEV-000026,EVT-0018303,2026-06-27 02:41:54.300173,0.7122578468330226,lstm
SVC-000018,EVT-0018304,2026-06-27 02:42:37.241550,0.4019573360558936,lstm
DEV-000001,EVT-0018305,2026-06-27 02:43:34.018151,0.49579566210913595,lstm
SVC-000014,EVT-0018306,2026-06-27 02:43:38.003507,0.9940027508067689,lstm
DEV-000015,EVT-0018307,2026-06-27 02:44:01.240478,0.7060420145220266,lstm
SVC-000018,EVT-0018308,2026-06-27 02:44:30.491442,0.7962145441838012,lstm
SVC-000018,EVT-0018309,2026-06-27 02:44:43.843579,0.6699265905835144,lstm
SVC-000014,EVT-0018310,2026-06-27 02:46:09.253216,0.42662092190375056,lstm
DEV-000026,EVT-0018311,2026-06-27 02:47:55.952768,0.8280514646615614,lstm
SVC-000041,EVT-0018312,2026-06-27 02:48:12.540774,0.6369858618373241,lstm
DEV-000018,EVT-0018313,2026-06-27 02:49:39.126680,0.8541087539347502,lstm
SVC-000041,EVT-0018314,2026-06-27 02:52:54.586703,0.7726915372453694,lstm
SVC-000018,EVT-0018315,2026-06-27 02:53:00.170643,0.4517891067644449,lstm
SVC-000014,EVT-0018316,2026-06-27 02:57:33.365170,0.30254708192606444,lstm
SVC-000018,EVT-0018317,2026-06-27 03:00:46.373510,0.32245653451965384,lstm
SVC-000014,EVT-0018318,2026-06-27 03:00:53.241780,0.35982464550405613,lstm
SVC-000018,EVT-0018319,2026-06-27 03:04:33.772696,0.3988542702538396,lstm
SVC-000018,EVT-0018320,2026-06-27 03:10:14.683794,0.4472832400636206,lstm
SVC-000041,EVT-0018321,2026-06-27 03:10:17.979660,0.865234514008703,lstm
DEV-000009,EVT-0018322,2026-06-27 03:11:26.401549,0.5412446340068674,lstm
DEV-000008,EVT-0018323,2026-06-27 03:13:42.830590,0.6783843773969915,lstm
SVC-000018,EVT-0018324,2026-06-27 03:16:33.830344,0.4041817192647488,lstm
SVC-000014,EVT-0018325,2026-06-27 03:17:40.877717,0.28402474827842766,lstm
SVC-000014,EVT-0018326,2026-06-27 03:20:49.645227,0.26023996465553906,lstm
SVC-000018,EVT-0018327,2026-06-27 03:26:38.881845,0.38296088953455937,lstm
DEV-000010,EVT-0018328,2026-06-27 03:28:50.223317,0.8649946216400816,lstm
SVC-000014,EVT-0018329,2026-06-27 03:38:13.414747,0.2660745589748477,lstm
DEV-000002,EVT-0018330,2026-06-27 03:43:35.148279,0.9654006154890726,lstm
DEV-000018,EVT-0018331,2026-06-27 03:44:07.575999,0.4272681578742998,lstm
DEV-000001,EVT-0018332,2026-06-27 03:44:25.353713,0.5898806687675849,lstm
DEV-000019,EVT-0018333,2026-06-27 03:45:00.057683,0.6073690364402968,lstm
DEV-000003,EVT-0018334,2026-06-27 03:48:10.803401,0.6625892548681815,lstm
SVC-000020,EVT-0018335,2026-06-27 03:49:13.015712,0.9326376941976842,lstm
SVC-000020,EVT-0018336,2026-06-27 04:08:13.619880,0.5184019518663499,lstm
SVC-000014,EVT-0018337,2026-06-27 04:08:32.687191,0.23200323148432328,lstm
SVC-000019,EVT-0018338,2026-06-27 04:10:04.689498,0.9824076120632119,lstm
SVC-000015,EVT-0018339,2026-06-27 04:12:45.578872,0.9695495481970139,lstm
SVC-000014,EVT-0018340,2026-06-27 04:16:06.737712,0.26449951493090784,lstm
SVC-000007,EVT-0018341,2026-06-27 04:19:35.014809,0.9943073801397521,lstm
DEV-000021,EVT-0018342,2026-06-27 04:24:02.539255,0.7883755838052572,lstm
SVC-000015,EVT-0018343,2026-06-27 04:25:07.767872,0.40536464636358466,lstm
SVC-000019,EVT-0018344,2026-06-27 04:27:33.516293,0.34719975477795934,lstm
SVC-000019,EVT-0018345,2026-06-27 04:30:07.613990,0.4881441338900772,lstm
DEV-000001,EVT-0018346,2026-06-27 04:31:49.715725,0.6256219277195476,lstm
USR-000042,EVT-0018347,2026-06-27 04:35:16.164863,0.890489555463128,lstm
SVC-000019,EVT-0018348,2026-06-27 04:35:54.516883,0.6567960072137281,lstm
SVC-000015,EVT-0018349,2026-06-27 04:39:12.528299,0.7978269197764802,lstm
SVC-000015,EVT-0018350,2026-06-27 04:39:32.920102,0.8638937946190646,lstm
DEV-000017,EVT-0018351,2026-06-27 04:39:53.184730,0.7487564103792202,lstm
SVC-000007,EVT-0018352,2026-06-27 04:41:24.374520,0.339113116932604,lstm
SVC-000019,EVT-0018353,2026-06-27 04:42:20.409614,0.31850523129939784,lstm
SVC-000015,EVT-0018354,2026-06-27 04:43:15.021598,0.5219179581800425,lstm
SVC-000014,EVT-0018355,2026-06-27 04:43:18.037248,0.3151900533848498,lstm
SVC-000014,EVT-0018356,2026-06-27 04:45:11.556621,0.3862049179754558,lstm
DEV-000018,EVT-0018357,2026-06-27 04:47:13.977884,0.34431376851660767,lstm
DEV-000011,EVT-0018358,2026-06-27 04:47:14.663200,0.3502199949968486,lstm
DEV-000012,EVT-0018359,2026-06-27 04:47:20.456468,0.6143561046367755,lstm
SVC-000007,EVT-0018360,2026-06-27 04:48:13.316317,0.4275606593106686,lstm
SVC-000007,EVT-0018361,2026-06-27 04:51:19.844336,0.2903006857306198,lstm
SVC-000019,EVT-0018362,2026-06-27 04:52:53.533388,0.3176053896536639,lstm
SVC-000019,EVT-0018363,2026-06-27 04:58:56.939161,0.3492145514449202,lstm
SVC-000007,EVT-0018364,2026-06-27 05:01:13.892860,0.4371749009775339,lstm
SVC-000014,EVT-0018365,2026-06-27 05:03:07.212635,0.2575081452189151,lstm
SVC-000015,EVT-0018366,2026-06-27 05:03:57.874979,0.3050128249129695,lstm
SVC-000014,EVT-0018367,2026-06-27 05:04:13.676786,0.42436003017509666,lstm
SVC-000014,EVT-0018368,2026-06-27 05:05:33.819026,0.45899845129347777,lstm
DEV-000002,EVT-0018369,2026-06-27 05:08:42.656084,0.7428251319735162,lstm
USR-000058,EVT-0018370,2026-06-27 05:08:57.861825,0.5995837374612304,lstm
SVC-000007,EVT-0018371,2026-06-27 05:10:23.669236,0.21684967951678946,lstm
SVC-000014,EVT-0018372,2026-06-27 05:12:01.760858,0.7080460855944297,lstm
SVC-000007,EVT-0018373,2026-06-27 05:13:53.482842,0.42238975825694147,lstm
SVC-000014,EVT-0018374,2026-06-27 05:15:12.189500,0.3348009599118253,lstm
SVC-000007,EVT-0018375,2026-06-27 05:21:35.056921,0.2567750752138762,lstm
SVC-000007,EVT-0018376,2026-06-27 05:24:15.053378,0.4395781718412469,lstm
SVC-000014,EVT-0018377,2026-06-27 05:24:26.046162,0.40086561441643875,lstm
SVC-000019,EVT-0018378,2026-06-27 05:26:17.722895,0.28184159868944264,lstm
SVC-000007,EVT-0018379,2026-06-27 05:27:11.546203,0.42915439627060886,lstm
DEV-000009,EVT-0018380,2026-06-27 05:27:30.259825,0.35928499677371023,lstm
SVC-000014,EVT-0018381,2026-06-27 05:27:39.079864,0.2792186642412151,lstm
SVC-000007,EVT-0018382,2026-06-27 05:29:42.159841,0.33116708698050046,lstm
USR-000156,EVT-0018383,2026-06-27 05:30:49.924279,0.7694050638783362,lstm
SVC-000031,EVT-0018384,2026-06-27 05:34:00.039809,0.999546968372491,lstm
DEV-000025,EVT-0018385,2026-06-27 05:46:28.513478,0.7329432081488773,lstm
SVC-000019,EVT-0018386,2026-06-27 05:50:54.810185,0.30922932253096447,lstm
SVC-000015,EVT-0018387,2026-06-27 06:01:52.520982,0.3815647022129395,lstm
SVC-000019,EVT-0018388,2026-06-27 06:07:50.702662,0.3205414724266338,lstm
SVC-000009,EVT-0018389,2026-06-27 06:09:11.971700,0.9985433457657541,lstm
SVC-000009,EVT-0018390,2026-06-27 06:11:33.697616,0.7555428336601829,lstm
DEV-000012,EVT-0018391,2026-06-27 06:12:09.808281,0.38102188750246757,lstm
DEV-000013,EVT-0018392,2026-06-27 06:13:36.274588,0.460206426210099,lstm
SVC-000009,EVT-0018393,2026-06-27 06:14:25.937498,0.5514627891491409,lstm
USR-000094,EVT-0018394,2026-06-27 06:16:56.023769,0.5069984592002765,lstm
USR-000135,EVT-0018395,2026-06-27 06:22:25.290650,0.6449694992484577,lstm
SVC-000009,EVT-0018396,2026-06-27 06:22:28.151662,0.5298253294045815,lstm
USR-000025,EVT-0018397,2026-06-27 06:23:02.499555,0.9710391291589046,lstm
SVC-000009,EVT-0018398,2026-06-27 06:24:12.364546,0.6528890650410242,lstm
SVC-000009,EVT-0018399,2026-06-27 06:27:27.101092,0.7117033609701514,lstm
SVC-000030,EVT-0018400,2026-06-27 06:31:34.786519,0.9109995056039724,lstm
USR-000137,EVT-0018401,2026-06-27 06:32:30.638595,0.7500103018960365,lstm
USR-000094,EVT-0018402,2026-06-27 06:34:47.390800,0.44188689335657977,lstm
USR-000129,EVT-0018403,2026-06-27 06:36:47.985862,0.8620531765692261,lstm
DEV-000022,EVT-0018404,2026-06-27 06:40:04.008092,0.5898338339945347,lstm
USR-000167,EVT-0018405,2026-06-27 06:43:27.131863,0.9999941409938552,lstm
SVC-000031,EVT-0018406,2026-06-27 06:44:17.506404,0.9668847036005324,lstm
DEV-000025,EVT-0018407,2026-06-27 06:47:54.112928,0.6691616354433901,lstm
DEV-000008,EVT-0018408,2026-06-27 06:48:12.480629,0.5737463784629222,lstm
SVC-000009,EVT-0018409,2026-06-27 06:53:05.160100,0.4679925867324142,lstm
DEV-000008,EVT-0018410,2026-06-27 06:54:08.727760,0.9429079114462974,lstm
SVC-000031,EVT-0018411,2026-06-27 06:55:02.758451,0.776426734349823,lstm
USR-000096,EVT-0018412,2026-06-27 06:58:55.939126,0.7088053570467931,lstm
SVC-000031,EVT-0018413,2026-06-27 07:04:10.247784,0.7574102132607736,lstm
SVC-000031,EVT-0018414,2026-06-27 07:09:34.755311,0.7189058513008871,lstm
SVC-000031,EVT-0018415,2026-06-27 07:12:25.294171,0.7347859332120149,lstm
DEV-000020,EVT-0018416,2026-06-27 07:12:34.454652,0.4772308236180505,lstm
SVC-000031,EVT-0018417,2026-06-27 07:13:17.431543,0.8475013928434335,lstm
USR-000093,EVT-0018418,2026-06-27 07:14:01.386607,0.6808075913345685,lstm
USR-000199,EVT-0018419,2026-06-27 07:14:02.226477,0.36203831542240383,lstm
USR-000103,EVT-0018420,2026-06-27 07:14:21.838829,0.48249793186490325,lstm
SVC-000031,EVT-0018421,2026-06-27 07:14:25.511175,0.7338787771911754,lstm
SVC-000055,EVT-0018422,2026-06-27 07:18:03.579561,0.9923875059715185,lstm
SVC-000031,EVT-0018423,2026-06-27 07:24:38.222961,0.4890958407607537,lstm
SVC-000031,EVT-0018424,2026-06-27 07:24:50.109459,0.846368952343688,lstm
SVC-000055,EVT-0018425,2026-06-27 07:24:51.784780,0.5228025245452318,lstm
USR-000049,EVT-0018426,2026-06-27 07:27:02.491491,0.7267319359634056,lstm
SVC-000055,EVT-0018427,2026-06-27 07:27:39.734368,0.4039462175412786,lstm
SVC-000011,EVT-0018428,2026-06-27 07:27:48.634424,0.9950679156743241,lstm
SVC-000053,EVT-0018429,2026-06-27 07:28:49.269738,0.9957169501175802,lstm
SVC-000055,EVT-0018430,2026-06-27 07:30:18.681066,0.5045314289207371,lstm
SVC-000051,EVT-0018431,2026-06-27 07:31:33.938307,1.0,lstm
SVC-000031,EVT-0018432,2026-06-27 07:32:26.426232,0.5504091593980259,lstm
SVC-000055,EVT-0018433,2026-06-27 07:33:21.196217,0.4432687776442355,lstm
USR-000157,EVT-0018434,2026-06-27 07:35:06.299313,0.6523775072313328,lstm
DEV-000009,EVT-0018435,2026-06-27 07:36:15.711917,0.22092674755205904,lstm
SVC-000055,EVT-0018436,2026-06-27 07:38:31.629402,0.3706688158701644,lstm
SVC-000055,EVT-0018437,2026-06-27 07:39:32.556031,0.6990537665398163,lstm
SVC-000031,EVT-0018438,2026-06-27 07:43:11.006633,0.550817215345726,lstm
DEV-000025,EVT-0018439,2026-06-27 07:44:32.699927,0.5881011955596261,lstm
SVC-000055,EVT-0018440,2026-06-27 07:48:22.378326,0.8364625624946779,lstm
USR-000042,EVT-0018441,2026-06-27 07:48:23.097255,0.34217226202507156,lstm
DEV-000013,EVT-0018442,2026-06-27 07:49:05.228691,0.6043729891774862,lstm
SVC-000055,EVT-0018443,2026-06-27 07:49:43.541174,0.419887809203491,lstm
USR-000103,EVT-0018444,2026-06-27 07:49:48.915183,0.355521850894386,lstm
SVC-000030,EVT-0018445,2026-06-27 07:50:04.988169,0.46092101046597495,lstm
SVC-000055,EVT-0018446,2026-06-27 07:50:13.111653,0.5675395628225607,lstm
USR-000029,EVT-0018447,2026-06-27 07:53:18.370003,0.5220873432035756,lstm
SVC-000031,EVT-0018448,2026-06-27 07:54:31.536683,0.6608479078596672,lstm
SVC-000030,EVT-0018449,2026-06-27 07:54:35.579440,0.5776832114034861,lstm
DEV-000021,EVT-0018450,2026-06-27 07:57:23.612644,0.746562531720411,lstm
USR-000054,EVT-0018451,2026-06-27 07:57:23.711205,0.8506303984328916,lstm
USR-000213,EVT-0018452,2026-06-27 07:57:39.629092,0.7070319073358651,lstm
USR-000167,EVT-0018453,2026-06-27 07:58:04.164947,0.8932765388565367,lstm
SVC-000055,EVT-0018454,2026-06-27 07:58:38.377439,0.47183048777846615,lstm
SVC-000011,EVT-0018455,2026-06-27 07:58:50.036612,0.44467572467651706,lstm
SVC-000031,EVT-0018456,2026-06-27 07:59:27.673951,0.3870397219470468,lstm
SVC-000030,EVT-0018457,2026-06-27 07:59:47.913349,0.6296380739921342,lstm
DEV-000016,EVT-0018458,2026-06-27 08:00:06.822782,0.2978734469157163,lstm
USR-000190,EVT-0018459,2026-06-27 08:01:34.141118,0.6051827234419154,lstm
USR-000129,EVT-0018460,2026-06-27 08:03:42.495131,0.3875848176907901,lstm
SVC-000011,EVT-0018461,2026-06-27 08:05:10.743242,0.3379299107608091,lstm
SVC-000031,EVT-0018462,2026-06-27 08:05:47.593032,0.24452309631961927,lstm
DEV-000005,EVT-0018463,2026-06-27 08:06:25.027336,0.8301460252212317,lstm
USR-000095,EVT-0018464,2026-06-27 08:11:08.457753,0.46549628017999883,lstm
USR-000142,EVT-0018465,2026-06-27 08:11:32.452586,0.7872625190506295,lstm
SVC-000016,EVT-0018466,2026-06-27 08:12:06.136742,0.9528321203558099,lstm
SVC-000039,EVT-0018467,2026-06-27 08:12:41.869965,0.9964175264290366,lstm
SVC-000011,EVT-0018468,2026-06-27 08:12:44.998182,0.3218832490242934,lstm
USR-000015,EVT-0018469,2026-06-27 08:13:19.165601,0.41716263904940537,lstm
USR-000190,EVT-0018470,2026-06-27 08:14:10.616368,0.531082394127553,lstm
USR-000069,EVT-0018471,2026-06-27 08:18:03.107318,0.5250724404768456,lstm
SVC-000046,EVT-0018472,2026-06-27 08:20:57.903098,0.9933453099223298,lstm
SVC-000046,EVT-0018473,2026-06-27 08:22:17.565705,0.48658746772507716,lstm
USR-000063,EVT-0018474,2026-06-27 08:23:08.523097,0.8557575570677302,lstm
USR-000048,EVT-0018475,2026-06-27 08:24:52.756739,0.731115475899486,lstm
USR-000194,EVT-0018476,2026-06-27 08:25:35.949789,0.6467727620949525,lstm
SVC-000011,EVT-0018477,2026-06-27 08:27:45.934183,0.3336905803198496,lstm
USR-000096,EVT-0018478,2026-06-27 08:28:26.616314,0.35888674497189743,lstm
SVC-000055,EVT-0018479,2026-06-27 08:28:30.372513,0.4980327837600295,lstm
DEV-000010,EVT-0018480,2026-06-27 08:29:48.942613,0.9229277247669493,lstm
SVC-000053,EVT-0018481,2026-06-27 08:30:29.370287,0.6429414638398467,lstm
SVC-000011,EVT-0018482,2026-06-27 08:31:33.912038,0.33565688973057806,lstm
SVC-000055,EVT-0018483,2026-06-27 08:33:43.729713,0.37800377878965924,lstm
SVC-000046,EVT-0018484,2026-06-27 08:36:06.623684,0.3029511393907408,lstm
USR-000009,EVT-0018485,2026-06-27 08:36:13.116271,0.33641119104230727,lstm
SVC-000051,EVT-0018486,2026-06-27 08:38:57.964345,0.9928198974653022,lstm
SVC-000011,EVT-0018487,2026-06-27 08:44:11.533719,0.34335764037883026,lstm
SVC-000046,EVT-0018488,2026-06-27 08:45:55.744822,0.33280397727690425,lstm
DEV-000003,EVT-0018489,2026-06-27 08:46:49.183498,0.2752171565291768,lstm
SVC-000016,EVT-0018490,2026-06-27 08:48:29.759402,0.7153013711073758,lstm
USR-000164,EVT-0018491,2026-06-27 08:49:39.819672,0.4076699334018198,lstm
USR-000015,EVT-0018492,2026-06-27 08:49:48.624321,0.41507772303732543,lstm
SVC-000046,EVT-0018493,2026-06-27 08:49:54.008917,0.4109138951711684,lstm
SVC-000011,EVT-0018494,2026-06-27 08:52:32.369609,0.242356962549345,lstm
SVC-000008,EVT-0018495,2026-06-27 08:52:47.395088,0.993167618959484,lstm
USR-000171,EVT-0018496,2026-06-27 08:53:10.444107,0.9089073441670669,lstm
SVC-000011,EVT-0018497,2026-06-27 08:54:32.629050,0.34979682018763464,lstm
USR-000001,EVT-0018498,2026-06-27 08:54:46.491109,0.5308141501717802,lstm
SVC-000046,EVT-0018499,2026-06-27 08:55:18.388521,0.4595977844835355,lstm
SVC-000046,EVT-0018500,2026-06-27 08:56:46.613608,0.42839877782376723,lstm
SVC-000046,EVT-0018501,2026-06-27 08:57:33.356852,0.5418545108927849,lstm
USR-000138,EVT-0018502,2026-06-27 08:58:24.423296,0.40155651943860404,lstm
SVC-000016,EVT-0018503,2026-06-27 08:58:24.628815,0.40157716575438246,lstm
DEV-000010,EVT-0018504,2026-06-27 08:59:28.689213,0.6538192756201908,lstm
DEV-000002,EVT-0018505,2026-06-27 09:00:22.142962,0.6156712692715325,lstm
USR-000091,EVT-0018506,2026-06-27 09:00:48.317621,0.389457118148543,baseline_fallback
USR-000164,EVT-0018507,2026-06-27 09:01:39.714661,0.39554277152939027,lstm
USR-000138,EVT-0018508,2026-06-27 09:01:41.396790,0.4294977629335806,lstm
USR-000213,EVT-0018509,2026-06-27 09:01:50.221864,0.47218914238875803,lstm
SVC-000053,EVT-0018510,2026-06-27 09:02:30.397994,0.460062962911807,lstm
USR-000063,EVT-0018511,2026-06-27 09:07:14.110059,0.7577423298650988,lstm
SVC-000011,EVT-0018512,2026-06-27 09:09:00.260862,0.2637919821643382,lstm
USR-000153,EVT-0018513,2026-06-27 09:09:22.068933,0.5687114098542906,lstm
DEV-000002,EVT-0018514,2026-06-27 09:10:11.936455,0.5108603663535304,lstm
USR-000069,EVT-0018515,2026-06-27 09:11:55.927807,0.4348025365790807,lstm
USR-000042,EVT-0018516,2026-06-27 09:15:09.602030,0.2589807659876191,lstm
USR-000114,EVT-0018517,2026-06-27 09:16:27.108792,0.39080136171984126,baseline_fallback
DEV-000018,EVT-0018518,2026-06-27 09:17:08.611236,0.2455450256913018,lstm
SVC-000046,EVT-0018519,2026-06-27 09:18:11.703672,0.5541528774184914,lstm
SVC-000011,EVT-0018520,2026-06-27 09:20:56.732191,0.2580277941926666,lstm
USR-000164,EVT-0018521,2026-06-27 09:21:33.179616,0.3124542017638623,lstm
SVC-000011,EVT-0018522,2026-06-27 09:22:00.483616,0.5187432839422147,lstm
SVC-000046,EVT-0018523,2026-06-27 09:22:01.218945,0.39274916778429275,lstm
USR-000190,EVT-0018524,2026-06-27 09:23:45.184206,0.44800545721839136,lstm
USR-000172,EVT-0018525,2026-06-27 09:24:15.170075,0.4853818180906764,lstm
DEV-000012,EVT-0018526,2026-06-27 09:24:20.555619,0.5253567442554391,lstm
SVC-000013,EVT-0018527,2026-06-27 09:26:14.530140,0.9950819026921536,lstm
USR-000171,EVT-0018528,2026-06-27 09:26:24.986410,0.37743462914750325,lstm
SVC-000046,EVT-0018529,2026-06-27 09:27:43.990510,0.4106351215790698,lstm
SVC-000039,EVT-0018530,2026-06-27 09:29:59.879665,0.6427281145453098,lstm
SVC-000011,EVT-0018531,2026-06-27 09:33:38.153265,0.3828890584091062,lstm
SVC-000030,EVT-0018532,2026-06-27 09:33:47.751786,0.5819969656746419,lstm
SVC-000053,EVT-0018533,2026-06-27 09:35:11.024555,0.6990299535801494,lstm
SVC-000053,EVT-0018534,2026-06-27 09:36:46.710093,0.7756896402790392,lstm
SVC-000013,EVT-0018535,2026-06-27 09:37:25.597217,0.5102483971178475,lstm
USR-000142,EVT-0018536,2026-06-27 09:39:29.457949,0.6737326239479617,lstm
USR-000102,EVT-0018537,2026-06-27 09:42:47.932543,0.4212350965917184,lstm
USR-000016,EVT-0018538,2026-06-27 09:46:25.711703,0.9250073351437751,lstm
USR-000142,EVT-0018539,2026-06-27 09:47:33.791637,0.8496627810781647,lstm
USR-000142,EVT-0018540,2026-06-27 09:49:45.910442,0.9021159964716909,lstm
USR-000123,EVT-0018541,2026-06-27 09:50:52.545903,0.9362894500993043,lstm
USR-000006,EVT-0018542,2026-06-27 09:51:44.354377,0.7634712586823079,lstm
USR-000132,EVT-0018543,2026-06-27 09:51:45.239761,0.5518413078040973,lstm
DEV-000014,EVT-0018544,2026-06-27 09:52:23.139633,0.8736646945930066,lstm
USR-000142,EVT-0018545,2026-06-27 09:55:08.452913,0.7366090625821061,lstm
SVC-000011,EVT-0018546,2026-06-27 09:57:26.380377,0.3166534812399213,lstm
SVC-000039,EVT-0018547,2026-06-27 09:57:53.023523,0.4228602616089597,lstm
USR-000007,EVT-0018548,2026-06-27 09:58:30.517224,0.8270951610859977,lstm
USR-000023,EVT-0018549,2026-06-27 09:58:56.971271,0.6758341710891416,lstm
USR-000077,EVT-0018550,2026-06-27 10:00:21.413143,0.596220688495066,lstm
USR-000194,EVT-0018551,2026-06-27 10:02:00.328585,0.5916507931962158,lstm
USR-000083,EVT-0018552,2026-06-27 10:02:15.180557,0.6524162196155611,baseline_fallback
USR-000090,EVT-0018553,2026-06-27 10:03:08.813704,0.5282789255606751,lstm
SVC-000013,EVT-0018554,2026-06-27 10:03:43.589099,0.5226064112762046,lstm
USR-000094,EVT-0018555,2026-06-27 10:04:29.465481,1.0,lstm
USR-000142,EVT-0018556,2026-06-27 10:05:39.686762,0.677768457893629,lstm
SVC-000008,EVT-0018557,2026-06-27 10:07:36.165816,0.6371874406353988,lstm
USR-000049,EVT-0018558,2026-06-27 10:08:44.658961,0.6671219904218091,lstm
USR-000015,EVT-0018559,2026-06-27 10:09:59.408138,0.24282161690445647,lstm
SVC-000016,EVT-0018560,2026-06-27 10:11:07.938169,0.44056771577261616,lstm
USR-000015,EVT-0018561,2026-06-27 10:11:11.995815,0.5643328487949176,lstm
USR-000099,EVT-0018562,2026-06-27 10:11:36.190888,0.3145278425745545,lstm
SVC-000013,EVT-0018563,2026-06-27 10:11:53.047007,0.3226187238545837,lstm
USR-000038,EVT-0018564,2026-06-27 10:15:45.310805,0.6455660148214664,lstm
USR-000173,EVT-0018565,2026-06-27 10:16:13.648666,0.7263269243795836,lstm
DEV-000002,EVT-0018566,2026-06-27 10:16:51.368366,0.24102458735622578,lstm
SVC-000013,EVT-0018567,2026-06-27 10:19:24.070132,0.38487952387022306,lstm
USR-000046,EVT-0018568,2026-06-27 10:19:48.747645,0.5426308785483485,lstm
USR-000137,EVT-0018569,2026-06-27 10:20:12.352540,0.3382785363759417,lstm
DEV-000016,EVT-0018570,2026-06-27 10:22:22.203583,0.25969703659366383,lstm
USR-000199,EVT-0018571,2026-06-27 10:23:40.002429,0.2497803459702222,lstm
SVC-000013,EVT-0018572,2026-06-27 10:25:14.938525,0.6852601426507307,lstm
USR-000199,EVT-0018573,2026-06-27 10:26:29.003661,0.6192352552577729,lstm
USR-000093,EVT-0018574,2026-06-27 10:26:41.501452,0.5689503119130657,lstm
SVC-000016,EVT-0018575,2026-06-27 10:27:23.352093,0.6014787944060104,lstm
USR-000047,EVT-0018576,2026-06-27 10:28:56.310213,0.3904534316697522,lstm
USR-000042,EVT-0018577,2026-06-27 10:29:42.203228,0.26084238753609096,lstm
SVC-000039,EVT-0018578,2026-06-27 10:31:19.598577,0.34822554813015577,lstm
SVC-000008,EVT-0018579,2026-06-27 10:31:46.465864,0.5468806003379523,lstm
USR-000118,EVT-0018580,2026-06-27 10:32:13.812143,0.3266775143708741,lstm
SVC-000021,EVT-0018581,2026-06-27 10:32:38.989096,0.9944372380935682,lstm
USR-000209,EVT-0018582,2026-06-27 10:32:59.835779,0.6121362601750134,lstm
SVC-000016,EVT-0018583,2026-06-27 10:33:43.055307,0.37469418281733424,lstm
USR-000030,EVT-0018584,2026-06-27 10:33:44.015877,0.43261180313747416,lstm
DEV-000006,EVT-0018585,2026-06-27 10:33:44.178517,0.42308578623027754,lstm
USR-000195,EVT-0018586,2026-06-27 10:33:57.142623,0.46028015044260984,lstm
SVC-000039,EVT-0018587,2026-06-27 10:34:11.835945,0.7944964544511601,lstm
USR-000084,EVT-0018588,2026-06-27 10:34:13.495528,0.7730976855228595,lstm
USR-000195,EVT-0018589,2026-06-27 10:34:27.462349,0.7651862136950979,lstm
SVC-000039,EVT-0018590,2026-06-27 10:34:47.869704,0.708201422096361,lstm
DEV-000011,EVT-0018591,2026-06-27 10:36:50.043505,0.2905327474514798,lstm
USR-000190,EVT-0018592,2026-06-27 10:37:09.525721,0.2993505051475695,lstm
DEV-000006,EVT-0018593,2026-06-27 10:37:11.317903,0.7746660659197531,lstm
SVC-000039,EVT-0018594,2026-06-27 10:39:21.505026,0.5035457767008791,lstm
USR-000169,EVT-0018595,2026-06-27 10:39:53.230217,0.8033414676216357,lstm
SVC-000050,EVT-0018596,2026-06-27 10:39:56.596720,0.9919860535960342,lstm
USR-000137,EVT-0018597,2026-06-27 10:40:45.191557,0.5092333612508935,lstm
USR-000048,EVT-0018598,2026-06-27 10:41:20.274660,0.48034591157529205,lstm
DEV-000026,EVT-0018599,2026-06-27 10:43:59.253049,0.4494074621195614,lstm
USR-000016,EVT-0018600,2026-06-27 10:44:41.678902,0.3290303489081341,lstm
USR-000169,EVT-0018601,2026-06-27 10:45:39.736938,0.7600000400075511,lstm
SVC-000013,EVT-0018602,2026-06-27 10:47:47.545662,0.4201576775685086,lstm
SVC-000021,EVT-0018603,2026-06-27 10:50:46.913011,0.443545040479009,lstm
USR-000164,EVT-0018604,2026-06-27 10:51:41.864673,0.2223850154476658,lstm
DEV-000014,EVT-0018605,2026-06-27 10:53:12.296501,0.7771597481579053,lstm
USR-000167,EVT-0018606,2026-06-27 10:54:16.292216,0.4160520147969088,lstm
DEV-000024,EVT-0018607,2026-06-27 10:54:31.139309,0.6982033842658979,lstm
USR-000015,EVT-0018608,2026-06-27 10:54:32.226607,0.2334822202358828,lstm
DEV-000010,EVT-0018609,2026-06-27 10:55:30.303587,0.5674077121428541,lstm
USR-000120,EVT-0018610,2026-06-27 10:55:58.650485,0.3974239504375484,lstm
USR-000060,EVT-0018611,2026-06-27 10:56:09.652705,0.39983874736995567,lstm
SVC-000039,EVT-0018612,2026-06-27 10:57:28.633890,0.3299707581797817,lstm
DEV-000004,EVT-0018613,2026-06-27 10:57:53.141433,0.4075489662737576,lstm
USR-000016,EVT-0018614,2026-06-27 10:57:56.436424,0.38774830040200564,lstm
USR-000096,EVT-0018615,2026-06-27 10:58:39.847132,0.3372220563601562,lstm
SVC-000039,EVT-0018616,2026-06-27 11:01:49.586627,0.3782108253316332,lstm
USR-000054,EVT-0018617,2026-06-27 11:02:26.250224,0.39858478043442713,lstm
SVC-000053,EVT-0018618,2026-06-27 11:03:52.028993,0.3855568879754374,lstm
USR-000190,EVT-0018619,2026-06-27 11:04:06.464735,0.2513567640034019,lstm
USR-000090,EVT-0018620,2026-06-27 11:04:25.199288,0.43288742456868523,lstm
SVC-000053,EVT-0018621,2026-06-27 11:04:40.610037,0.7869751054635427,lstm
SVC-000008,EVT-0018622,2026-06-27 11:07:07.002552,0.4029056375180131,lstm
SVC-000001,EVT-0018623,2026-06-27 11:08:20.516623,0.9877673402120641,lstm
USR-000129,EVT-0018624,2026-06-27 11:16:58.990199,0.2991049561079945,lstm
USR-000016,EVT-0018625,2026-06-27 11:18:19.916773,0.36982581760750854,lstm
USR-000060,EVT-0018626,2026-06-27 11:20:51.822024,0.5434979888013284,lstm
SVC-000050,EVT-0018627,2026-06-27 11:21:31.279499,0.4785799103895046,lstm
DEV-000009,EVT-0018628,2026-06-27 11:23:35.442609,0.20469648747207245,lstm
USR-000047,EVT-0018629,2026-06-27 11:24:36.859503,0.3063100409464767,lstm
USR-000061,EVT-0018630,2026-06-27 11:25:45.989212,0.559372172426226,lstm
USR-000030,EVT-0018631,2026-06-27 11:26:23.138258,0.33419117748219934,lstm
SVC-000039,EVT-0018632,2026-06-27 11:26:49.957872,0.40763549941816624,lstm
DEV-000021,EVT-0018633,2026-06-27 11:28:05.898507,0.5035405980790262,lstm
DEV-000009,EVT-0018634,2026-06-27 11:28:34.501478,0.46430544834685655,lstm
SVC-000050,EVT-0018635,2026-06-27 11:30:18.546238,0.4341681730355164,lstm
USR-000103,EVT-0018636,2026-06-27 11:30:52.479132,0.3694301058818236,lstm
USR-000079,EVT-0018637,2026-06-27 11:33:15.550986,0.8321401029719177,lstm
USR-000123,EVT-0018638,2026-06-27 11:33:32.086964,0.9302598105059854,lstm
SVC-000008,EVT-0018639,2026-06-27 11:34:20.575239,0.44371445363391315,lstm
USR-000047,EVT-0018640,2026-06-27 11:35:26.511319,0.2485379188507149,lstm
SVC-000013,EVT-0018641,2026-06-27 11:35:31.800651,0.862704634318173,lstm
SVC-000008,EVT-0018642,2026-06-27 11:37:07.614590,0.48375952981027054,lstm
USR-000137,EVT-0018643,2026-06-27 11:37:36.013793,0.27061292464310055,lstm
USR-000138,EVT-0018644,2026-06-27 11:37:41.841088,0.2830668001625861,lstm
USR-000006,EVT-0018645,2026-06-27 11:37:42.277761,0.46676794441262415,lstm
USR-000042,EVT-0018646,2026-06-27 11:40:30.047810,0.22170661974438338,lstm
USR-000023,EVT-0018647,2026-06-27 11:41:22.580443,0.269390779416755,lstm
USR-000092,EVT-0018648,2026-06-27 11:42:12.745235,0.7842206065641266,lstm
USR-000194,EVT-0018649,2026-06-27 11:45:01.422568,0.3034825377745685,lstm
SVC-000016,EVT-0018650,2026-06-27 11:45:59.164456,0.6972571181165986,lstm
SVC-000016,EVT-0018651,2026-06-27 11:46:17.506531,0.851866056969353,lstm
SVC-000008,EVT-0018652,2026-06-27 11:47:00.141954,0.7470135273946794,lstm
USR-000167,EVT-0018653,2026-06-27 11:48:09.697910,0.3889970398900149,lstm
USR-000060,EVT-0018654,2026-06-27 11:49:57.730630,0.46229284673903703,lstm
USR-000095,EVT-0018655,2026-06-27 11:51:18.086378,0.22333592443711825,lstm
USR-000063,EVT-0018656,2026-06-27 11:56:34.460292,0.5059250650845792,lstm
USR-000173,EVT-0018657,2026-06-27 11:56:43.667964,0.3699008400553708,lstm
DEV-000005,EVT-0018658,2026-06-27 11:56:59.521427,0.33650673152786037,lstm
USR-000056,EVT-0018659,2026-06-27 11:58:23.967873,0.8838140094044442,lstm
USR-000190,EVT-0018660,2026-06-27 11:59:10.052176,0.2367292321917021,lstm
SVC-000034,EVT-0018661,2026-06-27 12:00:12.638364,0.9929290910236473,lstm
USR-000173,EVT-0018662,2026-06-27 12:01:18.338306,0.4651434286749712,lstm
USR-000213,EVT-0018663,2026-06-27 12:01:28.885512,0.5813384110499561,lstm
SVC-000053,EVT-0018664,2026-06-27 12:03:08.813955,0.5898654610827909,lstm
USR-000021,EVT-0018665,2026-06-27 12:04:57.518080,0.34537242503296317,lstm
USR-000079,EVT-0018666,2026-06-27 12:06:42.416566,0.6601606633542865,lstm
SVC-000039,EVT-0018667,2026-06-27 12:06:49.111059,0.3807355609138126,lstm
USR-000170,EVT-0018668,2026-06-27 12:10:03.338931,1.0,lstm
SVC-000008,EVT-0018669,2026-06-27 12:10:03.686223,0.6641165602441622,lstm
SVC-000021,EVT-0018670,2026-06-27 12:11:37.696576,0.6440933764222334,lstm
USR-000048,EVT-0018671,2026-06-27 12:11:44.832867,0.3426143008022636,lstm
USR-000098,EVT-0018672,2026-06-27 12:13:12.383522,0.6609718155784957,lstm
USR-000194,EVT-0018673,2026-06-27 12:13:41.926151,0.32714601386946524,lstm
USR-000069,EVT-0018674,2026-06-27 12:14:41.674212,0.2836458499970681,lstm
SVC-000008,EVT-0018675,2026-06-27 12:15:18.025172,0.6744556045061003,lstm
SVC-000001,EVT-0018676,2026-06-27 12:16:17.101180,0.5149254839026555,lstm
SVC-000008,EVT-0018677,2026-06-27 12:16:41.558715,0.5659556446593301,lstm
SVC-000053,EVT-0018678,2026-06-27 12:17:21.397519,0.4582121940321605,lstm
USR-000120,EVT-0018679,2026-06-27 12:19:05.071825,0.24900682976601451,lstm
USR-000190,EVT-0018680,2026-06-27 12:19:37.257717,0.3235091201667097,lstm
SVC-000008,EVT-0018681,2026-06-27 12:21:07.674186,0.43444364365197674,lstm
USR-000006,EVT-0018682,2026-06-27 12:21:11.078435,0.4452594895080485,lstm
SVC-000021,EVT-0018683,2026-06-27 12:22:49.797394,0.24984451308353683,lstm
SVC-000008,EVT-0018684,2026-06-27 12:23:14.340006,0.7037151270746779,lstm
USR-000145,EVT-0018685,2026-06-27 12:23:28.144363,0.953223170222485,lstm
USR-000103,EVT-0018686,2026-06-27 12:24:09.123825,0.42041035252000136,lstm
USR-000030,EVT-0018687,2026-06-27 12:24:11.017298,0.23369847006797514,lstm
USR-000069,EVT-0018688,2026-06-27 12:24:13.362478,0.46810006757271916,lstm
USR-000063,EVT-0018689,2026-06-27 12:24:40.625466,0.6994558118283176,lstm
USR-000002,EVT-0018690,2026-06-27 12:24:43.709741,0.9788994139136709,lstm
USR-000137,EVT-0018691,2026-06-27 12:25:22.251671,0.5957886541598261,lstm
USR-000016,EVT-0018692,2026-06-27 12:25:36.891260,0.3278757311850271,lstm
USR-000213,EVT-0018693,2026-06-27 12:26:13.580875,0.6062743186767728,lstm
USR-000167,EVT-0018694,2026-06-27 12:26:47.997268,0.3849255654397738,lstm
DEV-000018,EVT-0018695,2026-06-27 12:27:23.241054,0.40296570768244566,lstm
USR-000203,EVT-0018696,2026-06-27 12:28:17.711758,0.6820407435703462,lstm
SVC-000001,EVT-0018697,2026-06-27 12:28:18.866452,0.36070753362741054,lstm
USR-000172,EVT-0018698,2026-06-27 12:30:28.579672,0.30576949871867853,lstm
SVC-000039,EVT-0018699,2026-06-27 12:30:34.919094,0.45273009304297085,lstm
USR-000008,EVT-0018700,2026-06-27 12:31:01.576400,0.6070612931997384,lstm
SVC-000050,EVT-0018701,2026-06-27 12:31:18.986029,0.3163031950194214,lstm
SVC-000021,EVT-0018702,2026-06-27 12:32:33.772849,0.5122927449705025,lstm
USR-000099,EVT-0018703,2026-06-27 12:34:34.118249,0.2610436864640023,lstm
USR-000171,EVT-0018704,2026-06-27 12:35:31.908636,0.31265244328843705,lstm
SVC-000001,EVT-0018705,2026-06-27 12:36:58.897213,0.3597756411695667,lstm
USR-000061,EVT-0018706,2026-06-27 12:37:05.347853,0.7119019226080354,lstm
SVC-000021,EVT-0018707,2026-06-27 12:37:17.458496,0.5623057603202944,lstm
USR-000063,EVT-0018708,2026-06-27 12:37:33.268970,0.5020979997242012,lstm
SVC-000016,EVT-0018709,2026-06-27 12:38:03.039553,0.6749000769990213,lstm
USR-000047,EVT-0018710,2026-06-27 12:39:10.270220,0.24884252910406543,lstm
USR-000096,EVT-0018711,2026-06-27 12:39:51.591320,0.5969478001367386,lstm
USR-000153,EVT-0018712,2026-06-27 12:39:56.190710,0.3269546009012953,lstm
DEV-000011,EVT-0018713,2026-06-27 12:41:01.252694,0.2785296866484903,lstm
USR-000135,EVT-0018714,2026-06-27 12:41:02.841948,0.26394048560600947,lstm
SVC-000039,EVT-0018715,2026-06-27 12:41:43.921400,0.378214432342551,lstm
SVC-000050,EVT-0018716,2026-06-27 12:41:43.956162,0.3716324282984794,lstm
SVC-000017,EVT-0018717,2026-06-27 12:43:45.031947,0.9832677783812188,lstm
DEV-000001,EVT-0018718,2026-06-27 12:44:02.586383,0.3147512197145307,lstm
SVC-000008,EVT-0018719,2026-06-27 12:44:02.897278,0.7019889034303654,lstm
SVC-000021,EVT-0018720,2026-06-27 12:44:07.589135,0.4879228534350692,lstm
USR-000129,EVT-0018721,2026-06-27 12:45:29.565869,0.43571807671240775,lstm
USR-000003,EVT-0018722,2026-06-27 12:47:12.123211,0.43460048008414304,lstm
USR-000149,EVT-0018723,2026-06-27 12:47:16.722780,0.5435686384684748,lstm
USR-000008,EVT-0018724,2026-06-27 12:47:51.322492,0.3450755515514707,lstm
USR-000003,EVT-0018725,2026-06-27 12:48:32.126599,0.5137987556606984,lstm
USR-000046,EVT-0018726,2026-06-27 12:49:17.022667,0.2715386501808182,lstm
USR-000092,EVT-0018727,2026-06-27 12:50:09.317183,0.5012734657645465,lstm
USR-000170,EVT-0018728,2026-06-27 12:51:37.675090,0.8133986149572873,lstm
USR-000029,EVT-0018729,2026-06-27 12:52:35.976825,0.46653743261897773,lstm
SVC-000021,EVT-0018730,2026-06-27 12:53:05.161591,0.3927784327909733,lstm
USR-000185,EVT-0018731,2026-06-27 12:54:01.524640,0.5646449655678972,lstm
USR-000054,EVT-0018732,2026-06-27 12:54:27.834986,0.25654712631715304,lstm
SVC-000027,EVT-0018733,2026-06-27 12:54:38.091101,0.9774468806765824,lstm
DEV-000011,EVT-0018734,2026-06-27 12:55:34.489652,0.5312185228591396,lstm
USR-000173,EVT-0018735,2026-06-27 12:57:04.828511,0.24585488073907233,lstm
USR-000047,EVT-0018736,2026-06-27 12:57:09.821708,0.23523051162902722,lstm
DEV-000005,EVT-0018737,2026-06-27 12:59:21.140629,0.35743736362815526,lstm
SVC-000050,EVT-0018738,2026-06-27 13:02:00.820454,0.26283513273023557,lstm
USR-000190,EVT-0018739,2026-06-27 13:04:10.661579,0.8012041282603773,lstm
USR-000063,EVT-0018740,2026-06-27 13:04:43.817679,0.4922024459624215,lstm
DEV-000005,EVT-0018741,2026-06-27 13:04:56.841986,0.7180282513990621,lstm
SVC-000034,EVT-0018742,2026-06-27 13:07:00.642283,0.5564973370483756,lstm
SVC-000053,EVT-0018743,2026-06-27 13:09:40.622327,0.5847787301122468,lstm
SVC-000049,EVT-0018744,2026-06-27 13:11:29.947809,0.9589092777069156,lstm
USR-000060,EVT-0018745,2026-06-27 13:12:21.515701,0.3153738182376089,lstm
USR-000050,EVT-0018746,2026-06-27 13:12:47.970295,0.4952153765568074,lstm
DEV-000003,EVT-0018747,2026-06-27 13:12:48.347919,0.23790747888936908,lstm
USR-000208,EVT-0018748,2026-06-27 13:14:16.956525,0.8452793209780207,lstm
USR-000171,EVT-0018749,2026-06-27 13:14:23.368877,0.4974308113442628,lstm
USR-000137,EVT-0018750,2026-06-27 13:14:32.287352,0.4222446775087069,lstm
USR-000054,EVT-0018751,2026-06-27 13:15:01.101611,0.3178959000491107,lstm
USR-000030,EVT-0018752,2026-06-27 13:18:01.907455,0.3053235867435849,lstm
USR-000170,EVT-0018753,2026-06-27 13:19:39.242328,0.8626004005031401,lstm
USR-000035,EVT-0018754,2026-06-27 13:24:43.042509,0.9153849983410174,lstm
USR-000170,EVT-0018755,2026-06-27 13:25:22.996477,0.4995733493354676,lstm
USR-000023,EVT-0018756,2026-06-27 13:25:46.708124,0.2459772353894946,lstm
SVC-000027,EVT-0018757,2026-06-27 13:26:02.606422,0.6250844305134977,lstm
SVC-000043,EVT-0018758,2026-06-27 13:27:35.984817,0.9046476119934288,lstm
USR-000102,EVT-0018759,2026-06-27 13:27:53.275589,0.37547816819682167,lstm
USR-000178,EVT-0018760,2026-06-27 13:27:54.505692,0.35034286259933084,lstm
USR-000008,EVT-0018761,2026-06-27 13:31:14.877208,0.23027994328550538,lstm
USR-000006,EVT-0018762,2026-06-27 13:31:21.667933,0.5023165034646548,lstm
SVC-000017,EVT-0018763,2026-06-27 13:33:45.988764,0.49932890840957544,lstm
SVC-000001,EVT-0018764,2026-06-27 13:33:48.363876,0.2563004216604749,lstm
SVC-000017,EVT-0018765,2026-06-27 13:34:19.119879,0.9126557826501133,lstm
USR-000018,EVT-0018766,2026-06-27 13:34:26.025034,0.8174742527695402,lstm
USR-000160,EVT-0018767,2026-06-27 13:34:33.047432,0.8167447088181582,lstm
USR-000083,EVT-0018768,2026-06-27 13:37:13.558746,0.9999809882035502,lstm
USR-000069,EVT-0018769,2026-06-27 13:37:54.229595,0.2746958340653772,lstm
SVC-000022,EVT-0018770,2026-06-27 13:40:03.823527,0.9999983524151423,lstm
SVC-000027,EVT-0018771,2026-06-27 13:41:44.407177,0.435877019366341,lstm
SVC-000017,EVT-0018772,2026-06-27 13:42:15.844314,0.44013897276507324,lstm
DEV-000015,EVT-0018773,2026-06-27 13:42:32.812136,0.249085872934988,lstm
USR-000090,EVT-0018774,2026-06-27 13:44:00.696901,0.3153750372297512,lstm
SVC-000043,EVT-0018775,2026-06-27 13:44:29.398472,0.44891174564550956,lstm
SVC-000039,EVT-0018776,2026-06-27 13:48:26.090076,0.6078019811924985,lstm
USR-000002,EVT-0018777,2026-06-27 13:48:41.224103,0.7449992791219009,lstm
USR-000042,EVT-0018778,2026-06-27 13:50:54.844734,0.2854235643961931,lstm
SVC-000022,EVT-0018779,2026-06-27 13:51:06.452882,0.9994637655648604,lstm
USR-000192,EVT-0018780,2026-06-27 13:51:48.240063,0.6505412754458421,lstm
SVC-000049,EVT-0018781,2026-06-27 13:52:03.126190,0.40821919518258354,lstm
USR-000046,EVT-0018782,2026-06-27 13:52:14.704035,0.36436206894101175,lstm
DEV-000023,EVT-0018783,2026-06-27 13:52:17.769874,0.7350779978982567,lstm
USR-000023,EVT-0018784,2026-06-27 13:53:05.226528,0.36707507106822207,lstm
SVC-000043,EVT-0018785,2026-06-27 13:53:37.224814,0.44691271829268087,lstm
SVC-000008,EVT-0018786,2026-06-27 13:55:20.351025,0.814495377312757,lstm
USR-000181,EVT-0018787,2026-06-27 13:55:43.121412,0.26630751675588005,lstm
USR-000020,EVT-0018788,2026-06-27 13:55:51.966315,0.9771992017399764,lstm
SVC-000049,EVT-0018789,2026-06-27 13:56:06.539677,0.8488098715500216,lstm
SVC-000049,EVT-0018790,2026-06-27 13:57:07.473458,0.8542025975840438,lstm
USR-000008,EVT-0018791,2026-06-27 13:57:08.123671,0.3289022542711002,lstm
DEV-000018,EVT-0018792,2026-06-27 13:57:18.351094,0.41926795249736665,lstm
USR-000028,EVT-0018793,2026-06-27 13:58:52.356174,0.3718712789865083,lstm
USR-000029,EVT-0018794,2026-06-27 14:01:09.373744,0.3112772581018014,lstm
USR-000023,EVT-0018795,2026-06-27 14:01:45.555342,0.31349192261209324,lstm
USR-000035,EVT-0018796,2026-06-27 14:02:29.521537,0.8904140369180547,lstm
USR-000060,EVT-0018797,2026-06-27 14:03:13.210008,0.34733561003821556,lstm
SVC-000017,EVT-0018798,2026-06-27 14:03:26.176590,0.47663255993658554,lstm
USR-000003,EVT-0018799,2026-06-27 14:03:50.080904,0.33697982526336173,lstm
SVC-000034,EVT-0018800,2026-06-27 14:03:54.202643,0.4901363180787983,lstm
SVC-000027,EVT-0018801,2026-06-27 14:04:38.319472,0.7239536268442434,lstm
USR-000060,EVT-0018802,2026-06-27 14:05:13.826331,0.6088148960832428,lstm
SVC-000017,EVT-0018803,2026-06-27 14:05:26.945792,0.6944392567577916,lstm
SVC-000022,EVT-0018804,2026-06-27 14:08:01.116059,0.9742968942897658,lstm
SVC-000049,EVT-0018805,2026-06-27 14:08:19.730729,0.4848752308439957,lstm
SVC-000049,EVT-0018806,2026-06-27 14:10:57.630139,0.610649413659061,lstm
USR-000035,EVT-0018807,2026-06-27 14:11:16.221995,0.660394473082163,lstm
SVC-000012,EVT-0018808,2026-06-27 14:14:37.317597,0.9766480792087927,lstm
SVC-000001,EVT-0018809,2026-06-27 14:14:43.602560,0.3199733984301495,lstm
USR-000211,EVT-0018810,2026-06-27 14:16:09.051640,0.7082005695658355,lstm
DEV-000013,EVT-0018811,2026-06-27 14:18:21.816736,0.3803752236574731,lstm
SVC-000022,EVT-0018812,2026-06-27 14:19:05.553823,0.8425255853370358,lstm
DEV-000024,EVT-0018813,2026-06-27 14:19:25.564569,0.5613024405260845,lstm
SVC-000008,EVT-0018814,2026-06-27 14:20:45.735065,0.7086033334563928,lstm
SVC-000028,EVT-0018815,2026-06-27 14:22:01.099559,0.999647351056829,lstm
SVC-000022,EVT-0018816,2026-06-27 14:22:41.726308,0.8514231395102303,lstm
SVC-000027,EVT-0018817,2026-06-27 14:22:47.142016,0.5109431957624764,lstm
SVC-000049,EVT-0018818,2026-06-27 14:22:51.161468,0.42796200482564306,lstm
USR-000092,EVT-0018819,2026-06-27 14:22:54.217540,0.7648321912449072,lstm
USR-000008,EVT-0018820,2026-06-27 14:24:01.870467,0.2632415327884174,lstm
USR-000035,EVT-0018821,2026-06-27 14:26:16.367989,0.5034628156985015,lstm
SVC-000027,EVT-0018822,2026-06-27 14:26:57.790922,0.6732680916743013,lstm
USR-000110,EVT-0018823,2026-06-27 14:27:11.992107,0.3307006207341094,lstm
USR-000018,EVT-0018824,2026-06-27 14:27:45.074768,0.8146858568888139,lstm
USR-000057,EVT-0018825,2026-06-27 14:29:36.482170,0.8495736955302904,lstm
USR-000204,EVT-0018826,2026-06-27 14:29:45.383094,0.3352165043554454,lstm
USR-000187,EVT-0018827,2026-06-27 14:30:00.560341,0.4879700470814308,lstm
USR-000035,EVT-0018828,2026-06-27 14:30:34.116831,0.7476095274108499,lstm
DEV-000001,EVT-0018829,2026-06-27 14:31:24.563735,0.2747387344819402,lstm
USR-000185,EVT-0018830,2026-06-27 14:32:32.405029,0.4055456387805331,lstm
DEV-000011,EVT-0018831,2026-06-27 14:32:39.511512,0.3696392448693427,lstm
DEV-000014,EVT-0018832,2026-06-27 14:32:43.493182,0.4430491946544261,lstm
SVC-000022,EVT-0018833,2026-06-27 14:33:28.692856,0.5611537477306513,lstm
SVC-000039,EVT-0018834,2026-06-27 14:34:39.408416,0.7078101700863881,lstm
USR-000001,EVT-0018835,2026-06-27 14:34:39.593307,0.5009780800904133,lstm
USR-000206,EVT-0018836,2026-06-27 14:34:53.894773,0.646193057160106,lstm
USR-000054,EVT-0018837,2026-06-27 14:35:48.731686,0.34869609660491613,lstm
DEV-000025,EVT-0018838,2026-06-27 14:35:54.382953,0.7424875178020578,lstm
DEV-000007,EVT-0018839,2026-06-27 14:37:44.084634,0.638253023878232,lstm
USR-000209,EVT-0018840,2026-06-27 14:38:25.142599,0.552023513206001,lstm
SVC-000012,EVT-0018841,2026-06-27 14:38:52.766153,0.3078649401255661,lstm
USR-000160,EVT-0018842,2026-06-27 14:40:11.683041,0.6109007004274588,lstm
SVC-000001,EVT-0018843,2026-06-27 14:40:15.527953,0.26235894804203863,lstm
SVC-000017,EVT-0018844,2026-06-27 14:40:18.677105,0.8133943008993786,lstm
USR-000028,EVT-0018845,2026-06-27 14:42:21.890669,0.24843207001466994,lstm
DEV-000022,EVT-0018846,2026-06-27 14:43:11.175812,0.36473017211117575,lstm
SVC-000028,EVT-0018847,2026-06-27 14:43:29.011993,0.9831611900754144,lstm
USR-000199,EVT-0018848,2026-06-27 14:43:56.615716,0.33399664856394007,lstm
SVC-000012,EVT-0018849,2026-06-27 14:44:15.320786,0.404002194996094,lstm
USR-000029,EVT-0018850,2026-06-27 14:46:12.251546,0.4861823587377582,lstm
USR-000110,EVT-0018851,2026-06-27 14:46:39.208353,0.31438930485500133,lstm
USR-000091,EVT-0018852,2026-06-27 14:46:52.609923,0.34870580457809996,baseline_fallback
USR-000145,EVT-0018853,2026-06-27 14:48:40.156999,1.0,lstm
SVC-000012,EVT-0018854,2026-06-27 14:49:14.673061,0.3124832758577251,lstm
SVC-000017,EVT-0018855,2026-06-27 14:50:47.018184,0.7845647937048309,lstm
USR-000152,EVT-0018856,2026-06-27 14:51:54.095787,0.8379912258961963,lstm
USR-000135,EVT-0018857,2026-06-27 14:52:42.504029,0.3822011384254978,lstm
SVC-000012,EVT-0018858,2026-06-27 14:53:22.428714,0.39981164664110935,lstm
USR-000208,EVT-0018859,2026-06-27 14:53:46.075995,0.6229334384020038,lstm
USR-000028,EVT-0018860,2026-06-27 14:53:55.163604,0.3881354449098422,lstm
SVC-000027,EVT-0018861,2026-06-27 14:55:34.281353,0.5281227237500822,lstm
SVC-000017,EVT-0018862,2026-06-27 14:57:17.341087,0.750240200764149,lstm
USR-000084,EVT-0018863,2026-06-27 14:57:27.298583,0.4144589984251833,lstm
USR-000092,EVT-0018864,2026-06-27 14:57:41.686917,0.37223988234295197,lstm
USR-000126,EVT-0018865,2026-06-27 14:58:50.629832,0.7033857635104561,lstm
SVC-000049,EVT-0018866,2026-06-27 14:59:26.523968,0.32155854241614557,lstm
SVC-000010,EVT-0018867,2026-06-27 15:00:50.465147,0.9666071866043786,lstm
SVC-000012,EVT-0018868,2026-06-27 15:01:46.238591,0.27180807774546606,lstm
USR-000079,EVT-0018869,2026-06-27 15:03:27.058870,0.6925202560600264,lstm
USR-000046,EVT-0018870,2026-06-27 15:04:11.163525,0.24788921639476122,lstm
SVC-000028,EVT-0018871,2026-06-27 15:04:38.759058,0.9657739463465522,lstm
USR-000023,EVT-0018872,2026-06-27 15:04:44.624216,0.3336371189996644,lstm
USR-000197,EVT-0018873,2026-06-27 15:05:01.825084,0.5122745602347227,lstm
USR-000038,EVT-0018874,2026-06-27 15:06:52.366443,0.388095787673983,lstm
DEV-000007,EVT-0018875,2026-06-27 15:08:22.243206,0.45052704818473294,lstm
SVC-000027,EVT-0018876,2026-06-27 15:08:53.669089,0.431627131792479,lstm
SVC-000017,EVT-0018877,2026-06-27 15:09:28.578023,0.6010730099445287,lstm
USR-000110,EVT-0018878,2026-06-27 15:11:42.220317,0.3068096523552845,lstm
SVC-000027,EVT-0018879,2026-06-27 15:11:56.209899,0.5355346376170407,lstm
SVC-000012,EVT-0018880,2026-06-27 15:12:20.402061,0.322454440131585,lstm
USR-000077,EVT-0018881,2026-06-27 15:13:14.919815,0.27630457161776295,lstm
SVC-000027,EVT-0018882,2026-06-27 15:13:43.167836,0.6131462106650406,lstm
SVC-000027,EVT-0018883,2026-06-27 15:14:25.308002,0.6898712638878881,lstm
USR-000092,EVT-0018884,2026-06-27 15:14:35.096239,0.39006200708854677,lstm
USR-000169,EVT-0018885,2026-06-27 15:15:01.772251,0.5268238006834681,lstm
USR-000170,EVT-0018886,2026-06-27 15:15:45.574739,0.32515085519029424,lstm
USR-000103,EVT-0018887,2026-06-27 15:16:23.700828,0.5170456610167496,lstm
USR-000130,EVT-0018888,2026-06-27 15:17:38.121563,0.9532887353870962,lstm
USR-000003,EVT-0018889,2026-06-27 15:19:29.533117,0.25399496128942745,lstm
USR-000002,EVT-0018890,2026-06-27 15:22:37.297082,0.7567221083820376,lstm
USR-000136,EVT-0018891,2026-06-27 15:24:07.341762,0.8789447354290337,lstm
USR-000028,EVT-0018892,2026-06-27 15:24:58.253229,0.3312175803010429,lstm
SVC-000012,EVT-0018893,2026-06-27 15:25:09.622625,0.34066809603434495,lstm
SVC-000049,EVT-0018894,2026-06-27 15:25:41.836197,0.35248353204083543,lstm
SVC-000049,EVT-0018895,2026-06-27 15:26:27.000734,0.8217616428362979,lstm
SVC-000012,EVT-0018896,2026-06-27 15:28:46.063322,0.3845130697346858,lstm
SVC-000012,EVT-0018897,2026-06-27 15:29:05.885673,0.5908844690330352,lstm
USR-000196,EVT-0018898,2026-06-27 15:31:23.308938,0.38382461156227854,lstm
SVC-000010,EVT-0018899,2026-06-27 15:31:27.563350,0.4044162902258628,lstm
SVC-000026,EVT-0018900,2026-06-27 15:32:08.077443,0.9546689212754434,lstm
USR-000089,EVT-0018901,2026-06-27 15:32:18.251807,0.3763892614061853,lstm
SVC-000012,EVT-0018902,2026-06-27 15:32:59.063909,0.3657355944980203,lstm
USR-000092,EVT-0018903,2026-06-27 15:34:03.866252,0.3191413232376056,lstm
USR-000028,EVT-0018904,2026-06-27 15:34:04.390693,0.4251829832518072,lstm
USR-000092,EVT-0018905,2026-06-27 15:36:53.485631,0.6463787450989537,lstm
DEV-000017,EVT-0018906,2026-06-27 15:37:06.211539,0.9298924700814436,lstm
USR-000186,EVT-0018907,2026-06-27 15:37:21.914317,0.9053271135533847,lstm
DEV-000003,EVT-0018908,2026-06-27 15:38:37.600602,0.3074435078130612,lstm
SVC-000027,EVT-0018909,2026-06-27 15:38:42.726167,0.37985149475078417,lstm
USR-000120,EVT-0018910,2026-06-27 15:40:38.626351,0.2562167334419649,lstm
SVC-000027,EVT-0018911,2026-06-27 15:40:55.903550,0.5935328906390926,lstm
USR-000178,EVT-0018912,2026-06-27 15:42:00.647293,0.27758050164929354,lstm
USR-000209,EVT-0018913,2026-06-27 15:42:26.111357,0.3469626262952502,lstm
SVC-000027,EVT-0018914,2026-06-27 15:44:18.543223,0.4740126456433522,lstm
USR-000018,EVT-0018915,2026-06-27 15:45:41.851564,0.3856417078388805,lstm
USR-000196,EVT-0018916,2026-06-27 15:46:36.701853,0.29344094612335553,lstm
USR-000136,EVT-0018917,2026-06-27 15:48:03.851247,0.6053319018720742,lstm
USR-000138,EVT-0018918,2026-06-27 15:53:07.943307,0.38145269952192284,lstm
USR-000054,EVT-0018919,2026-06-27 15:53:21.376999,0.41288763487410746,lstm
USR-000210,EVT-0018920,2026-06-27 15:53:47.814039,0.5876396224974815,lstm
SVC-000028,EVT-0018921,2026-06-27 15:53:59.762984,0.8747521270544818,lstm
USR-000170,EVT-0018922,2026-06-27 15:54:21.765468,0.3536164156665922,lstm
SVC-000029,EVT-0018923,2026-06-27 15:54:23.190583,0.9999348635952295,lstm
USR-000045,EVT-0018924,2026-06-27 15:54:34.375058,0.7241090408122521,lstm
USR-000052,EVT-0018925,2026-06-27 15:56:29.027899,0.7492777341441148,lstm
USR-000005,EVT-0018926,2026-06-27 15:58:22.238945,0.3567410813105427,lstm
SVC-000008,EVT-0018927,2026-06-27 15:58:24.117546,0.9420622624797325,lstm
SVC-000049,EVT-0018928,2026-06-27 15:58:55.645477,0.4986860275182214,lstm
USR-000196,EVT-0018929,2026-06-27 16:02:37.929514,0.27287166171336075,lstm
SVC-000027,EVT-0018930,2026-06-27 16:03:56.092513,0.513403697963272,lstm
SVC-000027,EVT-0018931,2026-06-27 16:04:17.696035,0.6045222160883134,lstm
USR-000101,EVT-0018932,2026-06-27 16:04:42.593960,0.566278702711694,lstm
SVC-000029,EVT-0018933,2026-06-27 16:04:47.115451,0.9946531451876769,lstm
DEV-000017,EVT-0018934,2026-06-27 16:04:47.656412,0.8066784917196539,lstm
SVC-000049,EVT-0018935,2026-06-27 16:05:35.823580,0.5377619905878711,lstm
DEV-000025,EVT-0018936,2026-06-27 16:08:06.247374,0.6290327847893384,lstm
USR-000046,EVT-0018937,2026-06-27 16:08:21.203241,0.2974712256900537,lstm
USR-000077,EVT-0018938,2026-06-27 16:08:59.793606,0.31218777653098273,lstm
SVC-000012,EVT-0018939,2026-06-27 16:09:53.091018,0.5424336028618322,lstm
SVC-000028,EVT-0018940,2026-06-27 16:12:57.919585,0.871822212804714,lstm
USR-000002,EVT-0018941,2026-06-27 16:13:17.909117,0.5293314393798799,lstm
SVC-000027,EVT-0018942,2026-06-27 16:14:55.162465,0.49348112156622165,lstm
USR-000109,EVT-0018943,2026-06-27 16:16:55.755485,0.49264191919974226,lstm
USR-000077,EVT-0018944,2026-06-27 16:17:27.389996,0.48089662386542464,lstm
USR-000170,EVT-0018945,2026-06-27 16:18:04.862469,0.701672685938425,lstm
SVC-000028,EVT-0018946,2026-06-27 16:19:18.172408,0.9664801776710867,lstm
USR-000005,EVT-0018947,2026-06-27 16:25:12.216826,0.37074712191235565,lstm
USR-000028,EVT-0018948,2026-06-27 16:26:50.285903,0.34063248770733356,lstm
SVC-000010,EVT-0018949,2026-06-27 16:30:05.727002,0.5823432527042213,lstm
USR-000170,EVT-0018950,2026-06-27 16:33:16.501721,0.45258300374793364,lstm
USR-000126,EVT-0018951,2026-06-27 16:33:34.662743,0.6044664874502867,lstm
USR-000092,EVT-0018952,2026-06-27 16:34:03.790822,0.4943995662612659,lstm
USR-000110,EVT-0018953,2026-06-27 16:34:30.871313,0.27310356709305095,lstm
SVC-000010,EVT-0018954,2026-06-27 16:35:35.411413,0.4315453623491974,lstm
DEV-000016,EVT-0018955,2026-06-27 16:36:12.523688,0.34894141209182994,lstm
USR-000005,EVT-0018956,2026-06-27 16:37:55.701988,0.46550907627960003,lstm
SVC-000026,EVT-0018957,2026-06-27 16:37:59.872240,0.265183098510605,lstm
SVC-000049,EVT-0018958,2026-06-27 16:38:40.679701,0.42140190770289526,lstm
SVC-000005,EVT-0018959,2026-06-27 16:39:57.409004,0.992047574999937,lstm
SVC-000026,EVT-0018960,2026-06-27 16:41:08.699324,0.6671909140934441,lstm
SVC-000026,EVT-0018961,2026-06-27 16:41:22.302198,0.847383296633104,lstm
USR-000204,EVT-0018962,2026-06-27 16:41:24.248369,0.30394365902557896,lstm
USR-000045,EVT-0018963,2026-06-27 16:42:36.398037,0.4707946051713464,lstm
USR-000146,EVT-0018964,2026-06-27 16:44:14.939638,0.4513271500029775,lstm
USR-000152,EVT-0018965,2026-06-27 16:45:27.674377,0.4653680144139714,lstm
SVC-000028,EVT-0018966,2026-06-27 16:46:52.319629,0.7964821331091259,lstm
SVC-000010,EVT-0018967,2026-06-27 16:47:52.692298,0.37883288284247724,lstm
USR-000048,EVT-0018968,2026-06-27 16:49:10.124011,0.4768852721413697,lstm
SVC-000028,EVT-0018969,2026-06-27 16:55:58.808942,0.7438751234768561,lstm
SVC-000004,EVT-0018970,2026-06-27 16:58:20.909804,0.9811195048144316,lstm
SVC-000026,EVT-0018971,2026-06-27 16:58:29.104499,0.4890855138130147,lstm
USR-000145,EVT-0018972,2026-06-27 17:01:45.165888,0.912498783252026,lstm
SVC-000028,EVT-0018973,2026-06-27 17:02:16.464607,0.999949329661472,lstm
USR-000002,EVT-0018974,2026-06-27 17:06:50.249376,0.6278733216126856,lstm
DEV-000010,EVT-0018975,2026-06-27 17:07:30.874843,0.6883066217455307,lstm
USR-000210,EVT-0018976,2026-06-27 17:10:12.634373,0.4011006822428754,lstm
DEV-000001,EVT-0018977,2026-06-27 17:17:44.353459,0.3632282310172615,lstm
SVC-000037,EVT-0018978,2026-06-27 17:18:57.187555,0.9530862796919313,lstm
USR-000210,EVT-0018979,2026-06-27 17:23:38.366661,0.3789543566296107,lstm
SVC-000028,EVT-0018980,2026-06-27 17:24:30.466532,0.9796964829996582,lstm
USR-000178,EVT-0018981,2026-06-27 17:27:59.012563,0.33554894964324933,lstm
USR-000209,EVT-0018982,2026-06-27 17:27:59.531617,0.31142528122703933,lstm
SVC-000026,EVT-0018983,2026-06-27 17:28:53.464165,0.28490329247915697,lstm
DEV-000022,EVT-0018984,2026-06-27 17:32:33.244952,0.2120652341233472,lstm
SVC-000005,EVT-0018985,2026-06-27 17:32:59.139214,0.5933269923101365,lstm
USR-000052,EVT-0018986,2026-06-27 17:35:24.892085,0.4807259154248999,lstm
USR-000136,EVT-0018987,2026-06-27 17:40:12.659836,0.7456444179282625,lstm
USR-000152,EVT-0018988,2026-06-27 17:41:30.530826,0.7004371858659865,lstm
SVC-000023,EVT-0018989,2026-06-27 17:42:17.309529,0.9995703114793008,lstm
SVC-000029,EVT-0018990,2026-06-27 17:42:20.056883,0.8191139002323676,lstm
USR-000052,EVT-0018991,2026-06-27 17:43:39.753171,0.5074176568722955,lstm
SVC-000052,EVT-0018992,2026-06-27 17:47:44.225690,0.9642797026667483,lstm
SVC-000010,EVT-0018993,2026-06-27 17:47:54.072999,0.4321536530082876,lstm
USR-000003,EVT-0018994,2026-06-27 17:48:05.265523,0.3366128766631804,lstm
DEV-000021,EVT-0018995,2026-06-27 17:48:34.984958,0.8009334031149025,lstm
DEV-000023,EVT-0018996,2026-06-27 17:49:00.357666,0.5380200974206539,lstm
USR-000197,EVT-0018997,2026-06-27 17:50:43.736426,0.39618992524477137,lstm
USR-000109,EVT-0018998,2026-06-27 17:52:00.097333,0.23322976419519514,lstm
DEV-000001,EVT-0018999,2026-06-27 17:59:44.750321,0.46274955803195006,lstm
SVC-000037,EVT-0019000,2026-06-27 18:05:33.538037,0.7826552880589486,lstm
DEV-000007,EVT-0019001,2026-06-27 18:06:47.904496,0.21026819866671212,lstm
SVC-000044,EVT-0019002,2026-06-27 18:09:24.801299,0.9982601242146653,lstm
DEV-000009,EVT-0019003,2026-06-27 18:09:36.706952,0.5164525298219835,lstm
USR-000181,EVT-0019004,2026-06-27 18:13:06.646964,0.4052230854049285,lstm
DEV-000003,EVT-0019005,2026-06-27 18:14:56.289592,0.4189846555241891,lstm
DEV-000014,EVT-0019006,2026-06-27 18:16:13.547806,0.33436374244846157,lstm
SVC-000005,EVT-0019007,2026-06-27 18:17:17.335641,0.47699261811784277,lstm
SVC-000037,EVT-0019008,2026-06-27 18:18:30.164455,0.699761778067814,lstm
USR-000152,EVT-0019009,2026-06-27 18:18:50.946911,0.39197585884754294,lstm
SVC-000057,EVT-0019010,2026-06-27 18:19:16.781939,0.9544101486524779,lstm
SVC-000037,EVT-0019011,2026-06-27 18:19:37.994858,0.9792392087176367,lstm
DEV-000022,EVT-0019012,2026-06-27 18:20:17.284976,0.277915194634649,lstm
SVC-000037,EVT-0019013,2026-06-27 18:21:54.438327,0.8483136522407102,lstm
DEV-000012,EVT-0019014,2026-06-27 18:25:21.904285,0.8785767199902241,lstm
SVC-000044,EVT-0019015,2026-06-27 18:28:38.502829,0.5496578459922209,lstm
USR-000185,EVT-0019016,2026-06-27 18:29:12.131284,0.33957090534341594,lstm
DEV-000020,EVT-0019017,2026-06-27 18:30:03.972505,0.45102527600577536,lstm
USR-000110,EVT-0019018,2026-06-27 18:30:24.810468,0.3795468736877362,lstm
USR-000195,EVT-0019019,2026-06-27 18:36:21.603320,0.468682286566366,lstm
USR-000101,EVT-0019020,2026-06-27 18:37:49.923475,0.3920068070468013,lstm
USR-000212,EVT-0019021,2026-06-27 18:46:50.221271,0.5213890783899315,lstm
SVC-000037,EVT-0019022,2026-06-27 18:49:40.322981,0.4775259292622836,lstm
USR-000002,EVT-0019023,2026-06-27 18:52:20.305909,0.5769176350082428,lstm
USR-000185,EVT-0019024,2026-06-27 18:52:35.729513,0.5202458598346275,lstm
SVC-000006,EVT-0019025,2026-06-27 18:53:28.799242,0.9910773740834463,lstm
SVC-000037,EVT-0019026,2026-06-27 18:55:17.115600,0.767108729690338,lstm
SVC-000037,EVT-0019027,2026-06-27 18:55:47.300387,0.8341773685512806,lstm
SVC-000004,EVT-0019028,2026-06-27 18:57:55.647401,0.4992602779707619,lstm
SVC-000006,EVT-0019029,2026-06-27 18:58:48.289772,0.7849335125077046,lstm
SVC-000004,EVT-0019030,2026-06-27 19:00:29.269287,0.4105901141293057,lstm
SVC-000052,EVT-0019031,2026-06-27 19:00:33.135823,0.3817885748200035,lstm
SVC-000057,EVT-0019032,2026-06-27 19:00:36.414281,0.45040919452274775,lstm
DEV-000015,EVT-0019033,2026-06-27 19:02:49.713204,0.35370911329221855,lstm
SVC-000006,EVT-0019034,2026-06-27 19:03:12.746458,0.45329557951949706,lstm
DEV-000009,EVT-0019035,2026-06-27 19:03:31.866426,0.3782861293341348,lstm
SVC-000006,EVT-0019036,2026-06-27 19:04:03.455516,0.5051208228830245,lstm
SVC-000057,EVT-0019037,2026-06-27 19:04:45.217602,0.7132689415780072,lstm
USR-000185,EVT-0019038,2026-06-27 19:05:53.097864,0.4730061520461406,lstm
SVC-000006,EVT-0019039,2026-06-27 19:06:15.287234,0.39673890192622413,lstm
SVC-000006,EVT-0019040,2026-06-27 19:10:44.713956,0.2777106219230094,lstm
SVC-000044,EVT-0019041,2026-06-27 19:10:58.898497,0.47330367303082577,lstm
SVC-000004,EVT-0019042,2026-06-27 19:17:11.782024,0.2816045154435547,lstm
SVC-000006,EVT-0019043,2026-06-27 19:20:47.725564,0.6476707928148613,lstm
SVC-000037,EVT-0019044,2026-06-27 19:21:06.454721,0.6581599412349091,lstm
DEV-000002,EVT-0019045,2026-06-27 19:22:38.177222,0.5635956994504322,lstm
SVC-000004,EVT-0019046,2026-06-27 19:22:42.123074,0.3953938038672085,lstm
SVC-000052,EVT-0019047,2026-06-27 19:25:46.515801,0.2471523549505481,lstm
SVC-000057,EVT-0019048,2026-06-27 19:27:24.850172,0.40399251759095467,lstm
SVC-000052,EVT-0019049,2026-06-27 19:28:47.360953,0.38360137014094253,lstm
DEV-000012,EVT-0019050,2026-06-27 19:29:11.432722,0.8233727030915946,lstm
SVC-000006,EVT-0019051,2026-06-27 19:30:06.935507,0.556378369432859,lstm
DEV-000004,EVT-0019052,2026-06-27 19:30:47.789060,0.31239493427368914,lstm
SVC-000006,EVT-0019053,2026-06-27 19:30:50.615133,0.6467735511556986,lstm
DEV-000011,EVT-0019054,2026-06-27 19:30:55.371091,0.6332787505286726,lstm
SVC-000006,EVT-0019055,2026-06-27 19:31:13.164818,0.7795894657844826,lstm
SVC-000044,EVT-0019056,2026-06-27 19:33:00.510696,0.39331358616344303,lstm
SVC-000004,EVT-0019057,2026-06-27 19:37:59.291013,0.26332550308931774,lstm
SVC-000052,EVT-0019058,2026-06-27 19:38:37.568206,0.5636174014085885,lstm
SVC-000052,EVT-0019059,2026-06-27 19:38:49.867728,0.6641657250904375,lstm
DEV-000005,EVT-0019060,2026-06-27 19:38:56.509465,0.3318955769861419,lstm
SVC-000052,EVT-0019061,2026-06-27 19:40:09.371961,0.5040287193205744,lstm
SVC-000004,EVT-0019062,2026-06-27 19:40:47.200708,0.4532740403225949,lstm
SVC-000004,EVT-0019063,2026-06-27 19:42:11.981944,0.4907210790096678,lstm
SVC-000023,EVT-0019064,2026-06-27 19:42:41.828243,0.9153844085444115,lstm
SVC-000044,EVT-0019065,2026-06-27 19:44:52.414968,0.3548995580590067,lstm
DEV-000020,EVT-0019066,2026-06-27 19:48:49.820375,0.431770038121009,lstm
DEV-000014,EVT-0019067,2026-06-27 19:48:56.808994,0.42338063453217517,lstm
SVC-000035,EVT-0019068,2026-06-27 19:49:09.995867,0.9555700952392683,lstm
SVC-000058,EVT-0019069,2026-06-27 19:50:53.408128,0.9859810292745824,lstm
SVC-000057,EVT-0019070,2026-06-27 19:52:57.189435,0.4430164494590132,lstm
DEV-000018,EVT-0019071,2026-06-27 19:54:20.985207,0.938246254373087,lstm
SVC-000044,EVT-0019072,2026-06-27 19:55:14.479331,0.3172294689208953,lstm
USR-000002,EVT-0019073,2026-06-27 19:56:40.894075,0.5459886902727861,lstm
SVC-000004,EVT-0019074,2026-06-27 19:56:59.004251,0.32952063770347106,lstm
DEV-000021,EVT-0019075,2026-06-27 19:57:19.773777,0.6618211258828929,lstm
SVC-000052,EVT-0019076,2026-06-27 19:59:05.919452,0.3053070015717286,lstm
SVC-000057,EVT-0019077,2026-06-27 20:04:22.553847,0.5597305937843339,lstm
USR-000084,EVT-0019078,2026-06-27 20:05:48.155409,0.6195269049578424,lstm
SVC-000061,EVT-0019079,2026-06-27 20:07:40.468730,0.9999973725944965,lstm
SVC-000006,EVT-0019080,2026-06-27 20:07:54.251929,0.7266102996959872,lstm
SVC-000061,EVT-0019081,2026-06-27 20:11:34.489760,0.9995766192307994,lstm
SVC-000061,EVT-0019082,2026-06-27 20:14:09.412148,0.9926865132656643,lstm
SVC-000052,EVT-0019083,2026-06-27 20:14:58.922906,0.31430962846906474,lstm
USR-000045,EVT-0019084,2026-06-27 20:15:24.472094,0.44762492137714804,lstm
SVC-000048,EVT-0019085,2026-06-27 20:16:34.814500,0.9670972535994193,lstm
SVC-000048,EVT-0019086,2026-06-27 20:22:16.152429,0.7085900198644303,lstm
SVC-000054,EVT-0019087,2026-06-27 20:22:59.353588,0.9960916352514634,lstm
SVC-000023,EVT-0019088,2026-06-27 20:31:57.672823,0.7534350294498272,lstm
SVC-000004,EVT-0019089,2026-06-27 20:34:45.363388,0.4359067720747743,lstm
DEV-000013,EVT-0019090,2026-06-27 20:35:08.038673,0.7106685254934009,lstm
USR-000018,EVT-0019091,2026-06-27 20:36:43.993528,0.6262008458271591,lstm
DEV-000023,EVT-0019092,2026-06-27 20:38:03.642476,0.5069492689675913,lstm
SVC-000061,EVT-0019093,2026-06-27 20:39:29.480904,0.9729133226225651,lstm
USR-000178,EVT-0019094,2026-06-27 20:40:13.780395,0.43100908095391255,lstm
SVC-000058,EVT-0019095,2026-06-27 20:40:27.241799,0.3932840698971996,lstm
SVC-000058,EVT-0019096,2026-06-27 20:44:03.270032,0.3723536927154696,lstm
SVC-000052,EVT-0019097,2026-06-27 20:44:28.003210,0.2835843944892612,lstm
SVC-000052,EVT-0019098,2026-06-27 20:47:55.949204,0.6563108763105243,lstm
SVC-000061,EVT-0019099,2026-06-27 20:49:39.033575,0.9280565381947415,lstm
DEV-000026,EVT-0019100,2026-06-27 20:57:03.296966,0.721060843103026,lstm
DEV-000009,EVT-0019101,2026-06-27 20:58:32.567200,0.2955181755647312,lstm
DEV-000010,EVT-0019102,2026-06-27 21:01:00.979755,0.6652698054755958,lstm
SVC-000054,EVT-0019103,2026-06-27 21:03:01.635422,0.38644888781120035,lstm
USR-000185,EVT-0019104,2026-06-27 21:08:25.512246,0.48252390135849166,lstm
SVC-000004,EVT-0019105,2026-06-27 21:12:56.613542,0.7029332169208885,lstm
SVC-000035,EVT-0019106,2026-06-27 21:14:39.964980,0.5417875591709369,lstm
SVC-000054,EVT-0019107,2026-06-27 21:15:46.945349,0.31170684173778374,lstm
DEV-000022,EVT-0019108,2026-06-27 21:17:40.384022,0.24591051870310024,lstm
USR-000088,EVT-0019109,2026-06-27 21:17:48.409055,0.7238635184336882,lstm
SVC-000058,EVT-0019110,2026-06-27 21:20:25.686357,0.43583214672989673,lstm
DEV-000002,EVT-0019111,2026-06-27 21:20:47.356951,0.5402507310736235,lstm
SVC-000041,EVT-0019112,2026-06-27 21:25:44.546506,0.9913144843739661,lstm
SVC-000003,EVT-0019113,2026-06-27 21:29:18.723278,0.9991420139568243,lstm
SVC-000035,EVT-0019114,2026-06-27 21:33:48.562991,0.29456113265486294,lstm
SVC-000003,EVT-0019115,2026-06-27 21:35:06.361507,0.6779157200646794,lstm
SVC-000047,EVT-0019116,2026-06-27 21:43:59.323696,0.9355936864671623,lstm
SVC-000054,EVT-0019117,2026-06-27 21:46:16.492852,0.2396482328699725,lstm
SVC-000054,EVT-0019118,2026-06-27 21:47:03.224565,0.48407356309990013,lstm
SVC-000045,EVT-0019119,2026-06-27 21:50:07.826777,0.9898661952113758,lstm
SVC-000058,EVT-0019120,2026-06-27 21:51:19.580046,0.2661024665101428,lstm
SVC-000045,EVT-0019121,2026-06-27 21:51:59.670521,0.7797244825809119,lstm
SVC-000047,EVT-0019122,2026-06-27 21:52:59.455366,0.38575280243822,lstm
SVC-000047,EVT-0019123,2026-06-27 21:55:02.526429,0.5904565253015467,lstm
SVC-000058,EVT-0019124,2026-06-27 21:55:20.416208,0.2893530941214677,lstm
SVC-000003,EVT-0019125,2026-06-27 21:56:42.148118,0.5616856603177566,lstm
SVC-000054,EVT-0019126,2026-06-27 21:58:05.779432,0.22855634417041165,lstm
SVC-000058,EVT-0019127,2026-06-27 22:00:39.907448,0.2566504072349024,lstm
SVC-000054,EVT-0019128,2026-06-27 22:00:55.630286,0.2733651991150249,lstm
SVC-000054,EVT-0019129,2026-06-27 22:01:48.075804,0.43413342370612334,lstm
SVC-000035,EVT-0019130,2026-06-27 22:02:08.165373,0.4204978962936837,lstm
SVC-000047,EVT-0019131,2026-06-27 22:02:26.011173,0.3582689810786216,lstm
DEV-000017,EVT-0019132,2026-06-27 22:05:27.965660,0.946977544269516,lstm
SVC-000045,EVT-0019133,2026-06-27 22:05:44.418212,0.7777636560748763,lstm
SVC-000054,EVT-0019134,2026-06-27 22:07:03.603101,0.39321667000211885,lstm
SVC-000054,EVT-0019135,2026-06-27 22:07:19.488804,0.6917391226847791,lstm
SVC-000003,EVT-0019136,2026-06-27 22:07:36.375151,0.5698854302114778,lstm
SVC-000045,EVT-0019137,2026-06-27 22:09:41.431570,0.5457484965306159,lstm
SVC-000045,EVT-0019138,2026-06-27 22:11:13.677563,0.8040830267958048,lstm
SVC-000003,EVT-0019139,2026-06-27 22:11:30.538940,0.5945129312762892,lstm
SVC-000054,EVT-0019140,2026-06-27 22:11:34.278446,0.39499802478307633,lstm
SVC-000035,EVT-0019141,2026-06-27 22:15:56.696050,0.6426416892016055,lstm
SVC-000045,EVT-0019142,2026-06-27 22:16:59.285598,0.526251638213238,lstm
SVC-000002,EVT-0019143,2026-06-27 22:17:07.654406,0.9853214052351587,lstm
SVC-000045,EVT-0019144,2026-06-27 22:20:16.599244,0.45240807813548345,lstm
SVC-000003,EVT-0019145,2026-06-27 22:20:53.540667,0.6288512794251524,lstm
USR-000088,EVT-0019146,2026-06-27 22:21:18.669548,0.33903037865958596,lstm
SVC-000025,EVT-0019147,2026-06-27 22:25:25.964537,0.9699888121805137,lstm
SVC-000002,EVT-0019148,2026-06-27 22:25:57.948000,0.30210938814173144,lstm
SVC-000032,EVT-0019149,2026-06-27 22:26:48.228305,0.9953256246599768,lstm
SVC-000054,EVT-0019150,2026-06-27 22:27:32.683594,0.310804198475791,lstm
SVC-000047,EVT-0019151,2026-06-27 22:27:55.244711,0.28888316662325403,lstm
DEV-000010,EVT-0019152,2026-06-27 22:29:31.413273,0.7747419549907524,lstm
SVC-000045,EVT-0019153,2026-06-27 22:29:44.707069,0.3599423103649306,lstm
SVC-000003,EVT-0019154,2026-06-27 22:30:14.604833,0.4091560085649589,lstm
SVC-000054,EVT-0019155,2026-06-27 22:31:16.980973,0.30838260014859337,lstm
SVC-000047,EVT-0019156,2026-06-27 22:31:51.047130,0.7573557759242061,lstm
SVC-000056,EVT-0019157,2026-06-27 22:33:51.296658,0.9708318473966614,lstm
DEV-000005,EVT-0019158,2026-06-27 22:36:28.587028,0.41255864770949024,lstm
SVC-000045,EVT-0019159,2026-06-27 22:36:59.336368,0.28476137816189995,lstm
SVC-000054,EVT-0019160,2026-06-27 22:41:01.929550,0.3153229846166002,lstm
SVC-000002,EVT-0019161,2026-06-27 22:44:50.601686,0.40776185846515256,lstm
DEV-000006,EVT-0019162,2026-06-27 22:47:01.101843,0.6157501982582686,lstm
SVC-000002,EVT-0019163,2026-06-27 22:47:41.257648,0.5067615457176445,lstm
SVC-000002,EVT-0019164,2026-06-27 22:47:42.379339,0.6124036649717084,lstm
SVC-000032,EVT-0019165,2026-06-27 22:51:33.587317,0.3295131856677368,lstm
SVC-000045,EVT-0019166,2026-06-27 22:53:39.926087,0.6996281489117254,lstm
SVC-000003,EVT-0019167,2026-06-27 22:56:58.556189,0.4836084763355322,lstm
SVC-000047,EVT-0019168,2026-06-27 22:57:44.152878,0.35735971324841825,lstm
DEV-000017,EVT-0019169,2026-06-27 22:59:08.266911,0.7840202025323078,lstm
SVC-000002,EVT-0019170,2026-06-27 22:59:24.181155,0.31335131257808674,lstm
SVC-000025,EVT-0019171,2026-06-27 23:02:12.886123,0.5404827424282369,lstm
SVC-000045,EVT-0019172,2026-06-27 23:03:28.848799,0.49103764000524674,lstm
SVC-000025,EVT-0019173,2026-06-27 23:03:44.677529,0.67911738735851,lstm
SVC-000003,EVT-0019174,2026-06-27 23:03:49.828567,0.8333017215219672,lstm
SVC-000058,EVT-0019175,2026-06-27 23:05:43.015634,0.4499582966077677,lstm
SVC-000002,EVT-0019176,2026-06-27 23:08:34.244003,0.3235641426794755,lstm
SVC-000002,EVT-0019177,2026-06-27 23:08:40.542376,0.43769822436870726,lstm
SVC-000032,EVT-0019178,2026-06-27 23:09:02.183517,0.2340261724517375,lstm
SVC-000045,EVT-0019179,2026-06-27 23:09:22.388107,0.46635870433729226,lstm
SVC-000045,EVT-0019180,2026-06-27 23:13:52.550466,0.5132243844697453,lstm
SVC-000032,EVT-0019181,2026-06-27 23:17:11.306465,0.42763886989964006,lstm
SVC-000002,EVT-0019182,2026-06-27 23:18:48.110987,0.41974600090091563,lstm
SVC-000059,EVT-0019183,2026-06-27 23:19:33.199556,0.9807052716445813,lstm
SVC-000059,EVT-0019184,2026-06-27 23:21:22.062688,0.3282810488280842,lstm
DEV-000007,EVT-0019185,2026-06-27 23:22:31.129204,0.45256399419184096,lstm
SVC-000059,EVT-0019186,2026-06-27 23:23:23.117961,0.2864500127173192,lstm
SVC-000047,EVT-0019187,2026-06-27 23:24:06.977311,0.3501551832725304,lstm
USR-000150,EVT-0019188,2026-06-27 23:25:33.808111,0.7477980376227071,lstm
SVC-000032,EVT-0019189,2026-06-27 23:27:24.607842,0.2727409944827748,lstm
SVC-000002,EVT-0019190,2026-06-27 23:28:47.765004,0.2622141652021856,lstm
SVC-000059,EVT-0019191,2026-06-27 23:31:03.568112,0.22083582854958345,lstm
DEV-000003,EVT-0019192,2026-06-27 23:31:39.990262,0.5119673459411228,lstm
DEV-000009,EVT-0019193,2026-06-27 23:32:38.875345,0.4128150160624267,lstm
DEV-000023,EVT-0019194,2026-06-27 23:33:35.496862,0.5091445559957994,lstm
SVC-000002,EVT-0019195,2026-06-27 23:35:15.904674,0.33264383221355415,lstm
SVC-000032,EVT-0019196,2026-06-27 23:37:09.919919,0.2992373096879772,lstm
SVC-000025,EVT-0019197,2026-06-27 23:37:14.171541,0.2795152425132964,lstm
SVC-000047,EVT-0019198,2026-06-27 23:42:05.160117,0.4220196437969624,lstm
SVC-000059,EVT-0019199,2026-06-27 23:42:41.172710,0.6063773951755183,lstm
SVC-000002,EVT-0019200,2026-06-27 23:45:37.496987,0.2539098567990108,lstm
SVC-000059,EVT-0019201,2026-06-27 23:45:39.985538,0.24596703508899478,lstm
USR-000150,EVT-0019202,2026-06-27 23:45:47.602029,0.4708416393155828,lstm
SVC-000059,EVT-0019203,2026-06-27 23:47:26.496106,0.266067473184643,lstm
SVC-000032,EVT-0019204,2026-06-27 23:47:49.873894,0.28161998728291243,lstm
SVC-000059,EVT-0019205,2026-06-27 23:47:58.564058,0.32201552081633406,lstm
DEV-000008,EVT-0019206,2026-06-27 23:48:04.540763,0.43431844553249566,lstm
USR-000150,EVT-0019207,2026-06-27 23:48:12.409330,0.5307194586513264,lstm
DEV-000014,EVT-0019208,2026-06-27 23:50:23.134649,0.7293352691967034,lstm
SVC-000059,EVT-0019209,2026-06-27 23:51:49.471144,0.25620955054718153,lstm
SVC-000056,EVT-0019210,2026-06-27 23:52:25.873425,0.5354270702249199,lstm
DEV-000007,EVT-0019211,2026-06-27 23:54:00.723142,0.6481100159038287,lstm
SVC-000059,EVT-0019212,2026-06-27 23:54:37.162223,0.25457322718029646,lstm
SVC-000056,EVT-0019213,2026-06-27 23:58:22.643469,0.5507475357995711,lstm
SVC-000056,EVT-0019214,2026-06-28 00:00:42.726268,0.6387383286485426,lstm
SVC-000059,EVT-0019215,2026-06-28 00:05:11.297493,0.3602604479617741,lstm
SVC-000041,EVT-0019216,2026-06-28 00:05:58.261778,0.8878315204341392,lstm
USR-000165,EVT-0019217,2026-06-28 00:11:15.401435,0.34063617297495125,lstm
SVC-000059,EVT-0019218,2026-06-28 00:17:54.728936,0.5899115684332098,lstm
SVC-000059,EVT-0019219,2026-06-28 00:18:41.535114,0.3518358436853423,lstm
SVC-000041,EVT-0019220,2026-06-28 00:18:55.762567,0.647852902836399,lstm
SVC-000025,EVT-0019221,2026-06-28 00:19:15.145372,0.46141571329090114,lstm
SVC-000025,EVT-0019222,2026-06-28 00:27:04.340054,0.3995103056156894,lstm
SVC-000032,EVT-0019223,2026-06-28 00:27:21.372200,0.3641422761021332,lstm
SVC-000025,EVT-0019224,2026-06-28 00:33:54.846616,0.5072683109309636,lstm
USR-000122,EVT-0019225,2026-06-28 00:37:01.403813,0.7596315380202421,lstm
USR-000124,EVT-0019226,2026-06-28 00:37:56.978379,0.7223909816991998,lstm
SVC-000056,EVT-0019227,2026-06-28 00:40:57.385557,0.5433424259190607,lstm
USR-000165,EVT-0019228,2026-06-28 00:48:53.197571,0.23874259577275134,lstm
DEV-000026,EVT-0019229,2026-06-28 00:49:13.359471,0.7774623778970082,lstm
SVC-000041,EVT-0019230,2026-06-28 00:52:38.051269,0.4941419756226602,lstm
SVC-000014,EVT-0019231,2026-06-28 00:54:18.234180,0.9969527718102273,lstm
SVC-000014,EVT-0019232,2026-06-28 00:54:42.778678,0.7560512958823776,lstm
DEV-000006,EVT-0019233,2026-06-28 00:56:51.428269,0.48122134668946454,lstm
SVC-000014,EVT-0019234,2026-06-28 00:57:08.436093,0.6044093841907662,lstm
SVC-000014,EVT-0019235,2026-06-28 00:57:53.207314,1.0,lstm
SVC-000014,EVT-0019236,2026-06-28 00:59:25.866999,0.9994204304692589,lstm
SVC-000056,EVT-0019237,2026-06-28 00:59:40.928307,0.5830505323720888,lstm
SVC-000041,EVT-0019238,2026-06-28 00:59:49.991655,0.5256950105639668,lstm
USR-000122,EVT-0019239,2026-06-28 01:00:54.899914,0.4761271559126425,lstm
SVC-000014,EVT-0019240,2026-06-28 01:01:13.727414,0.9900421094987628,lstm
DEV-000017,EVT-0019241,2026-06-28 01:06:14.459808,0.7740746830945898,lstm
DEV-000013,EVT-0019242,2026-06-28 01:09:28.288603,0.47733507976022677,lstm
DEV-000014,EVT-0019243,2026-06-28 01:11:07.280657,0.5678228107483803,lstm
SVC-000041,EVT-0019244,2026-06-28 01:17:21.907948,0.38659337406482636,lstm
DEV-000006,EVT-0019245,2026-06-28 01:18:48.925603,0.449466053093613,lstm
SVC-000025,EVT-0019246,2026-06-28 01:25:46.785297,0.33507065019058435,lstm
SVC-000018,EVT-0019247,2026-06-28 01:27:27.680279,0.9835839372273792,lstm
DEV-000002,EVT-0019248,2026-06-28 01:28:00.700851,0.37302097307020826,lstm
USR-000165,EVT-0019249,2026-06-28 01:34:22.311823,0.2761311653022223,lstm
SVC-000041,EVT-0019250,2026-06-28 01:35:59.437674,0.3092053119898983,lstm
SVC-000041,EVT-0019251,2026-06-28 01:41:29.762082,0.814873041124383,lstm
USR-000165,EVT-0019252,2026-06-28 01:42:35.431244,0.43627446307763723,lstm
USR-000106,EVT-0019253,2026-06-28 01:43:43.105763,0.5916020714597338,lstm
DEV-000026,EVT-0019254,2026-06-28 01:43:58.781718,0.524576003055885,lstm
SVC-000018,EVT-0019255,2026-06-28 01:52:16.930222,0.6469093227165428,lstm
SVC-000018,EVT-0019256,2026-06-28 02:04:50.425551,0.2178190881481416,lstm
DEV-000026,EVT-0019257,2026-06-28 02:07:06.705725,0.43604696566026635,lstm
USR-000122,EVT-0019258,2026-06-28 02:08:37.731701,0.3250317449223243,lstm
DEV-000008,EVT-0019259,2026-06-28 02:18:24.958129,0.586850151830192,lstm
SVC-000018,EVT-0019260,2026-06-28 02:28:09.229316,0.26360172512992397,lstm
SVC-000018,EVT-0019261,2026-06-28 02:29:17.448900,0.3478758511675547,lstm
DEV-000003,EVT-0019262,2026-06-28 02:35:37.037649,0.4156140815615579,lstm
DEV-000023,EVT-0019263,2026-06-28 02:36:38.491523,0.7666752335197926,lstm
SVC-000018,EVT-0019264,2026-06-28 02:37:19.548598,0.46751639831891617,lstm
SVC-000014,EVT-0019265,2026-06-28 02:37:52.605363,0.9690572507201322,lstm
USR-000113,EVT-0019266,2026-06-28 02:39:20.628398,0.6440188938026865,lstm
SVC-000018,EVT-0019267,2026-06-28 02:44:37.465489,0.47862339485986755,lstm
DEV-000012,EVT-0019268,2026-06-28 02:46:32.840755,0.7800832140941971,lstm
USR-000150,EVT-0019269,2026-06-28 02:47:00.470020,0.3256265537216307,lstm
USR-000122,EVT-0019270,2026-06-28 02:48:57.505685,0.33990583708607924,lstm
DEV-000003,EVT-0019271,2026-06-28 02:50:48.775363,0.7357842638733814,lstm
SVC-000018,EVT-0019272,2026-06-28 02:51:32.528458,0.4111451728622657,lstm
DEV-000005,EVT-0019273,2026-06-28 02:54:57.712118,0.5608991240919663,lstm
SVC-000041,EVT-0019274,2026-06-28 02:56:57.109862,0.5495525560702555,lstm
USR-000036,EVT-0019275,2026-06-28 03:03:01.439276,0.7282622155707407,lstm
SVC-000014,EVT-0019276,2026-06-28 03:05:18.985968,0.8370397769008301,lstm
USR-000122,EVT-0019277,2026-06-28 03:05:53.917752,0.2804384503177685,lstm
SVC-000018,EVT-0019278,2026-06-28 03:13:27.881409,0.6629752055107807,lstm
DEV-000004,EVT-0019279,2026-06-28 03:13:50.012236,0.8947933660177206,lstm
DEV-000002,EVT-0019280,2026-06-28 03:14:20.419894,0.27603905576335075,lstm
DEV-000005,EVT-0019281,2026-06-28 03:17:33.145174,0.7048164645405196,lstm
DEV-000012,EVT-0019282,2026-06-28 03:17:48.585163,0.2059517938239965,lstm
SVC-000018,EVT-0019283,2026-06-28 03:18:15.909946,0.465925271429917,lstm
SVC-000018,EVT-0019284,2026-06-28 03:20:06.385687,0.5434709004287054,lstm
SVC-000014,EVT-0019285,2026-06-28 03:26:32.980359,0.8217194952739537,lstm
USR-000106,EVT-0019286,2026-06-28 03:26:52.234769,0.4649383224520012,lstm
USR-000122,EVT-0019287,2026-06-28 03:29:40.851969,0.3354704198661103,lstm
USR-000122,EVT-0019288,2026-06-28 03:30:59.264813,0.5354808947323445,lstm
SVC-000018,EVT-0019289,2026-06-28 03:32:41.889037,0.5304494982529677,lstm
DEV-000019,EVT-0019290,2026-06-28 03:33:54.332580,0.702536447267612,lstm
SVC-000041,EVT-0019291,2026-06-28 03:33:57.615028,0.6190918777909414,lstm
SVC-000014,EVT-0019292,2026-06-28 03:37:04.682216,0.6426237507031171,lstm
DEV-000017,EVT-0019293,2026-06-28 03:53:12.132393,0.7783966048129652,lstm
SVC-000020,EVT-0019294,2026-06-28 03:55:26.882468,0.9782380221220892,lstm
SVC-000019,EVT-0019295,2026-06-28 03:55:54.409881,0.938144122599728,lstm
SVC-000018,EVT-0019296,2026-06-28 03:59:11.736812,0.5465309039118477,lstm
SVC-000015,EVT-0019297,2026-06-28 04:02:36.607228,0.9221770846638886,lstm
SVC-000019,EVT-0019298,2026-06-28 04:03:49.558958,0.3285762943804587,lstm
SVC-000041,EVT-0019299,2026-06-28 04:07:35.195217,0.8339619493506878,lstm
DEV-000018,EVT-0019300,2026-06-28 04:12:05.163074,0.6759552389154081,lstm
SVC-000014,EVT-0019301,2026-06-28 04:14:04.822864,0.6314258467308946,lstm
SVC-000007,EVT-0019302,2026-06-28 04:14:25.790485,0.9796526615489692,lstm
SVC-000020,EVT-0019303,2026-06-28 04:14:33.638963,0.8365126784066801,lstm
SVC-000015,EVT-0019304,2026-06-28 04:19:16.142655,0.5624364816212879,lstm
SVC-000007,EVT-0019305,2026-06-28 04:20:03.145543,0.4101482477410849,lstm
DEV-000021,EVT-0019306,2026-06-28 04:20:22.229700,0.953765171404763,lstm
SVC-000020,EVT-0019307,2026-06-28 04:20:52.209056,0.6924421335320987,lstm
SVC-000014,EVT-0019308,2026-06-28 04:26:45.271961,0.5586110206721394,lstm
SVC-000007,EVT-0019309,2026-06-28 04:28:12.616136,0.43622524571012367,lstm
SVC-000020,EVT-0019310,2026-06-28 04:32:19.506719,0.5932518752822405,lstm
SVC-000019,EVT-0019311,2026-06-28 04:36:26.059592,0.2614419554141185,lstm
DEV-000014,EVT-0019312,2026-06-28 04:39:40.363491,0.6535140804047642,lstm
SVC-000015,EVT-0019313,2026-06-28 04:40:41.133785,0.4546516305053177,lstm
SVC-000014,EVT-0019314,2026-06-28 04:42:30.255717,0.6635677129454403,lstm
SVC-000020,EVT-0019315,2026-06-28 04:42:42.166549,0.5721017231591805,lstm
SVC-000019,EVT-0019316,2026-06-28 04:44:07.918498,0.30655445766906503,lstm
SVC-000015,EVT-0019317,2026-06-28 04:46:04.954540,0.4648200116441057,lstm
SVC-000019,EVT-0019318,2026-06-28 04:49:43.703501,0.2751285965974333,lstm
DEV-000017,EVT-0019319,2026-06-28 04:51:58.761838,0.4414892749780139,lstm
SVC-000014,EVT-0019320,2026-06-28 04:52:51.035735,0.9288680609844517,lstm
USR-000163,EVT-0019321,2026-06-28 04:52:57.730909,0.777963087555193,lstm
SVC-000007,EVT-0019322,2026-06-28 04:53:04.404488,0.36317533076885444,lstm
USR-000036,EVT-0019323,2026-06-28 04:53:49.268994,0.38369689577819627,lstm
SVC-000014,EVT-0019324,2026-06-28 04:53:55.277844,0.769453301638702,lstm
SVC-000015,EVT-0019325,2026-06-28 04:54:13.678707,0.5234758814586283,lstm
SVC-000020,EVT-0019326,2026-06-28 04:54:49.825681,0.5059592341268967,lstm
DEV-000011,EVT-0019327,2026-06-28 04:56:07.887403,0.4752600779204712,lstm
SVC-000031,EVT-0019328,2026-06-28 04:57:05.030584,0.999802812095833,lstm
SVC-000014,EVT-0019329,2026-06-28 04:58:34.667864,0.7871494289135035,lstm
SVC-000007,EVT-0019330,2026-06-28 04:58:38.722515,0.26534315383615004,lstm
SVC-000015,EVT-0019331,2026-06-28 05:02:17.819051,0.35525664922368894,lstm
DEV-000021,EVT-0019332,2026-06-28 05:04:04.207304,0.5306388039896194,lstm
SVC-000007,EVT-0019333,2026-06-28 05:05:17.226991,0.43627341074593573,lstm
SVC-000015,EVT-0019334,2026-06-28 05:05:23.654662,0.45861989512743884,lstm
SVC-000015,EVT-0019335,2026-06-28 05:07:19.777008,0.5163765213044855,lstm
SVC-000015,EVT-0019336,2026-06-28 05:07:22.748668,0.6748081784399074,lstm
USR-000082,EVT-0019337,2026-06-28 05:10:25.487591,0.6797693793516587,lstm
DEV-000021,EVT-0019338,2026-06-28 05:10:52.399430,0.7637613191474647,lstm
SVC-000007,EVT-0019339,2026-06-28 05:11:04.533859,0.3236119512608792,lstm
SVC-000020,EVT-0019340,2026-06-28 05:12:13.771076,0.35486078533706783,lstm
DEV-000013,EVT-0019341,2026-06-28 05:14:14.070069,0.38131262815778444,lstm
SVC-000007,EVT-0019342,2026-06-28 05:15:55.705628,0.4956731330761434,lstm
SVC-000007,EVT-0019343,2026-06-28 05:16:12.897874,0.5456417806182529,lstm
SVC-000019,EVT-0019344,2026-06-28 05:23:45.034764,0.28009381363809893,lstm
SVC-000015,EVT-0019345,2026-06-28 05:25:05.913044,0.34003090872378927,lstm
SVC-000019,EVT-0019346,2026-06-28 05:25:53.644748,0.40064513694841747,lstm
USR-000207,EVT-0019347,2026-06-28 05:28:51.014983,0.4882910119876907,lstm
SVC-000015,EVT-0019348,2026-06-28 05:29:20.152379,0.32045123815309123,lstm
SVC-000007,EVT-0019349,2026-06-28 05:29:34.026301,0.2589500163782068,lstm
SVC-000007,EVT-0019350,2026-06-28 05:34:14.358327,0.369673635234747,lstm
SVC-000014,EVT-0019351,2026-06-28 05:35:26.644652,0.718245413213524,lstm
SVC-000007,EVT-0019352,2026-06-28 05:38:58.236145,0.48903636334766354,lstm
SVC-000031,EVT-0019353,2026-06-28 05:41:05.599167,0.7587789490941503,lstm
SVC-000031,EVT-0019354,2026-06-28 05:44:39.600947,0.32982553860722036,lstm
SVC-000014,EVT-0019355,2026-06-28 05:45:58.000194,0.375140320899517,lstm
DEV-000024,EVT-0019356,2026-06-28 05:46:24.094319,0.5199619070758185,lstm
DEV-000014,EVT-0019357,2026-06-28 05:50:35.747493,0.6110604525092611,lstm
USR-000019,EVT-0019358,2026-06-28 05:51:06.857690,0.7165003100028565,lstm
SVC-000019,EVT-0019359,2026-06-28 05:59:38.292878,0.33376235783615144,lstm
SVC-000007,EVT-0019360,2026-06-28 06:01:39.197718,0.30520498987241423,lstm
SVC-000019,EVT-0019361,2026-06-28 06:03:31.610822,0.4084488239573196,lstm
SVC-000031,EVT-0019362,2026-06-28 06:04:23.479327,0.30085242621928865,lstm
DEV-000026,EVT-0019363,2026-06-28 06:13:45.835065,0.38654015300190414,lstm
DEV-000007,EVT-0019364,2026-06-28 06:25:52.417673,0.7609384488288097,lstm
SVC-000019,EVT-0019365,2026-06-28 06:26:04.174221,0.3123805089212512,lstm
USR-000025,EVT-0019366,2026-06-28 06:33:02.518989,0.906002672119193,lstm
USR-000051,EVT-0019367,2026-06-28 06:34:26.557649,0.7363530093791342,lstm
SVC-000011,EVT-0019368,2026-06-28 06:36:23.761064,0.9886072473662405,lstm
DEV-000010,EVT-0019369,2026-06-28 06:37:19.699973,0.9213949181564032,lstm
SVC-000011,EVT-0019370,2026-06-28 06:38:34.662258,0.6834559863636269,lstm
DEV-000008,EVT-0019371,2026-06-28 06:38:37.948438,0.31742118551276816,lstm
USR-000135,EVT-0019372,2026-06-28 06:39:34.301941,0.5774440427248881,lstm
SVC-000031,EVT-0019373,2026-06-28 06:42:51.317101,0.651410692138022,lstm
SVC-000030,EVT-0019374,2026-06-28 06:55:02.225337,0.9588881089356983,lstm
USR-000050,EVT-0019375,2026-06-28 06:55:05.720687,0.6245253897649817,lstm
SVC-000040,EVT-0019376,2026-06-28 06:56:18.627663,0.9983216225021674,lstm
USR-000051,EVT-0019377,2026-06-28 06:57:32.395125,0.5376420037337392,lstm
USR-000096,EVT-0019378,2026-06-28 06:59:05.467065,0.6075290552341179,lstm
SVC-000031,EVT-0019379,2026-06-28 07:01:36.039390,0.25125622411647003,lstm
DEV-000021,EVT-0019380,2026-06-28 07:02:56.342450,0.20850458337635425,lstm
SVC-000031,EVT-0019381,2026-06-28 07:03:52.052749,0.5392920501694526,lstm
USR-000132,EVT-0019382,2026-06-28 07:05:35.286328,0.48101930679788546,lstm
SVC-000031,EVT-0019383,2026-06-28 07:10:12.939371,0.4273275089774786,lstm
SVC-000055,EVT-0019384,2026-06-28 07:14:37.144998,0.9947027192469611,lstm
SVC-000040,EVT-0019385,2026-06-28 07:16:34.787754,0.5781775554728887,lstm
USR-000082,EVT-0019386,2026-06-28 07:17:43.471551,0.634665079138295,lstm
SVC-000040,EVT-0019387,2026-06-28 07:19:48.578035,0.5614194244319212,lstm
USR-000182,EVT-0019388,2026-06-28 07:19:56.316912,0.6072311358357515,lstm
SVC-000030,EVT-0019389,2026-06-28 07:20:46.833999,0.48555476398343,lstm
USR-000138,EVT-0019390,2026-06-28 07:22:27.152901,0.8780671435114511,lstm
SVC-000031,EVT-0019391,2026-06-28 07:24:33.759879,0.2923727605016036,lstm
USR-000114,EVT-0019392,2026-06-28 07:29:28.431458,0.8299280222233273,baseline_fallback
SVC-000030,EVT-0019393,2026-06-28 07:29:29.994610,0.6717776520747563,lstm
USR-000142,EVT-0019394,2026-06-28 07:30:07.827193,0.49152553282613576,lstm
USR-000129,EVT-0019395,2026-06-28 07:30:41.086969,0.7632295141722227,lstm
SVC-000031,EVT-0019396,2026-06-28 07:31:00.182594,0.43912585041716456,lstm
USR-000042,EVT-0019397,2026-06-28 07:35:30.333859,0.3849283223351518,lstm
DEV-000008,EVT-0019398,2026-06-28 07:41:33.741715,0.564700189257206,lstm
USR-000076,EVT-0019399,2026-06-28 07:41:58.835122,0.7641102862303645,lstm
SVC-000031,EVT-0019400,2026-06-28 07:46:38.764965,0.2918609473607277,lstm
USR-000142,EVT-0019401,2026-06-28 07:47:30.231208,0.6741893520821932,lstm
SVC-000031,EVT-0019402,2026-06-28 07:47:46.213705,0.6291398095201232,lstm
SVC-000011,EVT-0019403,2026-06-28 07:50:23.848153,0.5594976339042773,lstm
USR-000076,EVT-0019404,2026-06-28 07:52:09.686522,0.4851686116184161,lstm
SVC-000046,EVT-0019405,2026-06-28 07:52:26.316874,0.9927337895211376,lstm
SVC-000055,EVT-0019406,2026-06-28 07:52:35.282722,0.5437693011801413,lstm
USR-000182,EVT-0019407,2026-06-28 07:55:42.434179,0.47635320191588193,lstm
USR-000094,EVT-0019408,2026-06-28 07:57:01.745548,0.5089534601674418,lstm
USR-000030,EVT-0019409,2026-06-28 08:00:42.828497,0.5354357364860761,lstm
SVC-000011,EVT-0019410,2026-06-28 08:01:12.477206,0.312283250458033,lstm
USR-000172,EVT-0019411,2026-06-28 08:01:50.004965,0.44405891279877946,lstm
USR-000135,EVT-0019412,2026-06-28 08:03:55.100689,0.3473969455905186,lstm
USR-000172,EVT-0019413,2026-06-28 08:06:10.083838,0.4537347267035957,lstm
SVC-000011,EVT-0019414,2026-06-28 08:06:55.724046,0.2956552586736417,lstm
USR-000207,EVT-0019415,2026-06-28 08:07:10.096208,0.255634294926913,lstm
USR-000031,EVT-0019416,2026-06-28 08:08:11.152028,0.5195809828716041,lstm
SVC-000051,EVT-0019417,2026-06-28 08:10:30.332152,0.9898766464824443,lstm
SVC-000046,EVT-0019418,2026-06-28 08:10:53.313686,0.5371783234549573,lstm
USR-000031,EVT-0019419,2026-06-28 08:12:39.022190,0.4629713328913261,lstm
SVC-000055,EVT-0019420,2026-06-28 08:13:31.414357,0.4595611361878193,lstm
SVC-000011,EVT-0019421,2026-06-28 08:14:12.527377,0.2668215698110251,lstm
SVC-000031,EVT-0019422,2026-06-28 08:16:48.646197,0.3401360411766772,lstm
USR-000051,EVT-0019423,2026-06-28 08:19:02.525406,0.28095441070470384,lstm
SVC-000046,EVT-0019424,2026-06-28 08:19:24.517327,0.3479453489142208,lstm
SVC-000031,EVT-0019425,2026-06-28 08:20:41.001301,0.520864229668804,lstm
USR-000119,EVT-0019426,2026-06-28 08:21:24.246023,0.9526822418426469,baseline_fallback
SVC-000011,EVT-0019427,2026-06-28 08:21:38.799696,0.24371320228268475,lstm
USR-000013,EVT-0019428,2026-06-28 08:23:40.116881,0.8208790962893254,lstm
DEV-000008,EVT-0019429,2026-06-28 08:24:15.658208,0.5520141902180987,lstm
USR-000090,EVT-0019430,2026-06-28 08:25:07.866829,0.5430456407523993,lstm
USR-000203,EVT-0019431,2026-06-28 08:25:18.778653,0.629912409217432,lstm
DEV-000004,EVT-0019432,2026-06-28 08:27:43.822776,0.843691903793637,lstm
USR-000051,EVT-0019433,2026-06-28 08:28:14.856816,0.4948150536065963,lstm
USR-000098,EVT-0019434,2026-06-28 08:30:41.525889,0.5413495743852077,lstm
SVC-000046,EVT-0019435,2026-06-28 08:32:07.813559,0.3462769771413043,lstm
SVC-000040,EVT-0019436,2026-06-28 08:32:10.764401,0.8006124785145592,lstm
DEV-000020,EVT-0019437,2026-06-28 08:32:48.503427,0.46319361876643245,lstm
SVC-000024,EVT-0019438,2026-06-28 08:34:22.725175,0.9990666543943927,lstm
USR-000022,EVT-0019439,2026-06-28 08:35:14.174887,0.5655598966814919,lstm
SVC-000011,EVT-0019440,2026-06-28 08:35:41.224720,0.29373830549117597,lstm
SVC-000046,EVT-0019441,2026-06-28 08:35:51.009765,0.32837812299098396,lstm
USR-000088,EVT-0019442,2026-06-28 08:36:09.536353,0.6737002399731252,lstm
DEV-000005,EVT-0019443,2026-06-28 08:36:27.233284,0.34982469975691005,lstm
SVC-000011,EVT-0019444,2026-06-28 08:36:51.547324,0.3882575003132393,lstm
USR-000022,EVT-0019445,2026-06-28 08:37:19.711093,0.9223192704510633,lstm
SVC-000013,EVT-0019446,2026-06-28 08:38:22.921937,0.9901282161360159,lstm
SVC-000053,EVT-0019447,2026-06-28 08:39:45.377569,0.9671396882285739,lstm
USR-000194,EVT-0019448,2026-06-28 08:43:22.786474,0.45788681421633176,lstm
USR-000207,EVT-0019449,2026-06-28 08:43:31.581837,0.26746393752959824,lstm
USR-000036,EVT-0019450,2026-06-28 08:44:03.859431,0.2745689554438947,lstm
DEV-000018,EVT-0019451,2026-06-28 08:44:03.910949,0.2781054360091617,lstm
USR-000206,EVT-0019452,2026-06-28 08:44:14.272256,0.49977716948850825,lstm
USR-000090,EVT-0019453,2026-06-28 08:46:24.711124,0.3910264541632134,lstm
SVC-000046,EVT-0019454,2026-06-28 08:46:30.180433,0.37662665335738515,lstm
USR-000051,EVT-0019455,2026-06-28 08:47:30.484979,0.373862981587153,lstm
SVC-000016,EVT-0019456,2026-06-28 08:48:26.484631,0.9295046928132554,lstm
SVC-000051,EVT-0019457,2026-06-28 08:48:38.595301,0.8330168545526045,lstm
USR-000177,EVT-0019458,2026-06-28 08:49:10.655980,0.7349265345885035,lstm
USR-000047,EVT-0019459,2026-06-28 08:49:37.117468,0.4160615520778441,lstm
SVC-000024,EVT-0019460,2026-06-28 08:56:44.642891,0.8802523471607298,lstm
SVC-000053,EVT-0019461,2026-06-28 08:56:57.525278,0.6146413609060473,lstm
USR-000036,EVT-0019462,2026-06-28 08:57:04.582836,0.276990990328318,lstm
SVC-000024,EVT-0019463,2026-06-28 08:57:55.435247,0.7734968700546642,lstm
SVC-000016,EVT-0019464,2026-06-28 09:01:12.712735,0.5348966036975542,lstm
SVC-000031,EVT-0019465,2026-06-28 09:01:20.516117,0.4780640046854837,lstm
SVC-000039,EVT-0019466,2026-06-28 09:04:20.647391,0.9813428239360217,lstm
SVC-000024,EVT-0019467,2026-06-28 09:04:59.628593,0.41540918522086306,lstm
USR-000087,EVT-0019468,2026-06-28 09:05:39.225505,0.9036613054598285,lstm
DEV-000020,EVT-0019469,2026-06-28 09:05:54.668995,0.6177511714046996,lstm
USR-000172,EVT-0019470,2026-06-28 09:06:26.112927,0.2687673359794904,lstm
USR-000142,EVT-0019471,2026-06-28 09:06:44.425173,0.4256914878779807,lstm
DEV-000019,EVT-0019472,2026-06-28 09:07:18.590200,0.7148605894116759,lstm
SVC-000046,EVT-0019473,2026-06-28 09:07:29.958205,0.7303082033049652,lstm
SVC-000016,EVT-0019474,2026-06-28 09:07:38.585168,0.5652728881361989,lstm
SVC-000039,EVT-0019475,2026-06-28 09:09:03.890126,0.5605532671214134,lstm
USR-000164,EVT-0019476,2026-06-28 09:09:52.822270,0.3269130603039204,lstm
SVC-000024,EVT-0019477,2026-06-28 09:10:05.688692,0.47930345290291415,lstm
SVC-000046,EVT-0019478,2026-06-28 09:10:43.946317,0.3903925656742982,lstm
USR-000157,EVT-0019479,2026-06-28 09:10:55.346372,0.6145543995353184,lstm
USR-000142,EVT-0019480,2026-06-28 09:11:34.656431,0.41649771932246155,lstm
USR-000005,EVT-0019481,2026-06-28 09:11:35.199162,0.44568206817859346,lstm
USR-000090,EVT-0019482,2026-06-28 09:11:54.524409,0.32432455669877,lstm
SVC-000024,EVT-0019483,2026-06-28 09:12:48.594755,0.45241532584847344,lstm
USR-000051,EVT-0019484,2026-06-28 09:13:56.228993,0.29029718093649576,lstm
SVC-000016,EVT-0019485,2026-06-28 09:15:02.145862,0.6255384621157005,lstm
USR-000042,EVT-0019486,2026-06-28 09:18:19.778979,0.23910853073786806,lstm
USR-000142,EVT-0019487,2026-06-28 09:18:19.828695,0.34005138819101505,lstm
SVC-000046,EVT-0019488,2026-06-28 09:18:23.974740,0.38018166315638735,lstm
SVC-000053,EVT-0019489,2026-06-28 09:18:40.019101,0.46567546295831425,lstm
SVC-000053,EVT-0019490,2026-06-28 09:20:42.982661,0.6583554296012578,lstm
USR-000096,EVT-0019491,2026-06-28 09:21:32.477323,0.42073472333128226,lstm
USR-000030,EVT-0019492,2026-06-28 09:21:39.567763,0.4039687170834963,lstm
USR-000084,EVT-0019493,2026-06-28 09:22:00.196825,0.5099425235017192,lstm
SVC-000013,EVT-0019494,2026-06-28 09:22:16.325563,0.49480245964000596,lstm
USR-000087,EVT-0019495,2026-06-28 09:23:40.155558,0.764227737715437,lstm
USR-000007,EVT-0019496,2026-06-28 09:23:53.140442,0.5802383975342722,lstm
USR-000031,EVT-0019497,2026-06-28 09:26:11.584217,0.2609670423783001,lstm
SVC-000024,EVT-0019498,2026-06-28 09:26:18.083209,0.2952950067117481,lstm
SVC-000030,EVT-0019499,2026-06-28 09:26:49.992707,0.4830445085786356,lstm
SVC-000046,EVT-0019500,2026-06-28 09:27:19.027841,0.34777374279500745,lstm
SVC-000013,EVT-0019501,2026-06-28 09:27:52.959623,0.548719256447136,lstm
SVC-000013,EVT-0019502,2026-06-28 09:28:10.267211,0.8941732394781914,lstm
SVC-000030,EVT-0019503,2026-06-28 09:28:42.814270,0.791278646785817,lstm
SVC-000024,EVT-0019504,2026-06-28 09:29:09.719961,0.3858125010408411,lstm
SVC-000008,EVT-0019505,2026-06-28 09:32:37.233213,0.9928603885407584,lstm
USR-000076,EVT-0019506,2026-06-28 09:33:43.875737,0.4076434769863444,lstm
SVC-000011,EVT-0019507,2026-06-28 09:35:06.069271,0.37863940235402654,lstm
USR-000137,EVT-0019508,2026-06-28 09:35:29.155272,0.45689801432429095,lstm
USR-000087,EVT-0019509,2026-06-28 09:36:23.944364,0.7206059335370666,lstm
SVC-000053,EVT-0019510,2026-06-28 09:37:03.240135,0.8386383470208016,lstm
USR-000035,EVT-0019511,2026-06-28 09:41:12.401969,0.8006720915594903,lstm
USR-000036,EVT-0019512,2026-06-28 09:41:42.802126,0.29491776658100494,lstm
SVC-000053,EVT-0019513,2026-06-28 09:42:36.566118,0.4450023905839924,lstm
DEV-000002,EVT-0019514,2026-06-28 09:43:51.098000,0.2381102337906159,lstm
USR-000194,EVT-0019515,2026-06-28 09:44:22.291782,0.4241740772560811,lstm
USR-000074,EVT-0019516,2026-06-28 09:44:47.450376,0.7018486724147835,lstm
SVC-000039,EVT-0019517,2026-06-28 09:45:32.183878,0.4880893810900452,lstm
SVC-000053,EVT-0019518,2026-06-28 09:46:06.551509,0.5934990733474111,lstm
DEV-000010,EVT-0019519,2026-06-28 09:47:09.126310,0.7122654726585292,lstm
DEV-000023,EVT-0019520,2026-06-28 09:47:18.470722,0.5857645510017924,lstm
DEV-000015,EVT-0019521,2026-06-28 09:47:18.620858,0.615087609420735,lstm
SVC-000016,EVT-0019522,2026-06-28 09:47:20.914465,0.335589359038459,lstm
SVC-000016,EVT-0019523,2026-06-28 09:47:55.264019,0.815629490055085,lstm
SVC-000024,EVT-0019524,2026-06-28 09:48:16.743244,0.3845835030786705,lstm
USR-000118,EVT-0019525,2026-06-28 09:48:28.973394,0.6998684457366676,lstm
USR-000162,EVT-0019526,2026-06-28 09:48:47.007542,0.6919334305914152,lstm
SVC-000016,EVT-0019527,2026-06-28 09:49:29.664553,0.5958864239818168,lstm
SVC-000001,EVT-0019528,2026-06-28 09:51:44.268413,0.985724865222113,lstm
DEV-000019,EVT-0019529,2026-06-28 09:53:13.880416,0.610056234069848,lstm
SVC-000013,EVT-0019530,2026-06-28 09:53:20.444587,0.49900759181963034,lstm
USR-000069,EVT-0019531,2026-06-28 09:54:04.338586,0.32394666858972077,lstm
USR-000207,EVT-0019532,2026-06-28 09:54:29.315974,0.24724521273566313,lstm
SVC-000016,EVT-0019533,2026-06-28 09:55:36.962939,0.4546118405151341,lstm
DEV-000005,EVT-0019534,2026-06-28 09:56:23.098068,0.24023170997740445,lstm
USR-000120,EVT-0019535,2026-06-28 09:57:05.590956,0.4053056456756023,lstm
USR-000087,EVT-0019536,2026-06-28 09:58:26.667893,0.5269101774727061,lstm
USR-000051,EVT-0019537,2026-06-28 09:58:26.705949,0.4520197211021144,lstm
SVC-000053,EVT-0019538,2026-06-28 09:59:42.755971,0.49982331089246,lstm
SVC-000013,EVT-0019539,2026-06-28 09:59:48.183290,0.5360219876088732,lstm
USR-000178,EVT-0019540,2026-06-28 10:03:52.334948,0.4299583792629146,lstm
USR-000076,EVT-0019541,2026-06-28 10:04:17.656684,0.4164016132305779,lstm
USR-000008,EVT-0019542,2026-06-28 10:05:48.032858,0.41643119685167684,lstm
DEV-000003,EVT-0019543,2026-06-28 10:06:28.645525,0.289391160498428,lstm
USR-000137,EVT-0019544,2026-06-28 10:08:04.323320,0.36332853293618955,lstm
USR-000172,EVT-0019545,2026-06-28 10:08:34.134460,0.2994083645661339,lstm
SVC-000039,EVT-0019546,2026-06-28 10:09:09.916348,0.467123272757634,lstm
SVC-000053,EVT-0019547,2026-06-28 10:09:56.296273,0.3484836679536621,lstm
DEV-000008,EVT-0019548,2026-06-28 10:10:05.490443,0.6083645116040204,lstm
USR-000213,EVT-0019549,2026-06-28 10:10:07.933794,0.7236843683051568,lstm
USR-000026,EVT-0019550,2026-06-28 10:11:19.779956,0.503089021645532,lstm
USR-000104,EVT-0019551,2026-06-28 10:13:30.826458,0.9761599133804311,lstm
SVC-000016,EVT-0019552,2026-06-28 10:13:33.802802,0.3607428052576494,lstm
SVC-000039,EVT-0019553,2026-06-28 10:13:52.130656,0.4590116760511426,lstm
USR-000169,EVT-0019554,2026-06-28 10:14:01.239587,0.6587528369087318,lstm
SVC-000013,EVT-0019555,2026-06-28 10:14:43.373061,0.4556850334897205,lstm
USR-000099,EVT-0019556,2026-06-28 10:16:31.083729,0.486880666971235,lstm
DEV-000018,EVT-0019557,2026-06-28 10:17:13.735995,0.1616774613252564,lstm
SVC-000024,EVT-0019558,2026-06-28 10:17:21.470614,0.3164443658558575,lstm
DEV-000001,EVT-0019559,2026-06-28 10:19:36.944082,0.45373900980773285,lstm
USR-000177,EVT-0019560,2026-06-28 10:19:59.914121,0.40463239293699904,lstm
SVC-000013,EVT-0019561,2026-06-28 10:20:17.244159,0.5964151307273163,lstm
USR-000114,EVT-0019562,2026-06-28 10:20:23.503443,0.9999939965507414,lstm
USR-000022,EVT-0019563,2026-06-28 10:20:27.366325,0.25418062687186993,lstm
SVC-000024,EVT-0019564,2026-06-28 10:20:30.846829,0.7682101884098472,lstm
USR-000196,EVT-0019565,2026-06-28 10:21:29.918549,0.5541888675169144,lstm
SVC-000053,EVT-0019566,2026-06-28 10:21:59.865203,0.40971689911662323,lstm
USR-000132,EVT-0019567,2026-06-28 10:22:33.981106,0.3016268640913473,lstm
DEV-000023,EVT-0019568,2026-06-28 10:22:55.219366,0.6297889012025316,lstm
DEV-000002,EVT-0019569,2026-06-28 10:25:57.453644,0.18376620839241442,lstm
USR-000049,EVT-0019570,2026-06-28 10:26:11.859682,0.5168009692254804,lstm
USR-000164,EVT-0019571,2026-06-28 10:26:13.622981,0.24218440213718728,lstm
SVC-000013,EVT-0019572,2026-06-28 10:26:36.831445,0.5170253903695401,lstm
USR-000042,EVT-0019573,2026-06-28 10:27:58.798874,0.2304316373613573,lstm
USR-000114,EVT-0019574,2026-06-28 10:28:30.450391,0.997753287199719,lstm
USR-000033,EVT-0019575,2026-06-28 10:29:28.589166,0.7148562190073484,lstm
USR-000169,EVT-0019576,2026-06-28 10:29:47.029766,0.5390899850579774,lstm
USR-000175,EVT-0019577,2026-06-28 10:30:07.155451,0.9110673312472105,lstm
DEV-000015,EVT-0019578,2026-06-28 10:30:55.710054,0.5127047693929043,lstm
SVC-000024,EVT-0019579,2026-06-28 10:31:16.637233,0.46467763893431624,lstm
SVC-000039,EVT-0019580,2026-06-28 10:32:03.005563,0.4267349772122543,lstm
USR-000086,EVT-0019581,2026-06-28 10:34:17.689876,0.680303597146596,lstm
USR-000072,EVT-0019582,2026-06-28 10:34:24.878059,0.6765790557342517,baseline_fallback
USR-000178,EVT-0019583,2026-06-28 10:34:39.659743,0.2868374203212669,lstm
SVC-000039,EVT-0019584,2026-06-28 10:35:19.127104,0.5752878755843279,lstm
SVC-000053,EVT-0019585,2026-06-28 10:35:33.401876,0.3972473902265289,lstm
USR-000183,EVT-0019586,2026-06-28 10:36:23.382907,0.9377923300462223,lstm
SVC-000021,EVT-0019587,2026-06-28 10:36:34.133765,0.9946935398355239,lstm
SVC-000039,EVT-0019588,2026-06-28 10:37:02.453808,0.5395511052123894,lstm
USR-000077,EVT-0019589,2026-06-28 10:37:04.809039,0.4372945479116617,lstm
USR-000014,EVT-0019590,2026-06-28 10:37:22.023196,0.9999999872893696,lstm
USR-000087,EVT-0019591,2026-06-28 10:38:51.911344,0.48113294085061903,lstm
USR-000133,EVT-0019592,2026-06-28 10:40:04.133140,0.551651059342877,lstm
SVC-000021,EVT-0019593,2026-06-28 10:40:33.731659,0.5168922590766881,lstm
USR-000208,EVT-0019594,2026-06-28 10:40:35.822038,0.9071347210774114,lstm
USR-000169,EVT-0019595,2026-06-28 10:41:50.857973,0.48884532831388294,lstm
USR-000162,EVT-0019596,2026-06-28 10:42:10.857924,0.3714216961404777,lstm
SVC-000053,EVT-0019597,2026-06-28 10:44:07.142289,0.5768073872232016,lstm
SVC-000013,EVT-0019598,2026-06-28 10:45:03.611522,0.6049278502914693,lstm
USR-000049,EVT-0019599,2026-06-28 10:45:28.001723,0.523930690756654,lstm
USR-000205,EVT-0019600,2026-06-28 10:46:28.153021,0.5337992087782235,lstm
USR-000042,EVT-0019601,2026-06-28 10:47:08.782055,0.2619966924626356,lstm
USR-000172,EVT-0019602,2026-06-28 10:47:09.057517,0.3214323908052043,lstm
USR-000042,EVT-0019603,2026-06-28 10:49:32.999813,0.3817382040502941,lstm
USR-000116,EVT-0019604,2026-06-28 10:49:52.977029,0.8655428629935787,lstm
USR-000205,EVT-0019605,2026-06-28 10:50:35.199755,0.6382481847876749,lstm
USR-000116,EVT-0019606,2026-06-28 10:50:54.542037,0.8548324607024367,lstm
USR-000178,EVT-0019607,2026-06-28 10:51:18.497739,0.32173758828736054,lstm
USR-000132,EVT-0019608,2026-06-28 10:51:40.691615,0.5968571254429065,lstm
USR-000138,EVT-0019609,2026-06-28 10:52:10.977552,0.2979406452110161,lstm
SVC-000001,EVT-0019610,2026-06-28 10:55:11.050369,0.5492854267207186,lstm
SVC-000013,EVT-0019611,2026-06-28 10:57:08.558647,0.44822574604791093,lstm
SVC-000039,EVT-0019612,2026-06-28 10:57:48.317526,0.3268766020245005,lstm
USR-000190,EVT-0019613,2026-06-28 10:59:01.649734,0.45456593867916556,lstm
DEV-000012,EVT-0019614,2026-06-28 11:00:47.934311,0.6411704059911149,lstm
USR-000177,EVT-0019615,2026-06-28 11:01:31.847205,0.32580679188916795,lstm
USR-000035,EVT-0019616,2026-06-28 11:03:00.118626,0.7400332747998732,lstm
USR-000008,EVT-0019617,2026-06-28 11:03:36.497611,0.2880536620070078,lstm
USR-000036,EVT-0019618,2026-06-28 11:03:39.201849,0.28750151536662805,lstm
USR-000071,EVT-0019619,2026-06-28 11:03:53.946125,0.9785323934166709,lstm
USR-000090,EVT-0019620,2026-06-28 11:03:54.921790,0.36109291636144325,lstm
USR-000203,EVT-0019621,2026-06-28 11:04:09.045814,0.34411477326807594,lstm
USR-000036,EVT-0019622,2026-06-28 11:04:24.488975,0.6060849969188518,lstm
USR-000199,EVT-0019623,2026-06-28 11:04:31.863356,0.2539263520394681,lstm
SVC-000053,EVT-0019624,2026-06-28 11:07:18.918100,0.6410224584726779,lstm
USR-000169,EVT-0019625,2026-06-28 11:08:16.661930,0.39281618268045987,lstm
SVC-000021,EVT-0019626,2026-06-28 11:08:24.079135,0.4808079798641879,lstm
USR-000133,EVT-0019627,2026-06-28 11:08:30.170862,0.4517148138270778,lstm
SVC-000013,EVT-0019628,2026-06-28 11:09:11.411086,0.8468380418025104,lstm
DEV-000010,EVT-0019629,2026-06-28 11:09:22.354496,0.5111500278574959,lstm
USR-000072,EVT-0019630,2026-06-28 11:09:42.198445,0.9999731967404739,lstm
USR-000119,EVT-0019631,2026-06-28 11:09:56.065567,0.9611142909929125,lstm
USR-000199,EVT-0019632,2026-06-28 11:10:11.344611,0.4395730094454192,lstm
USR-000130,EVT-0019633,2026-06-28 11:10:16.113558,0.7525524525654267,lstm
SVC-000013,EVT-0019634,2026-06-28 11:10:41.330191,0.9477801651832566,lstm
USR-000140,EVT-0019635,2026-06-28 11:11:03.775035,0.5817588217355747,lstm
USR-000157,EVT-0019636,2026-06-28 11:11:04.728947,0.26103374037222876,lstm
SVC-000013,EVT-0019637,2026-06-28 11:13:43.604591,0.6316465710997614,lstm
USR-000066,EVT-0019638,2026-06-28 11:13:59.852998,0.9799530807781927,lstm
USR-000096,EVT-0019639,2026-06-28 11:14:54.648516,0.3594497566980556,lstm
USR-000016,EVT-0019640,2026-06-28 11:15:03.656288,0.3515754175525328,lstm
USR-000030,EVT-0019641,2026-06-28 11:15:18.905563,0.23749055119512796,lstm
USR-000138,EVT-0019642,2026-06-28 11:16:04.029363,0.3312324900056646,lstm
SVC-000024,EVT-0019643,2026-06-28 11:17:52.966267,0.7579506906999312,lstm
USR-000177,EVT-0019644,2026-06-28 11:18:25.896035,0.2841389319685785,lstm
USR-000090,EVT-0019645,2026-06-28 11:19:19.124859,0.4651690403498173,lstm
USR-000206,EVT-0019646,2026-06-28 11:19:29.713216,0.3164582940694225,lstm
SVC-000053,EVT-0019647,2026-06-28 11:20:25.341869,0.6109093797423358,lstm
USR-000135,EVT-0019648,2026-06-28 11:20:30.891238,0.22959753677859687,lstm
USR-000036,EVT-0019649,2026-06-28 11:20:50.653062,0.2964648495316109,lstm
DEV-000026,EVT-0019650,2026-06-28 11:21:16.828004,0.3089577999537897,lstm
USR-000042,EVT-0019651,2026-06-28 11:22:13.980848,0.3659824904210837,lstm
USR-000099,EVT-0019652,2026-06-28 11:23:03.259688,0.2752173496762347,lstm
USR-000137,EVT-0019653,2026-06-28 11:23:24.259265,0.2996065357762117,lstm
USR-000203,EVT-0019654,2026-06-28 11:26:00.280341,0.44541600787995717,lstm
USR-000194,EVT-0019655,2026-06-28 11:27:13.985562,0.30679933373850277,lstm
SVC-000050,EVT-0019656,2026-06-28 11:28:41.853940,0.9379860472162499,lstm
USR-000172,EVT-0019657,2026-06-28 11:29:27.001970,0.2857476030347426,lstm
USR-000206,EVT-0019658,2026-06-28 11:29:54.102014,0.4285362827718282,lstm
SVC-000008,EVT-0019659,2026-06-28 11:30:23.421045,0.6312065219560753,lstm
USR-000105,EVT-0019660,2026-06-28 11:31:36.004425,0.6531435605532963,lstm
SVC-000016,EVT-0019661,2026-06-28 11:31:45.117114,0.5847117952119991,lstm
SVC-000039,EVT-0019662,2026-06-28 11:31:50.395111,0.38307127210479036,lstm
USR-000099,EVT-0019663,2026-06-28 11:34:19.144083,0.2771232524392158,lstm
SVC-000017,EVT-0019664,2026-06-28 11:34:27.838450,0.983389114373176,lstm
SVC-000021,EVT-0019665,2026-06-28 11:35:48.187148,0.5578227850189884,lstm
USR-000193,EVT-0019666,2026-06-28 11:39:10.563346,0.9099684047474638,lstm
USR-000078,EVT-0019667,2026-06-28 11:39:39.950334,0.7763910895272383,lstm
USR-000194,EVT-0019668,2026-06-28 11:39:48.953686,0.36509599057893866,lstm
SVC-000021,EVT-0019669,2026-06-28 11:41:17.623552,0.5805033205654365,lstm
USR-000145,EVT-0019670,2026-06-28 11:42:12.012408,0.6809573657210426,lstm
USR-000125,EVT-0019671,2026-06-28 11:42:41.852213,0.809167894897289,lstm
USR-000194,EVT-0019672,2026-06-28 11:42:48.550000,0.42071862033344193,lstm
USR-000194,EVT-0019673,2026-06-28 11:44:37.821908,0.5604711486566718,lstm
USR-000069,EVT-0019674,2026-06-28 11:45:03.785706,0.3368159026257055,lstm
SVC-000050,EVT-0019675,2026-06-28 11:46:42.380524,0.8322838947644342,lstm
SVC-000021,EVT-0019676,2026-06-28 11:48:34.801152,0.43073480368120404,lstm
SVC-000008,EVT-0019677,2026-06-28 11:48:37.036608,0.39281333841525773,lstm
USR-000105,EVT-0019678,2026-06-28 11:48:55.986934,0.516948340389126,lstm
SVC-000008,EVT-0019679,2026-06-28 11:49:30.282838,0.7218140544339954,lstm
USR-000021,EVT-0019680,2026-06-28 11:49:55.692570,0.3972227684117979,lstm
SVC-000021,EVT-0019681,2026-06-28 11:50:28.396046,0.5215188233140216,lstm
SVC-000039,EVT-0019682,2026-06-28 11:52:19.824988,0.43548196680752294,lstm
SVC-000050,EVT-0019683,2026-06-28 11:53:25.120527,0.40447499110799456,lstm
USR-000090,EVT-0019684,2026-06-28 11:53:28.662293,0.317136971241535,lstm
USR-000156,EVT-0019685,2026-06-28 11:53:34.324187,0.5729712962518105,lstm
USR-000105,EVT-0019686,2026-06-28 11:54:24.509123,0.5800508583334546,lstm
USR-000076,EVT-0019687,2026-06-28 11:54:31.675330,0.35041964446016244,lstm
SVC-000053,EVT-0019688,2026-06-28 11:56:12.043025,0.7583853863221274,lstm
SVC-000053,EVT-0019689,2026-06-28 11:56:48.714556,0.6447217510189666,lstm
SVC-000001,EVT-0019690,2026-06-28 11:59:36.449855,0.3738730067677597,lstm
USR-000098,EVT-0019691,2026-06-28 11:59:47.677974,0.3879937917995391,lstm
USR-000043,EVT-0019692,2026-06-28 12:00:59.260710,0.40641101696598536,lstm
USR-000077,EVT-0019693,2026-06-28 12:04:07.121272,0.34537916630724264,lstm
USR-000047,EVT-0019694,2026-06-28 12:04:50.282578,0.3060218021198214,lstm
USR-000042,EVT-0019695,2026-06-28 12:05:18.512587,0.27054679035477597,lstm
SVC-000008,EVT-0019696,2026-06-28 12:06:18.831868,0.4296192086506654,lstm
DEV-000018,EVT-0019697,2026-06-28 12:06:24.290377,0.22519345594122245,lstm
USR-000084,EVT-0019698,2026-06-28 12:07:59.049121,0.9224045512511436,lstm
USR-000196,EVT-0019699,2026-06-28 12:10:34.406927,0.26451635637788906,lstm
DEV-000007,EVT-0019700,2026-06-28 12:10:44.714510,0.39785819065006683,lstm
USR-000101,EVT-0019701,2026-06-28 12:10:57.862397,0.41803994521269927,lstm
SVC-000021,EVT-0019702,2026-06-28 12:11:02.346948,0.6660876676663895,lstm
SVC-000008,EVT-0019703,2026-06-28 12:11:30.366132,0.3774220828236267,lstm
USR-000047,EVT-0019704,2026-06-28 12:12:18.894200,0.3079712037154161,lstm
USR-000108,EVT-0019705,2026-06-28 12:12:29.357788,0.5012131713374885,lstm
SVC-000008,EVT-0019706,2026-06-28 12:13:35.407971,0.7276925711122414,lstm
USR-000005,EVT-0019707,2026-06-28 12:15:35.346006,0.33035033393787866,lstm
USR-000087,EVT-0019708,2026-06-28 12:15:38.991649,0.503251947785694,lstm
USR-000173,EVT-0019709,2026-06-28 12:16:15.835377,0.2834580305039397,lstm
USR-000043,EVT-0019710,2026-06-28 12:18:15.075988,0.7058674316947449,lstm
SVC-000001,EVT-0019711,2026-06-28 12:18:21.281664,0.3344194178980712,lstm
SVC-000021,EVT-0019712,2026-06-28 12:18:40.107372,0.787607209751497,lstm
USR-000135,EVT-0019713,2026-06-28 12:19:14.830696,0.30050866780213903,lstm
SVC-000039,EVT-0019714,2026-06-28 12:20:10.503363,0.43123242927917393,lstm
USR-000099,EVT-0019715,2026-06-28 12:20:31.049491,0.24648973939003016,lstm
USR-000126,EVT-0019716,2026-06-28 12:21:37.840134,0.41154210663602775,lstm
USR-000103,EVT-0019717,2026-06-28 12:23:53.509194,0.47597753480726557,lstm
USR-000196,EVT-0019718,2026-06-28 12:24:56.833048,0.2923833002831993,lstm
DEV-000011,EVT-0019719,2026-06-28 12:25:03.426974,0.223693775891474,lstm
USR-000178,EVT-0019720,2026-06-28 12:25:37.425666,0.31762351768376923,lstm
USR-000144,EVT-0019721,2026-06-28 12:25:47.541719,0.6411839466841698,lstm
USR-000035,EVT-0019722,2026-06-28 12:25:55.626470,0.5012670261274011,lstm
USR-000205,EVT-0019723,2026-06-28 12:27:46.039702,0.6756656616262005,lstm
DEV-000009,EVT-0019724,2026-06-28 12:28:43.165173,0.4819868690963652,lstm
USR-000126,EVT-0019725,2026-06-28 12:29:08.569446,0.5638085202676485,lstm
USR-000028,EVT-0019726,2026-06-28 12:29:16.955571,0.3778121280567764,lstm
USR-000172,EVT-0019727,2026-06-28 12:29:21.448888,0.3565719870433862,lstm
DEV-000020,EVT-0019728,2026-06-28 12:30:53.680007,0.28291227856079354,lstm
SVC-000039,EVT-0019729,2026-06-28 12:30:54.160193,0.43039729331849064,lstm
SVC-000008,EVT-0019730,2026-06-28 12:32:26.232701,0.391294176137088,lstm
USR-000090,EVT-0019731,2026-06-28 12:32:46.329353,0.4475111978735537,lstm
SVC-000053,EVT-0019732,2026-06-28 12:37:26.851339,0.6692924258777341,lstm
USR-000210,EVT-0019733,2026-06-28 12:39:50.357894,0.4179603051494844,lstm
SVC-000021,EVT-0019734,2026-06-28 12:40:14.226807,0.3864874110349587,lstm
USR-000001,EVT-0019735,2026-06-28 12:41:28.857351,0.8982639549832723,lstm
USR-000145,EVT-0019736,2026-06-28 12:42:17.989998,0.6506091368620388,lstm
USR-000044,EVT-0019737,2026-06-28 12:42:37.406660,0.5362196250660095,lstm
SVC-000050,EVT-0019738,2026-06-28 12:44:33.875663,0.2886820183048663,lstm
DEV-000006,EVT-0019739,2026-06-28 12:46:01.658850,0.4042684256811658,lstm
USR-000041,EVT-0019740,2026-06-28 12:46:08.109418,0.8459234133529931,lstm
USR-000201,EVT-0019741,2026-06-28 12:46:22.413451,0.7066497410301724,baseline_fallback
USR-000129,EVT-0019742,2026-06-28 12:48:41.294847,0.37912349180126803,lstm
USR-000111,EVT-0019743,2026-06-28 12:50:59.270825,0.9750951124971963,lstm
USR-000169,EVT-0019744,2026-06-28 12:53:43.378740,0.3199337213616276,lstm
SVC-000021,EVT-0019745,2026-06-28 12:53:57.890031,0.7142939501923813,lstm
USR-000138,EVT-0019746,2026-06-28 12:54:16.595110,0.4635342617058519,lstm
USR-000085,EVT-0019747,2026-06-28 12:54:42.134039,0.7037720579731269,baseline_fallback
SVC-000021,EVT-0019748,2026-06-28 12:56:55.721394,0.4785236326816879,lstm
SVC-000039,EVT-0019749,2026-06-28 12:58:33.592343,0.5075916872679547,lstm
USR-000030,EVT-0019750,2026-06-28 12:59:11.297593,0.29113660976842826,lstm
DEV-000008,EVT-0019751,2026-06-28 13:00:04.903761,0.6515628334194269,lstm
SVC-000039,EVT-0019752,2026-06-28 13:00:16.400928,0.6195389748007536,lstm
DEV-000018,EVT-0019753,2026-06-28 13:00:27.565193,0.3355701472057803,lstm
USR-000021,EVT-0019754,2026-06-28 13:00:46.960323,0.3600157776155661,lstm
USR-000183,EVT-0019755,2026-06-28 13:01:02.612796,0.6934060040064696,lstm
USR-000183,EVT-0019756,2026-06-28 13:01:21.868480,0.9079969739573502,lstm
USR-000145,EVT-0019757,2026-06-28 13:01:35.485508,0.5834167595696552,lstm
USR-000205,EVT-0019758,2026-06-28 13:03:13.183182,0.3607204237303886,lstm
USR-000129,EVT-0019759,2026-06-28 13:05:10.670321,0.3450618354374045,lstm
SVC-000043,EVT-0019760,2026-06-28 13:05:32.606139,0.9134853589718189,lstm
USR-000084,EVT-0019761,2026-06-28 13:06:16.187808,0.3813900306284676,lstm
USR-000090,EVT-0019762,2026-06-28 13:06:16.581302,0.45784218797207865,lstm
SVC-000008,EVT-0019763,2026-06-28 13:08:21.551966,0.6498616046419168,lstm
DEV-000013,EVT-0019764,2026-06-28 13:08:59.282859,0.525578057328049,lstm
SVC-000021,EVT-0019765,2026-06-28 13:09:42.089524,0.5371262784791826,lstm
USR-000001,EVT-0019766,2026-06-28 13:10:52.472664,0.45591091067205014,lstm
USR-000139,EVT-0019767,2026-06-28 13:11:46.890590,0.5633162087747479,lstm
USR-000126,EVT-0019768,2026-06-28 13:12:34.159692,0.3687303737632965,lstm
USR-000177,EVT-0019769,2026-06-28 13:12:54.953766,0.2697022264494581,lstm
USR-000019,EVT-0019770,2026-06-28 13:13:00.811581,0.4591933151009822,lstm
USR-000129,EVT-0019771,2026-06-28 13:13:39.596662,0.37634288153284734,lstm
USR-000022,EVT-0019772,2026-06-28 13:15:13.683607,0.27263823499623624,lstm
USR-000079,EVT-0019773,2026-06-28 13:15:50.881153,0.6095802439119218,lstm
USR-000001,EVT-0019774,2026-06-28 13:20:00.347583,0.5003319521563976,lstm
SVC-000043,EVT-0019775,2026-06-28 13:20:16.113630,0.4993561404635818,lstm
SVC-000021,EVT-0019776,2026-06-28 13:20:52.287942,0.6759217998868557,lstm
USR-000205,EVT-0019777,2026-06-28 13:21:17.938961,0.6368952496119629,lstm
SVC-000017,EVT-0019778,2026-06-28 13:21:36.358613,0.8684840195533715,lstm
SVC-000049,EVT-0019779,2026-06-28 13:22:27.632788,0.938397928781578,lstm
DEV-000001,EVT-0019780,2026-06-28 13:23:00.323639,0.21561123539960203,lstm
USR-000207,EVT-0019781,2026-06-28 13:24:56.044981,0.45515566036505134,lstm
SVC-000008,EVT-0019782,2026-06-28 13:25:04.416417,0.49597965924459586,lstm
USR-000079,EVT-0019783,2026-06-28 13:26:25.309361,0.5458297990750985,lstm
USR-000053,EVT-0019784,2026-06-28 13:30:32.894085,0.5641552976881788,lstm
USR-000206,EVT-0019785,2026-06-28 13:31:43.857429,0.33885310257648005,lstm
USR-000104,EVT-0019786,2026-06-28 13:33:27.859499,0.9998931629626601,lstm
DEV-000013,EVT-0019787,2026-06-28 13:33:59.785065,0.6824970621545142,lstm
SVC-000021,EVT-0019788,2026-06-28 13:34:29.169460,0.466664654331369,lstm
USR-000139,EVT-0019789,2026-06-28 13:35:14.176702,0.4928703034134118,lstm
SVC-000027,EVT-0019790,2026-06-28 13:35:27.597495,0.9937435297305005,lstm
DEV-000024,EVT-0019791,2026-06-28 13:37:04.937448,0.6025170134132662,lstm
USR-000047,EVT-0019792,2026-06-28 13:37:48.670707,0.29349343163739505,lstm
SVC-000008,EVT-0019793,2026-06-28 13:38:03.428845,0.7262152707393142,lstm
USR-000205,EVT-0019794,2026-06-28 13:39:29.950333,0.3479521554015235,lstm
SVC-000023,EVT-0019795,2026-06-28 13:39:42.471135,0.9987981256135515,lstm
USR-000087,EVT-0019796,2026-06-28 13:39:45.777674,0.3987371712198293,lstm
SVC-000017,EVT-0019797,2026-06-28 13:41:32.978393,0.2793874083063211,lstm
SVC-000027,EVT-0019798,2026-06-28 13:41:55.267159,0.41308867865200505,lstm
USR-000126,EVT-0019799,2026-06-28 13:42:01.256949,0.3016648383282437,lstm
DEV-000024,EVT-0019800,2026-06-28 13:43:22.517092,0.8815934653643487,lstm
USR-000047,EVT-0019801,2026-06-28 13:45:06.111699,0.3091885114582773,lstm
SVC-000043,EVT-0019802,2026-06-28 13:45:24.308576,0.3242779235590077,lstm
USR-000123,EVT-0019803,2026-06-28 13:45:55.122556,0.9831916150585657,lstm
USR-000077,EVT-0019804,2026-06-28 13:47:33.171850,0.2936142359243994,lstm
USR-000178,EVT-0019805,2026-06-28 13:47:59.105932,0.2349197330617213,lstm
USR-000045,EVT-0019806,2026-06-28 13:48:35.624991,0.7117221569837593,lstm
USR-000003,EVT-0019807,2026-06-28 13:48:45.733224,0.4322367885489599,lstm
USR-000108,EVT-0019808,2026-06-28 13:49:10.930866,0.3013267430456892,lstm
USR-000160,EVT-0019809,2026-06-28 13:50:07.107901,0.7509519187583675,lstm
USR-000006,EVT-0019810,2026-06-28 13:51:05.343891,0.3763864040092013,lstm
USR-000183,EVT-0019811,2026-06-28 13:51:29.372047,0.5594713603995887,lstm
SVC-000017,EVT-0019812,2026-06-28 13:52:22.264332,0.4699965089713835,lstm
USR-000035,EVT-0019813,2026-06-28 13:52:35.339155,0.45469561845349055,lstm
DEV-000006,EVT-0019814,2026-06-28 13:52:47.222307,0.1913465375842012,lstm
USR-000011,EVT-0019815,2026-06-28 13:53:05.208176,0.6754679074569993,lstm
SVC-000017,EVT-0019816,2026-06-28 13:54:49.846628,0.7322213623330045,lstm
SVC-000043,EVT-0019817,2026-06-28 13:55:09.017542,0.4729165521138747,lstm
USR-000068,EVT-0019818,2026-06-28 13:55:35.027908,0.8989046020867109,lstm
USR-000053,EVT-0019819,2026-06-28 13:55:36.728417,0.2718841893008448,lstm
USR-000037,EVT-0019820,2026-06-28 13:57:23.828473,0.9114765729052879,lstm
USR-000206,EVT-0019821,2026-06-28 13:58:45.343031,0.36176643933744157,lstm
SVC-000043,EVT-0019822,2026-06-28 13:59:38.118122,0.45439906194951096,lstm
USR-000129,EVT-0019823,2026-06-28 14:02:29.714763,0.3262732709755514,lstm
USR-000045,EVT-0019824,2026-06-28 14:03:00.715053,0.5910727515266286,lstm
USR-000094,EVT-0019825,2026-06-28 14:03:09.484642,0.4652510779527858,lstm
USR-000045,EVT-0019826,2026-06-28 14:03:16.464565,0.7405698132001377,lstm
USR-000017,EVT-0019827,2026-06-28 14:03:16.881373,0.7724864841303499,lstm
SVC-000022,EVT-0019828,2026-06-28 14:03:24.483535,0.9943912514904029,lstm
SVC-000043,EVT-0019829,2026-06-28 14:04:09.594565,0.4415049232280327,lstm
USR-000021,EVT-0019830,2026-06-28 14:06:15.060058,0.3221856715591266,lstm
USR-000101,EVT-0019831,2026-06-28 14:06:50.428733,0.25641244639988764,lstm
USR-000137,EVT-0019832,2026-06-28 14:07:02.280231,0.3445644619244854,lstm
SVC-000022,EVT-0019833,2026-06-28 14:07:50.910453,0.923346964877488,lstm
USR-000074,EVT-0019834,2026-06-28 14:09:00.664017,0.27930996914103656,lstm
USR-000028,EVT-0019835,2026-06-28 14:10:10.778833,0.2625489885656296,lstm
USR-000053,EVT-0019836,2026-06-28 14:10:26.055677,0.3127163144404429,lstm
DEV-000005,EVT-0019837,2026-06-28 14:14:33.174164,0.25548723294002584,lstm
USR-000074,EVT-0019838,2026-06-28 14:15:19.350274,0.3978842180445065,lstm
USR-000173,EVT-0019839,2026-06-28 14:16:35.272989,0.35908231046019695,lstm
USR-000079,EVT-0019840,2026-06-28 14:16:50.432729,0.3921498275898866,lstm
USR-000065,EVT-0019841,2026-06-28 14:17:35.218221,0.519018570783931,lstm
USR-000068,EVT-0019842,2026-06-28 14:17:42.957274,0.73338989763669,lstm
USR-000131,EVT-0019843,2026-06-28 14:17:46.863454,0.9853702105873834,lstm
USR-000091,EVT-0019844,2026-06-28 14:20:00.431342,0.9976874827212661,lstm
USR-000035,EVT-0019845,2026-06-28 14:21:07.504555,0.4656975990264935,lstm
USR-000083,EVT-0019846,2026-06-28 14:21:32.290018,0.9990079687704989,lstm
SVC-000008,EVT-0019847,2026-06-28 14:22:13.869648,0.5653436632283315,lstm
SVC-000001,EVT-0019848,2026-06-28 14:22:39.884027,0.37456209127490303,lstm
SVC-000053,EVT-0019849,2026-06-28 14:24:07.461165,0.8316620880042047,lstm
USR-000145,EVT-0019850,2026-06-28 14:25:07.234044,0.32343373525248664,lstm
USR-000003,EVT-0019851,2026-06-28 14:25:36.021450,0.3354763589401013,lstm
USR-000011,EVT-0019852,2026-06-28 14:26:21.458427,0.5384705407522542,lstm
SVC-000017,EVT-0019853,2026-06-28 14:27:12.409614,0.716673661959649,lstm
USR-000028,EVT-0019854,2026-06-28 14:28:16.349118,0.2833359133657233,lstm
USR-000016,EVT-0019855,2026-06-28 14:28:51.268103,0.28758799855608075,lstm
USR-000132,EVT-0019856,2026-06-28 14:29:39.004884,0.6169955812591372,lstm
USR-000182,EVT-0019857,2026-06-28 14:30:24.165015,0.8543669926323268,lstm
SVC-000017,EVT-0019858,2026-06-28 14:30:35.657169,0.6077434456331954,lstm
DEV-000003,EVT-0019859,2026-06-28 14:30:49.819467,0.31372602783825787,lstm
USR-000056,EVT-0019860,2026-06-28 14:30:59.141331,0.5726686185811206,lstm
USR-000042,EVT-0019861,2026-06-28 14:31:32.850242,0.36204846206694025,lstm
SVC-000017,EVT-0019862,2026-06-28 14:31:40.182114,0.5294660821258692,lstm
SVC-000027,EVT-0019863,2026-06-28 14:33:10.834326,0.43797294258748104,lstm
SVC-000001,EVT-0019864,2026-06-28 14:33:16.937570,0.3490798769026799,lstm
SVC-000017,EVT-0019865,2026-06-28 14:33:55.115383,0.6149611769224196,lstm
SVC-000017,EVT-0019866,2026-06-28 14:36:28.180836,0.426736679589341,lstm
DEV-000001,EVT-0019867,2026-06-28 14:36:50.382692,0.21770221849397176,lstm
DEV-000007,EVT-0019868,2026-06-28 14:36:56.236297,0.25386169146058024,lstm
SVC-000049,EVT-0019869,2026-06-28 14:38:17.176683,0.8004275113988533,lstm
USR-000111,EVT-0019870,2026-06-28 14:39:43.780061,0.8568271508134738,lstm
SVC-000012,EVT-0019871,2026-06-28 14:40:56.645951,0.9861292465909519,lstm
SVC-000027,EVT-0019872,2026-06-28 14:41:00.417822,0.7388748687212277,lstm
SVC-000027,EVT-0019873,2026-06-28 14:41:03.303934,0.6728514809474859,lstm
USR-000092,EVT-0019874,2026-06-28 14:41:48.873541,0.6968624779251462,lstm
SVC-000027,EVT-0019875,2026-06-28 14:42:17.727395,0.4696534739007544,lstm
SVC-000022,EVT-0019876,2026-06-28 14:42:29.665734,0.6450915003720196,lstm
SVC-000049,EVT-0019877,2026-06-28 14:46:32.070667,0.48381117028084586,lstm
USR-000086,EVT-0019878,2026-06-28 14:46:38.122148,0.4870254610850835,lstm
DEV-000026,EVT-0019879,2026-06-28 14:46:41.469799,0.41990017761297255,lstm
USR-000108,EVT-0019880,2026-06-28 14:46:47.478649,0.33879081269317474,lstm
USR-000185,EVT-0019881,2026-06-28 14:49:29.799673,0.3882801550568286,lstm
SVC-000028,EVT-0019882,2026-06-28 14:49:36.152620,0.9560655889665922,lstm
USR-000185,EVT-0019883,2026-06-28 14:49:57.398227,0.5349216202021666,lstm
SVC-000027,EVT-0019884,2026-06-28 14:50:13.169476,0.37024838837739893,lstm
SVC-000027,EVT-0019885,2026-06-28 14:51:53.896148,0.36314256755600244,lstm
USR-000037,EVT-0019886,2026-06-28 14:52:10.938196,0.6622561312812252,lstm
SVC-000027,EVT-0019887,2026-06-28 14:52:11.640074,0.45405336313799144,lstm
SVC-000012,EVT-0019888,2026-06-28 14:52:13.004346,0.39447094054659243,lstm
USR-000001,EVT-0019889,2026-06-28 14:53:18.774285,0.38206806710587654,lstm
SVC-000022,EVT-0019890,2026-06-28 14:54:16.342734,0.877959452400006,lstm
USR-000131,EVT-0019891,2026-06-28 14:54:29.162175,0.8520640293858949,lstm
SVC-000026,EVT-0019892,2026-06-28 14:55:54.167547,0.9339847125736879,lstm
USR-000084,EVT-0019893,2026-06-28 14:56:32.065617,0.35120819017916693,lstm
USR-000099,EVT-0019894,2026-06-28 14:56:48.957572,0.39386327864387527,lstm
SVC-000036,EVT-0019895,2026-06-28 14:56:54.340957,0.9997644808539058,lstm
SVC-000012,EVT-0019896,2026-06-28 14:58:28.984860,0.32323525556216337,lstm
SVC-000050,EVT-0019897,2026-06-28 14:58:33.569489,0.6130508059828746,lstm
SVC-000027,EVT-0019898,2026-06-28 15:01:31.182323,0.31068810815778297,lstm
SVC-000027,EVT-0019899,2026-06-28 15:02:12.785999,0.7179957662406273,lstm
SVC-000027,EVT-0019900,2026-06-28 15:02:26.009871,0.8567357367953892,lstm
SVC-000022,EVT-0019901,2026-06-28 15:02:27.574410,0.6711331360828878,lstm
USR-000208,EVT-0019902,2026-06-28 15:02:51.116446,0.5867878637985022,lstm
USR-000040,EVT-0019903,2026-06-28 15:03:45.510331,0.9173990350765413,lstm
SVC-000012,EVT-0019904,2026-06-28 15:04:03.543059,0.30397891684410777,lstm
SVC-000012,EVT-0019905,2026-06-28 15:04:08.073862,0.6107595186719509,lstm
USR-000037,EVT-0019906,2026-06-28 15:04:21.467118,0.7043052785752786,lstm
DEV-000017,EVT-0019907,2026-06-28 15:05:16.634952,0.5283455077951762,lstm
DEV-000015,EVT-0019908,2026-06-28 15:05:47.415028,0.17318052090825659,lstm
USR-000053,EVT-0019909,2026-06-28 15:07:49.210676,0.2659317321806802,lstm
SVC-000028,EVT-0019910,2026-06-28 15:08:25.743032,0.6808353650984789,lstm
USR-000099,EVT-0019911,2026-06-28 15:09:01.130747,0.42541386300784867,lstm
USR-000193,EVT-0019912,2026-06-28 15:09:35.456384,0.4606000530189958,lstm
USR-000210,EVT-0019913,2026-06-28 15:10:47.252495,0.305708297036814,lstm
USR-000028,EVT-0019914,2026-06-28 15:13:14.729796,0.24801902890891303,lstm
USR-000043,EVT-0019915,2026-06-28 15:13:52.820950,0.5273138927517772,lstm
USR-000066,EVT-0019916,2026-06-28 15:13:53.643314,0.8294635558863235,lstm
USR-000139,EVT-0019917,2026-06-28 15:15:00.360554,0.36429865424938024,lstm
USR-000040,EVT-0019918,2026-06-28 15:16:17.499282,0.7170352407970569,lstm
SVC-000029,EVT-0019919,2026-06-28 15:17:03.519070,0.9988541115177065,lstm
SVC-000036,EVT-0019920,2026-06-28 15:17:13.973390,0.8469113771097904,lstm
SVC-000022,EVT-0019921,2026-06-28 15:17:25.914271,0.5533542357117238,lstm
USR-000056,EVT-0019922,2026-06-28 15:17:26.695016,0.6077156926661034,lstm
SVC-000028,EVT-0019923,2026-06-28 15:17:56.089279,0.7929438898614889,lstm
USR-000144,EVT-0019924,2026-06-28 15:18:04.794393,0.377066976008824,lstm
SVC-000012,EVT-0019925,2026-06-28 15:22:30.839123,0.3505030302170521,lstm
SVC-000036,EVT-0019926,2026-06-28 15:24:05.995782,0.5897717641579375,lstm
DEV-000014,EVT-0019927,2026-06-28 15:27:00.144221,0.6467735255601856,lstm
USR-000092,EVT-0019928,2026-06-28 15:27:06.903553,0.4917172578962859,lstm
SVC-000036,EVT-0019929,2026-06-28 15:27:09.009497,0.4647198555528825,lstm
USR-000089,EVT-0019930,2026-06-28 15:27:41.756085,0.4339148296913061,lstm
USR-000183,EVT-0019931,2026-06-28 15:28:49.079872,0.3393881714243983,lstm
USR-000131,EVT-0019932,2026-06-28 15:31:24.527830,0.7250872105513415,lstm
USR-000173,EVT-0019933,2026-06-28 15:32:10.525993,0.3818920127605217,lstm
USR-000099,EVT-0019934,2026-06-28 15:33:09.973223,0.3725376145806336,lstm
SVC-000036,EVT-0019935,2026-06-28 15:34:34.998901,0.32609765795444495,lstm
SVC-000001,EVT-0019936,2026-06-28 15:35:32.125753,0.43804118235864425,lstm
USR-000208,EVT-0019937,2026-06-28 15:35:32.153664,0.5106299547306918,lstm
SVC-000008,EVT-0019938,2026-06-28 15:36:11.165688,0.7405697678531381,lstm
USR-000086,EVT-0019939,2026-06-28 15:39:07.740461,0.4679980245064609,lstm
USR-000065,EVT-0019940,2026-06-28 15:40:14.161392,0.29885416202317594,lstm
USR-000210,EVT-0019941,2026-06-28 15:40:45.957431,0.3445241998558011,lstm
USR-000104,EVT-0019942,2026-06-28 15:40:52.976544,0.9999534757739643,lstm
SVC-000036,EVT-0019943,2026-06-28 15:42:47.909751,0.6723399312563134,lstm
USR-000185,EVT-0019944,2026-06-28 15:43:00.278252,0.31276087110123774,lstm
USR-000209,EVT-0019945,2026-06-28 15:43:11.359266,0.3202398188855824,lstm
SVC-000026,EVT-0019946,2026-06-28 15:43:28.814756,0.4500509864033338,lstm
SVC-000010,EVT-0019947,2026-06-28 15:43:47.061185,0.9630127959100245,lstm
SVC-000027,EVT-0019948,2026-06-28 15:46:09.634014,0.5027078278560064,lstm
USR-000176,EVT-0019949,2026-06-28 15:46:38.982670,0.5487318955607426,lstm
SVC-000028,EVT-0019950,2026-06-28 15:47:22.945263,0.7695786905419619,lstm
USR-000065,EVT-0019951,2026-06-28 15:47:35.947707,0.6786643252540151,lstm
USR-000095,EVT-0019952,2026-06-28 15:49:47.250319,0.6173151031071151,lstm
SVC-000036,EVT-0019953,2026-06-28 15:50:22.511719,0.3932805286753572,lstm
USR-000171,EVT-0019954,2026-06-28 15:50:26.039281,0.6699582192907725,lstm
USR-000001,EVT-0019955,2026-06-28 15:52:27.894675,0.4039041273698895,lstm
SVC-000036,EVT-0019956,2026-06-28 15:52:30.409022,0.6565749863786401,lstm
USR-000044,EVT-0019957,2026-06-28 15:58:45.728523,0.26908435674345177,lstm
USR-000040,EVT-0019958,2026-06-28 16:00:15.872317,0.4918948306451457,lstm
DEV-000020,EVT-0019959,2026-06-28 16:01:23.713121,0.2463915196645752,lstm
USR-000144,EVT-0019960,2026-06-28 16:01:34.059812,0.31480674865134517,lstm
USR-000017,EVT-0019961,2026-06-28 16:01:52.633240,0.42452625009628475,lstm
DEV-000009,EVT-0019962,2026-06-28 16:04:17.122171,0.21076517815366572,lstm
SVC-000026,EVT-0019963,2026-06-28 16:04:59.277756,0.3971019758680987,lstm
SVC-000026,EVT-0019964,2026-06-28 16:06:31.721375,0.7264249659947054,lstm
DEV-000026,EVT-0019965,2026-06-28 16:07:25.404096,0.45378467200320455,lstm
SVC-000012,EVT-0019966,2026-06-28 16:07:30.168257,0.4422036626884167,lstm
USR-000091,EVT-0019967,2026-06-28 16:07:54.203332,0.8654025225070647,lstm
DEV-000023,EVT-0019968,2026-06-28 16:10:27.554949,0.3042186802346135,lstm
USR-000017,EVT-0019969,2026-06-28 16:11:51.261983,0.42640299374394863,lstm
USR-000152,EVT-0019970,2026-06-28 16:12:12.901405,0.574736747252457,lstm
USR-000028,EVT-0019971,2026-06-28 16:18:44.723236,0.31361340219414524,lstm
SVC-000012,EVT-0019972,2026-06-28 16:19:17.713982,0.2973051991297158,lstm
SVC-000036,EVT-0019973,2026-06-28 16:20:06.644639,0.39511720739543565,lstm
USR-000037,EVT-0019974,2026-06-28 16:23:06.790480,0.39808921289059673,lstm
USR-000146,EVT-0019975,2026-06-28 16:24:09.716052,0.45214720073116194,lstm
USR-000037,EVT-0019976,2026-06-28 16:25:25.967547,0.49677861735360873,lstm
USR-000075,EVT-0019977,2026-06-28 16:27:43.276332,0.5949292851290915,lstm
SVC-000023,EVT-0019978,2026-06-28 16:28:10.676096,0.8264862996236898,lstm
USR-000085,EVT-0019979,2026-06-28 16:28:52.633784,0.8686112625146165,baseline_fallback
SVC-000010,EVT-0019980,2026-06-28 16:28:55.090600,0.34921012968420584,lstm
SVC-000028,EVT-0019981,2026-06-28 16:30:07.209255,0.48924517442935433,lstm
USR-000035,EVT-0019982,2026-06-28 16:35:28.000678,0.41580852467799334,lstm
SVC-000036,EVT-0019983,2026-06-28 16:37:11.678114,0.5860704300638703,lstm
SVC-000036,EVT-0019984,2026-06-28 16:38:24.305436,0.770445731152506,lstm
SVC-000010,EVT-0019985,2026-06-28 16:40:10.815973,0.4764518491242064,lstm
USR-000066,EVT-0019986,2026-06-28 16:42:10.154784,0.7056807303797428,lstm
DEV-000014,EVT-0019987,2026-06-28 16:42:25.655278,0.49159803177847095,lstm
DEV-000008,EVT-0019988,2026-06-28 16:46:26.651392,0.8509262025886207,lstm
USR-000074,EVT-0019989,2026-06-28 16:49:07.467321,0.30329714479538444,lstm
SVC-000012,EVT-0019990,2026-06-28 16:49:39.287638,0.4311829669757197,lstm
USR-000037,EVT-0019991,2026-06-28 16:50:08.322281,0.3112983640767846,lstm
USR-000053,EVT-0019992,2026-06-28 16:50:15.650882,0.438952232933915,lstm
USR-000056,EVT-0019993,2026-06-28 16:51:47.625497,0.3700745527479677,lstm
USR-000084,EVT-0019994,2026-06-28 16:52:53.550386,0.35411763715220423,lstm
SVC-000036,EVT-0019995,2026-06-28 16:53:06.376407,0.40071279874268123,lstm
USR-000129,EVT-0019996,2026-06-28 16:54:15.423722,0.4453827116817014,lstm
USR-000084,EVT-0019997,2026-06-28 16:54:59.730345,0.6588040373165751,lstm
USR-000084,EVT-0019998,2026-06-28 16:56:15.720109,0.7105948529079029,lstm
USR-000026,EVT-0019999,2026-06-28 16:56:20.127142,0.3712070773722366,lstm
USR-000068,EVT-0020000,2026-06-28 16:56:30.031058,0.6969639169739356,lstm
USR-000084,EVT-0020001,2026-06-28 16:58:16.612881,0.5953591064813836,lstm
USR-000196,EVT-0020002,2026-06-28 16:59:30.836950,0.30763868023209223,lstm
USR-000209,EVT-0020003,2026-06-28 16:59:30.896399,0.31220319557277815,lstm
USR-000077,EVT-0020004,2026-06-28 16:59:41.924220,0.35702079063544595,lstm
USR-000126,EVT-0020005,2026-06-28 17:00:39.858986,0.3479654650275655,lstm
USR-000178,EVT-0020006,2026-06-28 17:02:46.484442,0.455488462511224,lstm
SVC-000010,EVT-0020007,2026-06-28 17:03:19.658203,0.304547568707577,lstm
USR-000125,EVT-0020008,2026-06-28 17:03:30.104107,0.39979389173637103,lstm
USR-000037,EVT-0020009,2026-06-28 17:05:30.718602,0.3805989031215091,lstm
SVC-000026,EVT-0020010,2026-06-28 17:08:12.704704,0.4304373329553755,lstm
USR-000146,EVT-0020011,2026-06-28 17:08:18.407629,0.38957600398868936,lstm
USR-000028,EVT-0020012,2026-06-28 17:08:54.209997,0.37920308644242695,lstm
USR-000045,EVT-0020013,2026-06-28 17:09:46.869319,0.5746241951520904,lstm
USR-000079,EVT-0020014,2026-06-28 17:11:51.442507,0.5196016374774494,lstm
DEV-000012,EVT-0020015,2026-06-28 17:12:03.323869,0.8217573900958928,lstm
USR-000152,EVT-0020016,2026-06-28 17:17:50.652729,0.38813846168573696,lstm
USR-000018,EVT-0020017,2026-06-28 17:18:40.150115,0.7803385461864543,lstm
USR-000074,EVT-0020018,2026-06-28 17:19:48.589210,0.2870116167752138,lstm
DEV-000002,EVT-0020019,2026-06-28 17:21:18.081735,0.702466404792484,lstm
USR-000092,EVT-0020020,2026-06-28 17:21:44.681096,0.3711392962409987,lstm
SVC-000005,EVT-0020021,2026-06-28 17:21:50.237782,0.9733923280609414,lstm
USR-000040,EVT-0020022,2026-06-28 17:27:14.217409,0.3810686102767462,lstm
SVC-000010,EVT-0020023,2026-06-28 17:28:11.403543,0.30936668625628927,lstm
USR-000160,EVT-0020024,2026-06-28 17:28:32.745820,0.49892051745327676,lstm
SVC-000010,EVT-0020025,2026-06-28 17:28:44.911768,0.8568761411202075,lstm
USR-000101,EVT-0020026,2026-06-28 17:32:16.641400,0.2837197582711597,lstm
USR-000147,EVT-0020027,2026-06-28 17:33:35.786765,0.6161980246321244,lstm
USR-000017,EVT-0020028,2026-06-28 17:34:52.101403,0.3272855084143718,lstm
USR-000074,EVT-0020029,2026-06-28 17:35:23.090843,0.34300663409617627,lstm
USR-000085,EVT-0020030,2026-06-28 17:39:11.796137,0.9998457139020911,lstm
SVC-000010,EVT-0020031,2026-06-28 17:39:51.385768,0.8044123673010585,lstm
USR-000080,EVT-0020032,2026-06-28 17:40:34.372387,0.9172821105297608,lstm
SVC-000026,EVT-0020033,2026-06-28 17:46:21.898589,0.467145614775565,lstm
USR-000075,EVT-0020034,2026-06-28 17:46:49.927459,0.4693875608081416,lstm
USR-000146,EVT-0020035,2026-06-28 17:47:47.347137,0.35638413070810526,lstm
SVC-000026,EVT-0020036,2026-06-28 17:50:10.531588,0.8347455399720368,lstm
SVC-000023,EVT-0020037,2026-06-28 17:52:06.864345,0.6990422934284514,lstm
DEV-000004,EVT-0020038,2026-06-28 17:55:09.106088,0.3838377093044779,lstm
USR-000185,EVT-0020039,2026-06-28 17:55:14.291013,0.23380463626144724,lstm
DEV-000017,EVT-0020040,2026-06-28 17:55:35.175614,0.3570634566264217,lstm
USR-000144,EVT-0020041,2026-06-28 17:56:47.088637,0.33012084146673415,lstm
SVC-000026,EVT-0020042,2026-06-28 17:57:15.115493,0.6455407943240762,lstm
SVC-000037,EVT-0020043,2026-06-28 17:59:26.736994,0.9814065889468107,lstm
USR-000092,EVT-0020044,2026-06-28 17:59:51.142310,0.3700767737246998,lstm
SVC-000060,EVT-0020045,2026-06-28 18:01:15.508660,0.9951018263841319,lstm
USR-000003,EVT-0020046,2026-06-28 18:01:58.194192,0.3233113821861936,lstm
USR-000201,EVT-0020047,2026-06-28 18:06:48.496406,0.8356085766083109,baseline_fallback
USR-000035,EVT-0020048,2026-06-28 18:07:55.971020,0.4180806789693717,lstm
DEV-000012,EVT-0020049,2026-06-28 18:09:22.677666,0.7738641975386986,lstm
USR-000185,EVT-0020050,2026-06-28 18:09:40.231460,0.3146768764225507,lstm
SVC-000057,EVT-0020051,2026-06-28 18:14:33.354643,0.9397785431548977,lstm
SVC-000037,EVT-0020052,2026-06-28 18:16:26.048887,0.34057879956497167,lstm
SVC-000010,EVT-0020053,2026-06-28 18:18:20.939399,0.4136960695567105,lstm
USR-000209,EVT-0020054,2026-06-28 18:18:50.986571,0.31376558202441657,lstm
DEV-000005,EVT-0020055,2026-06-28 18:19:27.209812,0.35838264261164915,lstm
SVC-000060,EVT-0020056,2026-06-28 18:20:49.268026,0.7193195079981607,lstm
DEV-000010,EVT-0020057,2026-06-28 18:23:36.072945,0.7152382329279142,lstm
DEV-000015,EVT-0020058,2026-06-28 18:29:03.245794,0.4575542813620211,lstm
USR-000028,EVT-0020059,2026-06-28 18:30:49.327459,0.4862497256437269,lstm
SVC-000005,EVT-0020060,2026-06-28 18:31:55.491091,0.6454693964129512,lstm
USR-000094,EVT-0020061,2026-06-28 18:31:57.704820,0.5991618229080858,lstm
SVC-000004,EVT-0020062,2026-06-28 18:33:01.532198,0.9323807788930996,lstm
USR-000125,EVT-0020063,2026-06-28 18:36:31.509541,0.3963712357588008,lstm
SVC-000037,EVT-0020064,2026-06-28 18:42:11.893750,0.40713750428201584,lstm
DEV-000020,EVT-0020065,2026-06-28 18:42:20.113969,0.30261249185469064,lstm
DEV-000008,EVT-0020066,2026-06-28 18:43:29.955727,0.860060834612146,lstm
SVC-000037,EVT-0020067,2026-06-28 18:45:18.564668,0.6876784093836896,lstm
USR-000146,EVT-0020068,2026-06-28 18:47:40.106777,0.4008351050863152,lstm
SVC-000060,EVT-0020069,2026-06-28 18:49:04.489503,0.3794362611864456,lstm
DEV-000010,EVT-0020070,2026-06-28 18:50:13.377204,0.38583903017601057,lstm
USR-000083,EVT-0020071,2026-06-28 18:50:21.523480,0.9591372942358009,lstm
USR-000128,EVT-0020072,2026-06-28 18:51:47.651542,0.8268093598852382,lstm
SVC-000023,EVT-0020073,2026-06-28 18:52:03.735439,0.9703715886624422,lstm
USR-000018,EVT-0020074,2026-06-28 18:52:58.130244,0.4848612609608567,lstm
SVC-000004,EVT-0020075,2026-06-28 18:55:16.321199,0.32864497629601125,lstm
SVC-000006,EVT-0020076,2026-06-28 18:58:32.005639,0.9865330581986756,lstm
SVC-000052,EVT-0020077,2026-06-28 19:00:26.464492,0.9395076080512171,lstm
SVC-000006,EVT-0020078,2026-06-28 19:01:48.098134,0.6590791842357788,lstm
USR-000147,EVT-0020079,2026-06-28 19:06:05.162174,0.32341904543148253,lstm
DEV-000020,EVT-0020080,2026-06-28 19:10:33.470951,0.4702295676601125,lstm
SVC-000006,EVT-0020081,2026-06-28 19:11:06.461862,0.5151571906895249,lstm
SVC-000057,EVT-0020082,2026-06-28 19:12:52.936468,0.4956281875333987,lstm
SVC-000057,EVT-0020083,2026-06-28 19:14:51.270138,0.7756831166160545,lstm
SVC-000057,EVT-0020084,2026-06-28 19:15:57.604420,0.7608215617071041,lstm
USR-000075,EVT-0020085,2026-06-28 19:16:32.148851,0.36142216828008994,lstm
SVC-000006,EVT-0020086,2026-06-28 19:21:23.266065,0.5050075390238901,lstm
SVC-000006,EVT-0020087,2026-06-28 19:21:23.953616,0.6206453466126848,lstm
SVC-000052,EVT-0020088,2026-06-28 19:23:26.493606,0.22546244233527551,lstm
DEV-000012,EVT-0020089,2026-06-28 19:28:10.696631,0.5731122540292466,lstm
SVC-000004,EVT-0020090,2026-06-28 19:29:54.539157,0.3989967344233062,lstm
SVC-000006,EVT-0020091,2026-06-28 19:35:35.403476,0.2926534560933639,lstm
SVC-000006,EVT-0020092,2026-06-28 19:36:38.807612,0.678562355317667,lstm
SVC-000060,EVT-0020093,2026-06-28 19:36:47.902964,0.580530538166121,lstm
SVC-000006,EVT-0020094,2026-06-28 19:37:24.900482,0.8753153887350996,lstm
SVC-000057,EVT-0020095,2026-06-28 19:40:17.468130,0.3941066140787694,lstm
SVC-000006,EVT-0020096,2026-06-28 19:40:27.716467,0.5518369143516604,lstm
SVC-000052,EVT-0020097,2026-06-28 19:44:00.696276,0.21207514307962635,lstm
SVC-000057,EVT-0020098,2026-06-28 19:44:10.861416,0.5614192495871579,lstm
SVC-000006,EVT-0020099,2026-06-28 19:44:19.494300,0.5313694459631871,lstm
SVC-000057,EVT-0020100,2026-06-28 19:44:23.036733,0.8069811339200574,lstm
SVC-000061,EVT-0020101,2026-06-28 19:45:44.659306,0.9999551949520971,lstm
SVC-000006,EVT-0020102,2026-06-28 19:46:06.506253,0.9542079643384365,lstm
SVC-000061,EVT-0020103,2026-06-28 19:47:06.636583,0.9994708313749119,lstm
SVC-000006,EVT-0020104,2026-06-28 19:48:18.922856,0.43581727089712385,lstm
DEV-000024,EVT-0020105,2026-06-28 19:48:37.750426,0.4709890060448026,lstm
SVC-000052,EVT-0020106,2026-06-28 19:49:35.924129,0.4918409110426078,lstm
SVC-000023,EVT-0020107,2026-06-28 19:51:10.541972,0.9537442513974914,lstm
SVC-000060,EVT-0020108,2026-06-28 19:51:22.895529,0.7301457125012292,lstm
SVC-000044,EVT-0020109,2026-06-28 19:51:49.405652,0.9949998864875934,lstm
SVC-000006,EVT-0020110,2026-06-28 19:53:47.392169,0.4566664188083595,lstm
SVC-000023,EVT-0020111,2026-06-28 19:55:28.001333,0.8878122276827121,lstm
USR-000101,EVT-0020112,2026-06-28 19:55:36.754801,0.35359649446733415,lstm
SVC-000060,EVT-0020113,2026-06-28 19:55:58.159567,0.8881991964261483,lstm
SVC-000052,EVT-0020114,2026-06-28 19:56:27.050042,0.26332798255532774,lstm
SVC-000052,EVT-0020115,2026-06-28 19:57:06.407511,0.37793928619612494,lstm
SVC-000006,EVT-0020116,2026-06-28 19:57:43.775693,0.509360588909595,lstm
SVC-000052,EVT-0020117,2026-06-28 19:58:45.029352,0.7931744952178993,lstm
USR-000033,EVT-0020118,2026-06-28 20:01:55.651179,0.3932580945083948,lstm
SVC-000061,EVT-0020119,2026-06-28 20:03:36.910269,0.9954964641820521,lstm
USR-000185,EVT-0020120,2026-06-28 20:07:51.297032,0.37796917958566534,lstm
SVC-000052,EVT-0020121,2026-06-28 20:08:49.203650,0.39621908505108644,lstm
USR-000089,EVT-0020122,2026-06-28 20:09:12.706993,0.5445087151071438,lstm
SVC-000057,EVT-0020123,2026-06-28 20:09:25.874537,0.3231826920787989,lstm
SVC-000057,EVT-0020124,2026-06-28 20:12:44.440919,0.5168108683586564,lstm
SVC-000061,EVT-0020125,2026-06-28 20:13:14.393019,0.9868191364512197,lstm
SVC-000006,EVT-0020126,2026-06-28 20:16:33.616024,0.529327526346434,lstm
SVC-000048,EVT-0020127,2026-06-28 20:18:23.463771,0.9812933031276809,lstm
USR-000146,EVT-0020128,2026-06-28 20:22:01.827071,0.34606085390120067,lstm
USR-000079,EVT-0020129,2026-06-28 20:22:07.636298,0.5686368031972704,lstm
SVC-000061,EVT-0020130,2026-06-28 20:24:23.373677,0.9210391868879856,lstm
USR-000193,EVT-0020131,2026-06-28 20:25:14.528709,0.9999967777411207,lstm
SVC-000035,EVT-0020132,2026-06-28 20:25:31.994537,0.9740848482111344,lstm
USR-000105,EVT-0020133,2026-06-28 20:25:42.090691,0.9999999999907507,lstm
USR-000049,EVT-0020134,2026-06-28 20:25:52.171646,0.9999997308984288,lstm
USR-000094,EVT-0020135,2026-06-28 20:26:29.033001,0.9999990867177427,lstm
USR-000089,EVT-0020136,2026-06-28 20:26:47.903909,0.9999999290274154,lstm
DEV-000002,EVT-0020137,2026-06-28 20:26:54.048696,1.0,lstm
USR-000200,EVT-0020138,2026-06-28 20:27:16.722329,0.9999999998530145,lstm
SVC-000006,EVT-0020139,2026-06-28 20:27:28.978344,0.47532478830213337,lstm
USR-000189,EVT-0020140,2026-06-28 20:27:53.383269,0.9789841477211838,baseline_fallback
USR-000076,EVT-0020141,2026-06-28 20:28:35.597255,0.999999972181227,lstm
USR-000030,EVT-0020142,2026-06-28 20:29:52.536053,0.999999601600452,lstm
SVC-000057,EVT-0020143,2026-06-28 20:30:03.498502,0.5338037683056177,lstm
USR-000113,EVT-0020144,2026-06-28 20:30:08.027310,0.999996294665935,lstm
USR-000158,EVT-0020145,2026-06-28 20:31:00.440047,0.9999998296152998,lstm
SVC-000019,EVT-0020146,2026-06-28 20:31:52.397709,1.0,lstm
USR-000090,EVT-0020147,2026-06-28 20:32:21.930402,0.9999961456959581,lstm
USR-000043,EVT-0020148,2026-06-28 20:32:59.651278,0.9999999999510485,lstm
USR-000003,EVT-0020149,2026-06-28 20:33:12.479283,0.99999999831287,lstm
SVC-000060,EVT-0020150,2026-06-28 20:34:45.232106,0.7333407893613564,lstm
SVC-000009,EVT-0020151,2026-06-28 20:35:46.463100,1.0,lstm
SVC-000006,EVT-0020152,2026-06-28 20:37:04.178268,0.405814185055933,lstm
SVC-000061,EVT-0020153,2026-06-28 20:37:15.215882,0.7706858649019567,lstm
SVC-000044,EVT-0020154,2026-06-28 20:38:17.053965,0.4684876115168353,lstm
SVC-000057,EVT-0020155,2026-06-28 20:38:22.758576,0.486415218068931,lstm
SVC-000052,EVT-0020156,2026-06-28 20:39:12.568311,0.3388793433168014,lstm
DEV-000010,EVT-0020157,2026-06-28 20:39:39.195159,0.3600600930771127,lstm
DEV-000017,EVT-0020158,2026-06-28 20:39:49.237943,0.3797129269468488,lstm
SVC-000061,EVT-0020159,2026-06-28 20:41:22.673099,0.6964694491384537,lstm
SVC-000052,EVT-0020160,2026-06-28 20:41:30.377012,0.47764494986096206,lstm
DEV-000001,EVT-0020161,2026-06-28 20:50:15.289806,0.3490584657772788,lstm
SVC-000052,EVT-0020162,2026-06-28 20:51:07.472973,0.28541226816428766,lstm
SVC-000061,EVT-0020163,2026-06-28 20:52:23.752615,0.6387227950155472,lstm
SVC-000061,EVT-0020164,2026-06-28 20:52:57.694792,0.8281475782238397,lstm
DEV-000012,EVT-0020165,2026-06-28 20:53:35.463097,0.4876430344976568,lstm
SVC-000061,EVT-0020166,2026-06-28 20:54:12.540873,0.47435527321628584,lstm
DEV-000002,EVT-0020167,2026-06-28 20:55:52.467897,0.9976202848531791,lstm
SVC-000052,EVT-0020168,2026-06-28 20:56:03.859124,0.3199910745905527,lstm
SVC-000061,EVT-0020169,2026-06-28 20:56:47.436259,0.3153415808448862,lstm
DEV-000013,EVT-0020170,2026-06-28 20:57:12.927025,0.8456995517903702,lstm
SVC-000035,EVT-0020171,2026-06-28 20:57:58.525184,0.5602273305314016,lstm
SVC-000035,EVT-0020172,2026-06-28 20:59:03.533466,0.9396582376264305,lstm
USR-000165,EVT-0020173,2026-06-28 20:59:10.065209,0.40055234448937044,lstm
DEV-000007,EVT-0020174,2026-06-28 21:00:01.564191,0.22991042933182249,lstm
SVC-000047,EVT-0020175,2026-06-28 21:03:23.483766,0.9654986762873152,lstm
SVC-000061,EVT-0020176,2026-06-28 21:08:13.425452,0.31603572064475843,lstm
SVC-000054,EVT-0020177,2026-06-28 21:09:49.769468,0.9913151837834733,lstm
SVC-000035,EVT-0020178,2026-06-28 21:09:50.953313,0.34906687222523375,lstm
SVC-000061,EVT-0020179,2026-06-28 21:10:00.892628,0.44702891691741337,lstm
DEV-000010,EVT-0020180,2026-06-28 21:13:33.437693,0.4137866794613167,lstm
DEV-000025,EVT-0020181,2026-06-28 21:13:39.057055,0.7366756189832326,lstm
SVC-000054,EVT-0020182,2026-06-28 21:17:01.972976,0.3592162081071168,lstm
SVC-000048,EVT-0020183,2026-06-28 21:20:13.667003,0.625580942459333,lstm
DEV-000005,EVT-0020184,2026-06-28 21:24:15.243853,0.44138963666149567,lstm
SVC-000045,EVT-0020185,2026-06-28 21:26:32.443974,0.9934816849418867,lstm
SVC-000048,EVT-0020186,2026-06-28 21:27:10.102646,0.5359299767057581,lstm
SVC-000004,EVT-0020187,2026-06-28 21:27:20.347689,0.5313975963576244,lstm
SVC-000060,EVT-0020188,2026-06-28 21:31:46.384550,0.4956962449109399,lstm
DEV-000009,EVT-0020189,2026-06-28 21:31:53.260647,0.2573972013410125,lstm
DEV-000006,EVT-0020190,2026-06-28 21:34:26.709063,0.49100553215872306,lstm
SVC-000048,EVT-0020191,2026-06-28 21:40:06.202827,0.4599944181643,lstm
SVC-000048,EVT-0020192,2026-06-28 21:40:37.497911,0.8857233604695939,lstm
SVC-000003,EVT-0020193,2026-06-28 21:41:44.446578,0.9554796731542515,lstm
SVC-000045,EVT-0020194,2026-06-28 21:42:25.416358,0.3716922589813431,lstm
SVC-000048,EVT-0020195,2026-06-28 21:43:07.201071,0.5752424530478598,lstm
SVC-000054,EVT-0020196,2026-06-28 21:45:00.971277,0.3701832228995062,lstm
DEV-000025,EVT-0020197,2026-06-28 21:48:14.357653,0.5925613531388494,lstm
DEV-000009,EVT-0020198,2026-06-28 21:51:03.835626,0.41736629418677046,lstm
SVC-000023,EVT-0020199,2026-06-28 21:52:04.055465,0.840783393309265,lstm
SVC-000048,EVT-0020200,2026-06-28 21:52:10.314553,0.6083381023809208,lstm
SVC-000045,EVT-0020201,2026-06-28 21:53:05.771204,0.2864167621521298,lstm
SVC-000003,EVT-0020202,2026-06-28 21:53:39.730429,0.714440291457193,lstm
SVC-000045,EVT-0020203,2026-06-28 21:54:02.740875,0.5303236391167749,lstm
SVC-000054,EVT-0020204,2026-06-28 21:54:31.301854,0.239126328853465,lstm
DEV-000002,EVT-0020205,2026-06-28 21:56:39.920257,0.982123031393831,lstm
SVC-000023,EVT-0020206,2026-06-28 21:57:33.897184,0.9061944156663291,lstm
SVC-000041,EVT-0020207,2026-06-28 21:59:29.194038,0.9789671202378541,lstm
SVC-000025,EVT-0020208,2026-06-28 22:00:15.745672,0.9170684324289073,lstm
SVC-000035,EVT-0020209,2026-06-28 22:00:17.762208,0.4924634034074881,lstm
SVC-000045,EVT-0020210,2026-06-28 22:02:37.515893,0.29286248219465427,lstm
SVC-000047,EVT-0020211,2026-06-28 22:03:50.310782,0.28214228861183477,lstm
SVC-000045,EVT-0020212,2026-06-28 22:04:51.581502,0.4008196704816702,lstm
SVC-000054,EVT-0020213,2026-06-28 22:05:27.887258,0.23883729719621216,lstm
DEV-000021,EVT-0020214,2026-06-28 22:07:39.975794,0.8345238499546891,lstm
SVC-000045,EVT-0020215,2026-06-28 22:10:34.574270,0.3736819980380717,lstm
SVC-000045,EVT-0020216,2026-06-28 22:11:39.644274,0.6451606241919198,lstm
DEV-000008,EVT-0020217,2026-06-28 22:11:54.891038,0.7609729062441842,lstm
SVC-000045,EVT-0020218,2026-06-28 22:13:39.502740,0.5952988515540161,lstm
DEV-000017,EVT-0020219,2026-06-28 22:13:40.521477,0.32305853444882643,lstm
DEV-000021,EVT-0020220,2026-06-28 22:15:01.738650,0.8965449798022925,lstm
SVC-000045,EVT-0020221,2026-06-28 22:15:10.288294,0.5526453801862944,lstm
SVC-000025,EVT-0020222,2026-06-28 22:16:24.423612,0.31189482394771595,lstm
SVC-000054,EVT-0020223,2026-06-28 22:18:29.254743,0.2366635367785348,lstm
SVC-000045,EVT-0020224,2026-06-28 22:18:43.853250,0.46934223072502906,lstm
SVC-000045,EVT-0020225,2026-06-28 22:19:03.039726,0.7949119438646451,lstm
SVC-000002,EVT-0020226,2026-06-28 22:20:54.028467,0.9848092434153143,lstm
SVC-000045,EVT-0020227,2026-06-28 22:21:20.741521,0.5747396668408392,lstm
SVC-000054,EVT-0020228,2026-06-28 22:21:46.026372,0.3212528049446466,lstm
SVC-000048,EVT-0020229,2026-06-28 22:23:37.677227,0.4045776386985684,lstm
SVC-000025,EVT-0020230,2026-06-28 22:24:03.465105,0.3462681523809168,lstm
USR-000141,EVT-0020231,2026-06-28 22:24:27.549049,0.5327186609727078,lstm
SVC-000002,EVT-0020232,2026-06-28 22:24:45.076774,0.3138443477733217,lstm
USR-000088,EVT-0020233,2026-06-28 22:27:51.955500,0.3566531292113626,lstm
SVC-000047,EVT-0020234,2026-06-28 22:29:03.459494,0.25596693641531604,lstm
SVC-000054,EVT-0020235,2026-06-28 22:30:37.725874,0.29575932699679025,lstm
SVC-000002,EVT-0020236,2026-06-28 22:31:14.397926,0.32068072397322217,lstm
SVC-000032,EVT-0020237,2026-06-28 22:32:18.807444,0.9546929584690206,lstm
SVC-000045,EVT-0020238,2026-06-28 22:34:37.917119,0.5054775694720034,lstm
DEV-000018,EVT-0020239,2026-06-28 22:36:12.996150,0.8588953039657261,lstm
SVC-000003,EVT-0020240,2026-06-28 22:38:37.775053,0.7601309108968171,lstm
DEV-000001,EVT-0020241,2026-06-28 22:40:12.380688,0.2781260187343319,lstm
DEV-000010,EVT-0020242,2026-06-28 22:43:07.403365,0.4221034399338287,lstm
SVC-000054,EVT-0020243,2026-06-28 22:43:20.910789,0.2817449301832213,lstm
SVC-000002,EVT-0020244,2026-06-28 22:44:26.017760,0.23936852345415083,lstm
USR-000106,EVT-0020245,2026-06-28 22:45:37.216612,0.4340195778720691,lstm
DEV-000011,EVT-0020246,2026-06-28 22:46:23.595392,0.7192669334658811,lstm
SVC-000025,EVT-0020247,2026-06-28 22:50:06.620745,0.28327312908614943,lstm
SVC-000002,EVT-0020248,2026-06-28 22:52:00.069791,0.78702914639273,lstm
DEV-000021,EVT-0020249,2026-06-28 22:53:24.644759,0.6445904992224516,lstm
SVC-000045,EVT-0020250,2026-06-28 22:55:24.085631,0.44662410743421926,lstm
SVC-000032,EVT-0020251,2026-06-28 22:58:51.402392,0.2568435097239017,lstm
SVC-000047,EVT-0020252,2026-06-28 22:59:02.964068,0.2736822828209388,lstm
SVC-000047,EVT-0020253,2026-06-28 22:59:35.282981,0.5860806279974681,lstm
DEV-000012,EVT-0020254,2026-06-28 22:59:55.142188,0.39487966369420807,lstm
SVC-000002,EVT-0020255,2026-06-28 23:01:23.449762,0.3533930893028357,lstm
SVC-000002,EVT-0020256,2026-06-28 23:03:28.274216,0.5089814198771274,lstm
SVC-000045,EVT-0020257,2026-06-28 23:03:53.459597,0.5100139494017013,lstm
SVC-000002,EVT-0020258,2026-06-28 23:07:31.715964,0.4210194958333719,lstm
SVC-000002,EVT-0020259,2026-06-28 23:09:04.469485,0.4637925852074239,lstm
USR-000113,EVT-0020260,2026-06-28 23:11:47.123579,0.9344962000276903,lstm
DEV-000024,EVT-0020261,2026-06-28 23:14:05.783512,0.39749463978556077,lstm
SVC-000032,EVT-0020262,2026-06-28 23:15:00.880064,0.25125394645637994,lstm
DEV-000019,EVT-0020263,2026-06-28 23:17:19.647922,0.6632995209720195,lstm
SVC-000032,EVT-0020264,2026-06-28 23:18:32.913389,0.4707780918594005,lstm
SVC-000002,EVT-0020265,2026-06-28 23:18:58.818060,0.3173127281926509,lstm
USR-000141,EVT-0020266,2026-06-28 23:22:01.981341,0.4252435677064697,lstm
SVC-000047,EVT-0020267,2026-06-28 23:23:11.875031,0.29029386829362736,lstm
SVC-000041,EVT-0020268,2026-06-28 23:27:16.505648,0.3730848930376038,lstm
DEV-000006,EVT-0020269,2026-06-28 23:28:59.714198,0.3954286822921102,lstm
DEV-000023,EVT-0020270,2026-06-28 23:34:45.675989,0.43118912805549636,lstm
SVC-000025,EVT-0020271,2026-06-28 23:35:00.415484,0.28242835745184786,lstm
USR-000165,EVT-0020272,2026-06-28 23:35:37.656596,0.33123475677941294,lstm
DEV-000011,EVT-0020273,2026-06-28 23:38:08.874369,0.5506877613141821,lstm
SVC-000002,EVT-0020274,2026-06-28 23:38:40.242929,0.3338819620345424,lstm
DEV-000013,EVT-0020275,2026-06-28 23:38:51.687657,0.48880588962926563,lstm
DEV-000014,EVT-0020276,2026-06-28 23:40:32.939206,0.42316689264268004,lstm
DEV-000006,EVT-0020277,2026-06-28 23:46:31.578532,0.5206142677745765,lstm
SVC-000045,EVT-0020278,2026-06-28 23:47:00.854411,0.6652767478149545,lstm
DEV-000011,EVT-0020279,2026-06-28 23:49:58.735975,0.6501080361662841,lstm
SVC-000041,EVT-0020280,2026-06-28 23:50:18.932828,0.6153126279016883,lstm
SVC-000002,EVT-0020281,2026-06-28 23:52:01.162106,0.7161192551713559,lstm
SVC-000056,EVT-0020282,2026-06-28 23:55:31.781091,0.9589082592477676,lstm
SVC-000032,EVT-0020283,2026-06-28 23:57:12.129129,0.2760704485915244,lstm
DEV-000003,EVT-0020284,2026-06-28 23:57:22.281764,0.4019473598579857,lstm
SVC-000056,EVT-0020285,2026-06-28 23:58:58.224626,0.5749350107829165,lstm
SVC-000032,EVT-0020286,2026-06-29 00:02:01.103382,0.5137384024873085,lstm
DEV-000001,EVT-0020287,2026-06-29 00:14:40.184256,0.35202731593537645,lstm
USR-000124,EVT-0020288,2026-06-29 00:16:12.946918,0.4932862004507159,lstm
SVC-000056,EVT-0020289,2026-06-29 00:19:17.101788,0.5453998146731339,lstm
DEV-000009,EVT-0020290,2026-06-29 00:21:18.801141,0.36003599139226505,lstm
SVC-000041,EVT-0020291,2026-06-29 00:22:02.058109,0.3535678802284606,lstm
DEV-000001,EVT-0020292,2026-06-29 00:30:47.689036,0.4529002029973294,lstm
SVC-000025,EVT-0020293,2026-06-29 00:34:31.131095,0.46517840639298746,lstm
SVC-000025,EVT-0020294,2026-06-29 00:35:28.105780,0.7507257042505642,lstm
DEV-000023,EVT-0020295,2026-06-29 00:37:11.703609,0.592266937878377,lstm
SVC-000041,EVT-0020296,2026-06-29 00:40:10.481730,0.4769192440812931,lstm
DEV-000008,EVT-0020297,2026-06-29 00:42:01.329927,0.23933055907891376,lstm
USR-000163,EVT-0020298,2026-06-29 00:43:15.487657,0.8223419158251609,lstm
SVC-000032,EVT-0020299,2026-06-29 00:45:55.545267,0.2766379983211128,lstm
SVC-000041,EVT-0020300,2026-06-29 00:51:28.664631,0.5674479566778786,lstm
DEV-000022,EVT-0020301,2026-06-29 00:52:27.826173,0.9154096212084765,lstm
USR-000141,EVT-0020302,2026-06-29 00:54:12.560740,0.29256129973867534,lstm
DEV-000005,EVT-0020303,2026-06-29 00:56:48.078520,0.38535474421185206,lstm
DEV-000007,EVT-0020304,2026-06-29 00:58:58.349639,0.5467605790488154,lstm
SVC-000056,EVT-0020305,2026-06-29 01:01:31.989732,0.5707157207338072,lstm
USR-000122,EVT-0020306,2026-06-29 01:02:16.752925,0.405123140007738,lstm
DEV-000001,EVT-0020307,2026-06-29 01:02:29.653800,0.4339040437462562,lstm
USR-000113,EVT-0020308,2026-06-29 01:04:49.146411,0.7850086626688814,lstm
DEV-000020,EVT-0020309,2026-06-29 01:15:55.264275,0.3930821057702045,lstm
USR-000122,EVT-0020310,2026-06-29 01:20:49.830382,0.24160769112412872,lstm
USR-000122,EVT-0020311,2026-06-29 01:21:38.361320,0.4606610917679742,lstm
SVC-000041,EVT-0020312,2026-06-29 01:22:27.064772,0.38190427626095824,lstm
SVC-000018,EVT-0020313,2026-06-29 01:30:31.744142,0.9743568739768871,lstm
SVC-000018,EVT-0020314,2026-06-29 01:31:06.145859,0.6133031445999916,lstm
SVC-000041,EVT-0020315,2026-06-29 01:36:06.412705,0.47338867755720077,lstm
SVC-000041,EVT-0020316,2026-06-29 01:36:44.130916,0.860818790603236,lstm
SVC-000041,EVT-0020317,2026-06-29 01:42:29.532053,0.43524495360762666,lstm
SVC-000018,EVT-0020318,2026-06-29 01:42:59.835570,0.40138373819285816,lstm
USR-000163,EVT-0020319,2026-06-29 01:45:34.573412,0.7819663108896607,lstm
SVC-000018,EVT-0020320,2026-06-29 01:50:29.770498,0.41556259810414936,lstm
SVC-000018,EVT-0020321,2026-06-29 01:56:18.098749,0.42089009621271656,lstm
SVC-000041,EVT-0020322,2026-06-29 01:57:28.624949,0.2861927475661639,lstm
SVC-000018,EVT-0020323,2026-06-29 01:59:33.318538,0.41899819447145936,lstm
USR-000165,EVT-0020324,2026-06-29 02:01:25.739399,0.25149739171273755,lstm
SVC-000018,EVT-0020325,2026-06-29 02:07:25.789891,0.43308047193324783,lstm
DEV-000004,EVT-0020326,2026-06-29 02:09:46.249298,0.8860821679764124,lstm
SVC-000018,EVT-0020327,2026-06-29 02:12:39.734421,0.43830975936466543,lstm
SVC-000018,EVT-0020328,2026-06-29 02:13:22.623646,0.6293230674368412,lstm
SVC-000018,EVT-0020329,2026-06-29 02:16:45.836873,0.7623833347221084,lstm
DEV-000013,EVT-0020330,2026-06-29 02:20:19.388806,0.587269814623846,lstm
USR-000113,EVT-0020331,2026-06-29 02:23:50.887733,0.7706586722593842,lstm
DEV-000016,EVT-0020332,2026-06-29 02:24:05.188475,0.935688571246172,lstm
SVC-000018,EVT-0020333,2026-06-29 02:24:44.971507,0.3197929117931264,lstm
SVC-000018,EVT-0020334,2026-06-29 02:25:45.496197,0.6064453916782984,lstm
SVC-000018,EVT-0020335,2026-06-29 02:27:44.833693,0.7528416729148023,lstm
DEV-000014,EVT-0020336,2026-06-29 02:28:35.710952,0.29555569042153873,lstm
DEV-000001,EVT-0020337,2026-06-29 02:32:21.524880,0.45866879212267947,lstm
SVC-000018,EVT-0020338,2026-06-29 02:33:13.465255,0.37908478268318446,lstm
USR-000165,EVT-0020339,2026-06-29 02:35:32.309448,0.28188373286679336,lstm
DEV-000006,EVT-0020340,2026-06-29 02:40:02.034670,0.4005088253739185,lstm
DEV-000013,EVT-0020341,2026-06-29 02:45:54.510898,0.5602615613569285,lstm
DEV-000015,EVT-0020342,2026-06-29 02:49:05.051850,0.8559485990823842,lstm
SVC-000014,EVT-0020343,2026-06-29 02:50:15.025040,0.9848011848260559,lstm
SVC-000018,EVT-0020344,2026-06-29 02:53:25.228807,0.6078902695681836,lstm
SVC-000014,EVT-0020345,2026-06-29 02:58:13.911912,0.3918649093078253,lstm
USR-000124,EVT-0020346,2026-06-29 03:00:09.209748,0.5944770738261558,lstm
SVC-000018,EVT-0020347,2026-06-29 03:02:39.697789,0.47269002976196806,lstm
SVC-000041,EVT-0020348,2026-06-29 03:03:26.429292,0.7926283240143975,lstm
USR-000122,EVT-0020349,2026-06-29 03:03:39.416256,0.46780661862001116,lstm
DEV-000021,EVT-0020350,2026-06-29 03:05:02.293343,0.26755461185465634,lstm
SVC-000018,EVT-0020351,2026-06-29 03:07:01.011408,0.39844185590768266,lstm
SVC-000018,EVT-0020352,2026-06-29 03:15:52.466721,0.40679785102553806,lstm
DEV-000024,EVT-0020353,2026-06-29 03:17:39.581290,0.3352346381454541,lstm
SVC-000018,EVT-0020354,2026-06-29 03:21:13.295625,0.3083834785639012,lstm
DEV-000014,EVT-0020355,2026-06-29 03:21:14.336982,0.43300102893705616,lstm
USR-000122,EVT-0020356,2026-06-29 03:21:37.437523,0.25019874518594865,lstm
SVC-000018,EVT-0020357,2026-06-29 03:30:00.964146,0.3888058441045337,lstm
SVC-000014,EVT-0020358,2026-06-29 03:33:12.490580,0.2879152492352104,lstm
USR-000041,EVT-0020359,2026-06-29 03:34:07.167523,0.8981344775052769,lstm
DEV-000002,EVT-0020360,2026-06-29 03:35:28.295430,0.9778537869702678,lstm
SVC-000018,EVT-0020361,2026-06-29 03:41:37.253461,0.320008952142224,lstm
SVC-000041,EVT-0020362,2026-06-29 03:41:44.605771,0.734425601617388,lstm
SVC-000020,EVT-0020363,2026-06-29 03:44:14.895933,0.8894276025439521,lstm
SVC-000014,EVT-0020364,2026-06-29 03:44:54.405793,0.24923334297122876,lstm
SVC-000015,EVT-0020365,2026-06-29 03:44:54.629045,0.9852368108470777,lstm
DEV-000007,EVT-0020366,2026-06-29 03:51:23.451069,0.6765200872358652,lstm
SVC-000019,EVT-0020367,2026-06-29 04:01:51.038924,0.9998939989505817,lstm
SVC-000020,EVT-0020368,2026-06-29 04:03:11.265630,0.3985924920976741,lstm
SVC-000018,EVT-0020369,2026-06-29 04:06:39.540453,0.4917785105368053,lstm
DEV-000005,EVT-0020370,2026-06-29 04:12:35.019011,0.37292902501111314,lstm
SVC-000015,EVT-0020371,2026-06-29 04:14:43.133038,0.32916770934327405,lstm
SVC-000014,EVT-0020372,2026-06-29 04:17:42.768601,0.27223430130599063,lstm
SVC-000015,EVT-0020373,2026-06-29 04:18:15.056196,0.4076082881231754,lstm
SVC-000020,EVT-0020374,2026-06-29 04:21:56.607313,0.36022483688693946,lstm
USR-000059,EVT-0020375,2026-06-29 04:22:18.769953,0.853123596087022,lstm
DEV-000018,EVT-0020376,2026-06-29 04:23:59.821049,0.5145481765602257,lstm
SVC-000007,EVT-0020377,2026-06-29 04:24:22.547877,0.9694209342689238,lstm
DEV-000014,EVT-0020378,2026-06-29 04:29:05.735234,0.4922697028706881,lstm
SVC-000015,EVT-0020379,2026-06-29 04:32:19.052182,0.38734052136858954,lstm
SVC-000007,EVT-0020380,2026-06-29 04:33:20.293453,0.3505383522915973,lstm
SVC-000015,EVT-0020381,2026-06-29 04:35:45.843018,0.28201535514275716,lstm
SVC-000019,EVT-0020382,2026-06-29 04:35:54.636212,0.9927728024019111,lstm
SVC-000007,EVT-0020383,2026-06-29 04:39:06.248546,0.48479463838365217,lstm
DEV-000023,EVT-0020384,2026-06-29 04:39:15.146975,0.7619933882606329,lstm
SVC-000015,EVT-0020385,2026-06-29 04:39:29.073570,0.27823431325601705,lstm
DEV-000009,EVT-0020386,2026-06-29 04:39:57.442993,0.526888533112346,lstm
USR-000059,EVT-0020387,2026-06-29 04:40:18.892610,0.4605882837443446,lstm
SVC-000019,EVT-0020388,2026-06-29 04:41:30.632894,0.9604808871233869,lstm
SVC-000014,EVT-0020389,2026-06-29 04:41:38.850531,0.2975470649414939,lstm
SVC-000007,EVT-0020390,2026-06-29 04:43:18.945150,0.30539484271810163,lstm
SVC-000020,EVT-0020391,2026-06-29 04:46:20.836686,0.4826966517872143,lstm
SVC-000015,EVT-0020392,2026-06-29 04:49:31.769526,0.25570354534294687,lstm
DEV-000005,EVT-0020393,2026-06-29 04:51:16.311491,0.3626955951798341,lstm
USR-000012,EVT-0020394,2026-06-29 04:53:48.490588,0.9999998249916362,lstm
SVC-000020,EVT-0020395,2026-06-29 04:55:10.811523,0.41956173390511137,lstm
SVC-000014,EVT-0020396,2026-06-29 05:01:03.447021,0.2358377928398387,lstm
SVC-000019,EVT-0020397,2026-06-29 05:01:04.972847,0.9820435445237065,lstm
SVC-000007,EVT-0020398,2026-06-29 05:01:41.266529,0.26549771107352743,lstm
SVC-000014,EVT-0020399,2026-06-29 05:01:52.352523,0.4344750488301237,lstm
SVC-000015,EVT-0020400,2026-06-29 05:02:58.078589,0.34368212413330557,lstm
USR-000163,EVT-0020401,2026-06-29 05:06:52.368569,0.7706525291812473,lstm
SVC-000019,EVT-0020402,2026-06-29 05:09:59.980954,0.9183518488059538,lstm
SVC-000007,EVT-0020403,2026-06-29 05:12:11.773557,0.272206650394515,lstm
SVC-000007,EVT-0020404,2026-06-29 05:18:57.801975,0.2552234433788406,lstm
SVC-000019,EVT-0020405,2026-06-29 05:22:35.276881,0.7452780459828349,lstm
DEV-000026,EVT-0020406,2026-06-29 05:22:36.960498,0.42502845123732147,lstm
DEV-000002,EVT-0020407,2026-06-29 05:28:31.631290,0.9575427248695348,lstm
DEV-000003,EVT-0020408,2026-06-29 05:34:26.416852,0.3667600456733656,lstm
SVC-000009,EVT-0020409,2026-06-29 05:38:02.710649,0.9999402716709249,lstm
SVC-000015,EVT-0020410,2026-06-29 05:40:09.488997,0.3654413017499775,lstm
SVC-000014,EVT-0020411,2026-06-29 05:42:49.211556,0.3403679077299934,lstm
SVC-000009,EVT-0020412,2026-06-29 05:43:21.490364,0.9998725283469986,lstm
DEV-000009,EVT-0020413,2026-06-29 05:51:53.731446,0.5217133467539949,lstm
SVC-000009,EVT-0020414,2026-06-29 05:54:14.637479,0.99903664174688,lstm
SVC-000020,EVT-0020415,2026-06-29 05:57:37.229728,0.4674827053054853,lstm
SVC-000009,EVT-0020416,2026-06-29 05:59:50.569153,0.9929852603933124,lstm
SVC-000015,EVT-0020417,2026-06-29 06:00:41.379687,0.39295017698737833,lstm
DEV-000002,EVT-0020418,2026-06-29 06:02:00.031836,0.9273828296021149,lstm
SVC-000031,EVT-0020419,2026-06-29 06:11:45.424610,0.9813877444495998,lstm
SVC-000020,EVT-0020420,2026-06-29 06:13:29.136251,0.585858220519078,lstm
SVC-000009,EVT-0020421,2026-06-29 06:15:27.887080,0.9637443008245522,lstm
SVC-000031,EVT-0020422,2026-06-29 06:16:06.789045,0.4165460798416501,lstm
SVC-000009,EVT-0020423,2026-06-29 06:17:22.095267,0.9180136877528121,lstm
DEV-000001,EVT-0020424,2026-06-29 06:21:13.047328,0.5852141421754529,lstm
USR-000116,EVT-0020425,2026-06-29 06:24:32.194521,0.624476735540938,lstm
SVC-000009,EVT-0020426,2026-06-29 06:25:25.524813,0.7862026346530375,lstm
SVC-000008,EVT-0020427,2026-06-29 06:27:39.734639,0.9982005150040556,lstm
SVC-000009,EVT-0020428,2026-06-29 06:30:25.564094,0.8701214348726574,lstm
SVC-000019,EVT-0020429,2026-06-29 06:36:02.383251,0.6077145660467268,lstm
USR-000182,EVT-0020430,2026-06-29 06:38:08.136987,0.6332528901878756,lstm
SVC-000009,EVT-0020431,2026-06-29 06:40:33.015698,0.8127378468069436,lstm
SVC-000031,EVT-0020432,2026-06-29 06:40:36.321008,0.35939209853010756,lstm
DEV-000020,EVT-0020433,2026-06-29 06:41:27.975912,0.3477982324957786,lstm
USR-000182,EVT-0020434,2026-06-29 06:42:22.955720,0.7147758352584236,lstm
SVC-000031,EVT-0020435,2026-06-29 06:43:14.432485,0.43277243284541256,lstm
DEV-000023,EVT-0020436,2026-06-29 06:44:07.292762,0.5945323873635998,lstm
SVC-000009,EVT-0020437,2026-06-29 06:45:32.333124,0.8365204083657793,lstm
DEV-000023,EVT-0020438,2026-06-29 06:48:34.773823,0.932362216427774,lstm
SVC-000009,EVT-0020439,2026-06-29 06:48:53.927951,0.9597908878020304,lstm
USR-000096,EVT-0020440,2026-06-29 06:50:54.980054,0.4779742209436181,lstm
SVC-000051,EVT-0020441,2026-06-29 06:51:03.651312,0.9770215013580758,lstm
USR-000125,EVT-0020442,2026-06-29 06:51:15.929439,0.7345912557618157,lstm
SVC-000051,EVT-0020443,2026-06-29 06:52:27.461621,0.9969316845856607,lstm
SVC-000031,EVT-0020444,2026-06-29 06:59:11.105890,0.338579444742271,lstm
SVC-000031,EVT-0020445,2026-06-29 06:59:49.465052,0.5223059387852214,lstm
USR-000013,EVT-0020446,2026-06-29 07:00:20.541857,0.7046032147406945,lstm
SVC-000019,EVT-0020447,2026-06-29 07:01:29.341223,0.911106213048832,lstm
SVC-000009,EVT-0020448,2026-06-29 07:03:16.977562,0.8665027686444481,lstm
USR-000135,EVT-0020449,2026-06-29 07:04:41.585513,0.47852148211011986,lstm
USR-000051,EVT-0020450,2026-06-29 07:07:01.277066,0.42167479311512923,lstm
DEV-000024,EVT-0020451,2026-06-29 07:07:35.595257,0.2217178927982807,lstm
SVC-000031,EVT-0020452,2026-06-29 07:08:36.488116,0.3283498244906454,lstm
SVC-000009,EVT-0020453,2026-06-29 07:09:06.079349,0.7325218815778537,lstm
DEV-000012,EVT-0020454,2026-06-29 07:11:28.762342,0.5228495418427374,lstm
USR-000093,EVT-0020455,2026-06-29 07:13:16.402985,0.7053896596181902,lstm
SVC-000055,EVT-0020456,2026-06-29 07:13:45.747652,0.9940439143504416,lstm
SVC-000031,EVT-0020457,2026-06-29 07:14:17.861173,0.35291641509483973,lstm
SVC-000055,EVT-0020458,2026-06-29 07:16:10.610033,0.6156854653874132,lstm
USR-000162,EVT-0020459,2026-06-29 07:19:42.505175,0.5360917243290844,lstm
USR-000076,EVT-0020460,2026-06-29 07:19:49.884926,0.9436618495538021,lstm
DEV-000022,EVT-0020461,2026-06-29 07:19:54.057123,0.9093503408756689,lstm
USR-000007,EVT-0020462,2026-06-29 07:20:09.635178,0.4823546498062219,lstm
DEV-000023,EVT-0020463,2026-06-29 07:21:13.741742,0.5629400514344671,lstm
SVC-000055,EVT-0020464,2026-06-29 07:21:36.450453,0.43215748661845593,lstm
SVC-000055,EVT-0020465,2026-06-29 07:23:52.938560,0.5527485342862444,lstm
SVC-000011,EVT-0020466,2026-06-29 07:24:01.717204,0.9844966068948435,lstm
SVC-000031,EVT-0020467,2026-06-29 07:25:59.609304,0.31354761412909793,lstm
DEV-000004,EVT-0020468,2026-06-29 07:26:29.458530,0.7218202737059395,lstm
SVC-000051,EVT-0020469,2026-06-29 07:27:36.762713,0.8477292210233022,lstm
USR-000172,EVT-0020470,2026-06-29 07:30:04.411404,0.40077241668839814,lstm
USR-000162,EVT-0020471,2026-06-29 07:32:55.205653,0.3928497634263904,lstm
DEV-000010,EVT-0020472,2026-06-29 07:34:44.398184,0.5195394110523972,lstm
USR-000137,EVT-0020473,2026-06-29 07:35:43.324826,0.4764091373133032,lstm
USR-000168,EVT-0020474,2026-06-29 07:41:14.140401,0.68384127363866,lstm
USR-000167,EVT-0020475,2026-06-29 07:41:48.536558,0.8128484386083761,lstm
USR-000162,EVT-0020476,2026-06-29 07:42:43.521309,0.3677558934437033,lstm
SVC-000011,EVT-0020477,2026-06-29 07:44:31.895125,0.3613178592515082,lstm
SVC-000046,EVT-0020478,2026-06-29 07:50:43.671611,0.9835927404747359,lstm
SVC-000011,EVT-0020479,2026-06-29 07:53:00.315906,0.4293157337795959,lstm
USR-000082,EVT-0020480,2026-06-29 07:53:22.897690,0.3583994970756523,lstm
SVC-000055,EVT-0020481,2026-06-29 07:53:54.863299,0.29521415471031726,lstm
SVC-000031,EVT-0020482,2026-06-29 07:56:19.834543,0.37148000056096836,lstm
SVC-000055,EVT-0020483,2026-06-29 08:00:34.428291,0.4773179771060727,lstm
SVC-000011,EVT-0020484,2026-06-29 08:00:51.411073,0.44203475330682473,lstm
SVC-000011,EVT-0020485,2026-06-29 08:02:41.750351,0.4710570992457383,lstm
USR-000093,EVT-0020486,2026-06-29 08:02:50.854401,0.65986963774489,lstm
USR-000114,EVT-0020487,2026-06-29 08:03:26.857880,0.9845266123570595,lstm
USR-000076,EVT-0020488,2026-06-29 08:05:33.052875,0.7083995991164267,lstm
SVC-000055,EVT-0020489,2026-06-29 08:06:20.664478,0.8144765364543812,lstm
SVC-000039,EVT-0020490,2026-06-29 08:06:40.961611,0.9948494658785435,lstm
SVC-000011,EVT-0020491,2026-06-29 08:06:43.579824,0.6870091939726812,lstm
USR-000010,EVT-0020492,2026-06-29 08:07:34.235339,0.8046179975194655,baseline_fallback
USR-000042,EVT-0020493,2026-06-29 08:07:41.477160,0.4862616917509861,lstm
USR-000116,EVT-0020494,2026-06-29 08:08:55.174464,0.4210379598282101,lstm
SVC-000053,EVT-0020495,2026-06-29 08:09:04.674700,0.9947469196370989,lstm
USR-000036,EVT-0020496,2026-06-29 08:09:34.990770,0.4642556060188577,lstm
SVC-000055,EVT-0020497,2026-06-29 08:09:38.294041,0.5020542723440762,lstm
DEV-000002,EVT-0020498,2026-06-29 08:15:37.175017,0.7426946758520417,lstm
SVC-000046,EVT-0020499,2026-06-29 08:16:49.586649,0.5249955593415927,lstm
SVC-000011,EVT-0020500,2026-06-29 08:17:29.577155,0.30203749951176107,lstm
USR-000010,EVT-0020501,2026-06-29 08:17:51.119771,0.7974349371657851,baseline_fallback
USR-000094,EVT-0020502,2026-06-29 08:18:06.354415,0.8530611099122716,lstm
USR-000177,EVT-0020503,2026-06-29 08:20:11.471858,0.5387472865599697,lstm
USR-000076,EVT-0020504,2026-06-29 08:20:17.844540,0.5102903442295057,lstm
SVC-000046,EVT-0020505,2026-06-29 08:20:41.156949,0.46456964441672105,lstm
SVC-000011,EVT-0020506,2026-06-29 08:24:33.197862,0.28750691464426764,lstm
USR-000093,EVT-0020507,2026-06-29 08:24:49.768435,0.4350141110583463,lstm
SVC-000011,EVT-0020508,2026-06-29 08:25:01.440270,0.5074481742564914,lstm
SVC-000046,EVT-0020509,2026-06-29 08:25:01.589321,0.5800229376603078,lstm
SVC-000011,EVT-0020510,2026-06-29 08:28:00.674599,0.34405946009951643,lstm
USR-000031,EVT-0020511,2026-06-29 08:28:24.986624,0.35777836726569695,lstm
USR-000206,EVT-0020512,2026-06-29 08:28:43.330027,0.3920301869685231,lstm
SVC-000046,EVT-0020513,2026-06-29 08:28:52.690488,0.3487425218420961,lstm
DEV-000014,EVT-0020514,2026-06-29 08:29:29.830530,0.4787720123002781,lstm
SVC-000055,EVT-0020515,2026-06-29 08:29:47.769006,0.38153879730301243,lstm
SVC-000051,EVT-0020516,2026-06-29 08:31:09.552960,0.9270131011426221,lstm
USR-000114,EVT-0020517,2026-06-29 08:31:34.991600,0.9787995139887499,lstm
SVC-000011,EVT-0020518,2026-06-29 08:32:27.862902,0.3617498576031388,lstm
USR-000138,EVT-0020519,2026-06-29 08:32:58.168087,0.3724827244561802,lstm
SVC-000011,EVT-0020520,2026-06-29 08:36:16.726636,0.363980916058623,lstm
USR-000019,EVT-0020521,2026-06-29 08:36:27.684118,0.4633792626980291,lstm
DEV-000013,EVT-0020522,2026-06-29 08:36:40.957506,0.5291085649094652,lstm
SVC-000042,EVT-0020523,2026-06-29 08:36:46.148364,0.999940901359791,lstm
USR-000078,EVT-0020524,2026-06-29 08:42:01.828213,0.8783567247471499,lstm
SVC-000039,EVT-0020525,2026-06-29 08:48:13.450673,0.6141589776982532,lstm
SVC-000011,EVT-0020526,2026-06-29 08:49:11.569636,0.3336510633446977,lstm
USR-000156,EVT-0020527,2026-06-29 08:51:14.594563,0.6805576798309395,lstm
DEV-000002,EVT-0020528,2026-06-29 08:51:55.023266,0.6530577309647556,lstm
USR-000112,EVT-0020529,2026-06-29 08:52:56.788484,0.5089717588521259,lstm
USR-000093,EVT-0020530,2026-06-29 08:56:58.429516,0.391838557712701,lstm
USR-000051,EVT-0020531,2026-06-29 08:57:50.741525,0.4015084415201819,lstm
SVC-000039,EVT-0020532,2026-06-29 08:58:29.219669,0.5929311396130355,lstm
USR-000167,EVT-0020533,2026-06-29 08:58:56.591256,0.5988836152292079,lstm
USR-000043,EVT-0020534,2026-06-29 09:00:43.975598,0.8672683907327258,lstm
SVC-000031,EVT-0020535,2026-06-29 09:02:08.996641,0.5176595568952386,lstm
SVC-000039,EVT-0020536,2026-06-29 09:02:19.172178,0.564513284946345,lstm
SVC-000024,EVT-0020537,2026-06-29 09:02:51.187826,0.9841455227327235,lstm
USR-000207,EVT-0020538,2026-06-29 09:02:54.048306,0.27283376950585536,lstm
USR-000042,EVT-0020539,2026-06-29 09:03:01.685907,0.22243212255651437,lstm
USR-000013,EVT-0020540,2026-06-29 09:04:09.286231,0.46372936953593885,lstm
DEV-000026,EVT-0020541,2026-06-29 09:05:26.237284,0.2820187168062189,lstm
DEV-000015,EVT-0020542,2026-06-29 09:05:33.776225,0.5213891508748281,lstm
SVC-000042,EVT-0020543,2026-06-29 09:06:34.729974,0.8821028118398568,lstm
SVC-000011,EVT-0020544,2026-06-29 09:07:44.415870,0.6360050617092501,lstm
USR-000076,EVT-0020545,2026-06-29 09:07:48.698616,0.3525732146130406,lstm
USR-000059,EVT-0020546,2026-06-29 09:10:43.267387,0.4330706682538133,lstm
USR-000098,EVT-0020547,2026-06-29 09:11:10.182898,0.4995627194627953,lstm
USR-000182,EVT-0020548,2026-06-29 09:11:18.545335,0.3656971545675329,lstm
USR-000094,EVT-0020549,2026-06-29 09:11:58.470554,0.7765374647727119,lstm
SVC-000046,EVT-0020550,2026-06-29 09:12:28.673591,0.525506549946172,lstm
USR-000094,EVT-0020551,2026-06-29 09:13:09.565845,0.8671244521886009,lstm
SVC-000011,EVT-0020552,2026-06-29 09:13:41.772326,0.35598904329263337,lstm
SVC-000053,EVT-0020553,2026-06-29 09:14:23.231101,0.6623668135171659,lstm
DEV-000022,EVT-0020554,2026-06-29 09:15:56.284095,0.7572016139256449,lstm
SVC-000024,EVT-0020555,2026-06-29 09:16:19.595470,0.6437071363665977,lstm
DEV-000019,EVT-0020556,2026-06-29 09:16:20.265570,0.5081764335916987,lstm
USR-000168,EVT-0020557,2026-06-29 09:16:24.910955,0.33368644552417387,lstm
DEV-000005,EVT-0020558,2026-06-29 09:17:44.346456,0.4135001579148226,lstm
SVC-000042,EVT-0020559,2026-06-29 09:17:53.956028,0.7795643784263859,lstm
SVC-000039,EVT-0020560,2026-06-29 09:19:52.822170,0.42364452492208426,lstm
USR-000168,EVT-0020561,2026-06-29 09:20:13.216050,0.4308783309935189,lstm
USR-000015,EVT-0020562,2026-06-29 09:20:23.633674,0.7948188870891946,lstm
USR-000138,EVT-0020563,2026-06-29 09:20:27.480787,0.36517310444763224,lstm
USR-000162,EVT-0020564,2026-06-29 09:20:36.755212,0.24494667425471253,lstm
SVC-000024,EVT-0020565,2026-06-29 09:21:37.861968,0.31475961430735794,lstm
USR-000177,EVT-0020566,2026-06-29 09:26:55.690834,0.3284398805313957,lstm
DEV-000008,EVT-0020567,2026-06-29 09:28:53.341684,0.39815232988208976,lstm
USR-000059,EVT-0020568,2026-06-29 09:30:31.413605,0.5079022391677598,lstm
USR-000172,EVT-0020569,2026-06-29 09:30:51.060123,0.2689419291932413,lstm
USR-000104,EVT-0020570,2026-06-29 09:31:14.719369,0.9981943840027842,lstm
USR-000090,EVT-0020571,2026-06-29 09:32:34.025182,0.9067262939960881,lstm
USR-000015,EVT-0020572,2026-06-29 09:33:06.139350,0.6541809610137762,lstm
USR-000172,EVT-0020573,2026-06-29 09:33:13.851155,0.4305484487148786,lstm
USR-000041,EVT-0020574,2026-06-29 09:33:32.090588,0.5454030690926137,lstm
USR-000042,EVT-0020575,2026-06-29 09:33:45.053335,0.28030159804368915,lstm
USR-000013,EVT-0020576,2026-06-29 09:34:46.337236,0.4141072196950015,lstm
USR-000042,EVT-0020577,2026-06-29 09:34:51.322097,0.40867087598500457,lstm
USR-000060,EVT-0020578,2026-06-29 09:36:32.098324,0.8048703337863052,lstm
SVC-000024,EVT-0020579,2026-06-29 09:36:40.971138,0.42395213682514427,lstm
SVC-000011,EVT-0020580,2026-06-29 09:37:42.491381,0.4415663470156293,lstm
SVC-000039,EVT-0020581,2026-06-29 09:38:27.724717,0.34949709760824677,lstm
USR-000093,EVT-0020582,2026-06-29 09:40:15.413613,0.3679289818679796,lstm
SVC-000046,EVT-0020583,2026-06-29 09:41:19.287130,0.49939647373437435,lstm
DEV-000003,EVT-0020584,2026-06-29 09:41:44.224372,0.2601811741700722,lstm
SVC-000050,EVT-0020585,2026-06-29 09:43:39.159926,0.9520536390692717,lstm
USR-000205,EVT-0020586,2026-06-29 09:46:31.354517,0.48062003969293426,lstm
SVC-000024,EVT-0020587,2026-06-29 09:46:41.962316,0.3193038163411101,lstm
USR-000132,EVT-0020588,2026-06-29 09:47:24.427008,0.4483505333973493,lstm
SVC-000013,EVT-0020589,2026-06-29 09:47:24.638173,0.9874070542124935,lstm
USR-000007,EVT-0020590,2026-06-29 09:47:40.109473,0.39691776637951653,lstm
USR-000168,EVT-0020591,2026-06-29 09:48:03.290409,0.2929591391634709,lstm
USR-000205,EVT-0020592,2026-06-29 09:49:52.380639,0.46404447433385193,lstm
SVC-000013,EVT-0020593,2026-06-29 09:50:16.994691,0.5975339986895213,lstm
USR-000205,EVT-0020594,2026-06-29 09:50:18.276922,0.6110673470379635,lstm
DEV-000023,EVT-0020595,2026-06-29 09:51:01.943946,0.3336350245747554,lstm
USR-000175,EVT-0020596,2026-06-29 09:51:11.977386,0.6161308865069101,lstm
USR-000041,EVT-0020597,2026-06-29 09:52:02.159663,0.6395592781192804,lstm
USR-000059,EVT-0020598,2026-06-29 09:53:14.493225,0.34781871200950776,lstm
SVC-000039,EVT-0020599,2026-06-29 09:53:53.555301,0.6354055887886121,lstm
USR-000135,EVT-0020600,2026-06-29 09:54:24.760305,0.2697878244682498,lstm
DEV-000004,EVT-0020601,2026-06-29 09:55:19.901166,0.49886668457726424,lstm
DEV-000014,EVT-0020602,2026-06-29 09:57:47.831811,0.6347037012875437,lstm
USR-000076,EVT-0020603,2026-06-29 09:58:54.770650,0.33443551754838496,lstm
DEV-000021,EVT-0020604,2026-06-29 09:59:25.899797,0.3953972067101749,lstm
SVC-000013,EVT-0020605,2026-06-29 10:01:02.565775,0.37048531529093104,lstm
USR-000010,EVT-0020606,2026-06-29 10:02:25.660902,0.5452328133509778,lstm
USR-000179,EVT-0020607,2026-06-29 10:04:59.221619,0.7263851717571876,lstm
SVC-000013,EVT-0020608,2026-06-29 10:05:01.036025,0.734810453414824,lstm
SVC-000042,EVT-0020609,2026-06-29 10:06:08.801778,0.5583438253553205,lstm
USR-000080,EVT-0020610,2026-06-29 10:06:45.440851,0.7493552172307492,lstm
USR-000087,EVT-0020611,2026-06-29 10:09:17.874422,0.6475579023614176,lstm
SVC-000053,EVT-0020612,2026-06-29 10:09:26.110475,0.45487685979397985,lstm
SVC-000039,EVT-0020613,2026-06-29 10:09:48.342159,0.2897235726812787,lstm
SVC-000001,EVT-0020614,2026-06-29 10:09:59.488722,0.9319613075570539,lstm
SVC-000008,EVT-0020615,2026-06-29 10:10:24.691168,0.6767461504343638,lstm
USR-000129,EVT-0020616,2026-06-29 10:10:27.570181,0.3329074734059849,lstm
SVC-000042,EVT-0020617,2026-06-29 10:10:40.989945,0.5777971287651862,lstm
SVC-000042,EVT-0020618,2026-06-29 10:11:03.178086,0.8127133779018471,lstm
DEV-000019,EVT-0020619,2026-06-29 10:11:12.386398,0.5224675682195341,lstm
USR-000133,EVT-0020620,2026-06-29 10:11:52.105269,0.39877069305867213,lstm
USR-000168,EVT-0020621,2026-06-29 10:12:14.021995,0.2699785179775362,lstm
USR-000190,EVT-0020622,2026-06-29 10:13:02.269117,0.48278465878587634,lstm
DEV-000026,EVT-0020623,2026-06-29 10:13:12.757019,0.2748913998868153,lstm
USR-000120,EVT-0020624,2026-06-29 10:14:08.737530,0.44842124776698444,lstm
USR-000137,EVT-0020625,2026-06-29 10:15:03.525266,0.24158628269184587,lstm
USR-000120,EVT-0020626,2026-06-29 10:16:11.856915,0.5235865937925461,lstm
USR-000028,EVT-0020627,2026-06-29 10:16:29.556136,0.6035747095810352,lstm
SVC-000053,EVT-0020628,2026-06-29 10:16:30.790972,0.39636965546918057,lstm
SVC-000042,EVT-0020629,2026-06-29 10:17:32.491248,0.4690212850738375,lstm
USR-000076,EVT-0020630,2026-06-29 10:19:35.865432,0.30461024173139795,lstm
SVC-000042,EVT-0020631,2026-06-29 10:20:24.136972,0.42647095609039554,lstm
USR-000022,EVT-0020632,2026-06-29 10:21:12.303087,0.4896949301515989,lstm
SVC-000039,EVT-0020633,2026-06-29 10:21:48.505085,0.36515752936714235,lstm
USR-000069,EVT-0020634,2026-06-29 10:22:58.494012,0.40309672981933403,lstm
SVC-000053,EVT-0020635,2026-06-29 10:25:41.451592,0.48060905958605765,lstm
USR-000200,EVT-0020636,2026-06-29 10:26:03.309964,0.9263223587383342,lstm
SVC-000024,EVT-0020637,2026-06-29 10:26:07.954557,0.3958297284910238,lstm
SVC-000053,EVT-0020638,2026-06-29 10:26:16.024956,0.7716157543628258,lstm
USR-000051,EVT-0020639,2026-06-29 10:27:37.014323,0.34489831856582287,lstm
SVC-000024,EVT-0020640,2026-06-29 10:27:37.059826,0.40366142782060116,lstm
SVC-000042,EVT-0020641,2026-06-29 10:27:53.812662,0.36001863058179734,lstm
USR-000023,EVT-0020642,2026-06-29 10:28:48.382462,0.6083637363336354,lstm
USR-000206,EVT-0020643,2026-06-29 10:28:54.668194,0.2771870164895883,lstm
USR-000058,EVT-0020644,2026-06-29 10:32:33.578912,0.47193904273958615,lstm
SVC-000039,EVT-0020645,2026-06-29 10:32:38.010686,0.29005458649544374,lstm
USR-000043,EVT-0020646,2026-06-29 10:34:53.634438,0.5778965542348602,lstm
USR-000138,EVT-0020647,2026-06-29 10:35:33.481182,0.2617493601312176,lstm
USR-000006,EVT-0020648,2026-06-29 10:37:39.536241,0.2892690424355766,lstm
USR-000051,EVT-0020649,2026-06-29 10:37:58.454718,0.2866421009655434,lstm
SVC-000039,EVT-0020650,2026-06-29 10:39:04.234876,0.4013065531942626,lstm
SVC-000042,EVT-0020651,2026-06-29 10:42:06.418737,0.34159620978439514,lstm
USR-000048,EVT-0020652,2026-06-29 10:42:24.206213,0.6133614676586846,lstm
USR-000190,EVT-0020653,2026-06-29 10:42:39.337130,0.2540105316919499,lstm
USR-000127,EVT-0020654,2026-06-29 10:43:19.405609,0.7012253617042306,lstm
SVC-000013,EVT-0020655,2026-06-29 10:44:32.962805,0.7316834236970373,lstm
USR-000048,EVT-0020656,2026-06-29 10:44:47.956064,0.5674489111313356,lstm
USR-000205,EVT-0020657,2026-06-29 10:45:14.569115,0.2676556827974434,lstm
SVC-000024,EVT-0020658,2026-06-29 10:45:24.096251,0.304357365307339,lstm
USR-000051,EVT-0020659,2026-06-29 10:46:27.023092,0.6037173020364035,lstm
USR-000167,EVT-0020660,2026-06-29 10:46:27.561948,0.49118715389560014,lstm
SVC-000013,EVT-0020661,2026-06-29 10:46:31.567741,0.5073611358375356,lstm
SVC-000013,EVT-0020662,2026-06-29 10:46:33.502598,0.6874293951297158,lstm
USR-000087,EVT-0020663,2026-06-29 10:48:47.248232,0.30142668712695386,lstm
USR-000162,EVT-0020664,2026-06-29 10:50:57.379445,0.24903184736247047,lstm
USR-000031,EVT-0020665,2026-06-29 10:51:28.396667,0.3339863270771248,lstm
USR-000099,EVT-0020666,2026-06-29 10:51:32.265394,0.4207683488265068,lstm
DEV-000012,EVT-0020667,2026-06-29 10:51:38.411966,0.3213543615678778,lstm
USR-000099,EVT-0020668,2026-06-29 10:53:21.873673,0.4200843097128444,lstm
USR-000212,EVT-0020669,2026-06-29 10:53:23.017301,0.6641156083649639,lstm
SVC-000053,EVT-0020670,2026-06-29 10:55:29.404889,0.4465650698433587,lstm
DEV-000002,EVT-0020671,2026-06-29 10:55:35.973114,0.5293311869062373,lstm
USR-000133,EVT-0020672,2026-06-29 10:56:11.472822,0.4801723112844265,lstm
SVC-000008,EVT-0020673,2026-06-29 10:56:48.976172,0.5453018884187938,lstm
SVC-000042,EVT-0020674,2026-06-29 10:59:10.475495,0.3052733569830565,lstm
SVC-000021,EVT-0020675,2026-06-29 10:59:38.022848,0.9920634601317561,lstm
DEV-000006,EVT-0020676,2026-06-29 11:01:16.424181,0.586889265984699,lstm
SVC-000039,EVT-0020677,2026-06-29 11:02:04.650746,0.3753837901860491,lstm
USR-000137,EVT-0020678,2026-06-29 11:02:08.786413,0.23222966925880892,lstm
USR-000078,EVT-0020679,2026-06-29 11:02:55.881823,0.8769272514836208,lstm
SVC-000008,EVT-0020680,2026-06-29 11:03:00.955930,0.8953933408320515,lstm
DEV-000023,EVT-0020681,2026-06-29 11:03:18.222944,0.41422515770630736,lstm
SVC-000039,EVT-0020682,2026-06-29 11:03:22.577233,0.5820002133552421,lstm
USR-000090,EVT-0020683,2026-06-29 11:04:52.766545,0.8691675679732022,lstm
USR-000048,EVT-0020684,2026-06-29 11:05:37.144142,0.3147201385786905,lstm
USR-000127,EVT-0020685,2026-06-29 11:07:20.917355,0.5604848826743842,lstm
SVC-000053,EVT-0020686,2026-06-29 11:08:22.904298,0.4969262730042766,lstm
SVC-000053,EVT-0020687,2026-06-29 11:10:30.107739,0.6838035974523681,lstm
USR-000137,EVT-0020688,2026-06-29 11:10:39.312594,0.4116643750111449,lstm
USR-000187,EVT-0020689,2026-06-29 11:10:43.198566,0.8659976247890971,lstm
USR-000038,EVT-0020690,2026-06-29 11:12:29.666907,0.5948123141509823,lstm
USR-000212,EVT-0020691,2026-06-29 11:13:18.735909,0.4480564180983232,lstm
SVC-000001,EVT-0020692,2026-06-29 11:13:29.234730,0.3858940789799639,lstm
SVC-000001,EVT-0020693,2026-06-29 11:13:46.185723,0.8755763550867927,lstm
SVC-000050,EVT-0020694,2026-06-29 11:16:07.991601,0.4231790927538317,lstm
SVC-000039,EVT-0020695,2026-06-29 11:17:19.771237,0.3950219180047686,lstm
USR-000120,EVT-0020696,2026-06-29 11:17:32.487632,0.2685877021897322,lstm
SVC-000024,EVT-0020697,2026-06-29 11:18:16.988420,0.37414103707419594,lstm
USR-000112,EVT-0020698,2026-06-29 11:19:46.098366,0.28492772954093537,lstm
SVC-000024,EVT-0020699,2026-06-29 11:20:22.568777,0.6540454034951407,lstm
USR-000210,EVT-0020700,2026-06-29 11:20:56.640829,0.5590537909686055,lstm
USR-000041,EVT-0020701,2026-06-29 11:21:15.408415,0.386900735388628,lstm
USR-000178,EVT-0020702,2026-06-29 11:21:30.818768,0.45662847584484784,lstm
DEV-000010,EVT-0020703,2026-06-29 11:23:17.882880,0.34847713101653444,lstm
SVC-000053,EVT-0020704,2026-06-29 11:24:57.837005,0.7163647707319305,lstm
USR-000090,EVT-0020705,2026-06-29 11:25:34.778729,0.6814042431506592,lstm
USR-000093,EVT-0020706,2026-06-29 11:25:40.874237,0.5302984391793382,lstm
USR-000133,EVT-0020707,2026-06-29 11:29:22.625866,0.2841405109762039,lstm
USR-000173,EVT-0020708,2026-06-29 11:29:23.256287,0.29819725702883726,lstm
USR-000190,EVT-0020709,2026-06-29 11:32:22.734326,0.24305409600771205,lstm
SVC-000053,EVT-0020710,2026-06-29 11:32:53.874610,0.41769742076556937,lstm
USR-000148,EVT-0020711,2026-06-29 11:32:54.627468,0.9707586619097942,lstm
USR-000212,EVT-0020712,2026-06-29 11:34:49.044658,0.33641505087186313,lstm
USR-000030,EVT-0020713,2026-06-29 11:36:00.264900,0.865457588841834,lstm
USR-000167,EVT-0020714,2026-06-29 11:36:34.792320,0.44853782957191657,lstm
USR-000069,EVT-0020715,2026-06-29 11:36:42.694448,0.29235133429117227,lstm
SVC-000034,EVT-0020716,2026-06-29 11:38:04.574067,0.9852907439390606,lstm
SVC-000053,EVT-0020717,2026-06-29 11:39:04.169271,0.5410387187827101,lstm
SVC-000053,EVT-0020718,2026-06-29 11:40:35.248391,0.8168076208621827,lstm
USR-000162,EVT-0020719,2026-06-29 11:41:23.194906,0.42763294755522213,lstm
USR-000038,EVT-0020720,2026-06-29 11:42:26.639605,0.5103418397288214,lstm
USR-000140,EVT-0020721,2026-06-29 11:42:59.138713,0.5631639552886734,lstm
USR-000099,EVT-0020722,2026-06-29 11:43:07.229930,0.26490714722531966,lstm
USR-000190,EVT-0020723,2026-06-29 11:43:23.360631,0.3437670878812221,lstm
USR-000130,EVT-0020724,2026-06-29 11:43:39.773409,0.6636290798564629,lstm
USR-000042,EVT-0020725,2026-06-29 11:44:23.964066,0.23026999883477672,lstm
SVC-000053,EVT-0020726,2026-06-29 11:46:01.477038,0.3513371160186422,lstm
USR-000006,EVT-0020727,2026-06-29 11:46:22.764378,0.24665237381522698,lstm
SVC-000008,EVT-0020728,2026-06-29 11:47:07.623628,0.43494744602505303,lstm
SVC-000021,EVT-0020729,2026-06-29 11:47:07.952453,0.6541298162142427,lstm
USR-000203,EVT-0020730,2026-06-29 11:47:19.646179,0.291298263923485,lstm
USR-000166,EVT-0020731,2026-06-29 11:48:24.826690,0.9493579271298745,lstm
USR-000013,EVT-0020732,2026-06-29 11:49:11.153645,0.4218199663026548,lstm
USR-000069,EVT-0020733,2026-06-29 11:49:22.066035,0.3371013440877678,lstm
SVC-000008,EVT-0020734,2026-06-29 11:50:15.384546,0.6427483986959119,lstm
USR-000123,EVT-0020735,2026-06-29 11:51:14.263559,0.9716067331853279,lstm
SVC-000021,EVT-0020736,2026-06-29 11:51:58.035819,0.5703233684039158,lstm
SVC-000008,EVT-0020737,2026-06-29 11:52:59.106911,0.65943273048106,lstm
SVC-000001,EVT-0020738,2026-06-29 11:53:53.773126,0.2863573929265019,lstm
SVC-000053,EVT-0020739,2026-06-29 11:55:15.458360,0.5794729469865542,lstm
USR-000058,EVT-0020740,2026-06-29 11:56:33.458244,0.5322465516630881,lstm
SVC-000008,EVT-0020741,2026-06-29 11:56:38.359613,0.6033594790207697,lstm
SVC-000021,EVT-0020742,2026-06-29 11:57:19.482196,0.814410775003307,lstm
SVC-000039,EVT-0020743,2026-06-29 11:57:22.758300,0.4654615721685745,lstm
USR-000154,EVT-0020744,2026-06-29 11:57:31.442932,0.5305637291352008,lstm
SVC-000008,EVT-0020745,2026-06-29 11:58:05.619432,0.596421899241128,lstm
USR-000051,EVT-0020746,2026-06-29 11:58:34.805540,0.34886718817027274,lstm
USR-000123,EVT-0020747,2026-06-29 11:58:53.144280,0.9357069689942947,lstm
SVC-000053,EVT-0020748,2026-06-29 12:00:08.327759,0.32579602527043827,lstm
USR-000066,EVT-0020749,2026-06-29 12:00:59.930795,0.7675009834543028,lstm
SVC-000008,EVT-0020750,2026-06-29 12:01:18.975194,0.655418575084967,lstm
SVC-000008,EVT-0020751,2026-06-29 12:02:15.090286,0.6832930297279435,lstm
USR-000167,EVT-0020752,2026-06-29 12:02:38.775532,0.7696012707571529,lstm
SVC-000021,EVT-0020753,2026-06-29 12:04:17.767300,0.40138981219788467,lstm
USR-000031,EVT-0020754,2026-06-29 12:05:16.997446,0.2800109246056982,lstm
USR-000112,EVT-0020755,2026-06-29 12:05:22.185566,0.3037083060700619,lstm
USR-000051,EVT-0020756,2026-06-29 12:06:48.469986,0.4006750114213454,lstm
USR-000115,EVT-0020757,2026-06-29 12:08:34.929477,0.6578140369964136,lstm
SVC-000008,EVT-0020758,2026-06-29 12:09:14.035628,0.6528652799468617,lstm
DEV-000018,EVT-0020759,2026-06-29 12:09:45.217880,0.35821806030497266,lstm
USR-000205,EVT-0020760,2026-06-29 12:10:39.419631,0.27834628194116423,lstm
SVC-000001,EVT-0020761,2026-06-29 12:11:22.004062,0.30485350176032866,lstm
USR-000062,EVT-0020762,2026-06-29 12:11:54.998192,0.850992203108439,lstm
USR-000128,EVT-0020763,2026-06-29 12:11:57.816097,0.4934197340181752,lstm
SVC-000053,EVT-0020764,2026-06-29 12:13:25.975219,0.39646986542178336,lstm
USR-000181,EVT-0020765,2026-06-29 12:14:17.841177,0.40902473632440506,lstm
USR-000061,EVT-0020766,2026-06-29 12:15:29.906506,0.5931942446996123,lstm
USR-000098,EVT-0020767,2026-06-29 12:15:48.890144,0.33325481004433144,lstm
USR-000028,EVT-0020768,2026-06-29 12:16:10.671314,0.36371894736399035,lstm
USR-000059,EVT-0020769,2026-06-29 12:17:20.044091,0.6305328421228055,lstm
SVC-000021,EVT-0020770,2026-06-29 12:18:41.713802,0.3788187130140362,lstm
USR-000036,EVT-0020771,2026-06-29 12:21:07.459857,0.3296200907528448,lstm
USR-000151,EVT-0020772,2026-06-29 12:22:20.675067,0.3994594432519007,lstm
USR-000006,EVT-0020773,2026-06-29 12:22:52.309823,0.2299045577366531,lstm
SVC-000017,EVT-0020774,2026-06-29 12:23:57.636484,0.9931222650331561,lstm
USR-000172,EVT-0020775,2026-06-29 12:23:57.752115,0.3132888935124699,lstm
SVC-000039,EVT-0020776,2026-06-29 12:25:07.992519,0.44335787051116665,lstm
SVC-000039,EVT-0020777,2026-06-29 12:26:34.875142,0.55061432039481,lstm
USR-000154,EVT-0020778,2026-06-29 12:26:37.671349,0.5432915889600599,lstm
USR-000133,EVT-0020779,2026-06-29 12:27:00.364095,0.3344900870570761,lstm
DEV-000022,EVT-0020780,2026-06-29 12:27:23.094495,0.3622806940167492,lstm
USR-000007,EVT-0020781,2026-06-29 12:28:41.838952,0.2854141816518901,lstm
DEV-000006,EVT-0020782,2026-06-29 12:30:17.811129,0.3810847298591128,lstm
SVC-000021,EVT-0020783,2026-06-29 12:31:15.093245,0.6158126823654414,lstm
DEV-000008,EVT-0020784,2026-06-29 12:31:43.770609,0.4688075905543207,lstm
USR-000196,EVT-0020785,2026-06-29 12:31:45.117146,0.33849345156972976,lstm
USR-000107,EVT-0020786,2026-06-29 12:32:15.591391,0.6803561699798758,baseline_fallback
SVC-000001,EVT-0020787,2026-06-29 12:32:28.954862,0.2870166864301376,lstm
SVC-000050,EVT-0020788,2026-06-29 12:34:18.312970,0.3411401244513981,lstm
USR-000023,EVT-0020789,2026-06-29 12:36:13.766441,0.23790714324405673,lstm
USR-000196,EVT-0020790,2026-06-29 12:38:11.348549,0.3994746376529089,lstm
USR-000111,EVT-0020791,2026-06-29 12:38:46.022695,0.7111892365668456,lstm
USR-000087,EVT-0020792,2026-06-29 12:43:14.950404,0.28144756899998685,lstm
SVC-000034,EVT-0020793,2026-06-29 12:44:45.290721,0.45165952680145854,lstm
USR-000200,EVT-0020794,2026-06-29 12:45:01.971865,0.7998588996425403,lstm
USR-000132,EVT-0020795,2026-06-29 12:45:11.258076,0.37661382170710406,lstm
USR-000205,EVT-0020796,2026-06-29 12:46:06.175719,0.40604633306456206,lstm
USR-000196,EVT-0020797,2026-06-29 12:46:52.805271,0.31009798287577267,lstm
USR-000123,EVT-0020798,2026-06-29 12:50:10.507851,1.0,lstm
USR-000048,EVT-0020799,2026-06-29 12:50:29.272167,0.2881327441256412,lstm
USR-000168,EVT-0020800,2026-06-29 12:50:40.616343,0.38699101101666694,lstm
USR-000123,EVT-0020801,2026-06-29 12:52:49.288303,0.9376678596449841,lstm
USR-000078,EVT-0020802,2026-06-29 12:54:50.454916,0.46812802775108936,lstm
USR-000030,EVT-0020803,2026-06-29 12:55:18.487873,0.7325194266242274,lstm
USR-000137,EVT-0020804,2026-06-29 12:56:37.438847,0.24497444366760715,lstm
SVC-000034,EVT-0020805,2026-06-29 12:56:48.501021,0.4218802542747121,lstm
SVC-000001,EVT-0020806,2026-06-29 12:58:40.238279,0.284947874591366,lstm
SVC-000053,EVT-0020807,2026-06-29 12:59:56.724664,0.48672764688393905,lstm
USR-000132,EVT-0020808,2026-06-29 13:00:27.551013,0.342840639831536,lstm
USR-000051,EVT-0020809,2026-06-29 13:02:17.116543,0.3483548114718864,lstm
SVC-000050,EVT-0020810,2026-06-29 13:02:33.046777,0.2788086603738178,lstm
DEV-000013,EVT-0020811,2026-06-29 13:02:43.011955,0.4041783774504381,lstm
USR-000019,EVT-0020812,2026-06-29 13:02:56.600280,0.3301662964846518,lstm
USR-000127,EVT-0020813,2026-06-29 13:04:53.337313,0.5957844902735608,lstm
USR-000003,EVT-0020814,2026-06-29 13:05:21.840301,0.9144490928933959,lstm
SVC-000050,EVT-0020815,2026-06-29 13:06:33.572710,0.5244378686191083,lstm
USR-000205,EVT-0020816,2026-06-29 13:06:47.595814,0.3796879794482714,lstm
USR-000179,EVT-0020817,2026-06-29 13:07:52.084942,0.4830391475159521,lstm
SVC-000021,EVT-0020818,2026-06-29 13:07:54.687443,0.44678308117397275,lstm
DEV-000026,EVT-0020819,2026-06-29 13:11:41.351185,0.3133219677420876,lstm
SVC-000021,EVT-0020820,2026-06-29 13:12:51.427071,0.42275597429169803,lstm
USR-000024,EVT-0020821,2026-06-29 13:14:35.645675,0.7497053823031505,lstm
USR-000205,EVT-0020822,2026-06-29 13:16:33.730914,0.33147468821438647,lstm
SVC-000050,EVT-0020823,2026-06-29 13:17:00.854395,0.7776088697119783,lstm
USR-000024,EVT-0020824,2026-06-29 13:17:39.304539,0.5916573148668112,lstm
USR-000092,EVT-0020825,2026-06-29 13:18:34.748414,0.587526623591512,lstm
USR-000048,EVT-0020826,2026-06-29 13:19:28.545261,0.3705695344173883,lstm
USR-000144,EVT-0020827,2026-06-29 13:21:37.838450,0.29142692580374135,lstm
USR-000127,EVT-0020828,2026-06-29 13:21:42.738943,0.4120136145174174,lstm
USR-000048,EVT-0020829,2026-06-29 13:24:21.222630,0.38565140550158994,lstm
USR-000112,EVT-0020830,2026-06-29 13:25:48.325329,0.8339578775409999,lstm
SVC-000021,EVT-0020831,2026-06-29 13:27:35.406416,0.6094766262101964,lstm
DEV-000016,EVT-0020832,2026-06-29 13:28:53.559906,0.18688528601728147,lstm
DEV-000026,EVT-0020833,2026-06-29 13:29:49.746438,0.4474943143422541,lstm
USR-000060,EVT-0020834,2026-06-29 13:31:14.351793,0.44495550492417124,lstm
SVC-000043,EVT-0020835,2026-06-29 13:31:58.457152,0.8534967792861232,lstm
SVC-000001,EVT-0020836,2026-06-29 13:32:30.950127,0.2361435202955796,lstm
USR-000156,EVT-0020837,2026-06-29 13:32:33.193865,0.4288795699617496,lstm
SVC-000008,EVT-0020838,2026-06-29 13:32:35.556689,0.6804463664322404,lstm
SVC-000043,EVT-0020839,2026-06-29 13:34:53.807058,0.5035043447812279,lstm
USR-000115,EVT-0020840,2026-06-29 13:35:51.151489,0.30005518947510185,lstm
SVC-000027,EVT-0020841,2026-06-29 13:35:53.995709,0.9931108245301093,lstm
USR-000035,EVT-0020842,2026-06-29 13:36:50.693851,0.4513142835017348,lstm
USR-000028,EVT-0020843,2026-06-29 13:37:08.727198,0.28209184813095806,lstm
USR-000185,EVT-0020844,2026-06-29 13:37:10.330294,0.3405552402172674,lstm
USR-000208,EVT-0020845,2026-06-29 13:37:42.739792,0.4664867171083478,lstm
USR-000181,EVT-0020846,2026-06-29 13:38:15.054086,0.7086998876185179,lstm
DEV-000008,EVT-0020847,2026-06-29 13:39:07.849329,0.39346685966348127,lstm
USR-000148,EVT-0020848,2026-06-29 13:39:40.712398,0.8349816186648332,lstm
USR-000035,EVT-0020849,2026-06-29 13:41:38.051530,0.6340586109488422,lstm
USR-000151,EVT-0020850,2026-06-29 13:41:50.168180,0.3918427830781957,lstm
DEV-000025,EVT-0020851,2026-06-29 13:44:51.616459,0.7011333031692789,lstm
USR-000061,EVT-0020852,2026-06-29 13:45:05.810299,0.2830190750508221,lstm
SVC-000043,EVT-0020853,2026-06-29 13:45:27.499959,0.2725387814779612,lstm
SVC-000022,EVT-0020854,2026-06-29 13:47:36.213490,0.9581483272151089,lstm
USR-000173,EVT-0020855,2026-06-29 13:48:06.841922,0.23225291302488993,lstm
DEV-000016,EVT-0020856,2026-06-29 13:49:24.482823,0.3324182085651696,lstm
USR-000081,EVT-0020857,2026-06-29 13:49:48.142147,0.7638235145246736,lstm
USR-000197,EVT-0020858,2026-06-29 13:50:11.811004,0.36144161195745894,lstm
USR-000078,EVT-0020859,2026-06-29 13:50:57.163047,0.45569962392171276,lstm
SVC-000017,EVT-0020860,2026-06-29 13:51:10.162140,0.6251449364220854,lstm
USR-000004,EVT-0020861,2026-06-29 13:51:10.388848,0.6618375437929889,lstm
SVC-000017,EVT-0020862,2026-06-29 13:51:16.009381,0.9431603880079541,lstm
SVC-000050,EVT-0020863,2026-06-29 13:52:19.230951,0.3939745677846442,lstm
SVC-000017,EVT-0020864,2026-06-29 13:54:00.892339,0.7194961025133626,lstm
DEV-000018,EVT-0020865,2026-06-29 13:55:46.229808,0.361024858045394,lstm
USR-000107,EVT-0020866,2026-06-29 13:56:59.822588,0.6608138918287613,baseline_fallback
USR-000024,EVT-0020867,2026-06-29 13:57:12.817180,0.5825891180860812,lstm
SVC-000022,EVT-0020868,2026-06-29 13:57:36.923944,0.6378941773550126,lstm
DEV-000001,EVT-0020869,2026-06-29 13:58:07.934783,0.3478698310952868,lstm
SVC-000017,EVT-0020870,2026-06-29 13:59:21.622859,0.40171246041065456,lstm
SVC-000001,EVT-0020871,2026-06-29 14:00:32.831135,0.3223033217067661,lstm
SVC-000017,EVT-0020872,2026-06-29 14:01:31.580002,0.8742452493077763,lstm
USR-000004,EVT-0020873,2026-06-29 14:01:48.477175,0.5507519754510578,lstm
USR-000144,EVT-0020874,2026-06-29 14:02:10.200468,0.3140739007224971,lstm
USR-000062,EVT-0020875,2026-06-29 14:04:30.738658,0.47037767245340945,lstm
SVC-000017,EVT-0020876,2026-06-29 14:06:13.067230,0.7263881043747972,lstm
USR-000094,EVT-0020877,2026-06-29 14:06:24.109144,0.942647959712436,lstm
USR-000099,EVT-0020878,2026-06-29 14:07:09.295735,0.2738829582192126,lstm
USR-000156,EVT-0020879,2026-06-29 14:10:30.369539,0.37851288775879466,lstm
DEV-000026,EVT-0020880,2026-06-29 14:10:53.219282,0.36654457336211266,lstm
SVC-000022,EVT-0020881,2026-06-29 14:11:11.911527,0.3012775300706363,lstm
SVC-000022,EVT-0020882,2026-06-29 14:12:27.430766,0.5714415901261723,lstm
SVC-000001,EVT-0020883,2026-06-29 14:12:29.392947,0.3929583753017449,lstm
USR-000051,EVT-0020884,2026-06-29 14:12:50.028730,0.4316490374716983,lstm
USR-000104,EVT-0020885,2026-06-29 14:13:33.739322,0.9780531317282518,lstm
USR-000004,EVT-0020886,2026-06-29 14:13:45.981555,0.9073183792002426,lstm
USR-000035,EVT-0020887,2026-06-29 14:13:58.319920,0.2600442058239034,lstm
USR-000147,EVT-0020888,2026-06-29 14:14:09.956676,0.39083115669759483,lstm
USR-000094,EVT-0020889,2026-06-29 14:15:10.507400,0.688249447073212,lstm
USR-000092,EVT-0020890,2026-06-29 14:16:14.777164,0.45857560635840333,lstm
SVC-000017,EVT-0020891,2026-06-29 14:18:24.508550,0.6276964404650031,lstm
USR-000080,EVT-0020892,2026-06-29 14:18:27.127061,0.7157941708902913,lstm
USR-000200,EVT-0020893,2026-06-29 14:20:58.492663,0.8462810181983004,lstm
USR-000070,EVT-0020894,2026-06-29 14:20:59.017266,0.6928839467413789,lstm
USR-000061,EVT-0020895,2026-06-29 14:25:33.065445,0.2728864957014963,lstm
SVC-000022,EVT-0020896,2026-06-29 14:25:40.739601,0.29255858003337265,lstm
USR-000066,EVT-0020897,2026-06-29 14:26:32.735548,0.5805228421722743,lstm
SVC-000026,EVT-0020898,2026-06-29 14:29:03.895864,0.965975996958346,lstm
USR-000080,EVT-0020899,2026-06-29 14:29:11.018458,0.588888149219404,lstm
USR-000193,EVT-0020900,2026-06-29 14:29:30.400951,0.7875343562569525,lstm
DEV-000026,EVT-0020901,2026-06-29 14:29:34.392366,0.3465921578829584,lstm
USR-000074,EVT-0020902,2026-06-29 14:31:04.786622,0.40904503653215046,lstm
SVC-000027,EVT-0020903,2026-06-29 14:31:09.891361,0.5467290216078617,lstm
USR-000123,EVT-0020904,2026-06-29 14:31:10.549180,0.8035493174752804,lstm
USR-000081,EVT-0020905,2026-06-29 14:31:26.446343,0.45667667308582816,lstm
SVC-000026,EVT-0020906,2026-06-29 14:32:40.840488,0.5819132490717349,lstm
USR-000035,EVT-0020907,2026-06-29 14:33:49.047052,0.3522508380089802,lstm
USR-000178,EVT-0020908,2026-06-29 14:34:47.898682,0.301867540481956,lstm
SVC-000033,EVT-0020909,2026-06-29 14:35:08.138416,0.9999642352793034,lstm
USR-000200,EVT-0020910,2026-06-29 14:35:56.742660,0.7351627964270095,lstm
SVC-000022,EVT-0020911,2026-06-29 14:38:13.987369,0.2791440925636464,lstm
USR-000101,EVT-0020912,2026-06-29 14:38:35.458924,0.36229847916330504,lstm
USR-000208,EVT-0020913,2026-06-29 14:39:54.051694,0.513736170655451,lstm
USR-000212,EVT-0020914,2026-06-29 14:40:10.024000,0.2074914371821578,lstm
USR-000092,EVT-0020915,2026-06-29 14:40:12.225031,0.2971228791994531,lstm
USR-000154,EVT-0020916,2026-06-29 14:40:45.229465,0.5185397557853546,lstm
USR-000035,EVT-0020917,2026-06-29 14:40:46.388486,0.3703630172296716,lstm
SVC-000027,EVT-0020918,2026-06-29 14:41:48.202068,0.3264959730731968,lstm
USR-000052,EVT-0020919,2026-06-29 14:41:55.236894,0.7474033041411029,lstm
USR-000101,EVT-0020920,2026-06-29 14:42:46.658102,0.3606692030680357,lstm
USR-000185,EVT-0020921,2026-06-29 14:44:10.038260,0.30797361961950936,lstm
USR-000058,EVT-0020922,2026-06-29 14:44:25.693892,0.3678025981167586,lstm
SVC-000008,EVT-0020923,2026-06-29 14:45:08.676616,0.7308953182334572,lstm
USR-000172,EVT-0020924,2026-06-29 14:48:28.972040,0.4136628802529416,lstm
SVC-000050,EVT-0020925,2026-06-29 14:49:05.055305,0.4075673607963891,lstm
USR-000065,EVT-0020926,2026-06-29 14:49:09.568495,0.4257966715170721,lstm
SVC-000027,EVT-0020927,2026-06-29 14:49:29.551162,0.5688089519530105,lstm
USR-000048,EVT-0020928,2026-06-29 14:51:03.422404,0.3550518319848039,lstm
USR-000092,EVT-0020929,2026-06-29 14:51:21.020116,0.36832041263468107,lstm
DEV-000026,EVT-0020930,2026-06-29 14:51:55.209234,0.3322127026272231,lstm
USR-000037,EVT-0020931,2026-06-29 14:53:53.284689,0.42221906849251273,lstm
SVC-000026,EVT-0020932,2026-06-29 14:55:28.860593,0.35702740096556135,lstm
USR-000134,EVT-0020933,2026-06-29 14:55:51.077066,0.6269809561782186,lstm
USR-000123,EVT-0020934,2026-06-29 14:56:17.665763,0.6020191118677785,lstm
SVC-000049,EVT-0020935,2026-06-29 14:56:36.185403,0.9689310023087565,lstm
USR-000036,EVT-0020936,2026-06-29 14:57:58.681730,0.4208590811315811,lstm
USR-000040,EVT-0020937,2026-06-29 14:58:44.124683,0.853894432294903,lstm
SVC-000012,EVT-0020938,2026-06-29 14:59:47.897824,0.9696628189761701,lstm
SVC-000027,EVT-0020939,2026-06-29 15:02:23.548429,0.5226399653883411,lstm
USR-000127,EVT-0020940,2026-06-29 15:02:27.912568,0.34743516538048974,lstm
SVC-000012,EVT-0020941,2026-06-29 15:02:48.900791,0.5433223050055044,lstm
SVC-000027,EVT-0020942,2026-06-29 15:02:49.186683,0.6140291329585063,lstm
SVC-000001,EVT-0020943,2026-06-29 15:03:41.912304,0.35861282906531233,lstm
USR-000065,EVT-0020944,2026-06-29 15:04:08.553097,0.39869165917630817,lstm
USR-000066,EVT-0020945,2026-06-29 15:04:15.329308,0.46583577624952943,lstm
DEV-000014,EVT-0020946,2026-06-29 15:07:44.314417,0.759211807890303,lstm
SVC-000017,EVT-0020947,2026-06-29 15:07:53.487971,0.5881763079430579,lstm
USR-000109,EVT-0020948,2026-06-29 15:11:16.161395,0.7072685912913285,lstm
DEV-000020,EVT-0020949,2026-06-29 15:11:24.263596,0.3440431557902751,lstm
USR-000111,EVT-0020950,2026-06-29 15:11:35.258022,0.5922867808737469,lstm
USR-000201,EVT-0020951,2026-06-29 15:11:52.619505,0.38584323147607896,baseline_fallback
USR-000028,EVT-0020952,2026-06-29 15:12:07.103037,0.31837096910170026,lstm
USR-000187,EVT-0020953,2026-06-29 15:13:23.149741,0.6853665537202228,lstm
USR-000101,EVT-0020954,2026-06-29 15:13:24.107019,0.26060593338228605,lstm
DEV-000012,EVT-0020955,2026-06-29 15:13:57.860030,0.267206608440252,lstm
SVC-000017,EVT-0020956,2026-06-29 15:14:47.547133,0.481433035116486,lstm
SVC-000017,EVT-0020957,2026-06-29 15:14:56.686160,0.9454809442829962,lstm
SVC-000012,EVT-0020958,2026-06-29 15:17:05.173112,0.3432123642776811,lstm
SVC-000027,EVT-0020959,2026-06-29 15:18:24.946837,0.3299566288102327,lstm
SVC-000010,EVT-0020960,2026-06-29 15:20:15.771181,0.9443903678361615,lstm
USR-000081,EVT-0020961,2026-06-29 15:22:01.720866,0.35006118137287284,lstm
USR-000185,EVT-0020962,2026-06-29 15:22:38.850230,0.2691435934308741,lstm
SVC-000023,EVT-0020963,2026-06-29 15:23:18.055457,0.978945071884786,lstm
USR-000052,EVT-0020964,2026-06-29 15:28:53.514252,0.7418456062380855,lstm
SVC-000026,EVT-0020965,2026-06-29 15:29:49.135127,0.3007309198290313,lstm
DEV-000020,EVT-0020966,2026-06-29 15:30:35.541467,0.33088050399435204,lstm
DEV-000002,EVT-0020967,2026-06-29 15:33:20.340527,0.6655407536337042,lstm
USR-000196,EVT-0020968,2026-06-29 15:33:53.979904,0.2586361252603062,lstm
USR-000037,EVT-0020969,2026-06-29 15:34:39.809843,0.29445857120311975,lstm
DEV-000010,EVT-0020970,2026-06-29 15:34:41.319233,0.2423553246305843,lstm
USR-000073,EVT-0020971,2026-06-29 15:35:17.671147,0.5683651809819117,lstm
DEV-000007,EVT-0020972,2026-06-29 15:37:41.862243,0.2430093410634511,lstm
USR-000062,EVT-0020973,2026-06-29 15:39:35.058840,0.3123476129952771,lstm
SVC-000027,EVT-0020974,2026-06-29 15:41:37.775472,0.577612112802324,lstm
USR-000144,EVT-0020975,2026-06-29 15:42:26.967423,0.326054613861177,lstm
SVC-000001,EVT-0020976,2026-06-29 15:42:48.755319,0.5014523687230779,lstm
USR-000100,EVT-0020977,2026-06-29 15:43:57.770034,0.4250813416587357,baseline_fallback
SVC-000029,EVT-0020978,2026-06-29 15:44:15.004059,0.9999064144753711,lstm
SVC-000010,EVT-0020979,2026-06-29 15:45:23.306726,0.4494240888777875,lstm
USR-000197,EVT-0020980,2026-06-29 15:46:09.706442,0.3990618124607721,lstm
USR-000037,EVT-0020981,2026-06-29 15:46:55.173375,0.323825276720754,lstm
USR-000038,EVT-0020982,2026-06-29 15:48:31.107695,0.3966523011572535,lstm
SVC-000012,EVT-0020983,2026-06-29 15:49:13.509267,0.31267831982205874,lstm
USR-000101,EVT-0020984,2026-06-29 15:50:26.662725,0.23570148185110448,lstm
SVC-000012,EVT-0020985,2026-06-29 15:51:03.644312,0.8345583624911885,lstm
USR-000204,EVT-0020986,2026-06-29 15:53:45.960071,0.41235937282417834,lstm
USR-000134,EVT-0020987,2026-06-29 15:55:31.139220,0.3306430432856612,lstm
SVC-000010,EVT-0020988,2026-06-29 15:56:34.305618,0.40851422872487375,lstm
SVC-000026,EVT-0020989,2026-06-29 15:57:00.488558,0.2550913158539865,lstm
USR-000146,EVT-0020990,2026-06-29 15:59:48.649666,0.45803674845182035,lstm
DEV-000007,EVT-0020991,2026-06-29 16:00:16.140572,0.31947079597655104,lstm
USR-000037,EVT-0020992,2026-06-29 16:01:56.139741,0.318449807514312,lstm
SVC-000029,EVT-0020993,2026-06-29 16:03:10.091816,0.9545233455114512,lstm
USR-000178,EVT-0020994,2026-06-29 16:03:17.215490,0.2911769000060264,lstm
USR-000201,EVT-0020995,2026-06-29 16:04:14.812110,0.8681186263193457,lstm
SVC-000012,EVT-0020996,2026-06-29 16:04:16.858684,0.26238978674041075,lstm
SVC-000038,EVT-0020997,2026-06-29 16:05:11.299725,0.9999435952449658,lstm
USR-000065,EVT-0020998,2026-06-29 16:05:37.177666,0.29328439101113857,lstm
USR-000104,EVT-0020999,2026-06-29 16:06:22.414491,0.7624881778264854,lstm
USR-000115,EVT-0021000,2026-06-29 16:07:52.883251,0.3824866692201826,lstm
USR-000152,EVT-0021001,2026-06-29 16:08:14.073179,0.7326886754122924,lstm
USR-000209,EVT-0021002,2026-06-29 16:08:31.401082,0.3419151296253526,lstm
SVC-000027,EVT-0021003,2026-06-29 16:08:45.981408,0.48570021295165877,lstm
USR-000065,EVT-0021004,2026-06-29 16:09:13.676669,0.4575277870474293,lstm
SVC-000005,EVT-0021005,2026-06-29 16:10:16.282400,0.9563946272348118,lstm
USR-000070,EVT-0021006,2026-06-29 16:10:50.729290,0.35550861194537164,lstm
USR-000166,EVT-0021007,2026-06-29 16:12:07.829782,0.43099313690437313,lstm
USR-000101,EVT-0021008,2026-06-29 16:13:35.918558,0.372470332362235,lstm
SVC-000027,EVT-0021009,2026-06-29 16:15:01.540666,0.4354469139449309,lstm
USR-000186,EVT-0021010,2026-06-29 16:15:14.493571,0.9844862178556588,lstm
SVC-000038,EVT-0021011,2026-06-29 16:17:40.964972,0.879422696899667,lstm
SVC-000026,EVT-0021012,2026-06-29 16:17:51.277589,0.2751253111172029,lstm
USR-000101,EVT-0021013,2026-06-29 16:19:23.037364,0.33327472493175053,lstm
SVC-000038,EVT-0021014,2026-06-29 16:19:48.609448,0.9021079901219423,lstm
USR-000109,EVT-0021015,2026-06-29 16:20:00.804664,0.45543805394428233,lstm
SVC-000010,EVT-0021016,2026-06-29 16:21:11.873842,0.3508557424253902,lstm
USR-000200,EVT-0021017,2026-06-29 16:23:04.381032,0.6397730177794596,lstm
SVC-000026,EVT-0021018,2026-06-29 16:23:25.739140,0.3706606826857646,lstm
SVC-000033,EVT-0021019,2026-06-29 16:24:23.812700,0.9897437390132379,lstm
SVC-000033,EVT-0021020,2026-06-29 16:25:09.349633,0.9587561374599747,lstm
SVC-000038,EVT-0021021,2026-06-29 16:25:33.562907,0.8283210489753448,lstm
USR-000210,EVT-0021022,2026-06-29 16:26:15.375548,0.3041634312540709,lstm
SVC-000005,EVT-0021023,2026-06-29 16:27:33.505924,0.813301246552928,lstm
USR-000077,EVT-0021024,2026-06-29 16:29:33.300234,0.33015890251237795,lstm
USR-000208,EVT-0021025,2026-06-29 16:31:21.088918,0.43613822040884104,lstm
USR-000094,EVT-0021026,2026-06-29 16:31:26.731526,0.594274687710597,lstm
USR-000023,EVT-0021027,2026-06-29 16:32:37.563458,0.31517645123183524,lstm
SVC-000026,EVT-0021028,2026-06-29 16:33:33.622691,0.3699839809832474,lstm
SVC-000029,EVT-0021029,2026-06-29 16:34:44.707421,0.9377086938546592,lstm
SVC-000010,EVT-0021030,2026-06-29 16:36:13.947962,0.6914082070104901,lstm
SVC-000017,EVT-0021031,2026-06-29 16:36:17.879884,0.7587935055398859,lstm
SVC-000038,EVT-0021032,2026-06-29 16:37:04.755661,0.5709212396402878,lstm
USR-000192,EVT-0021033,2026-06-29 16:38:47.813795,0.6277673324570072,lstm
DEV-000011,EVT-0021034,2026-06-29 16:39:17.766388,0.5072784901236581,lstm
USR-000125,EVT-0021035,2026-06-29 16:40:47.696191,0.24585588662981975,lstm
SVC-000029,EVT-0021036,2026-06-29 16:41:32.801103,0.8892360536701565,lstm
USR-000128,EVT-0021037,2026-06-29 16:41:38.626862,0.3871927048491696,lstm
SVC-000033,EVT-0021038,2026-06-29 16:45:42.395391,0.8777728016489679,lstm
SVC-000012,EVT-0021039,2026-06-29 16:45:44.195331,0.38828413158220343,lstm
DEV-000017,EVT-0021040,2026-06-29 16:46:28.689760,0.42280388321906726,lstm
USR-000208,EVT-0021041,2026-06-29 16:47:42.303785,0.8426379437962334,lstm
SVC-000049,EVT-0021042,2026-06-29 16:47:53.191695,0.7380607905630086,lstm
SVC-000005,EVT-0021043,2026-06-29 16:48:42.832717,0.5537516084205696,lstm
DEV-000022,EVT-0021044,2026-06-29 16:51:40.767233,0.18149892752469868,lstm
USR-000089,EVT-0021045,2026-06-29 16:52:47.954646,0.8569960160801312,lstm
SVC-000029,EVT-0021046,2026-06-29 16:54:36.212921,0.7678708480441454,lstm
USR-000037,EVT-0021047,2026-06-29 16:54:47.406702,0.25978481071351833,lstm
DEV-000002,EVT-0021048,2026-06-29 16:55:21.567622,0.4775179547319233,lstm
USR-000065,EVT-0021049,2026-06-29 16:58:37.126532,0.30982915277314155,lstm
USR-000061,EVT-0021050,2026-06-29 16:58:50.792336,0.674816082571603,lstm
SVC-000026,EVT-0021051,2026-06-29 16:59:39.288649,0.2937405151958428,lstm
SVC-000010,EVT-0021052,2026-06-29 17:00:56.921123,0.26604686822388013,lstm
USR-000068,EVT-0021053,2026-06-29 17:01:51.944867,0.415237870705358,lstm
USR-000198,EVT-0021054,2026-06-29 17:06:22.344438,0.6341008565377104,lstm
USR-000113,EVT-0021055,2026-06-29 17:07:46.097857,0.8526886116755895,lstm
SVC-000010,EVT-0021056,2026-06-29 17:08:21.130790,0.3910721617328434,lstm
USR-000077,EVT-0021057,2026-06-29 17:10:11.946584,0.29219312234863587,lstm
DEV-000004,EVT-0021058,2026-06-29 17:10:26.057409,0.40697573389983965,lstm
DEV-000018,EVT-0021059,2026-06-29 17:11:45.219060,0.4124117854530164,lstm
USR-000148,EVT-0021060,2026-06-29 17:16:19.693038,0.8003097954274673,lstm
USR-000156,EVT-0021061,2026-06-29 17:16:58.208283,0.42732773307517613,lstm
SVC-000037,EVT-0021062,2026-06-29 17:18:10.650792,0.9926804068833374,lstm
SVC-000026,EVT-0021063,2026-06-29 17:18:54.586888,0.29485913164024746,lstm
USR-000146,EVT-0021064,2026-06-29 17:22:02.225846,0.3815243437889198,lstm
USR-000206,EVT-0021065,2026-06-29 17:22:47.503596,0.44856135172264533,lstm
USR-000101,EVT-0021066,2026-06-29 17:23:54.249550,0.31127909255058633,lstm
USR-000154,EVT-0021067,2026-06-29 17:24:18.771960,0.31165779654613285,lstm
SVC-000010,EVT-0021068,2026-06-29 17:26:17.065010,0.5230678951623889,lstm
USR-000037,EVT-0021069,2026-06-29 17:28:19.856288,0.2581527381461337,lstm
USR-000185,EVT-0021070,2026-06-29 17:28:28.893020,0.27027968422921184,lstm
SVC-000033,EVT-0021071,2026-06-29 17:30:17.082235,0.7503760009997748,lstm
SVC-000010,EVT-0021072,2026-06-29 17:30:59.461165,0.3625351923789817,lstm
USR-000125,EVT-0021073,2026-06-29 17:31:16.977751,0.27486688786029073,lstm
SVC-000052,EVT-0021074,2026-06-29 17:34:55.663818,0.9842856395424557,lstm
SVC-000038,EVT-0021075,2026-06-29 17:38:15.460231,0.9682018978401348,lstm
USR-000092,EVT-0021076,2026-06-29 17:40:11.364528,0.34078468944089274,lstm
USR-000198,EVT-0021077,2026-06-29 17:41:30.369807,0.32153098884309106,lstm
USR-000146,EVT-0021078,2026-06-29 17:50:32.645399,0.4158556465206368,lstm
USR-000192,EVT-0021079,2026-06-29 17:52:32.682690,0.2561987039903631,lstm
USR-000002,EVT-0021080,2026-06-29 17:53:17.153853,0.8366839838076638,lstm
SVC-000033,EVT-0021081,2026-06-29 17:54:27.436231,0.7851436472270644,lstm
DEV-000011,EVT-0021082,2026-06-29 17:55:04.110944,0.28610030034940503,lstm
SVC-000049,EVT-0021083,2026-06-29 17:57:21.664049,0.6122132180585431,lstm
SVC-000023,EVT-0021084,2026-06-29 18:01:42.868703,0.8005767923380878,lstm
SVC-000010,EVT-0021085,2026-06-29 18:03:36.474857,0.355013676340565,lstm
USR-000186,EVT-0021086,2026-06-29 18:04:53.197013,0.7311386438571976,lstm
SVC-000004,EVT-0021087,2026-06-29 18:05:13.291499,0.9690884756314051,lstm
SVC-000052,EVT-0021088,2026-06-29 18:07:34.581474,0.47078725617564643,lstm
SVC-000005,EVT-0021089,2026-06-29 18:10:05.753187,0.37443585650559374,lstm
USR-000185,EVT-0021090,2026-06-29 18:10:47.722598,0.2840800638817052,lstm
USR-000144,EVT-0021091,2026-06-29 18:14:33.635891,0.36235151217864225,lstm
USR-000178,EVT-0021092,2026-06-29 18:15:22.625322,0.3557695307026495,lstm
SVC-000052,EVT-0021093,2026-06-29 18:16:16.598404,0.4909286050539807,lstm
SVC-000004,EVT-0021094,2026-06-29 18:18:35.562174,0.7790180994944467,lstm
SVC-000006,EVT-0021095,2026-06-29 18:21:36.394680,0.9956004346215486,lstm
USR-000045,EVT-0021096,2026-06-29 18:22:15.280603,0.8382371622860745,lstm
SVC-000044,EVT-0021097,2026-06-29 18:23:41.671557,0.9988995643521505,lstm
DEV-000019,EVT-0021098,2026-06-29 18:24:48.318277,0.6613652113327476,lstm
SVC-000026,EVT-0021099,2026-06-29 18:25:19.003248,0.8311857593667621,lstm
SVC-000004,EVT-0021100,2026-06-29 18:26:36.735078,0.4324742754048362,lstm
USR-000113,EVT-0021101,2026-06-29 18:27:17.841249,0.5131173936396037,lstm
SVC-000037,EVT-0021102,2026-06-29 18:32:17.120472,0.5406031584901502,lstm
SVC-000010,EVT-0021103,2026-06-29 18:33:01.016332,0.46828374525329225,lstm
USR-000002,EVT-0021104,2026-06-29 18:33:49.304499,0.4998028840914104,lstm
SVC-000057,EVT-0021105,2026-06-29 18:36:01.385805,0.9912088193830235,lstm
USR-000212,EVT-0021106,2026-06-29 18:36:02.483365,0.34246506351381484,lstm
DEV-000026,EVT-0021107,2026-06-29 18:36:23.223792,0.546154443860122,lstm
USR-000187,EVT-0021108,2026-06-29 18:42:02.484661,0.5849843649681311,lstm
SVC-000010,EVT-0021109,2026-06-29 18:47:13.884950,0.5403916689095695,lstm
SVC-000026,EVT-0021110,2026-06-29 18:47:55.654981,0.7233008249692704,lstm
DEV-000016,EVT-0021111,2026-06-29 18:48:23.778989,0.2997262194712308,lstm
DEV-000004,EVT-0021112,2026-06-29 18:48:25.624195,0.43953010472312026,lstm
USR-000113,EVT-0021113,2026-06-29 18:49:13.338536,0.4384118109556117,lstm
SVC-000033,EVT-0021114,2026-06-29 18:50:24.210339,0.8171706007477187,lstm
SVC-000044,EVT-0021115,2026-06-29 18:51:19.036675,0.4856774730867483,lstm
USR-000173,EVT-0021116,2026-06-29 18:53:44.936508,0.4668196957042914,lstm
USR-000109,EVT-0021117,2026-06-29 18:55:29.948533,0.32048853147119755,lstm
SVC-000044,EVT-0021118,2026-06-29 18:59:23.446269,0.6859412396640124,lstm
SVC-000037,EVT-0021119,2026-06-29 18:59:48.101803,0.6567314017439247,lstm
SVC-000037,EVT-0021120,2026-06-29 19:02:58.193563,0.49840717600672685,lstm
SVC-000026,EVT-0021121,2026-06-29 19:03:12.556031,0.8107261846714747,lstm
SVC-000037,EVT-0021122,2026-06-29 19:04:38.886712,0.5944439779381188,lstm
SVC-000006,EVT-0021123,2026-06-29 19:05:27.707082,0.7793131479601654,lstm
USR-000045,EVT-0021124,2026-06-29 19:07:15.255331,0.334526848862644,lstm
USR-000125,EVT-0021125,2026-06-29 19:07:46.807374,0.3822209475475689,lstm
USR-000210,EVT-0021126,2026-06-29 19:10:36.431293,0.31509387929052013,lstm
USR-000185,EVT-0021127,2026-06-29 19:15:00.269887,0.2832700533677989,lstm
SVC-000006,EVT-0021128,2026-06-29 19:15:06.517943,0.7291752500432993,lstm
DEV-000011,EVT-0021129,2026-06-29 19:16:36.594590,0.2921167134007273,lstm
SVC-000044,EVT-0021130,2026-06-29 19:17:23.761786,0.4061423783570961,lstm
DEV-000010,EVT-0021131,2026-06-29 19:20:03.004775,0.18112790216644606,lstm
SVC-000010,EVT-0021132,2026-06-29 19:20:10.982286,0.5725221009295092,lstm
SVC-000006,EVT-0021133,2026-06-29 19:20:30.071740,0.46516794799092853,lstm
USR-000077,EVT-0021134,2026-06-29 19:21:22.355271,0.47533515952619254,lstm
DEV-000025,EVT-0021135,2026-06-29 19:24:33.060630,0.503150570164498,lstm
USR-000092,EVT-0021136,2026-06-29 19:25:01.727510,0.7316671057199339,lstm
DEV-000002,EVT-0021137,2026-06-29 19:25:14.320675,0.6659866504027065,lstm
SVC-000023,EVT-0021138,2026-06-29 19:25:40.790691,0.37250776031083827,lstm
USR-000185,EVT-0021139,2026-06-29 19:26:42.467605,0.37264505367115835,lstm
SVC-000037,EVT-0021140,2026-06-29 19:26:55.104384,0.4558193878983507,lstm
SVC-000023,EVT-0021141,2026-06-29 19:29:10.629817,0.7403548638252062,lstm
SVC-000006,EVT-0021142,2026-06-29 19:31:19.908625,0.5468283036654453,lstm
SVC-000004,EVT-0021143,2026-06-29 19:31:26.990916,0.3301656020835589,lstm
SVC-000006,EVT-0021144,2026-06-29 19:32:32.522105,0.8542239622937311,lstm
DEV-000024,EVT-0021145,2026-06-29 19:32:34.527224,0.6883987801577252,lstm
SVC-000060,EVT-0021146,2026-06-29 19:34:45.024987,0.9548641845247308,lstm
SVC-000052,EVT-0021147,2026-06-29 19:35:24.225450,0.42751317855919063,lstm
SVC-000061,EVT-0021148,2026-06-29 19:35:24.568102,0.9874012889695342,lstm
USR-000092,EVT-0021149,2026-06-29 19:36:31.273668,0.43906989859933543,lstm
USR-000192,EVT-0021150,2026-06-29 19:37:10.447593,0.3166858139343458,lstm
SVC-000006,EVT-0021151,2026-06-29 19:38:23.261399,0.8097348583185703,lstm
SVC-000006,EVT-0021152,2026-06-29 19:38:43.358489,0.7672211598016029,lstm
SVC-000044,EVT-0021153,2026-06-29 19:39:00.743329,0.463322492814463,lstm
SVC-000023,EVT-0021154,2026-06-29 19:39:26.441515,0.4692838686451655,lstm
DEV-000020,EVT-0021155,2026-06-29 19:41:05.981825,0.3377902500079167,lstm
SVC-000033,EVT-0021156,2026-06-29 19:43:33.672931,0.6467625845809012,lstm
SVC-000006,EVT-0021157,2026-06-29 19:44:09.764231,0.4170838283582859,lstm
SVC-000036,EVT-0021158,2026-06-29 19:45:50.459603,1.0,lstm
SVC-000006,EVT-0021159,2026-06-29 19:46:15.756045,0.6076700771434006,lstm
SVC-000052,EVT-0021160,2026-06-29 19:46:49.679662,0.30802831817005677,lstm
DEV-000021,EVT-0021161,2026-06-29 19:47:11.337356,0.7208138056821413,lstm
SVC-000004,EVT-0021162,2026-06-29 19:47:38.278107,0.28555579706716544,lstm
SVC-000044,EVT-0021163,2026-06-29 19:47:40.235814,0.5488755716346906,lstm
USR-000047,EVT-0021164,2026-06-29 19:48:44.450927,0.9999932388669668,lstm
USR-000017,EVT-0021165,2026-06-29 19:49:09.006893,0.9999941957947357,lstm
USR-000102,EVT-0021166,2026-06-29 19:49:53.684829,0.9999999833460589,lstm
DEV-000016,EVT-0021167,2026-06-29 19:51:48.351822,0.3575701071299902,lstm
USR-000212,EVT-0021168,2026-06-29 19:52:35.383760,0.999997138007402,lstm
USR-000022,EVT-0021169,2026-06-29 19:52:42.676083,0.9999991152579232,lstm
SVC-000050,EVT-0021170,2026-06-29 19:53:10.850666,0.9999999999999998,lstm
SVC-000021,EVT-0021171,2026-06-29 19:54:00.705976,1.0,lstm
SVC-000006,EVT-0021172,2026-06-29 19:54:01.239556,0.8505799856773809,lstm
USR-000054,EVT-0021173,2026-06-29 19:54:20.256091,0.9999914882732771,lstm
USR-000180,EVT-0021174,2026-06-29 19:54:35.712037,0.9999999725723135,lstm
SVC-000006,EVT-0021175,2026-06-29 19:54:57.319623,1.0,lstm
USR-000146,EVT-0021176,2026-06-29 19:56:01.447794,0.334027260752682,lstm
USR-000110,EVT-0021177,2026-06-29 19:56:17.177994,0.9999931895807165,lstm
DEV-000012,EVT-0021178,2026-06-29 19:56:19.045845,0.21474686670171272,lstm
SVC-000044,EVT-0021179,2026-06-29 19:56:45.049552,0.5507045604821932,lstm
USR-000052,EVT-0021180,2026-06-29 19:58:12.112878,0.9999999999999862,lstm
USR-000134,EVT-0021181,2026-06-29 20:00:02.339682,0.9999999998316931,lstm
USR-000187,EVT-0021182,2026-06-29 20:00:06.030802,1.0,lstm
DEV-000020,EVT-0021183,2026-06-29 20:01:37.860733,1.0,lstm
SVC-000006,EVT-0021184,2026-06-29 20:02:43.113808,0.9998362454557633,lstm
SVC-000004,EVT-0021185,2026-06-29 20:03:11.478429,0.4263446576379265,lstm
USR-000121,EVT-0021186,2026-06-29 20:03:45.650152,0.9999999999998717,lstm
USR-000109,EVT-0021187,2026-06-29 20:03:50.788687,0.9999879529333008,lstm
SVC-000044,EVT-0021188,2026-06-29 20:05:35.027785,0.5361048483044313,lstm
DEV-000006,EVT-0021189,2026-06-29 20:06:20.412282,0.3207367028369903,lstm
USR-000181,EVT-0021190,2026-06-29 20:06:33.532117,0.9999965801825249,lstm
USR-000027,EVT-0021191,2026-06-29 20:07:49.716152,0.9798519165251918,lstm
USR-000152,EVT-0021192,2026-06-29 20:08:37.111886,0.9999950950662968,lstm
SVC-000035,EVT-0021193,2026-06-29 20:11:01.236773,0.9494759912469408,lstm
SVC-000044,EVT-0021194,2026-06-29 20:11:16.003002,0.603233582543071,lstm
SVC-000044,EVT-0021195,2026-06-29 20:12:05.152175,0.7807418049747066,lstm
SVC-000004,EVT-0021196,2026-06-29 20:12:27.480899,0.5095305247204815,lstm
USR-000131,EVT-0021197,2026-06-29 20:13:36.767802,0.9999995543804648,lstm
USR-000072,EVT-0021198,2026-06-29 20:13:37.072216,0.9999999644646654,lstm
SVC-000061,EVT-0021199,2026-06-29 20:14:20.354445,0.4475665949879195,lstm
SVC-000061,EVT-0021200,2026-06-29 20:15:20.491764,0.4248845563546618,lstm
SVC-000035,EVT-0021201,2026-06-29 20:15:45.269906,0.6289423954118543,lstm
USR-000109,EVT-0021202,2026-06-29 20:18:20.591587,0.8940721751205333,lstm
SVC-000006,EVT-0021203,2026-06-29 20:20:39.570502,0.9987446443886656,lstm
USR-000027,EVT-0021204,2026-06-29 20:21:02.031666,0.8971537347275143,lstm
SVC-000044,EVT-0021205,2026-06-29 20:23:03.039796,0.4791477500339234,lstm
SVC-000048,EVT-0021206,2026-06-29 20:24:00.087883,0.9207965618129269,lstm
SVC-000035,EVT-0021207,2026-06-29 20:24:30.004170,0.3995359950973775,lstm
SVC-000061,EVT-0021208,2026-06-29 20:25:34.034248,0.32031356977395004,lstm
SVC-000006,EVT-0021209,2026-06-29 20:27:17.787468,0.9806488211604496,lstm
SVC-000054,EVT-0021210,2026-06-29 20:27:58.157928,0.9772865970545556,lstm
SVC-000061,EVT-0021211,2026-06-29 20:29:52.133178,0.32527411787096105,lstm
SVC-000057,EVT-0021212,2026-06-29 20:31:18.340513,0.6096035136913124,lstm
SVC-000061,EVT-0021213,2026-06-29 20:31:37.520435,0.3247291623881241,lstm
SVC-000048,EVT-0021214,2026-06-29 20:34:08.443342,0.30000557101421366,lstm
SVC-000061,EVT-0021215,2026-06-29 20:34:08.483072,0.28058422381840376,lstm
SVC-000048,EVT-0021216,2026-06-29 20:34:25.810771,0.8419964824675202,lstm
SVC-000044,EVT-0021217,2026-06-29 20:36:16.831981,0.4816934270649925,lstm
USR-000074,EVT-0021218,2026-06-29 20:36:51.492228,0.3919513027419826,lstm
SVC-000048,EVT-0021219,2026-06-29 20:37:29.223575,0.6590444644959369,lstm
SVC-000048,EVT-0021220,2026-06-29 20:39:53.727842,0.6623558242423481,lstm
SVC-000044,EVT-0021221,2026-06-29 20:42:55.105263,0.5084991295366266,lstm
SVC-000004,EVT-0021222,2026-06-29 20:44:50.056845,0.33861341242647236,lstm
SVC-000061,EVT-0021223,2026-06-29 20:45:05.717894,0.5766113339730895,lstm
SVC-000048,EVT-0021224,2026-06-29 20:46:08.745365,0.31022360532491555,lstm
DEV-000007,EVT-0021225,2026-06-29 20:49:50.629506,0.17299885021001382,lstm
SVC-000061,EVT-0021226,2026-06-29 20:53:16.752582,0.3384600780675965,lstm
SVC-000004,EVT-0021227,2026-06-29 20:55:25.129682,0.4568669301087166,lstm
SVC-000061,EVT-0021228,2026-06-29 20:56:59.215269,0.2715158649974398,lstm
SVC-000044,EVT-0021229,2026-06-29 20:58:16.583398,0.5199134002005896,lstm
USR-000125,EVT-0021230,2026-06-29 21:01:27.807175,0.366715416499404,lstm
USR-000109,EVT-0021231,2026-06-29 21:02:32.902194,0.891865538202325,lstm
SVC-000060,EVT-0021232,2026-06-29 21:04:25.868395,0.6779199993237861,lstm
DEV-000007,EVT-0021233,2026-06-29 21:10:04.639320,0.3361786860355965,lstm
SVC-000004,EVT-0021234,2026-06-29 21:10:54.078870,0.616168442819461,lstm
DEV-000010,EVT-0021235,2026-06-29 21:11:28.627583,0.2519196236199071,lstm
SVC-000060,EVT-0021236,2026-06-29 21:13:50.688003,0.674701242563343,lstm
DEV-000023,EVT-0021237,2026-06-29 21:15:32.240960,0.826504401363848,lstm
SVC-000048,EVT-0021238,2026-06-29 21:15:58.851426,0.45160226608199583,lstm
SVC-000044,EVT-0021239,2026-06-29 21:18:57.504754,0.559383069345608,lstm
SVC-000054,EVT-0021240,2026-06-29 21:21:02.588890,0.3271693551897169,lstm
SVC-000054,EVT-0021241,2026-06-29 21:25:57.670459,0.48842056355511415,lstm
USR-000113,EVT-0021242,2026-06-29 21:27:07.169279,0.3871581481406495,lstm
DEV-000018,EVT-0021243,2026-06-29 21:35:58.263943,0.7773158965260382,lstm
SVC-000061,EVT-0021244,2026-06-29 21:36:02.151803,0.41631608608451165,lstm
SVC-000054,EVT-0021245,2026-06-29 21:36:04.997942,0.29822019597032845,lstm
SVC-000048,EVT-0021246,2026-06-29 21:43:33.314755,0.5022822792038033,lstm
SVC-000045,EVT-0021247,2026-06-29 21:46:47.880222,0.9956737002016458,lstm
SVC-000025,EVT-0021248,2026-06-29 21:48:19.959813,0.9504715144281732,lstm
DEV-000001,EVT-0021249,2026-06-29 21:48:28.217162,0.3220923438773236,lstm
DEV-000002,EVT-0021250,2026-06-29 21:49:23.059911,0.7693282656521582,lstm
SVC-000054,EVT-0021251,2026-06-29 21:53:35.399315,0.3752889253872282,lstm
SVC-000045,EVT-0021252,2026-06-29 21:54:24.395551,0.4571212365918874,lstm
SVC-000003,EVT-0021253,2026-06-29 21:55:23.971269,0.9905431324275964,lstm
SVC-000003,EVT-0021254,2026-06-29 21:57:16.343736,0.6969015127453604,lstm
SVC-000054,EVT-0021255,2026-06-29 21:58:07.756587,0.3448134549221913,lstm
SVC-000048,EVT-0021256,2026-06-29 22:00:02.120288,0.492316731992079,lstm
USR-000165,EVT-0021257,2026-06-29 22:03:02.549618,0.47804115647994133,lstm
SVC-000025,EVT-0021258,2026-06-29 22:03:35.472740,0.4147043628521828,lstm
SVC-000047,EVT-0021259,2026-06-29 22:03:48.729914,0.965868814732453,lstm
SVC-000035,EVT-0021260,2026-06-29 22:05:01.947032,0.5142438772381529,lstm
SVC-000002,EVT-0021261,2026-06-29 22:05:45.072959,0.9972555156110239,lstm
SVC-000054,EVT-0021262,2026-06-29 22:07:00.378471,0.2760487785122382,lstm
SVC-000003,EVT-0021263,2026-06-29 22:07:28.396446,0.3992659084326593,lstm
SVC-000054,EVT-0021264,2026-06-29 22:08:42.907388,0.5395796133724639,lstm
SVC-000004,EVT-0021265,2026-06-29 22:08:49.987028,0.5499963255452635,lstm
SVC-000047,EVT-0021266,2026-06-29 22:11:07.422872,0.7081853975627785,lstm
SVC-000045,EVT-0021267,2026-06-29 22:12:36.314906,0.2989603051163022,lstm
SVC-000047,EVT-0021268,2026-06-29 22:13:02.536797,0.4878384019069165,lstm
SVC-000035,EVT-0021269,2026-06-29 22:13:04.606914,0.4556597767077973,lstm
DEV-000004,EVT-0021270,2026-06-29 22:14:12.551189,0.40146476246453894,lstm
SVC-000047,EVT-0021271,2026-06-29 22:16:33.765194,0.4152619615203695,lstm
SVC-000002,EVT-0021272,2026-06-29 22:18:03.006751,0.37992851017179613,lstm
SVC-000047,EVT-0021273,2026-06-29 22:18:49.569760,0.5279683749229355,lstm
SVC-000035,EVT-0021274,2026-06-29 22:20:51.441222,0.36378443186081055,lstm
DEV-000020,EVT-0021275,2026-06-29 22:21:02.009028,0.9947564686449615,lstm
SVC-000002,EVT-0021276,2026-06-29 22:21:45.494024,0.40898112946263493,lstm
USR-000141,EVT-0021277,2026-06-29 22:24:58.782441,0.39100704467787045,lstm
SVC-000047,EVT-0021278,2026-06-29 22:25:11.556983,0.35915651858034303,lstm
SVC-000025,EVT-0021279,2026-06-29 22:25:29.724566,0.3506689046055348,lstm
SVC-000003,EVT-0021280,2026-06-29 22:26:17.240404,0.329907319716697,lstm
SVC-000025,EVT-0021281,2026-06-29 22:26:52.529044,0.600709395215892,lstm
DEV-000026,EVT-0021282,2026-06-29 22:27:44.067776,0.8180932917417201,lstm
SVC-000056,EVT-0021283,2026-06-29 22:28:25.491195,0.974039954143465,lstm
SVC-000035,EVT-0021284,2026-06-29 22:28:28.925388,0.3428281925499773,lstm
DEV-000021,EVT-0021285,2026-06-29 22:29:22.300258,0.28953006367737116,lstm
SVC-000045,EVT-0021286,2026-06-29 22:30:14.689750,0.46635011576324203,lstm
DEV-000010,EVT-0021287,2026-06-29 22:32:40.441296,0.30276657224763354,lstm
SVC-000045,EVT-0021288,2026-06-29 22:32:40.987706,0.39913121163034787,lstm
SVC-000002,EVT-0021289,2026-06-29 22:33:42.626066,0.5890611464717607,lstm
SVC-000045,EVT-0021290,2026-06-29 22:33:53.169511,0.6572320861481201,lstm
SVC-000002,EVT-0021291,2026-06-29 22:33:53.190335,0.6600021719907744,lstm
SVC-000032,EVT-0021292,2026-06-29 22:33:53.223837,0.878939116804837,lstm
SVC-000047,EVT-0021293,2026-06-29 22:34:15.023475,0.6469869143574742,lstm
SVC-000032,EVT-0021294,2026-06-29 22:35:14.153455,0.6438330162861757,lstm
DEV-000007,EVT-0021295,2026-06-29 22:36:37.291222,0.21014724108593233,lstm
SVC-000032,EVT-0021296,2026-06-29 22:42:51.904877,0.2704034015597451,lstm
DEV-000001,EVT-0021297,2026-06-29 22:43:31.511053,0.2829470673399038,lstm
SVC-000045,EVT-0021298,2026-06-29 22:44:23.940468,0.3421429177988438,lstm
SVC-000059,EVT-0021299,2026-06-29 22:45:08.150443,0.9994042019832247,lstm
SVC-000002,EVT-0021300,2026-06-29 22:46:20.031077,0.2655075013339411,lstm
SVC-000035,EVT-0021301,2026-06-29 22:46:35.060602,0.464483272389564,lstm
SVC-000047,EVT-0021302,2026-06-29 22:49:22.371915,0.2475505132008587,lstm
SVC-000054,EVT-0021303,2026-06-29 22:51:00.829009,0.6964140243143878,lstm
SVC-000045,EVT-0021304,2026-06-29 22:53:39.402019,0.3377660700043089,lstm
SVC-000035,EVT-0021305,2026-06-29 22:59:07.538854,0.3814701173656448,lstm
USR-000122,EVT-0021306,2026-06-29 22:59:27.637273,0.5085557335141931,lstm
SVC-000041,EVT-0021307,2026-06-29 23:00:39.464877,0.9486158159207454,lstm
SVC-000059,EVT-0021308,2026-06-29 23:02:33.358919,0.4806968375895199,lstm
SVC-000032,EVT-0021309,2026-06-29 23:03:24.316723,0.29185498890463474,lstm
SVC-000045,EVT-0021310,2026-06-29 23:03:52.146986,0.4297779442064329,lstm
SVC-000002,EVT-0021311,2026-06-29 23:05:20.079178,0.35702166309287575,lstm
USR-000113,EVT-0021312,2026-06-29 23:06:45.408077,0.488229427935544,lstm
SVC-000002,EVT-0021313,2026-06-29 23:07:04.396007,0.7798553926529342,lstm
SVC-000025,EVT-0021314,2026-06-29 23:08:46.368303,0.2633090150219289,lstm
USR-000113,EVT-0021315,2026-06-29 23:09:50.917266,0.6076091487119535,lstm
SVC-000059,EVT-0021316,2026-06-29 23:10:32.689808,0.35094285416933074,lstm
SVC-000002,EVT-0021317,2026-06-29 23:10:59.555188,0.42479068642642726,lstm
SVC-000045,EVT-0021318,2026-06-29 23:12:01.795509,0.5013693239027608,lstm
SVC-000032,EVT-0021319,2026-06-29 23:12:09.426697,0.35903537140298736,lstm
SVC-000059,EVT-0021320,2026-06-29 23:13:10.561157,0.3351441574966463,lstm
SVC-000002,EVT-0021321,2026-06-29 23:14:51.559920,0.4090998071771339,lstm
SVC-000032,EVT-0021322,2026-06-29 23:16:05.074577,0.4471341676756752,lstm
SVC-000056,EVT-0021323,2026-06-29 23:16:57.135921,0.40703593660007575,lstm
SVC-000041,EVT-0021324,2026-06-29 23:17:47.764086,0.8174584802481624,lstm
SVC-000032,EVT-0021325,2026-06-29 23:18:27.153454,0.43413038840387924,lstm
SVC-000059,EVT-0021326,2026-06-29 23:19:10.875670,0.2606068195603594,lstm
SVC-000032,EVT-0021327,2026-06-29 23:20:14.599200,0.47129797661116996,lstm
DEV-000013,EVT-0021328,2026-06-29 23:23:41.040841,0.5096464417791207,lstm
DEV-000012,EVT-0021329,2026-06-29 23:24:03.029353,0.22544348518563478,lstm
USR-000113,EVT-0021330,2026-06-29 23:26:01.964389,0.446174609098944,lstm
DEV-000018,EVT-0021331,2026-06-29 23:26:49.613760,0.7171325893326236,lstm
SVC-000054,EVT-0021332,2026-06-29 23:27:57.874912,0.8721857744799176,lstm
SVC-000032,EVT-0021333,2026-06-29 23:29:11.701729,0.31715614031240574,lstm
SVC-000047,EVT-0021334,2026-06-29 23:29:13.201341,0.3200347109618445,lstm
SVC-000032,EVT-0021335,2026-06-29 23:34:44.428865,0.31492394465386236,lstm
SVC-000032,EVT-0021336,2026-06-29 23:34:45.949142,0.5915375703335984,lstm
SVC-000002,EVT-0021337,2026-06-29 23:36:38.492268,0.45199200187135424,lstm
SVC-000059,EVT-0021338,2026-06-29 23:37:49.691079,0.25665330635513844,lstm
DEV-000022,EVT-0021339,2026-06-29 23:41:57.273743,0.45218425603186085,lstm
SVC-000002,EVT-0021340,2026-06-29 23:47:50.014422,0.3818803571618444,lstm
SVC-000032,EVT-0021341,2026-06-29 23:48:52.154361,0.21119777998956857,lstm
DEV-000026,EVT-0021342,2026-06-29 23:53:13.335610,0.8186029064309539,lstm
SVC-000059,EVT-0021343,2026-06-29 23:56:33.425072,0.25008438667360033,lstm
SVC-000032,EVT-0021344,2026-06-30 00:00:36.536576,0.33702674604357163,lstm
DEV-000025,EVT-0021345,2026-06-30 00:01:29.150267,0.5768552103768745,lstm
SVC-000025,EVT-0021346,2026-06-30 00:03:14.962012,0.5149501376412867,lstm
SVC-000025,EVT-0021347,2026-06-30 00:04:06.931433,0.6779146967591672,lstm
SVC-000059,EVT-0021348,2026-06-30 00:04:12.734077,0.7678747970307804,lstm
DEV-000002,EVT-0021349,2026-06-30 00:07:06.827591,0.8536522928502869,lstm
SVC-000047,EVT-0021350,2026-06-30 00:07:14.840419,0.7136869514106484,lstm
SVC-000056,EVT-0021351,2026-06-30 00:09:52.497142,0.6326588024764295,lstm
SVC-000056,EVT-0021352,2026-06-30 00:10:54.003176,0.761394711386325,lstm
DEV-000025,EVT-0021353,2026-06-30 00:11:11.516568,0.6510584696813141,lstm
SVC-000059,EVT-0021354,2026-06-30 00:11:57.069858,0.3257612595714553,lstm
DEV-000009,EVT-0021355,2026-06-30 00:12:14.148542,0.7836792844486755,lstm
DEV-000011,EVT-0021356,2026-06-30 00:13:48.068544,0.5843999483320607,lstm
USR-000165,EVT-0021357,2026-06-30 00:14:43.182358,0.25213972857826095,lstm
SVC-000059,EVT-0021358,2026-06-30 00:16:24.855306,0.30593234926368185,lstm
DEV-000007,EVT-0021359,2026-06-30 00:17:25.136979,0.28466829075461436,lstm
DEV-000025,EVT-0021360,2026-06-30 00:18:13.817662,0.5640456208680054,lstm
SVC-000056,EVT-0021361,2026-06-30 00:18:51.341725,0.7052789379395055,lstm
DEV-000011,EVT-0021362,2026-06-30 00:23:17.303531,0.7587429553411698,lstm
SVC-000056,EVT-0021363,2026-06-30 00:26:13.895998,0.8404984313661007,lstm
DEV-000008,EVT-0021364,2026-06-30 00:31:53.668438,0.6675757572156452,lstm
USR-000150,EVT-0021365,2026-06-30 00:33:58.866203,0.5773853655208939,lstm
SVC-000041,EVT-0021366,2026-06-30 00:35:34.972912,0.7299548861286931,lstm
DEV-000013,EVT-0021367,2026-06-30 00:38:18.010511,0.575068963275423,lstm
SVC-000025,EVT-0021368,2026-06-30 00:38:44.140162,0.432877826234888,lstm
SVC-000056,EVT-0021369,2026-06-30 00:39:35.869075,0.3457595493837629,lstm
DEV-000008,EVT-0021370,2026-06-30 00:42:25.615229,0.8401623190110016,lstm
DEV-000002,EVT-0021371,2026-06-30 00:45:36.255687,0.7315706091330529,lstm
DEV-000023,EVT-0021372,2026-06-30 00:47:17.606712,0.6176360818372308,lstm
USR-000165,EVT-0021373,2026-06-30 00:48:03.167469,0.25576642303359365,lstm
SVC-000041,EVT-0021374,2026-06-30 00:55:40.497385,0.6215163063559612,lstm
USR-000088,EVT-0021375,2026-06-30 01:00:14.007535,0.99999993991113,lstm
USR-000088,EVT-0021376,2026-06-30 01:00:27.074205,0.9946476306279097,lstm
USR-000088,EVT-0021377,2026-06-30 01:00:30.656014,0.9728477722071858,lstm
USR-000088,EVT-0021378,2026-06-30 01:00:31.998079,0.9289613749654764,lstm
USR-000088,EVT-0021379,2026-06-30 01:00:35.632143,0.888358448572181,lstm
USR-000088,EVT-0021380,2026-06-30 01:00:46.774648,0.7540638539777356,lstm
USR-000088,EVT-0021381,2026-06-30 01:00:58.518168,0.7107086947564286,lstm
USR-000088,EVT-0021382,2026-06-30 01:01:09.204503,0.6366268585417826,lstm
USR-000088,EVT-0021383,2026-06-30 01:01:16.485172,0.5919101432329388,lstm
USR-000088,EVT-0021384,2026-06-30 01:01:28.315763,0.4889579671669825,lstm
USR-000088,EVT-0021385,2026-06-30 01:01:42.212059,0.49949086859155656,lstm
USR-000088,EVT-0021386,2026-06-30 01:01:47.387306,0.4999943542542839,lstm
USR-000088,EVT-0021387,2026-06-30 01:02:00.195704,0.3936310324072029,lstm
USR-000088,EVT-0021388,2026-06-30 01:02:14.607727,0.32846943681874097,lstm
USR-000088,EVT-0021389,2026-06-30 01:02:20.049123,0.26650506317737294,lstm
USR-000088,EVT-0021390,2026-06-30 01:02:28.891468,0.2382712938584568,lstm
USR-000088,EVT-0021391,2026-06-30 01:02:35.566371,0.25528804508850195,lstm
USR-000088,EVT-0021392,2026-06-30 01:02:46.843537,0.27130877231192785,lstm
USR-000088,EVT-0021393,2026-06-30 01:02:54.472412,0.21077642698721774,lstm
USR-000088,EVT-0021394,2026-06-30 01:03:03.152622,0.24381383917267632,lstm
USR-000088,EVT-0021395,2026-06-30 01:03:11.514089,0.25861325736821117,lstm
USR-000088,EVT-0021396,2026-06-30 01:03:23.136642,0.22219569777080608,lstm
USR-000163,EVT-0021397,2026-06-30 01:07:23.992005,0.6548958590910123,lstm
SVC-000041,EVT-0021398,2026-06-30 01:11:55.531942,0.523431456534707,lstm
SVC-000056,EVT-0021399,2026-06-30 01:15:38.693699,0.4526978968045364,lstm
SVC-000041,EVT-0021400,2026-06-30 01:19:08.755911,0.731432471486192,lstm
USR-000088,EVT-0021401,2026-06-30 01:19:46.076378,0.9066395053337588,lstm
USR-000122,EVT-0021402,2026-06-30 01:24:39.371457,0.4323342099804862,lstm
SVC-000056,EVT-0021403,2026-06-30 01:30:04.348142,0.5084019454501081,lstm
DEV-000006,EVT-0021404,2026-06-30 01:32:30.877938,0.4149224826484669,lstm
USR-000113,EVT-0021405,2026-06-30 01:34:42.240203,0.3914233948476539,lstm
USR-000113,EVT-0021406,2026-06-30 01:42:41.901544,0.4339830865247713,lstm
SVC-000056,EVT-0021407,2026-06-30 01:51:05.943047,0.5992350029163793,lstm
SVC-000041,EVT-0021408,2026-06-30 01:52:07.905308,0.8936319956234898,lstm
DEV-000010,EVT-0021409,2026-06-30 01:56:28.592760,0.5610556799165574,lstm
DEV-000015,EVT-0021410,2026-06-30 01:56:59.040966,0.9237613472146408,lstm
USR-000122,EVT-0021411,2026-06-30 01:58:07.824049,0.312195656480728,lstm
SVC-000056,EVT-0021412,2026-06-30 02:01:02.869580,0.8106412222170727,lstm
DEV-000008,EVT-0021413,2026-06-30 02:05:59.973897,0.5334592828892843,lstm
SVC-000014,EVT-0021414,2026-06-30 02:08:22.281311,0.9714418741688698,lstm
DEV-000010,EVT-0021415,2026-06-30 02:09:55.988052,0.6706596600377642,lstm
USR-000150,EVT-0021416,2026-06-30 02:11:12.841403,0.40445026047890914,lstm
DEV-000001,EVT-0021417,2026-06-30 02:16:55.034326,0.414883887809132,lstm
DEV-000003,EVT-0021418,2026-06-30 02:20:39.919607,0.6005977899347134,lstm
USR-000122,EVT-0021419,2026-06-30 02:20:52.050768,0.3091608334205967,lstm
DEV-000006,EVT-0021420,2026-06-30 02:28:58.735174,0.3657125522296501,lstm
SVC-000041,EVT-0021421,2026-06-30 02:30:34.575221,0.47973138172615076,lstm
DEV-000009,EVT-0021422,2026-06-30 02:33:19.857227,0.5533626452558497,lstm
USR-000163,EVT-0021423,2026-06-30 02:34:09.515972,0.5311232113341136,lstm
USR-000150,EVT-0021424,2026-06-30 02:34:09.817674,0.4949026416184622,lstm
DEV-000009,EVT-0021425,2026-06-30 02:37:04.949137,0.8169958454139566,lstm
SVC-000041,EVT-0021426,2026-06-30 02:38:38.656000,0.6431401866972069,lstm
DEV-000006,EVT-0021427,2026-06-30 02:44:55.167329,0.4218274243484673,lstm
DEV-000023,EVT-0021428,2026-06-30 02:45:10.024741,0.43554511964489656,lstm
DEV-000007,EVT-0021429,2026-06-30 02:50:12.309629,0.4060287541031399,lstm
SVC-000041,EVT-0021430,2026-06-30 02:55:22.561277,0.6374246829582862,lstm
SVC-000014,EVT-0021431,2026-06-30 02:55:48.664485,0.41668896416219814,lstm
SVC-000041,EVT-0021432,2026-06-30 02:59:56.944034,0.42009962095703046,lstm
DEV-000001,EVT-0021433,2026-06-30 03:07:22.644703,0.37728193369593205,lstm
SVC-000014,EVT-0021434,2026-06-30 03:10:34.813953,0.26072659664166814,lstm
USR-000059,EVT-0021435,2026-06-30 03:14:32.105834,0.5234209844509466,lstm
DEV-000009,EVT-0021436,2026-06-30 03:15:51.196236,0.42875248685071093,lstm
DEV-000018,EVT-0021437,2026-06-30 03:25:53.078134,0.6588926362491708,lstm
DEV-000021,EVT-0021438,2026-06-30 03:27:57.108235,0.3139305176933456,lstm
USR-000165,EVT-0021439,2026-06-30 03:32:43.601961,0.3836602863217513,lstm
SVC-000014,EVT-0021440,2026-06-30 03:33:40.587496,0.21680449697387225,lstm
SVC-000020,EVT-0021441,2026-06-30 03:36:30.624623,0.9158791327801351,lstm
USR-000163,EVT-0021442,2026-06-30 03:39:34.427396,0.45520114155209074,lstm
USR-000207,EVT-0021443,2026-06-30 03:40:07.238487,0.4847922523999183,lstm
SVC-000041,EVT-0021444,2026-06-30 03:44:38.492898,0.832829337080377,lstm
DEV-000015,EVT-0021445,2026-06-30 03:45:27.030941,0.6654396749787308,lstm
DEV-000017,EVT-0021446,2026-06-30 03:52:35.803808,0.9532878319008435,lstm
DEV-000001,EVT-0021447,2026-06-30 03:52:45.366954,0.3402613206380265,lstm
SVC-000020,EVT-0021448,2026-06-30 03:52:53.898500,0.32354564815041537,lstm
SVC-000019,EVT-0021449,2026-06-30 03:54:57.096377,0.9992784691492631,lstm
DEV-000003,EVT-0021450,2026-06-30 03:59:40.942100,0.3643550110086035,lstm
SVC-000020,EVT-0021451,2026-06-30 04:02:52.724146,0.5010859626474201,lstm
DEV-000009,EVT-0021452,2026-06-30 04:05:22.258437,0.31981107985898605,lstm
SVC-000020,EVT-0021453,2026-06-30 04:06:43.648408,0.7504073898085656,lstm
SVC-000014,EVT-0021454,2026-06-30 04:06:44.809412,0.3221741357625728,lstm
DEV-000004,EVT-0021455,2026-06-30 04:10:22.543233,0.3735251769151843,lstm
DEV-000025,EVT-0021456,2026-06-30 04:11:08.042703,0.6548673773367958,lstm
SVC-000007,EVT-0021457,2026-06-30 04:19:29.060343,0.9866014151593749,lstm
SVC-000019,EVT-0021458,2026-06-30 04:20:57.279847,0.7059961216425846,lstm
USR-000088,EVT-0021459,2026-06-30 04:22:43.969605,0.9257182248125292,lstm
USR-000059,EVT-0021460,2026-06-30 04:24:05.380731,0.4438607452353007,lstm
USR-000180,EVT-0021461,2026-06-30 04:28:02.453770,0.8960302043071238,lstm
SVC-000020,EVT-0021462,2026-06-30 04:29:04.008166,0.22215116017906023,lstm
SVC-000014,EVT-0021463,2026-06-30 04:30:02.111074,0.5876869083618712,lstm
SVC-000020,EVT-0021464,2026-06-30 04:33:04.781517,0.47388096218722164,lstm
SVC-000020,EVT-0021465,2026-06-30 04:34:12.408796,0.8402692189589783,lstm
SVC-000020,EVT-0021466,2026-06-30 04:34:42.548040,0.6473474580284952,lstm
SVC-000019,EVT-0021467,2026-06-30 04:35:49.492905,0.84179436340776,lstm
DEV-000013,EVT-0021468,2026-06-30 04:39:44.104731,0.5572114700188934,lstm
SVC-000019,EVT-0021469,2026-06-30 04:40:32.244092,0.9010149109856769,lstm
SVC-000019,EVT-0021470,2026-06-30 04:40:52.388987,0.851063864209124,lstm
SVC-000007,EVT-0021471,2026-06-30 04:41:53.318853,0.2838423114167773,lstm
DEV-000025,EVT-0021472,2026-06-30 04:42:31.716905,0.6844622405908826,lstm
SVC-000014,EVT-0021473,2026-06-30 04:46:23.837764,0.361777664219814,lstm
SVC-000007,EVT-0021474,2026-06-30 04:52:29.502019,0.42132593715531796,lstm
SVC-000007,EVT-0021475,2026-06-30 04:52:34.894731,0.7893505774728057,lstm
DEV-000002,EVT-0021476,2026-06-30 04:52:50.774997,0.26194413985150067,lstm
DEV-000009,EVT-0021477,2026-06-30 04:53:28.597764,0.34565666267215395,lstm
SVC-000007,EVT-0021478,2026-06-30 04:53:28.811825,0.7253195260098804,lstm
SVC-000019,EVT-0021479,2026-06-30 04:58:55.949921,0.37933816880498,lstm
SVC-000014,EVT-0021480,2026-06-30 04:59:40.977900,0.30822064709834895,lstm
USR-000058,EVT-0021481,2026-06-30 05:01:58.325015,0.4821817680633709,lstm
SVC-000007,EVT-0021482,2026-06-30 05:02:18.512332,0.5554039529573717,lstm
DEV-000009,EVT-0021483,2026-06-30 05:04:09.929897,0.38230253132064523,lstm
DEV-000002,EVT-0021484,2026-06-30 05:12:14.160254,0.28193368755631915,lstm
SVC-000007,EVT-0021485,2026-06-30 05:12:46.951605,0.4694877151201927,lstm
SVC-000020,EVT-0021486,2026-06-30 05:12:48.725847,0.3180514211790303,lstm
SVC-000007,EVT-0021487,2026-06-30 05:16:48.429207,0.35186078208794735,lstm
SVC-000019,EVT-0021488,2026-06-30 05:19:50.073540,0.23946778523564097,lstm
SVC-000020,EVT-0021489,2026-06-30 05:20:36.603683,0.41767154850952176,lstm
DEV-000002,EVT-0021490,2026-06-30 05:21:46.636509,0.38562040767814026,lstm
USR-000157,EVT-0021491,2026-06-30 05:21:52.823310,0.8058533116334543,lstm
SVC-000014,EVT-0021492,2026-06-30 05:23:11.999243,0.3101493525504776,lstm
SVC-000007,EVT-0021493,2026-06-30 05:23:59.808851,0.2625317380708784,lstm
SVC-000019,EVT-0021494,2026-06-30 05:25:37.121472,0.2677045039835728,lstm
SVC-000019,EVT-0021495,2026-06-30 05:25:41.221208,0.5844513711476687,lstm
DEV-000001,EVT-0021496,2026-06-30 05:26:38.339531,0.3214717534487281,lstm
USR-000207,EVT-0021497,2026-06-30 05:27:10.876684,0.36887011593484154,lstm
SVC-000019,EVT-0021498,2026-06-30 05:28:03.566512,0.3905840680184707,lstm
USR-000162,EVT-0021499,2026-06-30 05:31:19.348936,0.5875319680533838,lstm
SVC-000019,EVT-0021500,2026-06-30 05:43:12.746298,0.28803373960058226,lstm
USR-000206,EVT-0021501,2026-06-30 05:49:19.187035,0.6304874241008248,lstm
SVC-000019,EVT-0021502,2026-06-30 05:49:41.481929,0.26069517266518155,lstm
SVC-000007,EVT-0021503,2026-06-30 05:51:10.312697,0.3785785926266285,lstm
SVC-000055,EVT-0021504,2026-06-30 05:51:11.183738,0.9647987866262042,lstm
DEV-000025,EVT-0021505,2026-06-30 05:51:15.802653,0.6545550282189833,lstm
SVC-000009,EVT-0021506,2026-06-30 05:52:24.041712,0.9922244436611227,lstm
USR-000142,EVT-0021507,2026-06-30 05:54:49.475122,0.7278337046031859,lstm
DEV-000001,EVT-0021508,2026-06-30 05:55:34.100887,0.40471393640676046,lstm
SVC-000007,EVT-0021509,2026-06-30 06:00:51.244408,0.35508993781217224,lstm
SVC-000009,EVT-0021510,2026-06-30 06:01:04.251224,0.3963150686610034,lstm
SVC-000019,EVT-0021511,2026-06-30 06:01:48.425579,0.25696432077147824,lstm
SVC-000019,EVT-0021512,2026-06-30 06:03:00.229780,0.36755316731477017,lstm
SVC-000019,EVT-0021513,2026-06-30 06:03:29.173344,0.4943065534237913,lstm
SVC-000039,EVT-0021514,2026-06-30 06:06:16.463095,0.9997483052709909,lstm
USR-000059,EVT-0021515,2026-06-30 06:07:22.536375,0.4107074150377005,lstm
USR-000047,EVT-0021516,2026-06-30 06:08:43.376827,0.9131527619554826,lstm
SVC-000030,EVT-0021517,2026-06-30 06:12:57.472954,0.9965596972043689,lstm
SVC-000009,EVT-0021518,2026-06-30 06:14:40.581237,0.6014716795661686,lstm
USR-000019,EVT-0021519,2026-06-30 06:15:04.534924,0.5150931075821635,lstm
SVC-000019,EVT-0021520,2026-06-30 06:20:30.094270,0.34456203629514404,lstm
USR-000200,EVT-0021521,2026-06-30 06:26:47.147397,0.7571983969111472,lstm
DEV-000007,EVT-0021522,2026-06-30 06:27:54.193321,0.5823999524561239,lstm
SVC-000009,EVT-0021523,2026-06-30 06:28:46.147275,0.4375761008009113,lstm
USR-000031,EVT-0021524,2026-06-30 06:32:26.536431,0.4297360654042274,lstm
SVC-000009,EVT-0021525,2026-06-30 06:34:34.752560,0.41856873993011684,lstm
USR-000162,EVT-0021526,2026-06-30 06:34:56.117293,0.2674191061148132,lstm
DEV-000009,EVT-0021527,2026-06-30 06:35:05.966037,0.30815572920585416,lstm
DEV-000001,EVT-0021528,2026-06-30 06:39:44.884258,0.3624781373682108,lstm
SVC-000009,EVT-0021529,2026-06-30 06:40:53.300591,0.4257205317705812,lstm
DEV-000026,EVT-0021530,2026-06-30 06:48:46.339601,0.6202347946562108,lstm
USR-000087,EVT-0021531,2026-06-30 06:50:03.384097,0.715855433820875,lstm
USR-000124,EVT-0021532,2026-06-30 06:52:04.611667,0.5977502532488247,lstm
DEV-000011,EVT-0021533,2026-06-30 06:54:47.055674,0.6501824317197218,lstm
DEV-000008,EVT-0021534,2026-06-30 06:55:42.019443,0.5902813415201572,lstm
USR-000095,EVT-0021535,2026-06-30 06:57:32.922835,0.6384789187457219,lstm
SVC-000009,EVT-0021536,2026-06-30 06:58:43.108623,0.35512042820024897,lstm
DEV-000023,EVT-0021537,2026-06-30 06:59:35.880820,0.2680526630946034,lstm
SVC-000040,EVT-0021538,2026-06-30 06:59:58.273314,0.9942262090541413,lstm
SVC-000009,EVT-0021539,2026-06-30 07:00:35.572149,0.7226850409082018,lstm
DEV-000003,EVT-0021540,2026-06-30 07:05:19.043558,0.27886212582266945,lstm
USR-000041,EVT-0021541,2026-06-30 07:05:43.543105,0.6623170192571766,lstm
USR-000016,EVT-0021542,2026-06-30 07:06:41.800099,0.5703414124169124,lstm
SVC-000009,EVT-0021543,2026-06-30 07:07:00.612009,0.4056326488601806,lstm
USR-000095,EVT-0021544,2026-06-30 07:07:46.792860,0.585656815225533,lstm
SVC-000055,EVT-0021545,2026-06-30 07:08:45.331820,0.5242303747549423,lstm
SVC-000055,EVT-0021546,2026-06-30 07:10:59.953964,0.5713850023840249,lstm
SVC-000055,EVT-0021547,2026-06-30 07:11:10.283804,0.7259377252431027,lstm
USR-000162,EVT-0021548,2026-06-30 07:11:44.247992,0.2638868985520511,lstm
SVC-000030,EVT-0021549,2026-06-30 07:13:35.085420,0.5691518775576402,lstm
DEV-000008,EVT-0021550,2026-06-30 07:15:13.327618,0.632003799553371,lstm
USR-000059,EVT-0021551,2026-06-30 07:16:41.743576,0.5722249298136325,lstm
SVC-000040,EVT-0021552,2026-06-30 07:17:04.838837,0.6745180909084093,lstm
SVC-000040,EVT-0021553,2026-06-30 07:19:03.070639,0.654059542579219,lstm
DEV-000024,EVT-0021554,2026-06-30 07:20:27.016370,0.41116292273541794,lstm
USR-000015,EVT-0021555,2026-06-30 07:20:46.634111,0.6754909575112346,lstm
SVC-000009,EVT-0021556,2026-06-30 07:24:30.935079,0.42629505790195454,lstm
SVC-000040,EVT-0021557,2026-06-30 07:26:07.896658,0.5916877572321999,lstm
DEV-000021,EVT-0021558,2026-06-30 07:26:10.380696,0.43036280206510147,lstm
SVC-000040,EVT-0021559,2026-06-30 07:26:57.553966,0.7423782274809143,lstm
USR-000190,EVT-0021560,2026-06-30 07:27:20.148378,0.5289161706195975,lstm
SVC-000039,EVT-0021561,2026-06-30 07:27:43.418472,0.7713667880022177,lstm
SVC-000040,EVT-0021562,2026-06-30 07:28:44.027158,0.6132838112321745,lstm
SVC-000030,EVT-0021563,2026-06-30 07:32:10.186953,0.5540995427006304,lstm
USR-000153,EVT-0021564,2026-06-30 07:32:39.465512,0.6911527427475243,lstm
SVC-000051,EVT-0021565,2026-06-30 07:33:46.646110,0.9971110414843425,lstm
DEV-000001,EVT-0021566,2026-06-30 07:34:06.491110,0.34165709943470435,lstm
SVC-000011,EVT-0021567,2026-06-30 07:36:23.744500,0.9941090256281452,lstm
SVC-000055,EVT-0021568,2026-06-30 07:36:48.174344,0.3345263505286072,lstm
SVC-000040,EVT-0021569,2026-06-30 07:37:22.744801,0.32972121592962106,lstm
DEV-000012,EVT-0021570,2026-06-30 07:39:55.421097,0.7362252310478132,lstm
SVC-000055,EVT-0021571,2026-06-30 07:41:05.310040,0.4122135564510383,lstm
USR-000142,EVT-0021572,2026-06-30 07:44:07.148576,0.46301035146416536,lstm
DEV-000011,EVT-0021573,2026-06-30 07:44:47.021123,0.5934280023899584,lstm
USR-000135,EVT-0021574,2026-06-30 07:45:05.617288,0.4085616902396011,lstm
USR-000162,EVT-0021575,2026-06-30 07:45:17.619171,0.2922993608540329,lstm
DEV-000020,EVT-0021576,2026-06-30 07:47:14.920430,0.986294481627424,lstm
USR-000039,EVT-0021577,2026-06-30 07:47:31.165404,0.6720377930735557,lstm
SVC-000040,EVT-0021578,2026-06-30 07:47:54.907828,0.293237351258163,lstm
SVC-000011,EVT-0021579,2026-06-30 07:48:59.278810,0.3665582147609072,lstm
SVC-000030,EVT-0021580,2026-06-30 07:49:44.345753,0.7440822795741189,lstm
USR-000036,EVT-0021581,2026-06-30 07:52:58.203041,0.46091678788923074,lstm
USR-000038,EVT-0021582,2026-06-30 07:53:41.281471,0.5180515681616744,lstm
SVC-000040,EVT-0021583,2026-06-30 07:55:36.079727,0.49823363101742074,lstm
DEV-000017,EVT-0021584,2026-06-30 07:55:41.066609,0.8785344097646395,lstm
SVC-000051,EVT-0021585,2026-06-30 07:58:41.241080,0.9614684123342667,lstm
DEV-000009,EVT-0021586,2026-06-30 07:58:41.826297,0.37759669466226736,lstm
USR-000059,EVT-0021587,2026-06-30 07:59:20.037831,0.5682032960417951,lstm
USR-000162,EVT-0021588,2026-06-30 07:59:54.094515,0.29356737244909664,lstm
USR-000102,EVT-0021589,2026-06-30 08:00:14.715838,0.9311775119296879,lstm
SVC-000040,EVT-0021590,2026-06-30 08:00:45.079856,0.3861526870319347,lstm
DEV-000023,EVT-0021591,2026-06-30 08:01:55.203097,0.2647990909418483,lstm
SVC-000011,EVT-0021592,2026-06-30 08:03:51.453970,0.33490183201888724,lstm
USR-000007,EVT-0021593,2026-06-30 08:05:31.330089,0.3560571722671756,lstm
USR-000014,EVT-0021594,2026-06-30 08:05:34.694889,0.9982356428428948,lstm
SVC-000011,EVT-0021595,2026-06-30 08:06:27.841060,0.38194143832344135,lstm
USR-000007,EVT-0021596,2026-06-30 08:10:05.899972,0.5005936851689878,lstm
USR-000182,EVT-0021597,2026-06-30 08:12:26.531490,0.5643443437174646,lstm
USR-000022,EVT-0021598,2026-06-30 08:12:50.237043,0.7449933465202933,lstm
USR-000006,EVT-0021599,2026-06-30 08:12:50.827920,0.46297835137577115,lstm
USR-000058,EVT-0021600,2026-06-30 08:14:06.864692,0.360160382892506,lstm
SVC-000011,EVT-0021601,2026-06-30 08:15:29.052275,0.2626456565317339,lstm
DEV-000020,EVT-0021602,2026-06-30 08:15:39.219352,0.9930366912982123,lstm
SVC-000053,EVT-0021603,2026-06-30 08:16:58.872940,0.9960429555205176,lstm
SVC-000011,EVT-0021604,2026-06-30 08:17:27.206385,0.4527028581663081,lstm
USR-000135,EVT-0021605,2026-06-30 08:18:27.416489,0.3392634816978099,lstm
USR-000071,EVT-0021606,2026-06-30 08:19:52.941052,0.9999999999999969,lstm
SVC-000011,EVT-0021607,2026-06-30 08:20:20.393642,0.3146514646616076,lstm
SVC-000011,EVT-0021608,2026-06-30 08:21:22.150705,0.5081869881911839,lstm
DEV-000026,EVT-0021609,2026-06-30 08:22:22.383727,0.2543174690091332,lstm
SVC-000030,EVT-0021610,2026-06-30 08:23:08.863120,0.4583955345160731,lstm
SVC-000040,EVT-0021611,2026-06-30 08:24:04.026084,0.38852127878415865,lstm
SVC-000039,EVT-0021612,2026-06-30 08:25:43.787640,0.6247714547840051,lstm
SVC-000051,EVT-0021613,2026-06-30 08:26:00.611382,0.9306697812996223,lstm
USR-000036,EVT-0021614,2026-06-30 08:26:07.296746,0.22956901844897204,lstm
SVC-000011,EVT-0021615,2026-06-30 08:28:50.002095,0.3691807590891263,lstm
SVC-000011,EVT-0021616,2026-06-30 08:29:26.903597,0.5113566907183936,lstm
SVC-000011,EVT-0021617,2026-06-30 08:29:36.446304,0.5453202344529484,lstm
SVC-000040,EVT-0021618,2026-06-30 08:31:09.990892,0.3257692762561282,lstm
USR-000190,EVT-0021619,2026-06-30 08:31:24.619098,0.29327549584703133,lstm
USR-000031,EVT-0021620,2026-06-30 08:32:26.249451,0.2766486027638364,lstm
USR-000067,EVT-0021621,2026-06-30 08:33:08.545430,0.7225158967475279,lstm
SVC-000053,EVT-0021622,2026-06-30 08:33:12.988264,0.7758329785479591,lstm
SVC-000011,EVT-0021623,2026-06-30 08:35:39.078311,0.33590894225303725,lstm
SVC-000046,EVT-0021624,2026-06-30 08:36:31.767132,0.9957420746774902,lstm
SVC-000040,EVT-0021625,2026-06-30 08:37:48.101555,0.33943766910992373,lstm
DEV-000025,EVT-0021626,2026-06-30 08:39:31.163880,0.5851254607018566,lstm
USR-000043,EVT-0021627,2026-06-30 08:40:55.747438,0.7682738979154293,lstm
USR-000105,EVT-0021628,2026-06-30 08:41:33.965382,0.7728086479904467,lstm
SVC-000011,EVT-0021629,2026-06-30 08:42:26.153747,0.3715628353076212,lstm
USR-000070,EVT-0021630,2026-06-30 08:43:13.712620,0.5087452062294862,lstm
USR-000090,EVT-0021631,2026-06-30 08:45:20.665653,0.8714482235305046,lstm
USR-000050,EVT-0021632,2026-06-30 08:46:48.205057,0.8396302132769381,lstm
USR-000090,EVT-0021633,2026-06-30 08:47:10.807846,0.8504394857702531,lstm
SVC-000046,EVT-0021634,2026-06-30 08:48:05.608021,0.8127688401030231,lstm
USR-000206,EVT-0021635,2026-06-30 08:48:58.497043,0.31426340397529334,lstm
USR-000031,EVT-0021636,2026-06-30 08:49:06.440641,0.2814029798168719,lstm
USR-000069,EVT-0021637,2026-06-30 08:49:14.437384,0.42341379528851764,lstm
SVC-000046,EVT-0021638,2026-06-30 08:49:15.065397,0.6964975496848699,lstm
USR-000096,EVT-0021639,2026-06-30 08:49:49.845541,0.7227196628025537,lstm
USR-000208,EVT-0021640,2026-06-30 08:50:28.363399,0.707497386315761,lstm
SVC-000013,EVT-0021641,2026-06-30 08:52:12.100987,0.9967920196706739,lstm
SVC-000046,EVT-0021642,2026-06-30 08:53:25.202164,0.4967125788953626,lstm
USR-000112,EVT-0021643,2026-06-30 08:53:35.566415,0.34582165331503567,lstm
SVC-000046,EVT-0021644,2026-06-30 08:55:07.493570,0.6046396200693983,lstm
USR-000206,EVT-0021645,2026-06-30 08:57:09.170974,0.4812558043602339,lstm
SVC-000046,EVT-0021646,2026-06-30 08:57:52.653863,0.48732418532632116,lstm
USR-000058,EVT-0021647,2026-06-30 08:58:32.131960,0.29829824042026326,lstm
USR-000206,EVT-0021648,2026-06-30 08:59:32.890244,0.4445580035595688,lstm
USR-000099,EVT-0021649,2026-06-30 08:59:54.875524,0.47957159549036665,lstm
SVC-000008,EVT-0021650,2026-06-30 09:03:24.590536,0.9837885760605244,lstm
USR-000153,EVT-0021651,2026-06-30 09:04:22.400336,0.6034531248446281,lstm
USR-000138,EVT-0021652,2026-06-30 09:04:30.585017,0.3421622743761924,lstm
USR-000086,EVT-0021653,2026-06-30 09:05:07.102964,0.8503893468641188,lstm
DEV-000025,EVT-0021654,2026-06-30 09:08:10.721817,0.5506195150108936,lstm
USR-000039,EVT-0021655,2026-06-30 09:09:18.166749,0.25545404680891187,lstm
SVC-000011,EVT-0021656,2026-06-30 09:09:26.010158,0.334672321640989,lstm
USR-000105,EVT-0021657,2026-06-30 09:10:15.841811,0.8369749997735243,lstm
USR-000104,EVT-0021658,2026-06-30 09:10:49.331010,0.6598147921665922,lstm
USR-000016,EVT-0021659,2026-06-30 09:12:02.452423,0.32165321938006647,lstm
SVC-000051,EVT-0021660,2026-06-30 09:13:12.314304,0.8255789809281022,lstm
SVC-000039,EVT-0021661,2026-06-30 09:13:52.005254,0.4081467379021511,lstm
USR-000159,EVT-0021662,2026-06-30 09:14:48.218865,0.6884934384581094,baseline_fallback
USR-000132,EVT-0021663,2026-06-30 09:18:05.254327,0.4721843715453859,lstm
SVC-000024,EVT-0021664,2026-06-30 09:19:19.486967,0.9676016931041069,lstm
SVC-000011,EVT-0021665,2026-06-30 09:20:04.996793,0.36640958900831383,lstm
SVC-000024,EVT-0021666,2026-06-30 09:20:18.795883,0.7588994376169407,lstm
USR-000190,EVT-0021667,2026-06-30 09:20:27.400199,0.24115610934847223,lstm
USR-000035,EVT-0021668,2026-06-30 09:20:58.959022,0.5881896492312462,lstm
SVC-000042,EVT-0021669,2026-06-30 09:21:17.045452,0.9627147792769506,lstm
SVC-000042,EVT-0021670,2026-06-30 09:21:38.664296,0.6358835041003773,lstm
SVC-000046,EVT-0021671,2026-06-30 09:26:58.988748,0.6052705697142613,lstm
USR-000091,EVT-0021672,2026-06-30 09:28:21.641196,0.3848850273995389,lstm
USR-000157,EVT-0021673,2026-06-30 09:28:46.880381,0.48974386865455566,lstm
USR-000051,EVT-0021674,2026-06-30 09:29:31.379300,0.38782051139616164,lstm
USR-000047,EVT-0021675,2026-06-30 09:30:26.451017,0.570592629551362,lstm
DEV-000023,EVT-0021676,2026-06-30 09:31:40.807308,0.23643723692218102,lstm
SVC-000011,EVT-0021677,2026-06-30 09:32:03.967969,0.38158816131543616,lstm
USR-000041,EVT-0021678,2026-06-30 09:32:05.267793,0.3928291014690474,lstm
USR-000062,EVT-0021679,2026-06-30 09:32:06.333501,0.5305400879595433,lstm
SVC-000024,EVT-0021680,2026-06-30 09:33:02.926239,0.3530995171236658,lstm
USR-000200,EVT-0021681,2026-06-30 09:33:47.230198,0.563968098582946,lstm
USR-000042,EVT-0021682,2026-06-30 09:34:13.388714,0.3794464998899093,lstm
USR-000039,EVT-0021683,2026-06-30 09:35:41.009373,0.3369698129940338,lstm
DEV-000025,EVT-0021684,2026-06-30 09:35:48.006603,0.7711729407821813,lstm
USR-000099,EVT-0021685,2026-06-30 09:35:57.904496,0.4266952646672714,lstm
SVC-000046,EVT-0021686,2026-06-30 09:37:29.772700,0.3798334796359011,lstm
USR-000039,EVT-0021687,2026-06-30 09:37:55.325109,0.5024772270931444,lstm
SVC-000046,EVT-0021688,2026-06-30 09:40:14.528524,0.4476788930260477,lstm
DEV-000007,EVT-0021689,2026-06-30 09:40:58.398458,0.5285610368675606,lstm
USR-000042,EVT-0021690,2026-06-30 09:42:03.396331,0.46286779001945577,lstm
USR-000098,EVT-0021691,2026-06-30 09:42:18.573139,0.3813056596842607,lstm
DEV-000007,EVT-0021692,2026-06-30 09:44:00.075128,0.9269430027375233,lstm
USR-000067,EVT-0021693,2026-06-30 09:44:19.390524,0.4993783948953921,lstm
USR-000157,EVT-0021694,2026-06-30 09:44:27.623576,0.4047067962180753,lstm
USR-000006,EVT-0021695,2026-06-30 09:46:03.412485,0.6444189046279212,lstm
USR-000015,EVT-0021696,2026-06-30 09:46:07.463023,0.37348414943618946,lstm
SVC-000013,EVT-0021697,2026-06-30 09:46:28.301835,0.5125075227052512,lstm
USR-000016,EVT-0021698,2026-06-30 09:48:31.982101,0.39843712434460815,lstm
USR-000182,EVT-0021699,2026-06-30 09:48:36.209189,0.32974495466492526,lstm
USR-000205,EVT-0021700,2026-06-30 09:48:42.127270,0.5241984184938346,lstm
SVC-000013,EVT-0021701,2026-06-30 09:48:48.417095,0.6017766940689689,lstm
USR-000207,EVT-0021702,2026-06-30 09:49:32.577066,0.20923487140965988,lstm
USR-000112,EVT-0021703,2026-06-30 09:49:39.018461,0.4686861088563443,lstm
USR-000132,EVT-0021704,2026-06-30 09:49:44.472007,0.4047353175745289,lstm
SVC-000050,EVT-0021705,2026-06-30 09:50:01.070837,0.9996997703193355,lstm
USR-000095,EVT-0021706,2026-06-30 09:53:20.973344,0.2618098023849905,lstm
USR-000153,EVT-0021707,2026-06-30 09:55:31.705928,0.4287216696431326,lstm
USR-000053,EVT-0021708,2026-06-30 09:55:34.756478,0.5887293315424394,lstm
USR-000028,EVT-0021709,2026-06-30 09:55:48.282050,0.6672247117919027,lstm
USR-000015,EVT-0021710,2026-06-30 09:57:14.496159,0.39747475839920066,lstm
USR-000180,EVT-0021711,2026-06-30 09:57:31.417491,0.6745694158632589,lstm
USR-000158,EVT-0021712,2026-06-30 09:57:59.528985,0.8825786008237506,lstm
DEV-000009,EVT-0021713,2026-06-30 09:58:14.954143,0.5062679145429894,lstm
SVC-000051,EVT-0021714,2026-06-30 09:58:44.107018,0.6768354959587635,lstm
USR-000001,EVT-0021715,2026-06-30 09:58:54.853464,0.6827724120753297,lstm
USR-000179,EVT-0021716,2026-06-30 09:59:08.286532,0.4646179143721314,lstm
DEV-000018,EVT-0021717,2026-06-30 09:59:26.769765,0.33085178666676557,lstm
USR-000190,EVT-0021718,2026-06-30 09:59:38.858388,0.29925763261883304,lstm
DEV-000026,EVT-0021719,2026-06-30 09:59:56.349821,0.1567449025786833,lstm
SVC-000053,EVT-0021720,2026-06-30 10:00:40.557372,0.5434734374425768,lstm
DEV-000015,EVT-0021721,2026-06-30 10:01:21.443050,0.5574943133186084,lstm
SVC-000013,EVT-0021722,2026-06-30 10:05:28.001740,0.47074507925419246,lstm
SVC-000001,EVT-0021723,2026-06-30 10:05:35.630008,0.9496769446280187,lstm
USR-000019,EVT-0021724,2026-06-30 10:06:06.016018,0.5028347073737922,lstm
USR-000090,EVT-0021725,2026-06-30 10:06:10.419289,0.5431927393981909,lstm
DEV-000010,EVT-0021726,2026-06-30 10:07:10.822207,0.7034239320645391,lstm
USR-000177,EVT-0021727,2026-06-30 10:07:31.620945,0.6530407915876625,lstm
USR-000091,EVT-0021728,2026-06-30 10:09:04.850088,0.5165253398767656,lstm
USR-000099,EVT-0021729,2026-06-30 10:11:25.230963,0.28479043401353216,lstm
SVC-000013,EVT-0021730,2026-06-30 10:13:00.117940,0.6124271608220183,lstm
SVC-000024,EVT-0021731,2026-06-30 10:13:15.920166,0.31537526406034605,lstm
SVC-000042,EVT-0021732,2026-06-30 10:17:31.518717,0.3124868914174904,lstm
USR-000023,EVT-0021733,2026-06-30 10:19:17.905243,0.42395554597687807,lstm
SVC-000013,EVT-0021734,2026-06-30 10:19:37.196759,0.6075969408149021,lstm
SVC-000042,EVT-0021735,2026-06-30 10:20:52.669106,0.3252536869338365,lstm
USR-000135,EVT-0021736,2026-06-30 10:20:58.499200,0.21047379268068556,lstm
USR-000190,EVT-0021737,2026-06-30 10:21:10.085667,0.2503617471527284,lstm
SVC-000024,EVT-0021738,2026-06-30 10:22:39.684528,0.7299477753781871,lstm
USR-000082,EVT-0021739,2026-06-30 10:23:05.774660,0.3226355279264226,lstm
USR-000050,EVT-0021740,2026-06-30 10:23:24.147577,0.4202031342604092,lstm
SVC-000042,EVT-0021741,2026-06-30 10:24:20.533009,0.25379253967221,lstm
SVC-000051,EVT-0021742,2026-06-30 10:24:28.338379,0.604549310385006,lstm
USR-000041,EVT-0021743,2026-06-30 10:24:38.813077,0.3684647293137626,lstm
SVC-000008,EVT-0021744,2026-06-30 10:24:39.492664,0.7599524519997922,lstm
USR-000038,EVT-0021745,2026-06-30 10:24:39.845331,0.4081493088325695,lstm
USR-000182,EVT-0021746,2026-06-30 10:25:52.115318,0.42379998740271363,lstm
USR-000031,EVT-0021747,2026-06-30 10:26:32.772364,0.3032432671706154,lstm
USR-000072,EVT-0021748,2026-06-30 10:27:03.549608,0.9986194537414198,lstm
USR-000059,EVT-0021749,2026-06-30 10:28:11.781558,0.38920255463899034,lstm
SVC-000042,EVT-0021750,2026-06-30 10:29:47.605506,0.2979096455030183,lstm
USR-000038,EVT-0021751,2026-06-30 10:30:05.509642,0.4354286565920201,lstm
SVC-000053,EVT-0021752,2026-06-30 10:32:07.811340,0.7317150959236142,lstm
SVC-000013,EVT-0021753,2026-06-30 10:32:18.300192,0.47686946651144907,lstm
DEV-000016,EVT-0021754,2026-06-30 10:33:54.467417,0.3910913037824568,lstm
USR-000132,EVT-0021755,2026-06-30 10:34:29.691058,0.26546928040529977,lstm
USR-000129,EVT-0021756,2026-06-30 10:35:19.044805,0.4168340655330945,lstm
SVC-000013,EVT-0021757,2026-06-30 10:36:20.998970,0.31242343174281445,lstm
USR-000007,EVT-0021758,2026-06-30 10:36:41.224582,0.24001222107130646,lstm
USR-000019,EVT-0021759,2026-06-30 10:37:36.860786,0.25796939621420983,lstm
SVC-000051,EVT-0021760,2026-06-30 10:40:30.920441,0.4948348364446994,lstm
USR-000123,EVT-0021761,2026-06-30 10:40:56.774060,0.512632534108924,lstm
DEV-000020,EVT-0021762,2026-06-30 10:43:32.298135,0.9903318781449552,lstm
USR-000138,EVT-0021763,2026-06-30 10:44:29.761880,0.29882338614777004,lstm
SVC-000021,EVT-0021764,2026-06-30 10:44:51.959188,0.9999283352561757,lstm
USR-000135,EVT-0021765,2026-06-30 10:45:03.459782,0.3141426241311007,lstm
USR-000143,EVT-0021766,2026-06-30 10:45:44.672022,0.9999950404468182,lstm
USR-000023,EVT-0021767,2026-06-30 10:46:10.332926,0.35637300196534233,lstm
USR-000023,EVT-0021768,2026-06-30 10:46:51.134445,0.5590533125552662,lstm
SVC-000021,EVT-0021769,2026-06-30 10:47:19.411621,0.9981636702547831,lstm
SVC-000001,EVT-0021770,2026-06-30 10:47:33.343743,0.34081154588683316,lstm
SVC-000013,EVT-0021771,2026-06-30 10:47:54.759955,0.2689323612126411,lstm
USR-000138,EVT-0021772,2026-06-30 10:50:26.602057,0.3411007699129637,lstm
USR-000033,EVT-0021773,2026-06-30 10:50:27.804780,0.7728861423522907,lstm
USR-000034,EVT-0021774,2026-06-30 10:50:34.334017,0.3134312647345489,baseline_fallback
SVC-000021,EVT-0021775,2026-06-30 10:50:53.852980,0.9813475141797954,lstm
USR-000069,EVT-0021776,2026-06-30 10:51:27.249283,0.22148696467598608,lstm
SVC-000053,EVT-0021777,2026-06-30 10:51:59.248786,0.7388549203496342,lstm
SVC-000042,EVT-0021778,2026-06-30 10:52:25.267813,0.24977159494978923,lstm
DEV-000018,EVT-0021779,2026-06-30 10:52:51.472948,0.278079238793477,lstm
USR-000072,EVT-0021780,2026-06-30 10:54:11.570718,0.7601284820236435,lstm
USR-000162,EVT-0021781,2026-06-30 10:54:28.768119,0.3297789381837728,lstm
SVC-000013,EVT-0021782,2026-06-30 10:54:31.498577,0.6004914660523252,lstm
USR-000015,EVT-0021783,2026-06-30 10:56:48.326086,0.2957099332970715,lstm
SVC-000013,EVT-0021784,2026-06-30 10:57:04.136158,0.3363551529837027,lstm
USR-000213,EVT-0021785,2026-06-30 10:57:18.330181,0.67678441425392,lstm
DEV-000022,EVT-0021786,2026-06-30 10:57:41.247775,0.6965392559034762,lstm
SVC-000001,EVT-0021787,2026-06-30 10:58:26.125342,0.4488452027176555,lstm
USR-000001,EVT-0021788,2026-06-30 11:02:19.728888,0.3859691586184443,lstm
SVC-000008,EVT-0021789,2026-06-30 11:03:45.584453,0.5466581035760063,lstm
USR-000205,EVT-0021790,2026-06-30 11:03:51.843492,0.31010950460873704,lstm
USR-000078,EVT-0021791,2026-06-30 11:04:07.294227,0.5675074149045479,lstm
USR-000090,EVT-0021792,2026-06-30 11:04:07.750382,0.4518406833853761,lstm
USR-000173,EVT-0021793,2026-06-30 11:04:28.443471,0.3358075347946548,lstm
SVC-000053,EVT-0021794,2026-06-30 11:05:26.754880,0.48225356564702654,lstm
SVC-000053,EVT-0021795,2026-06-30 11:06:04.557379,0.508740099271291,lstm
USR-000166,EVT-0021796,2026-06-30 11:06:10.951050,0.3982129161185396,lstm
SVC-000039,EVT-0021797,2026-06-30 11:06:12.033346,0.5932089346204092,lstm
USR-000194,EVT-0021798,2026-06-30 11:06:50.250394,0.5262525038222783,lstm
DEV-000005,EVT-0021799,2026-06-30 11:07:04.460032,0.5985163549705639,lstm
USR-000111,EVT-0021800,2026-06-30 11:07:24.360679,0.7000439301513744,lstm
SVC-000039,EVT-0021801,2026-06-30 11:08:05.377581,0.5396434382520772,lstm
USR-000059,EVT-0021802,2026-06-30 11:08:30.314402,0.5535890871273553,lstm
USR-000028,EVT-0021803,2026-06-30 11:08:55.436940,0.40620071371921673,lstm
USR-000029,EVT-0021804,2026-06-30 11:09:25.306883,0.672722163316885,lstm
USR-000043,EVT-0021805,2026-06-30 11:09:36.292411,0.746983887468675,lstm
USR-000011,EVT-0021806,2026-06-30 11:09:44.019329,0.9279089879515597,lstm
USR-000099,EVT-0021807,2026-06-30 11:13:46.415435,0.26497141579212724,lstm
SVC-000053,EVT-0021808,2026-06-30 11:13:56.130182,0.599591700627674,lstm
USR-000105,EVT-0021809,2026-06-30 11:14:17.253208,0.6912746373286424,lstm
USR-000030,EVT-0021810,2026-06-30 11:14:24.353070,0.894246058105159,lstm
SVC-000024,EVT-0021811,2026-06-30 11:14:55.786136,0.6844689124125858,lstm
SVC-000042,EVT-0021812,2026-06-30 11:15:51.810306,0.2828919043322902,lstm
SVC-000024,EVT-0021813,2026-06-30 11:16:46.830557,0.47496842275226087,lstm
USR-000030,EVT-0021814,2026-06-30 11:17:22.043902,0.8921205003422815,lstm
USR-000182,EVT-0021815,2026-06-30 11:17:42.887143,0.46882059429113737,lstm
SVC-000053,EVT-0021816,2026-06-30 11:18:19.130835,0.6587799577038668,lstm
SVC-000039,EVT-0021817,2026-06-30 11:19:03.000617,0.3007147479683397,lstm
SVC-000008,EVT-0021818,2026-06-30 11:19:37.415950,0.5983909915187255,lstm
USR-000095,EVT-0021819,2026-06-30 11:21:16.573618,0.20734281975399677,lstm
DEV-000002,EVT-0021820,2026-06-30 11:21:30.342325,0.31455738030657965,lstm
USR-000036,EVT-0021821,2026-06-30 11:23:43.060324,0.33512313366317387,lstm
USR-000206,EVT-0021822,2026-06-30 11:23:46.867810,0.25142732037403875,lstm
SVC-000050,EVT-0021823,2026-06-30 11:25:03.520773,0.9451020540637721,lstm
SVC-000024,EVT-0021824,2026-06-30 11:26:25.354971,0.3384524464230119,lstm
USR-000029,EVT-0021825,2026-06-30 11:26:42.187831,0.4333315854744118,lstm
SVC-000021,EVT-0021826,2026-06-30 11:27:41.682893,0.9935095363832847,lstm
SVC-000024,EVT-0021827,2026-06-30 11:28:00.890761,0.5784822248542815,lstm
USR-000028,EVT-0021828,2026-06-30 11:28:46.674183,0.4640825837160604,lstm
USR-000212,EVT-0021829,2026-06-30 11:28:49.936813,0.64733326640861,lstm
USR-000079,EVT-0021830,2026-06-30 11:29:01.166022,0.7050747950778588,lstm
USR-000070,EVT-0021831,2026-06-30 11:30:56.339764,0.3419113979979356,lstm
USR-000019,EVT-0021832,2026-06-30 11:31:04.900677,0.2893817725197092,lstm
USR-000111,EVT-0021833,2026-06-30 11:32:08.054278,0.6235075973717318,lstm
DEV-000007,EVT-0021834,2026-06-30 11:33:40.831167,0.3926415743786309,lstm
SVC-000050,EVT-0021835,2026-06-30 11:35:43.711818,0.9408199432687607,lstm
USR-000090,EVT-0021836,2026-06-30 11:36:31.679832,0.4184760561118866,lstm
SVC-000013,EVT-0021837,2026-06-30 11:37:14.432696,0.3885704050010134,lstm
USR-000182,EVT-0021838,2026-06-30 11:38:20.343926,0.3213304805633014,lstm
USR-000200,EVT-0021839,2026-06-30 11:38:34.438991,0.4297033141751202,lstm
USR-000050,EVT-0021840,2026-06-30 11:39:14.624200,0.4452779669580613,lstm
USR-000107,EVT-0021841,2026-06-30 11:40:10.695223,0.6773575323959865,baseline_fallback
USR-000132,EVT-0021842,2026-06-30 11:40:13.488887,0.3013506454440265,lstm
DEV-000011,EVT-0021843,2026-06-30 11:40:33.898535,0.508330107064178,lstm
SVC-000008,EVT-0021844,2026-06-30 11:42:40.728189,0.4863000911046409,lstm
USR-000031,EVT-0021845,2026-06-30 11:43:52.730182,0.3221610519896243,lstm
SVC-000001,EVT-0021846,2026-06-30 11:45:21.573640,0.30357117315600574,lstm
USR-000206,EVT-0021847,2026-06-30 11:47:26.662957,0.26327605135307386,lstm
SVC-000021,EVT-0021848,2026-06-30 11:47:28.965704,0.9841876854695252,lstm
USR-000073,EVT-0021849,2026-06-30 11:48:16.187777,0.5342252462694935,lstm
USR-000138,EVT-0021850,2026-06-30 11:48:46.513877,0.35640744086828535,lstm
USR-000162,EVT-0021851,2026-06-30 11:49:01.178019,0.2901816869576646,lstm
USR-000086,EVT-0021852,2026-06-30 11:49:13.263693,0.5125958160392163,lstm
DEV-000003,EVT-0021853,2026-06-30 11:49:33.992958,0.33450251428054545,lstm
USR-000194,EVT-0021854,2026-06-30 11:49:44.654867,0.26043662496670605,lstm
USR-000035,EVT-0021855,2026-06-30 11:49:47.446310,0.868114909624675,lstm
SVC-000021,EVT-0021856,2026-06-30 11:49:48.376188,0.9623704146175012,lstm
USR-000116,EVT-0021857,2026-06-30 11:50:09.676476,0.33817185404670197,lstm
USR-000091,EVT-0021858,2026-06-30 11:50:23.124080,0.45761935155002814,lstm
USR-000187,EVT-0021859,2026-06-30 11:51:10.316163,0.6151210709205859,lstm
USR-000151,EVT-0021860,2026-06-30 11:51:38.652025,0.3339455921149833,lstm
USR-000135,EVT-0021861,2026-06-30 11:52:24.904673,0.27604336353233855,lstm
USR-000030,EVT-0021862,2026-06-30 11:53:02.503362,0.6226475351358773,lstm
USR-000078,EVT-0021863,2026-06-30 11:53:10.061520,0.42384231697037,lstm
USR-000031,EVT-0021864,2026-06-30 11:54:28.500100,0.4643418351598086,lstm
USR-000108,EVT-0021865,2026-06-30 11:54:50.813708,0.4450521297435062,lstm
USR-000072,EVT-0021866,2026-06-30 11:55:23.894084,1.0,lstm
USR-000160,EVT-0021867,2026-06-30 11:56:37.311937,0.8873756826540575,lstm
USR-000098,EVT-0021868,2026-06-30 11:56:53.632978,0.3365281181149771,lstm
SVC-000001,EVT-0021869,2026-06-30 11:57:13.061997,0.30605140281732424,lstm
USR-000029,EVT-0021870,2026-06-30 11:59:31.197695,0.3681855796384346,lstm
USR-000190,EVT-0021871,2026-06-30 11:59:44.848873,0.33176713750721787,lstm
SVC-000017,EVT-0021872,2026-06-30 11:59:45.357347,0.9978175586939094,lstm
USR-000182,EVT-0021873,2026-06-30 12:00:14.029893,0.39260342298899337,lstm
USR-000039,EVT-0021874,2026-06-30 12:00:57.066753,0.2762309064929462,lstm
SVC-000008,EVT-0021875,2026-06-30 12:01:05.781504,0.3908763975918844,lstm
USR-000146,EVT-0021876,2026-06-30 12:01:29.568001,0.762243215509834,lstm
SVC-000008,EVT-0021877,2026-06-30 12:02:59.542675,0.6845810077241873,lstm
USR-000132,EVT-0021878,2026-06-30 12:04:06.663223,0.305764049552967,lstm
USR-000205,EVT-0021879,2026-06-30 12:04:31.187938,0.26024021460520985,lstm
USR-000205,EVT-0021880,2026-06-30 12:05:55.977507,0.6514083744988602,lstm
USR-000187,EVT-0021881,2026-06-30 12:07:28.622225,0.6274539515965949,lstm
USR-000067,EVT-0021882,2026-06-30 12:09:49.654071,0.49260827258404294,lstm
DEV-000025,EVT-0021883,2026-06-30 12:10:43.879162,0.62139645505601,lstm
USR-000138,EVT-0021884,2026-06-30 12:11:50.247909,0.30725884014283256,lstm
USR-000144,EVT-0021885,2026-06-30 12:12:16.681928,0.3340645859669783,lstm
USR-000212,EVT-0021886,2026-06-30 12:12:47.156353,0.5324986228448975,lstm
USR-000001,EVT-0021887,2026-06-30 12:12:52.450143,0.39329762445869526,lstm
USR-000179,EVT-0021888,2026-06-30 12:13:03.045091,0.4959456936098706,lstm
SVC-000008,EVT-0021889,2026-06-30 12:13:16.355558,0.43558388212887417,lstm
USR-000023,EVT-0021890,2026-06-30 12:13:22.187109,0.2965693035730209,lstm
SVC-000039,EVT-0021891,2026-06-30 12:13:45.831419,0.5315953507719084,lstm
USR-000030,EVT-0021892,2026-06-30 12:14:36.095476,0.5549143828499352,lstm
USR-000023,EVT-0021893,2026-06-30 12:15:57.840131,0.3582842463086927,lstm
SVC-000043,EVT-0021894,2026-06-30 12:16:34.092830,0.9268465567561175,lstm
USR-000196,EVT-0021895,2026-06-30 12:16:42.469450,0.38062192461669775,lstm
SVC-000049,EVT-0021896,2026-06-30 12:17:39.778288,0.9634227685460848,lstm
USR-000157,EVT-0021897,2026-06-30 12:19:24.842209,0.3609742344635995,lstm
SVC-000053,EVT-0021898,2026-06-30 12:19:29.747092,0.6619513542523869,lstm
USR-000205,EVT-0021899,2026-06-30 12:19:56.386901,0.31850971864273764,lstm
SVC-000034,EVT-0021900,2026-06-30 12:20:08.746115,0.9253764124376704,lstm
USR-000159,EVT-0021901,2026-06-30 12:20:39.010777,0.8457049234344315,lstm
USR-000138,EVT-0021902,2026-06-30 12:21:11.365393,0.2792387058915613,lstm
SVC-000034,EVT-0021903,2026-06-30 12:21:42.299948,0.833752014851467,lstm
USR-000179,EVT-0021904,2026-06-30 12:23:08.639763,0.5781926196379026,lstm
USR-000159,EVT-0021905,2026-06-30 12:23:20.624840,0.8536237079058491,lstm
SVC-000053,EVT-0021906,2026-06-30 12:23:48.622071,0.7382231333106376,lstm
SVC-000053,EVT-0021907,2026-06-30 12:24:25.808671,0.9383593646814914,lstm
USR-000143,EVT-0021908,2026-06-30 12:25:12.408661,0.5626496864343802,lstm
DEV-000012,EVT-0021909,2026-06-30 12:28:03.226990,0.38797735730307403,lstm
SVC-000021,EVT-0021910,2026-06-30 12:28:04.002682,0.8493775926141232,lstm
SVC-000021,EVT-0021911,2026-06-30 12:28:17.048533,0.9902933870990127,lstm
SVC-000021,EVT-0021912,2026-06-30 12:28:19.429165,0.9493510068225645,lstm
SVC-000034,EVT-0021913,2026-06-30 12:28:27.478452,0.40756226854588773,lstm
SVC-000021,EVT-0021914,2026-06-30 12:28:40.169401,0.9704292694856205,lstm
USR-000023,EVT-0021915,2026-06-30 12:28:58.436738,0.43036675966194254,lstm
USR-000131,EVT-0021916,2026-06-30 12:30:13.721039,0.9878332880990174,lstm
SVC-000050,EVT-0021917,2026-06-30 12:31:09.652465,0.9263728204526368,lstm
SVC-000008,EVT-0021918,2026-06-30 12:32:37.796283,0.5094222742994698,lstm
USR-000050,EVT-0021919,2026-06-30 12:34:09.815236,0.3692235430279885,lstm
SVC-000001,EVT-0021920,2026-06-30 12:34:10.950181,0.23494139807986825,lstm
USR-000047,EVT-0021921,2026-06-30 12:34:36.730088,0.605849806098184,lstm
SVC-000008,EVT-0021922,2026-06-30 12:34:40.175241,0.6079456154695407,lstm
USR-000112,EVT-0021923,2026-06-30 12:35:30.803231,0.26261697216276764,lstm
SVC-000021,EVT-0021924,2026-06-30 12:37:31.797171,0.9903326461616929,lstm
USR-000173,EVT-0021925,2026-06-30 12:39:03.817025,0.2478257619535637,lstm
SVC-000050,EVT-0021926,2026-06-30 12:39:19.737869,0.9092066033484698,lstm
USR-000080,EVT-0021927,2026-06-30 12:40:18.381897,0.6182639820405238,lstm
USR-000007,EVT-0021928,2026-06-30 12:41:54.458205,0.27974855357385114,lstm
SVC-000043,EVT-0021929,2026-06-30 12:42:29.050238,0.3021461595878591,lstm
USR-000196,EVT-0021930,2026-06-30 12:42:58.260000,0.3804862573508296,lstm
DEV-000004,EVT-0021931,2026-06-30 12:43:43.202655,0.630099345095707,lstm
USR-000166,EVT-0021932,2026-06-30 12:43:53.236304,0.3997221346847503,lstm
SVC-000043,EVT-0021933,2026-06-30 12:44:12.171336,0.6711854495248527,lstm
USR-000016,EVT-0021934,2026-06-30 12:45:14.602724,0.34036258438554307,lstm
USR-000205,EVT-0021935,2026-06-30 12:45:40.398744,0.610040721837989,lstm
USR-000070,EVT-0021936,2026-06-30 12:45:59.716487,0.547579136090492,lstm
SVC-000053,EVT-0021937,2026-06-30 12:47:21.048503,0.5330554939810243,lstm
SVC-000050,EVT-0021938,2026-06-30 12:47:29.127877,0.8319722282588207,lstm
USR-000080,EVT-0021939,2026-06-30 12:47:41.041849,0.5775593674102067,lstm
USR-000187,EVT-0021940,2026-06-30 12:49:07.016616,0.5627541399172905,lstm
USR-000143,EVT-0021941,2026-06-30 12:50:14.941162,0.6113214603893113,lstm
SVC-000053,EVT-0021942,2026-06-30 12:50:30.707970,0.6240249459220623,lstm
DEV-000011,EVT-0021943,2026-06-30 12:51:06.869317,0.4899922748627944,lstm
USR-000078,EVT-0021944,2026-06-30 12:53:33.994998,0.3109990011706942,lstm
DEV-000007,EVT-0021945,2026-06-30 12:53:48.425729,0.39707725367561725,lstm
SVC-000021,EVT-0021946,2026-06-30 12:54:08.302407,0.7446592364465296,lstm
SVC-000021,EVT-0021947,2026-06-30 12:54:47.324871,0.7304322120715442,lstm
USR-000178,EVT-0021948,2026-06-30 12:55:06.762468,0.4804226944479713,lstm
USR-000033,EVT-0021949,2026-06-30 12:55:12.404567,0.4007890894938832,lstm
DEV-000017,EVT-0021950,2026-06-30 12:55:23.896953,0.5573316476579244,lstm
USR-000038,EVT-0021951,2026-06-30 12:57:01.605166,0.3205994276634523,lstm
USR-000204,EVT-0021952,2026-06-30 12:58:02.933589,0.45309678604584097,lstm
SVC-000017,EVT-0021953,2026-06-30 12:59:52.778872,0.4335568401133819,lstm
USR-000090,EVT-0021954,2026-06-30 13:00:20.905693,0.3024852583179278,lstm
USR-000068,EVT-0021955,2026-06-30 13:00:52.915281,0.3150030008334953,lstm
USR-000044,EVT-0021956,2026-06-30 13:01:12.372567,0.5370506217105816,lstm
USR-000138,EVT-0021957,2026-06-30 13:03:26.117970,0.2999912194670493,lstm
USR-000178,EVT-0021958,2026-06-30 13:04:48.554621,0.3836958527554922,lstm
USR-000206,EVT-0021959,2026-06-30 13:07:30.213124,0.2815925335997244,lstm
USR-000204,EVT-0021960,2026-06-30 13:07:31.978967,0.44050739807581085,lstm
SVC-000050,EVT-0021961,2026-06-30 13:08:48.210722,0.8354432779215873,lstm
DEV-000023,EVT-0021962,2026-06-30 13:08:58.130975,0.6452896060165606,lstm
USR-000029,EVT-0021963,2026-06-30 13:09:53.628146,0.2648684895296826,lstm
DEV-000026,EVT-0021964,2026-06-30 13:11:34.775320,0.13499023909605742,lstm
DEV-000014,EVT-0021965,2026-06-30 13:13:03.997852,0.8426423826462381,lstm
USR-000138,EVT-0021966,2026-06-30 13:13:38.988753,0.3515150486991234,lstm
USR-000034,EVT-0021967,2026-06-30 13:16:07.539228,0.35263155278591457,baseline_fallback
USR-000043,EVT-0021968,2026-06-30 13:16:29.326960,0.551698099247561,lstm
USR-000143,EVT-0021969,2026-06-30 13:16:52.573800,0.5249752073067714,lstm
SVC-000017,EVT-0021970,2026-06-30 13:17:29.011182,0.6164937590543216,lstm
SVC-000033,EVT-0021971,2026-06-30 13:17:51.067863,0.9833557960475056,lstm
SVC-000017,EVT-0021972,2026-06-30 13:18:16.633172,0.6825086548484455,lstm
USR-000005,EVT-0021973,2026-06-30 13:18:39.196606,0.6557948692551835,lstm
USR-000200,EVT-0021974,2026-06-30 13:19:06.445928,0.2838456155170714,lstm
SVC-000017,EVT-0021975,2026-06-30 13:19:53.442635,0.7054386755250682,lstm
USR-000195,EVT-0021976,2026-06-30 13:21:15.214112,0.7101444133372199,lstm
SVC-000008,EVT-0021977,2026-06-30 13:21:19.205454,0.5946175182247515,lstm
SVC-000021,EVT-0021978,2026-06-30 13:22:08.839342,0.6983007347154926,lstm
USR-000184,EVT-0021979,2026-06-30 13:23:03.690272,0.7553171269070704,lstm
USR-000129,EVT-0021980,2026-06-30 13:24:42.038013,0.7371190826634306,lstm
USR-000029,EVT-0021981,2026-06-30 13:24:52.254892,0.39513304384223025,lstm
USR-000040,EVT-0021982,2026-06-30 13:25:45.030171,0.7921177556945483,lstm
USR-000040,EVT-0021983,2026-06-30 13:25:53.623499,0.9434555162796038,lstm
USR-000069,EVT-0021984,2026-06-30 13:27:09.645433,0.23649009712307442,lstm
USR-000156,EVT-0021985,2026-06-30 13:27:42.414475,0.3712961970966773,lstm
USR-000071,EVT-0021986,2026-06-30 13:29:53.557065,0.7734137034207021,lstm
USR-000053,EVT-0021987,2026-06-30 13:29:54.866640,0.3597068741928841,lstm
USR-000205,EVT-0021988,2026-06-30 13:30:53.407411,0.27803113213984276,lstm
DEV-000007,EVT-0021989,2026-06-30 13:30:59.331020,0.3123380101945462,lstm
USR-000107,EVT-0021990,2026-06-30 13:31:55.962431,0.6751953019660762,baseline_fallback
SVC-000043,EVT-0021991,2026-06-30 13:32:55.595493,0.2644344969263771,lstm
USR-000069,EVT-0021992,2026-06-30 13:32:58.127981,0.5266313822644809,lstm
USR-000173,EVT-0021993,2026-06-30 13:35:05.834032,0.21849683334847841,lstm
USR-000073,EVT-0021994,2026-06-30 13:35:43.045868,0.3949938163276451,lstm
USR-000029,EVT-0021995,2026-06-30 13:36:03.461811,0.3290917958397773,lstm
USR-000166,EVT-0021996,2026-06-30 13:36:18.296201,0.25671808306704086,lstm
USR-000190,EVT-0021997,2026-06-30 13:36:40.534808,0.34328207723084664,lstm
USR-000178,EVT-0021998,2026-06-30 13:36:53.784941,0.27984495394076175,lstm
USR-000089,EVT-0021999,2026-06-30 13:38:09.365212,0.9094941700258354,lstm
USR-000209,EVT-0022000,2026-06-30 13:39:19.505526,0.43954060790990346,lstm
USR-000090,EVT-0022001,2026-06-30 13:39:51.193063,0.364893494838146,lstm
USR-000138,EVT-0022002,2026-06-30 13:41:23.337713,0.29293774277324436,lstm
SVC-000049,EVT-0022003,2026-06-30 13:41:40.307266,0.6231276768545863,lstm
USR-000206,EVT-0022004,2026-06-30 13:42:47.290478,0.26638116445005705,lstm
SVC-000017,EVT-0022005,2026-06-30 13:44:02.060887,0.7155621707104902,lstm
USR-000080,EVT-0022006,2026-06-30 13:44:10.395109,0.4197698315302052,lstm
USR-000206,EVT-0022007,2026-06-30 13:44:30.421165,0.5932015675906377,lstm
SVC-000034,EVT-0022008,2026-06-30 13:47:08.632524,0.3044586013175138,lstm
DEV-000024,EVT-0022009,2026-06-30 13:49:23.406199,0.29824107749272544,lstm
USR-000131,EVT-0022010,2026-06-30 13:51:25.307304,0.535720895106265,lstm
USR-000205,EVT-0022011,2026-06-30 13:52:47.104525,0.29311871821396185,lstm
USR-000115,EVT-0022012,2026-06-30 13:53:34.097120,0.33459715748309965,lstm
SVC-000039,EVT-0022013,2026-06-30 13:55:05.673144,0.6838877279736767,lstm
USR-000115,EVT-0022014,2026-06-30 13:58:36.127698,0.34995756455970545,lstm
USR-000166,EVT-0022015,2026-06-30 13:58:40.652914,0.45282606843391116,lstm
DEV-000011,EVT-0022016,2026-06-30 13:59:47.726694,0.40394291649021874,lstm
SVC-000049,EVT-0022017,2026-06-30 14:00:09.977112,0.49070879862152866,lstm
USR-000061,EVT-0022018,2026-06-30 14:00:19.897721,0.42940304763566184,lstm
USR-000008,EVT-0022019,2026-06-30 14:00:23.601969,0.5836169941298808,lstm
DEV-000002,EVT-0022020,2026-06-30 14:01:12.403495,0.3762464859851525,lstm
USR-000075,EVT-0022021,2026-06-30 14:02:30.467908,0.5630612599250373,lstm
SVC-000022,EVT-0022022,2026-06-30 14:04:06.998651,0.9530564126715659,lstm
SVC-000022,EVT-0022023,2026-06-30 14:05:29.122199,0.8592509426599049,lstm
DEV-000019,EVT-0022024,2026-06-30 14:05:50.696541,0.5532528655118353,lstm
DEV-000026,EVT-0022025,2026-06-30 14:06:32.700316,0.11675700793441125,lstm
USR-000145,EVT-0022026,2026-06-30 14:07:30.893030,0.5771121842982893,lstm
SVC-000012,EVT-0022027,2026-06-30 14:08:42.882557,0.9787187504948075,lstm
SVC-000049,EVT-0022028,2026-06-30 14:08:43.418869,0.3762201720701176,lstm
DEV-000002,EVT-0022029,2026-06-30 14:08:51.415776,0.548672608579308,lstm
USR-000166,EVT-0022030,2026-06-30 14:08:57.117572,0.31511116569356573,lstm
DEV-000013,EVT-0022031,2026-06-30 14:09:52.915167,0.7143613929260529,lstm
DEV-000013,EVT-0022032,2026-06-30 14:10:24.488560,0.9868264880156934,lstm
USR-000079,EVT-0022033,2026-06-30 14:10:33.091942,0.35355713747906414,lstm
USR-000135,EVT-0022034,2026-06-30 14:11:38.790398,0.336561110257491,lstm
SVC-000050,EVT-0022035,2026-06-30 14:11:45.454742,0.7355347219780526,lstm
SVC-000017,EVT-0022036,2026-06-30 14:12:42.614956,0.7366874863124548,lstm
DEV-000024,EVT-0022037,2026-06-30 14:12:55.536789,0.42987233225957194,lstm
USR-000006,EVT-0022038,2026-06-30 14:13:28.589164,0.28578708804668296,lstm
USR-000058,EVT-0022039,2026-06-30 14:15:07.662339,0.32449655095238794,lstm
SVC-000026,EVT-0022040,2026-06-30 14:15:07.878488,0.9634475634916961,lstm
DEV-000025,EVT-0022041,2026-06-30 14:15:15.353199,0.5677524422573674,lstm
DEV-000008,EVT-0022042,2026-06-30 14:15:25.930989,0.5020591756583309,lstm
USR-000069,EVT-0022043,2026-06-30 14:15:33.429281,0.720653103113219,lstm
USR-000039,EVT-0022044,2026-06-30 14:17:03.757041,0.42893987753228263,lstm
USR-000177,EVT-0022045,2026-06-30 14:17:45.940009,0.9413030370976407,lstm
USR-000186,EVT-0022046,2026-06-30 14:18:30.330668,0.6918578333696265,lstm
USR-000062,EVT-0022047,2026-06-30 14:21:37.167576,0.22302037202695338,lstm
USR-000154,EVT-0022048,2026-06-30 14:25:10.886086,0.5950924142153204,lstm
SVC-000012,EVT-0022049,2026-06-30 14:26:33.364463,0.45322751343893847,lstm
SVC-000017,EVT-0022050,2026-06-30 14:29:02.390332,0.6979597161447019,lstm
USR-000012,EVT-0022051,2026-06-30 14:29:26.740088,0.7808602257199292,lstm
USR-000111,EVT-0022052,2026-06-30 14:29:53.900024,0.5862529448402254,lstm
SVC-000049,EVT-0022053,2026-06-30 14:29:54.736237,0.35761046489206133,lstm
USR-000047,EVT-0022054,2026-06-30 14:30:59.470952,0.657637846766931,lstm
USR-000123,EVT-0022055,2026-06-30 14:31:17.169860,0.35743771098607724,lstm
USR-000184,EVT-0022056,2026-06-30 14:31:28.004041,0.3482388151520544,lstm
DEV-000017,EVT-0022057,2026-06-30 14:31:34.353034,0.45600337027674376,lstm
USR-000029,EVT-0022058,2026-06-30 14:32:03.281493,0.43938058535372987,lstm
USR-000029,EVT-0022059,2026-06-30 14:32:26.457828,0.6517420636132142,lstm
USR-000140,EVT-0022060,2026-06-30 14:34:46.808194,0.38169675242009354,lstm
USR-000197,EVT-0022061,2026-06-30 14:35:00.014345,0.3515400643968763,lstm
DEV-000014,EVT-0022062,2026-06-30 14:35:09.789491,0.5560643758985728,lstm
USR-000107,EVT-0022063,2026-06-30 14:35:17.059821,0.6854165008244879,baseline_fallback
SVC-000001,EVT-0022064,2026-06-30 14:37:31.224053,0.35268545027620024,lstm
USR-000196,EVT-0022065,2026-06-30 14:37:55.638009,0.24627706669759203,lstm
DEV-000025,EVT-0022066,2026-06-30 14:39:53.092665,0.6293155074507272,lstm
USR-000200,EVT-0022067,2026-06-30 14:40:59.852371,0.34577998481690914,lstm
USR-000092,EVT-0022068,2026-06-30 14:42:06.700526,0.3916321441824211,lstm
USR-000125,EVT-0022069,2026-06-30 14:42:55.487918,0.40499091206800125,lstm
SVC-000028,EVT-0022070,2026-06-30 14:43:27.301058,0.9987594656535242,lstm
USR-000115,EVT-0022071,2026-06-30 14:43:59.492281,0.2934128719645741,lstm
USR-000012,EVT-0022072,2026-06-30 14:44:11.627101,0.8264837186001711,lstm
USR-000208,EVT-0022073,2026-06-30 14:44:23.490522,0.283319237032675,lstm
USR-000160,EVT-0022074,2026-06-30 14:44:42.996115,0.6163322041536567,lstm
USR-000086,EVT-0022075,2026-06-30 14:47:58.976548,0.37921378123497107,lstm
SVC-000028,EVT-0022076,2026-06-30 14:50:09.322864,0.8794135705769908,lstm
SVC-000036,EVT-0022077,2026-06-30 14:50:21.513283,0.9999383302252586,lstm
USR-000108,EVT-0022078,2026-06-30 14:50:47.505529,0.3242202154929651,lstm
USR-000131,EVT-0022079,2026-06-30 14:52:47.069586,0.48452646912141645,lstm
SVC-000012,EVT-0022080,2026-06-30 14:53:01.705260,0.43134480437006645,lstm
SVC-000043,EVT-0022081,2026-06-30 14:53:41.918489,0.35010963540498086,lstm
USR-000016,EVT-0022082,2026-06-30 14:55:31.882995,0.37596898527719425,lstm
SVC-000028,EVT-0022083,2026-06-30 14:56:13.422410,0.8070401906811873,lstm
USR-000087,EVT-0022084,2026-06-30 14:56:40.854746,0.6294601561150984,lstm
DEV-000008,EVT-0022085,2026-06-30 14:57:05.859129,0.44753947695659224,lstm
SVC-000001,EVT-0022086,2026-06-30 14:58:50.599079,0.4033903233295265,lstm
SVC-000001,EVT-0022087,2026-06-30 15:01:03.094753,0.6573548675077477,lstm
USR-000100,EVT-0022088,2026-06-30 15:02:41.688751,0.4752291817310513,baseline_fallback
USR-000146,EVT-0022089,2026-06-30 15:03:22.018975,0.2579460602058122,lstm
SVC-000012,EVT-0022090,2026-06-30 15:03:44.016665,0.6116919013919397,lstm
USR-000184,EVT-0022091,2026-06-30 15:04:34.074345,0.3851814242460353,lstm
SVC-000017,EVT-0022092,2026-06-30 15:05:02.477699,0.5583331788646011,lstm
SVC-000026,EVT-0022093,2026-06-30 15:05:12.479941,0.4569589796999895,lstm
USR-000125,EVT-0022094,2026-06-30 15:05:40.305027,0.3284308329599884,lstm
USR-000060,EVT-0022095,2026-06-30 15:05:46.274513,0.6339626091873755,lstm
DEV-000019,EVT-0022096,2026-06-30 15:07:33.759539,0.3549684724521593,lstm
USR-000035,EVT-0022097,2026-06-30 15:09:58.920293,0.34779511974942484,lstm
SVC-000033,EVT-0022098,2026-06-30 15:10:30.523042,0.6008449974149622,lstm
USR-000174,EVT-0022099,2026-06-30 15:11:41.610073,0.4756680748669069,lstm
USR-000012,EVT-0022100,2026-06-30 15:13:45.163369,0.5861873816351612,lstm
SVC-000036,EVT-0022101,2026-06-30 15:13:47.290696,0.9991500068644237,lstm
SVC-000049,EVT-0022102,2026-06-30 15:15:26.248127,0.3743150603892036,lstm
USR-000012,EVT-0022103,2026-06-30 15:15:42.054169,0.8320948513509646,lstm
SVC-000017,EVT-0022104,2026-06-30 15:16:37.683941,0.492622358065694,lstm
USR-000107,EVT-0022105,2026-06-30 15:16:46.610112,0.7205458802611735,baseline_fallback
USR-000186,EVT-0022106,2026-06-30 15:18:13.056421,0.46304039980261796,lstm
SVC-000012,EVT-0022107,2026-06-30 15:19:04.953036,0.48846488522624604,lstm
USR-000143,EVT-0022108,2026-06-30 15:19:59.518461,0.4208293022853776,lstm
USR-000052,EVT-0022109,2026-06-30 15:21:42.555225,0.7951013457506027,lstm
USR-000190,EVT-0022110,2026-06-30 15:22:21.268506,0.3673408704312653,lstm
DEV-000007,EVT-0022111,2026-06-30 15:22:26.866586,0.2517976146788174,lstm
USR-000047,EVT-0022112,2026-06-30 15:22:31.288213,0.5779665736013154,lstm
USR-000195,EVT-0022113,2026-06-30 15:24:10.885151,0.671153976265255,lstm
USR-000204,EVT-0022114,2026-06-30 15:24:54.295912,0.2401636694542414,lstm
USR-000040,EVT-0022115,2026-06-30 15:25:39.654406,0.5787566664283955,lstm
USR-000212,EVT-0022116,2026-06-30 15:27:21.888922,0.7373524486050624,lstm
USR-000139,EVT-0022117,2026-06-30 15:28:55.167320,0.5608660950056936,lstm
USR-000146,EVT-0022118,2026-06-30 15:29:01.364462,0.4578325971403568,lstm
USR-000116,EVT-0022119,2026-06-30 15:29:23.061931,0.43497337261908386,lstm
USR-000062,EVT-0022120,2026-06-30 15:29:32.117014,0.2499220232840642,lstm
USR-000170,EVT-0022121,2026-06-30 15:30:15.322477,0.8793842552463574,lstm
USR-000030,EVT-0022122,2026-06-30 15:30:18.012975,0.5396320368409215,lstm
USR-000146,EVT-0022123,2026-06-30 15:30:50.652851,0.5711059745643174,lstm
USR-000143,EVT-0022124,2026-06-30 15:31:35.733663,0.5227540063096653,lstm
USR-000204,EVT-0022125,2026-06-30 15:31:46.793363,0.3647585991766275,lstm
DEV-000024,EVT-0022126,2026-06-30 15:33:16.664943,0.27991651921482297,lstm
USR-000184,EVT-0022127,2026-06-30 15:33:37.731645,0.4171154748596157,lstm
USR-000011,EVT-0022128,2026-06-30 15:35:50.946488,0.6752505918366948,lstm
SVC-000036,EVT-0022129,2026-06-30 15:36:14.942842,0.9817320443260867,lstm
SVC-000010,EVT-0022130,2026-06-30 15:37:00.648073,0.947739410516698,lstm
USR-000184,EVT-0022131,2026-06-30 15:38:28.623752,0.6188349079574764,lstm
SVC-000012,EVT-0022132,2026-06-30 15:39:02.294355,0.4392842738853695,lstm
USR-000011,EVT-0022133,2026-06-30 15:39:39.541169,1.0,lstm
USR-000005,EVT-0022134,2026-06-30 15:42:15.689232,0.46929198796783983,lstm
USR-000144,EVT-0022135,2026-06-30 15:42:31.680627,0.30117804124219005,lstm
DEV-000011,EVT-0022136,2026-06-30 15:42:44.910366,0.3144657436130148,lstm
USR-000186,EVT-0022137,2026-06-30 15:43:32.480006,0.5447575550196427,lstm
SVC-000036,EVT-0022138,2026-06-30 15:43:56.825079,0.9980896387091923,lstm
SVC-000010,EVT-0022139,2026-06-30 15:44:27.728388,0.5107618167573893,lstm
USR-000033,EVT-0022140,2026-06-30 15:44:54.846313,0.2564616464697106,lstm
SVC-000012,EVT-0022141,2026-06-30 15:45:47.278006,0.3309357179728903,lstm
SVC-000012,EVT-0022142,2026-06-30 15:47:46.345748,0.5289555334403034,lstm
SVC-000036,EVT-0022143,2026-06-30 15:50:30.847521,0.9799840816830525,lstm
USR-000045,EVT-0022144,2026-06-30 15:50:50.121008,0.6810181925112901,lstm
USR-000040,EVT-0022145,2026-06-30 15:52:00.386187,0.9114395534190995,lstm
SVC-000026,EVT-0022146,2026-06-30 15:53:35.268587,0.6152450569731731,lstm
USR-000087,EVT-0022147,2026-06-30 15:55:20.472813,0.48188568304472784,lstm
SVC-000038,EVT-0022148,2026-06-30 15:55:57.109867,0.9945683251867251,lstm
DEV-000004,EVT-0022149,2026-06-30 15:57:49.399326,0.4834417476423621,lstm
SVC-000012,EVT-0022150,2026-06-30 16:00:14.851533,0.3240776868077655,lstm
SVC-000026,EVT-0022151,2026-06-30 16:00:26.515001,0.3808779645088343,lstm
DEV-000018,EVT-0022152,2026-06-30 16:00:29.016934,0.3078074041864779,lstm
USR-000045,EVT-0022153,2026-06-30 16:00:57.710631,0.6608769232904723,lstm
SVC-000029,EVT-0022154,2026-06-30 16:01:34.082266,0.9634745813592351,lstm
DEV-000004,EVT-0022155,2026-06-30 16:03:53.428892,0.8897095740820851,lstm
USR-000012,EVT-0022156,2026-06-30 16:06:42.681431,0.6821012306953285,lstm
DEV-000022,EVT-0022157,2026-06-30 16:07:12.460283,0.36128624948242033,lstm
SVC-000012,EVT-0022158,2026-06-30 16:09:06.706695,0.36214495901250005,lstm
USR-000063,EVT-0022159,2026-06-30 16:10:07.771154,0.7514970818980845,lstm
SVC-000036,EVT-0022160,2026-06-30 16:10:32.858677,0.962128959921464,lstm
SVC-000010,EVT-0022161,2026-06-30 16:10:52.896755,0.2639936546344223,lstm
SVC-000038,EVT-0022162,2026-06-30 16:11:25.962608,0.47181194240929836,lstm
USR-000178,EVT-0022163,2026-06-30 16:12:03.124534,0.3637295633983295,lstm
USR-000099,EVT-0022164,2026-06-30 16:12:27.518953,0.45557768615962935,lstm
SVC-000026,EVT-0022165,2026-06-30 16:13:14.718360,0.3397931957094694,lstm
USR-000197,EVT-0022166,2026-06-30 16:17:38.008176,0.31398928102123114,lstm
SVC-000036,EVT-0022167,2026-06-30 16:18:04.511555,0.9406104011911268,lstm
USR-000075,EVT-0022168,2026-06-30 16:21:19.936733,0.4253422324630891,lstm
SVC-000026,EVT-0022169,2026-06-30 16:21:56.073976,0.4429277560710638,lstm
USR-000065,EVT-0022170,2026-06-30 16:22:00.895380,0.33412511139399453,lstm
SVC-000026,EVT-0022171,2026-06-30 16:23:00.715533,0.7903650473716005,lstm
USR-000208,EVT-0022172,2026-06-30 16:23:23.942826,0.2636540036854487,lstm
USR-000146,EVT-0022173,2026-06-30 16:23:45.854891,0.4194350112885525,lstm
USR-000003,EVT-0022174,2026-06-30 16:25:10.040943,0.9299013152852478,lstm
USR-000079,EVT-0022175,2026-06-30 16:26:32.534992,0.5259598133605472,lstm
SVC-000033,EVT-0022176,2026-06-30 16:27:03.604774,0.7156884130551009,lstm
USR-000195,EVT-0022177,2026-06-30 16:29:39.879708,0.47920484937141344,lstm
USR-000184,EVT-0022178,2026-06-30 16:31:05.263154,0.29585305367308135,lstm
USR-000146,EVT-0022179,2026-06-30 16:32:28.166228,0.2970652741682582,lstm
USR-000170,EVT-0022180,2026-06-30 16:33:47.911974,0.6788039371985357,lstm
SVC-000036,EVT-0022181,2026-06-30 16:34:54.790830,0.9110059767083899,lstm
SVC-000049,EVT-0022182,2026-06-30 16:35:30.841589,0.3530929804981958,lstm
USR-000040,EVT-0022183,2026-06-30 16:35:46.046421,0.6275148218481069,lstm
USR-000037,EVT-0022184,2026-06-30 16:35:49.445785,0.39994008621765476,lstm
USR-000100,EVT-0022185,2026-06-30 16:36:06.807148,0.40102343557498094,baseline_fallback
USR-000086,EVT-0022186,2026-06-30 16:38:30.888017,0.5385899757969155,lstm
USR-000181,EVT-0022187,2026-06-30 16:39:22.275896,0.7706140465598472,lstm
SVC-000038,EVT-0022188,2026-06-30 16:39:45.611534,0.5944362743794719,lstm
SVC-000005,EVT-0022189,2026-06-30 16:40:40.459742,0.8510335471855881,lstm
USR-000184,EVT-0022190,2026-06-30 16:41:47.137227,0.3429684665250548,lstm
USR-000212,EVT-0022191,2026-06-30 16:43:03.969205,0.602108131486659,lstm
USR-000111,EVT-0022192,2026-06-30 16:43:09.539398,0.4681335187758586,lstm
SVC-000033,EVT-0022193,2026-06-30 16:43:53.336951,0.49420534289773876,lstm
SVC-000033,EVT-0022194,2026-06-30 16:48:38.591331,0.6711228546917213,lstm
USR-000079,EVT-0022195,2026-06-30 16:49:00.910590,0.4787206811371293,lstm
DEV-000013,EVT-0022196,2026-06-30 16:49:30.291235,0.3827574606398235,lstm
SVC-000029,EVT-0022197,2026-06-30 16:50:01.163662,0.881800142339601,lstm
USR-000109,EVT-0022198,2026-06-30 16:52:22.622919,0.6714517138254197,lstm
USR-000037,EVT-0022199,2026-06-30 16:53:53.344608,0.29031739131323514,lstm
SVC-000038,EVT-0022200,2026-06-30 16:55:08.923099,0.7315622890494903,lstm
SVC-000026,EVT-0022201,2026-06-30 16:56:23.895393,0.3734091160411379,lstm
DEV-000013,EVT-0022202,2026-06-30 16:56:51.833612,0.6462398789645571,lstm
USR-000011,EVT-0022203,2026-06-30 16:57:01.781407,0.5847205740768648,lstm
USR-000043,EVT-0022204,2026-06-30 16:57:44.999952,0.5622751972461193,lstm
SVC-000023,EVT-0022205,2026-06-30 16:58:53.990290,0.9294429512272524,lstm
SVC-000029,EVT-0022206,2026-06-30 16:59:26.044188,0.8921347028479236,lstm
SVC-000023,EVT-0022207,2026-06-30 17:01:41.196931,0.7457405758300782,lstm
SVC-000038,EVT-0022208,2026-06-30 17:02:55.839527,0.772361657591658,lstm
DEV-000014,EVT-0022209,2026-06-30 17:04:10.544207,0.6216169310137128,lstm
SVC-000044,EVT-0022210,2026-06-30 17:05:41.524525,0.993588168496594,lstm
USR-000147,EVT-0022211,2026-06-30 17:07:56.054267,0.40023788607951394,lstm
USR-000062,EVT-0022212,2026-06-30 17:09:28.906578,0.29376992391891654,lstm
DEV-000002,EVT-0022213,2026-06-30 17:09:31.437943,0.267865700653189,lstm
SVC-000026,EVT-0022214,2026-06-30 17:09:31.806949,0.3653320195366003,lstm
SVC-000023,EVT-0022215,2026-06-30 17:11:16.465756,0.41934124828178004,lstm
USR-000195,EVT-0022216,2026-06-30 17:11:31.619078,0.3778269548818817,lstm
USR-000001,EVT-0022217,2026-06-30 17:11:32.597381,0.3852851728372861,lstm
SVC-000010,EVT-0022218,2026-06-30 17:14:30.170866,0.4244399975557824,lstm
SVC-000038,EVT-0022219,2026-06-30 17:14:35.503166,0.8517351472280945,lstm
SVC-000026,EVT-0022220,2026-06-30 17:15:00.087960,0.48143381514273653,lstm
SVC-000026,EVT-0022221,2026-06-30 17:15:38.516750,0.730525153096431,lstm
SVC-000033,EVT-0022222,2026-06-30 17:16:06.499317,0.4419322652644695,lstm
DEV-000008,EVT-0022223,2026-06-30 17:17:46.509843,0.4442128071631929,lstm
USR-000184,EVT-0022224,2026-06-30 17:23:50.780732,0.43196146065066715,lstm
USR-000011,EVT-0022225,2026-06-30 17:24:20.539057,0.58151750365264,lstm
USR-000144,EVT-0022226,2026-06-30 17:25:01.893452,0.27173256470307516,lstm
SVC-000010,EVT-0022227,2026-06-30 17:26:13.052492,0.5076217882808569,lstm
SVC-000029,EVT-0022228,2026-06-30 17:26:51.714122,0.7745002119448975,lstm
DEV-000001,EVT-0022229,2026-06-30 17:27:16.705118,0.8903396743112633,lstm
SVC-000033,EVT-0022230,2026-06-30 17:27:35.517028,0.5207364213095818,lstm
SVC-000023,EVT-0022231,2026-06-30 17:28:23.642727,0.3738197989383857,lstm
SVC-000049,EVT-0022232,2026-06-30 17:32:20.232256,0.4820401353489591,lstm
SVC-000010,EVT-0022233,2026-06-30 17:32:31.617505,0.32512670588094145,lstm
SVC-000033,EVT-0022234,2026-06-30 17:34:43.490214,0.6416248281007985,lstm
SVC-000044,EVT-0022235,2026-06-30 17:38:45.028643,0.7092482318005089,lstm
SVC-000037,EVT-0022236,2026-06-30 17:38:45.349956,0.9751256224290874,lstm
SVC-000060,EVT-0022237,2026-06-30 17:39:06.581091,0.9486922147030041,lstm
SVC-000023,EVT-0022238,2026-06-30 17:39:31.904653,0.3604835594837007,lstm
USR-000045,EVT-0022239,2026-06-30 17:41:31.528772,0.37346371437353193,lstm
SVC-000004,EVT-0022240,2026-06-30 17:42:21.550671,0.9057768920536218,lstm
USR-000080,EVT-0022241,2026-06-30 17:42:24.086073,0.4527052873163317,lstm
USR-000209,EVT-0022242,2026-06-30 17:43:22.182792,0.2995108600978893,lstm
DEV-000002,EVT-0022243,2026-06-30 17:51:52.080009,0.2798420760220411,lstm
SVC-000026,EVT-0022244,2026-06-30 17:52:27.436032,0.36456779485638197,lstm
DEV-000012,EVT-0022245,2026-06-30 17:57:00.902865,0.22279492202830078,lstm
SVC-000057,EVT-0022246,2026-06-30 18:02:30.507171,0.9892942430424733,lstm
USR-000208,EVT-0022247,2026-06-30 18:03:50.384442,0.3001275518539539,lstm
USR-000144,EVT-0022248,2026-06-30 18:04:29.819357,0.38572514414712455,lstm
SVC-000029,EVT-0022249,2026-06-30 18:06:48.674454,0.641025563097186,lstm
SVC-000052,EVT-0022250,2026-06-30 18:10:08.948446,0.9912092797347836,lstm
USR-000109,EVT-0022251,2026-06-30 18:10:28.738894,0.65690787908471,lstm
DEV-000015,EVT-0022252,2026-06-30 18:13:21.551852,0.55813387898715,lstm
SVC-000010,EVT-0022253,2026-06-30 18:14:25.734842,0.49513457241569075,lstm
SVC-000005,EVT-0022254,2026-06-30 18:14:32.718759,0.4788289847385632,lstm
USR-000149,EVT-0022255,2026-06-30 18:14:43.265074,0.8262728561610271,lstm
DEV-000010,EVT-0022256,2026-06-30 18:15:37.717856,0.19760078134935302,lstm
DEV-000025,EVT-0022257,2026-06-30 18:17:31.357092,0.5882521471796557,lstm
USR-000107,EVT-0022258,2026-06-30 18:20:50.453426,0.8140599288173,baseline_fallback
SVC-000004,EVT-0022259,2026-06-30 18:22:24.300499,0.318503474188825,lstm
USR-000011,EVT-0022260,2026-06-30 18:24:19.949042,0.48632493828820345,lstm
USR-000186,EVT-0022261,2026-06-30 18:24:36.230783,0.32577055799825344,lstm
DEV-000012,EVT-0022262,2026-06-30 18:24:45.769551,0.31019533065928084,lstm
SVC-000010,EVT-0022263,2026-06-30 18:26:34.674701,0.47722989478004757,lstm
USR-000144,EVT-0022264,2026-06-30 18:28:24.274283,0.39541475538071513,lstm
SVC-000023,EVT-0022265,2026-06-30 18:28:30.458872,0.28468223070917786,lstm
SVC-000037,EVT-0022266,2026-06-30 18:28:43.352070,0.8466880034426623,lstm
USR-000075,EVT-0022267,2026-06-30 18:29:50.234921,0.3321742054334514,lstm
USR-000113,EVT-0022268,2026-06-30 18:30:44.865539,0.44987609642193926,lstm
USR-000147,EVT-0022269,2026-06-30 18:31:09.452029,0.2815944252465875,lstm
SVC-000037,EVT-0022270,2026-06-30 18:31:36.440378,0.9705262077586764,lstm
SVC-000037,EVT-0022271,2026-06-30 18:32:27.701182,0.8060902135444236,lstm
SVC-000052,EVT-0022272,2026-06-30 18:33:04.124882,0.5228515960545191,lstm
SVC-000052,EVT-0022273,2026-06-30 18:33:30.156881,0.7743486262920637,lstm
SVC-000052,EVT-0022274,2026-06-30 18:33:43.595083,0.8611053178906675,lstm
USR-000045,EVT-0022275,2026-06-30 18:35:28.392436,0.31596338274728725,lstm
SVC-000004,EVT-0022276,2026-06-30 18:36:07.987879,0.3162710247224438,lstm
SVC-000037,EVT-0022277,2026-06-30 18:36:23.027931,0.6475663680242895,lstm
SVC-000004,EVT-0022278,2026-06-30 18:39:16.900750,0.5119479840722253,lstm
SVC-000052,EVT-0022279,2026-06-30 18:39:17.001054,0.3987456160132071,lstm
SVC-000033,EVT-0022280,2026-06-30 18:41:53.762976,0.8639436494034403,lstm
USR-000027,EVT-0022281,2026-06-30 18:42:01.581121,0.46198619421725184,lstm
SVC-000037,EVT-0022282,2026-06-30 18:47:16.072503,0.3955438247044103,lstm
SVC-000037,EVT-0022283,2026-06-30 18:49:23.981401,0.5559010320075832,lstm
SVC-000026,EVT-0022284,2026-06-30 18:51:57.574513,0.4757597072866255,lstm
SVC-000060,EVT-0022285,2026-06-30 18:52:10.485299,0.5848246275068016,lstm
SVC-000033,EVT-0022286,2026-06-30 18:53:23.526692,0.7641748441547312,lstm
SVC-000052,EVT-0022287,2026-06-30 18:53:59.097951,0.42037364470844585,lstm
DEV-000007,EVT-0022288,2026-06-30 18:56:18.344050,0.28779087063600994,lstm
SVC-000033,EVT-0022289,2026-06-30 19:01:10.126659,0.6473022290136777,lstm
SVC-000052,EVT-0022290,2026-06-30 19:01:46.497911,0.4056132349334785,lstm
SVC-000044,EVT-0022291,2026-06-30 19:03:22.903870,0.5529384691953785,lstm
USR-000147,EVT-0022292,2026-06-30 19:03:48.528404,0.33917891104692827,lstm
USR-000149,EVT-0022293,2026-06-30 19:06:39.311568,0.5648163130823093,lstm
SVC-000057,EVT-0022294,2026-06-30 19:09:43.581492,0.6272667428194696,lstm
SVC-000052,EVT-0022295,2026-06-30 19:13:27.473527,0.30325394750697354,lstm
USR-000075,EVT-0022296,2026-06-30 19:14:40.410368,0.30222183896904736,lstm
SVC-000057,EVT-0022297,2026-06-30 19:16:00.689863,0.8612219357273458,lstm
DEV-000017,EVT-0022298,2026-06-30 19:18:14.194606,0.3124852363594129,lstm
DEV-000026,EVT-0022299,2026-06-30 19:20:32.805564,0.5729122222379834,lstm
SVC-000044,EVT-0022300,2026-06-30 19:21:09.391273,0.5790802723022226,lstm
SVC-000023,EVT-0022301,2026-06-30 19:22:05.292588,0.3068394815951987,lstm
USR-000040,EVT-0022302,2026-06-30 19:23:14.505134,0.582749055388945,lstm
SVC-000037,EVT-0022303,2026-06-30 19:24:04.877941,0.882754651462588,lstm
USR-000147,EVT-0022304,2026-06-30 19:26:42.421443,0.3606000052864125,lstm
USR-000109,EVT-0022305,2026-06-30 19:27:15.692010,0.6211932440575441,lstm
SVC-000023,EVT-0022306,2026-06-30 19:27:51.112563,0.4127672935218888,lstm
SVC-000057,EVT-0022307,2026-06-30 19:29:25.062594,0.7077306841775806,lstm
SVC-000004,EVT-0022308,2026-06-30 19:29:29.215065,0.2925149181213829,lstm
SVC-000033,EVT-0022309,2026-06-30 19:30:28.202583,0.7483044054966859,lstm
SVC-000044,EVT-0022310,2026-06-30 19:33:07.900590,0.8010430999421826,lstm
SVC-000004,EVT-0022311,2026-06-30 19:35:08.037394,0.4087180302890678,lstm
DEV-000006,EVT-0022312,2026-06-30 19:35:30.792607,0.5334479499368948,lstm
SVC-000052,EVT-0022313,2026-06-30 19:39:36.116729,0.2597343836754224,lstm
SVC-000061,EVT-0022314,2026-06-30 19:41:02.768825,0.979902855689181,lstm
SVC-000004,EVT-0022315,2026-06-30 19:41:33.548304,0.2981522996210539,lstm
SVC-000033,EVT-0022316,2026-06-30 19:45:22.891988,0.6027631853572069,lstm
SVC-000061,EVT-0022317,2026-06-30 19:46:51.932548,0.3378327834746136,lstm
DEV-000022,EVT-0022318,2026-06-30 19:50:08.414667,0.3677325073720586,lstm
SVC-000060,EVT-0022319,2026-06-30 19:51:11.172640,0.4180723083543662,lstm
USR-000086,EVT-0022320,2026-06-30 19:55:39.429286,0.5779463040270145,lstm
SVC-000052,EVT-0022321,2026-06-30 19:58:09.361201,0.30351031591843425,lstm
SVC-000061,EVT-0022322,2026-06-30 20:00:29.166581,0.26547607500027,lstm
USR-000074,EVT-0022323,2026-06-30 20:01:58.483823,0.45150403275622475,lstm
SVC-000023,EVT-0022324,2026-06-30 20:02:14.434240,0.3106211537518388,lstm
SVC-000048,EVT-0022325,2026-06-30 20:03:26.224273,0.9708286782100151,lstm
SVC-000052,EVT-0022326,2026-06-30 20:05:09.309339,0.5201708919089086,lstm
SVC-000004,EVT-0022327,2026-06-30 20:13:20.883737,0.2400128268743288,lstm
DEV-000018,EVT-0022328,2026-06-30 20:14:57.732494,0.494562281610832,lstm
SVC-000057,EVT-0022329,2026-06-30 20:17:50.063281,0.36513853332932983,lstm
SVC-000044,EVT-0022330,2026-06-30 20:18:21.558069,0.40796967693782854,lstm
SVC-000044,EVT-0022331,2026-06-30 20:20:32.138667,0.6401630375263156,lstm
USR-000033,EVT-0022332,2026-06-30 20:21:37.219150,0.35149349241738165,lstm
SVC-000052,EVT-0022333,2026-06-30 20:23:03.336158,0.30855785629962657,lstm
SVC-000048,EVT-0022334,2026-06-30 20:23:45.961386,0.26179299100149533,lstm
SVC-000044,EVT-0022335,2026-06-30 20:24:34.340266,0.47155058133553807,lstm
SVC-000023,EVT-0022336,2026-06-30 20:29:58.698601,0.4531446680462786,lstm
SVC-000052,EVT-0022337,2026-06-30 20:33:07.418571,0.3195935015308152,lstm
SVC-000048,EVT-0022338,2026-06-30 20:35:47.865208,0.41325609680971614,lstm
SVC-000048,EVT-0022339,2026-06-30 20:36:44.810101,0.547726563810505,lstm
DEV-000005,EVT-0022340,2026-06-30 20:36:55.189663,0.5385379720183586,lstm
SVC-000048,EVT-0022341,2026-06-30 20:36:58.193631,0.6866277401610592,lstm
SVC-000060,EVT-0022342,2026-06-30 20:37:05.751963,0.7678125697282668,lstm
SVC-000061,EVT-0022343,2026-06-30 20:37:23.851394,0.3338219993487921,lstm
SVC-000052,EVT-0022344,2026-06-30 20:37:28.554156,0.36703144718055997,lstm
SVC-000058,EVT-0022345,2026-06-30 20:39:15.442923,0.9998986440890263,lstm
DEV-000015,EVT-0022346,2026-06-30 20:39:53.984871,0.4681556490673232,lstm
SVC-000004,EVT-0022347,2026-06-30 20:40:43.178527,0.3784935322368138,lstm
SVC-000044,EVT-0022348,2026-06-30 20:48:25.900349,0.48577332858107086,lstm
DEV-000011,EVT-0022349,2026-06-30 20:50:15.726556,0.3070163212517807,lstm
DEV-000014,EVT-0022350,2026-06-30 20:52:50.562686,0.551173864288529,lstm
USR-000062,EVT-0022351,2026-06-30 20:52:51.558352,0.5395318392416376,lstm
SVC-000058,EVT-0022352,2026-06-30 20:53:30.812050,0.799394316806823,lstm
DEV-000018,EVT-0022353,2026-06-30 20:55:34.525148,0.46025477647674506,lstm
DEV-000018,EVT-0022354,2026-06-30 20:57:54.018505,0.9325377801489508,lstm
SVC-000035,EVT-0022355,2026-06-30 20:58:35.585254,0.947250630605799,lstm
DEV-000025,EVT-0022356,2026-06-30 21:01:23.167693,0.5326822810909476,lstm
DEV-000018,EVT-0022357,2026-06-30 21:01:38.479801,0.7424082566482061,lstm
SVC-000061,EVT-0022358,2026-06-30 21:02:17.067654,0.30095967853764904,lstm
SVC-000052,EVT-0022359,2026-06-30 21:02:26.964785,0.33586828127153057,lstm
SVC-000004,EVT-0022360,2026-06-30 21:03:04.199736,0.31260682803998696,lstm
SVC-000023,EVT-0022361,2026-06-30 21:07:08.237749,0.40947692031372035,lstm
SVC-000061,EVT-0022362,2026-06-30 21:10:20.784172,0.2629100602598999,lstm
SVC-000004,EVT-0022363,2026-06-30 21:13:09.821785,0.32740075557523013,lstm
USR-000147,EVT-0022364,2026-06-30 21:13:48.303586,0.4008406558883199,lstm
DEV-000002,EVT-0022365,2026-06-30 21:19:56.290976,0.28287823135325224,lstm
SVC-000058,EVT-0022366,2026-06-30 21:25:31.978420,0.5573092206810168,lstm
DEV-000020,EVT-0022367,2026-06-30 21:28:44.505191,0.9654323076936502,lstm
DEV-000006,EVT-0022368,2026-06-30 21:30:43.903662,0.23375648222446888,lstm
DEV-000018,EVT-0022369,2026-06-30 21:33:37.300646,0.3211719481257965,lstm
SVC-000044,EVT-0022370,2026-06-30 21:33:51.297158,0.450113660308673,lstm
SVC-000048,EVT-0022371,2026-06-30 21:34:07.114112,0.49658210500834493,lstm
SVC-000058,EVT-0022372,2026-06-30 21:34:35.308063,0.48916663915779324,lstm
USR-000113,EVT-0022373,2026-06-30 21:45:00.350724,0.30640049876368486,lstm
DEV-000021,EVT-0022374,2026-06-30 21:45:58.749486,0.5461439953842762,lstm
SVC-000058,EVT-0022375,2026-06-30 21:46:04.913849,0.37334674767292875,lstm
SVC-000045,EVT-0022376,2026-06-30 21:52:11.748763,0.9909667813315303,lstm
SVC-000004,EVT-0022377,2026-06-30 21:57:12.197420,0.46272171998064165,lstm
DEV-000002,EVT-0022378,2026-06-30 21:57:46.034804,0.1863413275713743,lstm
SVC-000003,EVT-0022379,2026-06-30 21:58:18.344914,0.9589925974854723,lstm
SVC-000002,EVT-0022380,2026-06-30 22:01:15.926412,0.986760294046189,lstm
SVC-000045,EVT-0022381,2026-06-30 22:02:49.099508,0.5902446144111064,lstm
SVC-000032,EVT-0022382,2026-06-30 22:08:52.310172,0.9743614155605488,lstm
SVC-000025,EVT-0022383,2026-06-30 22:08:55.902709,0.9583134310139446,lstm
SVC-000003,EVT-0022384,2026-06-30 22:10:41.614495,0.5593252421184404,lstm
SVC-000048,EVT-0022385,2026-06-30 22:11:23.957216,0.6260207014189801,lstm
SVC-000045,EVT-0022386,2026-06-30 22:12:05.058938,0.44164395225929537,lstm
DEV-000014,EVT-0022387,2026-06-30 22:12:37.563657,0.5182184220055337,lstm
SVC-000002,EVT-0022388,2026-06-30 22:13:33.607607,0.3277863695301558,lstm
SVC-000058,EVT-0022389,2026-06-30 22:16:25.095826,0.351017568569354,lstm
SVC-000035,EVT-0022390,2026-06-30 22:18:16.154762,0.5724858829615834,lstm
SVC-000032,EVT-0022391,2026-06-30 22:18:32.201235,0.32108161179972317,lstm
USR-000088,EVT-0022392,2026-06-30 22:18:43.723795,0.8420054975807736,lstm
DEV-000011,EVT-0022393,2026-06-30 22:20:40.744989,0.24337771558607718,lstm
SVC-000002,EVT-0022394,2026-06-30 22:22:36.721480,0.3084453497501046,lstm
SVC-000003,EVT-0022395,2026-06-30 22:23:44.432511,0.3886625733752239,lstm
SVC-000058,EVT-0022396,2026-06-30 22:25:14.876949,0.37898689279883424,lstm
USR-000113,EVT-0022397,2026-06-30 22:26:34.444004,0.2328151064521007,lstm
SVC-000035,EVT-0022398,2026-06-30 22:27:40.157316,0.3245076581751174,lstm
SVC-000045,EVT-0022399,2026-06-30 22:27:45.219841,0.40482237764299017,lstm
SVC-000003,EVT-0022400,2026-06-30 22:29:18.136666,0.766561819614798,lstm
SVC-000003,EVT-0022401,2026-06-30 22:30:41.220732,0.5705131005233917,lstm
SVC-000003,EVT-0022402,2026-06-30 22:30:54.631706,0.952888040098924,lstm
USR-000150,EVT-0022403,2026-06-30 22:34:28.932137,0.3579995161230756,lstm
SVC-000003,EVT-0022404,2026-06-30 22:40:15.251301,0.708599931779733,lstm
SVC-000045,EVT-0022405,2026-06-30 22:40:49.271916,0.42005201480141097,lstm
DEV-000001,EVT-0022406,2026-06-30 22:41:50.573202,0.29972553679331104,lstm
SVC-000002,EVT-0022407,2026-06-30 22:44:09.177815,0.3476454144007805,lstm
SVC-000058,EVT-0022408,2026-06-30 22:44:22.599155,0.3687770805246429,lstm
SVC-000002,EVT-0022409,2026-06-30 22:44:38.358045,0.5205894347971853,lstm
SVC-000004,EVT-0022410,2026-06-30 22:45:55.712719,0.5355128771236778,lstm
USR-000150,EVT-0022411,2026-06-30 22:49:11.369284,0.33501181334724045,lstm
SVC-000002,EVT-0022412,2026-06-30 22:51:42.191566,0.28690033445703017,lstm
SVC-000004,EVT-0022413,2026-06-30 22:54:47.665878,0.6380422097827102,lstm
SVC-000059,EVT-0022414,2026-06-30 22:57:19.994562,0.9626385540094428,lstm
SVC-000045,EVT-0022415,2026-06-30 22:58:53.190148,0.348798809750874,lstm
SVC-000002,EVT-0022416,2026-06-30 22:59:09.780874,0.3135221978255705,lstm
SVC-000056,EVT-0022417,2026-06-30 23:02:26.569156,0.9672241648211795,lstm
SVC-000045,EVT-0022418,2026-06-30 23:02:31.800859,0.33537311608988446,lstm
SVC-000002,EVT-0022419,2026-06-30 23:03:04.338754,0.6613074504144089,lstm
SVC-000059,EVT-0022420,2026-06-30 23:03:41.923189,0.2458205294255329,lstm
SVC-000058,EVT-0022421,2026-06-30 23:03:58.688469,0.3729246176969652,lstm
DEV-000014,EVT-0022422,2026-06-30 23:05:18.525008,0.47241657930216024,lstm
SVC-000045,EVT-0022423,2026-06-30 23:05:41.530244,0.4102701043595397,lstm
DEV-000001,EVT-0022424,2026-06-30 23:07:58.227243,0.27769194274600023,lstm
SVC-000032,EVT-0022425,2026-06-30 23:08:39.605496,0.372756766226199,lstm
SVC-000045,EVT-0022426,2026-06-30 23:11:48.946774,0.38937452664318734,lstm
SVC-000035,EVT-0022427,2026-06-30 23:13:03.092998,0.36429016561841476,lstm
SVC-000025,EVT-0022428,2026-06-30 23:14:00.490060,0.7612256740727759,lstm
SVC-000025,EVT-0022429,2026-06-30 23:14:59.688377,0.6394223722158509,lstm
SVC-000041,EVT-0022430,2026-06-30 23:15:13.134083,0.9830920869114184,lstm
DEV-000024,EVT-0022431,2026-06-30 23:15:45.069677,0.731996293021373,lstm
SVC-000059,EVT-0022432,2026-06-30 23:18:44.928195,0.22756028745925566,lstm
SVC-000032,EVT-0022433,2026-06-30 23:18:56.867601,0.49925711805984874,lstm
SVC-000059,EVT-0022434,2026-06-30 23:19:09.358787,0.49410228685926066,lstm
SVC-000002,EVT-0022435,2026-06-30 23:19:18.489169,0.3521614667400862,lstm
SVC-000059,EVT-0022436,2026-06-30 23:20:02.802520,0.3982953742718937,lstm
SVC-000059,EVT-0022437,2026-06-30 23:20:57.415651,0.32842977449089256,lstm
SVC-000041,EVT-0022438,2026-06-30 23:22:25.097755,0.7645798499000535,lstm
SVC-000032,EVT-0022439,2026-06-30 23:23:07.367031,0.3024428943386433,lstm
USR-000113,EVT-0022440,2026-06-30 23:23:39.081456,0.2551366153044235,lstm
SVC-000041,EVT-0022441,2026-06-30 23:24:27.879644,0.7300855461580181,lstm
SVC-000059,EVT-0022442,2026-06-30 23:24:28.069108,0.5869074821808279,lstm
DEV-000017,EVT-0022443,2026-06-30 23:24:31.396179,0.3940297931954544,lstm
SVC-000002,EVT-0022444,2026-06-30 23:25:27.098588,0.3501102978410783,lstm
SVC-000032,EVT-0022445,2026-06-30 23:25:38.379320,0.30148223957599124,lstm
SVC-000041,EVT-0022446,2026-06-30 23:27:24.427561,0.7375348863815568,lstm
DEV-000008,EVT-0022447,2026-06-30 23:27:29.961858,0.5724501863717065,lstm
SVC-000059,EVT-0022448,2026-06-30 23:28:06.595871,0.2439799806601851,lstm
SVC-000059,EVT-0022449,2026-06-30 23:29:54.620526,0.3037790463441132,lstm
SVC-000059,EVT-0022450,2026-06-30 23:31:53.696204,0.2880690244128175,lstm
SVC-000032,EVT-0022451,2026-06-30 23:32:37.322518,0.26865050536093493,lstm
DEV-000016,EVT-0022452,2026-06-30 23:36:09.288156,0.7185485610211464,lstm
SVC-000059,EVT-0022453,2026-06-30 23:36:58.777427,0.2339895467569633,lstm
SVC-000032,EVT-0022454,2026-06-30 23:37:06.184363,0.23696972668235952,lstm
SVC-000059,EVT-0022455,2026-06-30 23:39:19.027675,0.2719770490805156,lstm
DEV-000003,EVT-0022456,2026-06-30 23:40:23.874562,0.40294886814256364,lstm
SVC-000032,EVT-0022457,2026-06-30 23:41:08.666030,0.2845756057787075,lstm
SVC-000032,EVT-0022458,2026-06-30 23:41:43.189928,0.48477275227528405,lstm
SVC-000032,EVT-0022459,2026-06-30 23:41:53.080820,0.5729579067582056,lstm
SVC-000002,EVT-0022460,2026-06-30 23:43:16.030095,0.31666929234512947,lstm
SVC-000002,EVT-0022461,2026-06-30 23:43:23.483115,0.7746313955479585,lstm
SVC-000056,EVT-0022462,2026-06-30 23:46:25.863526,0.4276779765507057,lstm
SVC-000035,EVT-0022463,2026-06-30 23:47:23.689876,0.4988975632529766,lstm
SVC-000032,EVT-0022464,2026-06-30 23:48:41.897425,0.22807427505693836,lstm
SVC-000032,EVT-0022465,2026-06-30 23:49:20.317437,0.4850623488474665,lstm
SVC-000032,EVT-0022466,2026-06-30 23:50:29.288402,0.4157227540554368,lstm
DEV-000002,EVT-0022467,2026-06-30 23:50:35.901115,0.21689363009718313,lstm
SVC-000025,EVT-0022468,2026-06-30 23:51:35.235392,0.35780912845148904,lstm
SVC-000059,EVT-0022469,2026-06-30 23:54:12.527621,0.2413522028966615,lstm
SVC-000056,EVT-0022470,2026-06-30 23:55:00.967390,0.5444159922690389,lstm
USR-000165,EVT-0022471,2026-06-30 23:55:35.260182,0.363279498925304,lstm
SVC-000056,EVT-0022472,2026-06-30 23:56:37.099910,0.7964263705387041,lstm
SVC-000032,EVT-0022473,2026-06-30 23:57:13.701033,0.2284507592237681,lstm
DEV-000015,EVT-0022474,2026-06-30 23:58:05.708787,0.6504158690963918,lstm
SVC-000059,EVT-0022475,2026-06-30 23:58:31.526168,0.46429470970488007,lstm
SVC-000059,EVT-0022476,2026-07-01 00:01:06.099051,0.30276361708016186,lstm
SVC-000035,EVT-0022477,2026-07-01 00:02:35.959823,0.5459681632444682,lstm
SVC-000032,EVT-0022478,2026-07-01 00:03:09.446541,0.3671434822882757,lstm
SVC-000056,EVT-0022479,2026-07-01 00:05:27.111027,0.5486404536309454,lstm
SVC-000059,EVT-0022480,2026-07-01 00:05:34.179699,0.2490192326904517,lstm
DEV-000016,EVT-0022481,2026-07-01 00:06:53.519536,0.6814343299053488,lstm
SVC-000002,EVT-0022482,2026-07-01 00:07:21.247328,0.5973384556875279,lstm
DEV-000021,EVT-0022483,2026-07-01 00:12:41.850054,0.2701899971980889,lstm
USR-000106,EVT-0022484,2026-07-01 00:12:59.775270,0.8621772977227332,lstm
SVC-000059,EVT-0022485,2026-07-01 00:14:21.717232,0.2498253860632392,lstm
USR-000088,EVT-0022486,2026-07-01 00:15:18.404134,0.8917474770656246,lstm
SVC-000032,EVT-0022487,2026-07-01 00:15:32.459178,0.2930081196112112,lstm
DEV-000018,EVT-0022488,2026-07-01 00:16:38.021058,0.5088249200548746,lstm
SVC-000059,EVT-0022489,2026-07-01 00:17:41.102612,0.21447071000067824,lstm
DEV-000020,EVT-0022490,2026-07-01 00:21:18.933534,0.967354321095597,lstm
SVC-000041,EVT-0022491,2026-07-01 00:38:40.738936,0.8057976724137297,lstm
SVC-000025,EVT-0022492,2026-07-01 00:42:23.837336,0.5915347318017946,lstm
SVC-000056,EVT-0022493,2026-07-01 00:42:37.612667,0.38926534482532826,lstm
SVC-000041,EVT-0022494,2026-07-01 00:48:35.365637,0.5860116054605382,lstm
SVC-000059,EVT-0022495,2026-07-01 00:52:27.808172,0.38577315196709866,lstm
USR-000150,EVT-0022496,2026-07-01 00:59:56.263104,0.35419996303408907,lstm
DEV-000014,EVT-0022497,2026-07-01 01:03:09.904604,0.5445300981016159,lstm
SVC-000041,EVT-0022498,2026-07-01 01:05:24.826841,0.5713354332862405,lstm
USR-000163,EVT-0022499,2026-07-01 01:16:24.919840,0.6475562535367301,lstm
DEV-000011,EVT-0022500,2026-07-01 01:19:20.093866,0.3723970865015229,lstm
SVC-000041,EVT-0022501,2026-07-01 01:19:31.471581,0.38729680002566447,lstm
SVC-000041,EVT-0022502,2026-07-01 01:21:34.081513,0.4824685411467586,lstm
SVC-000041,EVT-0022503,2026-07-01 01:27:51.574539,0.6787984846706975,lstm
DEV-000020,EVT-0022504,2026-07-01 01:36:45.733041,0.9548868170541545,lstm
USR-000163,EVT-0022505,2026-07-01 01:38:07.203732,0.7648306748538469,lstm
SVC-000041,EVT-0022506,2026-07-01 01:55:21.317775,0.6766769569961184,lstm
USR-000122,EVT-0022507,2026-07-01 01:55:36.908835,0.6498171361308454,lstm
SVC-000018,EVT-0022508,2026-07-01 01:55:50.990317,0.999816252849861,lstm
SVC-000018,EVT-0022509,2026-07-01 02:00:05.346840,0.7149118632432733,lstm
SVC-000041,EVT-0022510,2026-07-01 02:06:33.838080,0.5590124533938754,lstm
SVC-000018,EVT-0022511,2026-07-01 02:06:36.831275,0.49818044504921105,lstm
SVC-000041,EVT-0022512,2026-07-01 02:15:50.092322,0.8930130304718219,lstm
DEV-000022,EVT-0022513,2026-07-01 02:16:13.527089,0.722468922801764,lstm
SVC-000041,EVT-0022514,2026-07-01 02:16:34.030325,0.5532655084646356,lstm
SVC-000041,EVT-0022515,2026-07-01 02:21:14.229273,0.7353295173514599,lstm
SVC-000041,EVT-0022516,2026-07-01 02:21:34.878784,0.7192623366281331,lstm
DEV-000014,EVT-0022517,2026-07-01 02:26:40.888420,0.43277727032297714,lstm
DEV-000026,EVT-0022518,2026-07-01 02:27:53.505216,0.8536604282237216,lstm
DEV-000002,EVT-0022519,2026-07-01 02:29:25.527255,0.3226291393881369,lstm
SVC-000018,EVT-0022520,2026-07-01 02:32:04.417847,0.5447796567887238,lstm
SVC-000018,EVT-0022521,2026-07-01 02:32:12.550342,0.6876911243448318,lstm
SVC-000018,EVT-0022522,2026-07-01 02:33:20.492202,0.5634899524889546,lstm
DEV-000001,EVT-0022523,2026-07-01 02:34:30.166467,0.21761820843934546,lstm
USR-000088,EVT-0022524,2026-07-01 02:36:10.678305,0.8635819134911941,lstm
SVC-000018,EVT-0022525,2026-07-01 02:36:27.303942,0.7920009433158922,lstm
SVC-000018,EVT-0022526,2026-07-01 02:37:17.525224,0.49301279646266305,lstm
SVC-000018,EVT-0022527,2026-07-01 02:38:09.220027,0.6800012588618107,lstm
SVC-000018,EVT-0022528,2026-07-01 02:38:11.830824,0.5573729646285088,lstm
DEV-000021,EVT-0022529,2026-07-01 02:41:13.263933,0.20597233649977292,lstm
USR-000088,EVT-0022530,2026-07-01 02:46:47.543661,0.5999830602226615,lstm
SVC-000014,EVT-0022531,2026-07-01 02:53:57.502474,0.9521795794712756,lstm
USR-000150,EVT-0022532,2026-07-01 02:55:05.293688,0.2882642557874641,lstm
SVC-000018,EVT-0022533,2026-07-01 02:55:27.568666,0.3405155230836978,lstm
DEV-000012,EVT-0022534,2026-07-01 02:58:17.385402,0.8337462273001512,lstm
SVC-000018,EVT-0022535,2026-07-01 02:58:56.143104,0.47019301171650646,lstm
SVC-000018,EVT-0022536,2026-07-01 02:59:14.626345,0.4729286067890323,lstm
SVC-000041,EVT-0022537,2026-07-01 03:05:58.563083,0.7458801430606833,lstm
SVC-000018,EVT-0022538,2026-07-01 03:07:07.700626,0.2397995114430739,lstm
SVC-000041,EVT-0022539,2026-07-01 03:23:38.742675,0.672737597637981,lstm
SVC-000019,EVT-0022540,2026-07-01 03:28:18.570540,0.9937901464478432,lstm
SVC-000014,EVT-0022541,2026-07-01 03:32:07.094273,0.30028968914824494,lstm
DEV-000010,EVT-0022542,2026-07-01 03:32:42.469523,0.7027568318138284,lstm
DEV-000018,EVT-0022543,2026-07-01 03:41:15.709053,0.6873271072391662,lstm
DEV-000010,EVT-0022544,2026-07-01 03:41:48.017097,0.710398428083649,lstm
SVC-000019,EVT-0022545,2026-07-01 03:43:39.157267,0.3606149232061392,lstm
DEV-000013,EVT-0022546,2026-07-01 03:46:41.705852,0.8375116005249428,lstm
SVC-000014,EVT-0022547,2026-07-01 03:47:38.321008,0.31392243805986064,lstm
SVC-000015,EVT-0022548,2026-07-01 03:47:46.749126,0.9990150106434751,lstm
SVC-000020,EVT-0022549,2026-07-01 03:52:29.283899,0.9896218533244446,lstm
SVC-000041,EVT-0022550,2026-07-01 03:54:53.531827,0.6312435867370741,lstm
SVC-000041,EVT-0022551,2026-07-01 03:55:56.062204,0.47667559566616347,lstm
SVC-000020,EVT-0022552,2026-07-01 03:57:00.982413,0.5344570366388955,lstm
DEV-000026,EVT-0022553,2026-07-01 03:59:51.098123,0.6773928353687939,lstm
SVC-000014,EVT-0022554,2026-07-01 04:03:35.183017,0.2608385212976936,lstm
SVC-000015,EVT-0022555,2026-07-01 04:07:49.098889,0.45007960291302124,lstm
SVC-000007,EVT-0022556,2026-07-01 04:12:05.495899,0.9865196206906693,lstm
SVC-000020,EVT-0022557,2026-07-01 04:13:38.220511,0.5066394698109034,lstm
DEV-000010,EVT-0022558,2026-07-01 04:14:04.655101,0.47362879641647626,lstm
DEV-000011,EVT-0022559,2026-07-01 04:14:51.164604,0.36885489473225014,lstm
DEV-000023,EVT-0022560,2026-07-01 04:19:52.234521,0.5330699196940758,lstm
DEV-000026,EVT-0022561,2026-07-01 04:24:02.371136,0.5880582792897903,lstm
SVC-000007,EVT-0022562,2026-07-01 04:24:44.690791,0.29421896936642145,lstm
USR-000067,EVT-0022563,2026-07-01 04:26:30.018826,0.42747093839729544,lstm
SVC-000007,EVT-0022564,2026-07-01 04:29:59.645053,0.3063269832022535,lstm
SVC-000015,EVT-0022565,2026-07-01 04:31:10.127423,0.40580261845887,lstm
SVC-000014,EVT-0022566,2026-07-01 04:32:40.853533,0.2908819621249934,lstm
SVC-000007,EVT-0022567,2026-07-01 04:32:47.385046,0.3249925306251529,lstm
SVC-000007,EVT-0022568,2026-07-01 04:34:30.702500,0.46513348152995454,lstm
SVC-000015,EVT-0022569,2026-07-01 04:35:12.400467,0.4012027945807985,lstm
SVC-000015,EVT-0022570,2026-07-01 04:43:12.544066,0.35336761436859865,lstm
SVC-000007,EVT-0022571,2026-07-01 04:43:46.554665,0.42991208154798466,lstm
DEV-000012,EVT-0022572,2026-07-01 04:45:44.652774,0.6355321751150151,lstm
SVC-000015,EVT-0022573,2026-07-01 04:45:54.970492,0.36107553349262234,lstm
SVC-000015,EVT-0022574,2026-07-01 04:46:10.387011,0.570838339882418,lstm
USR-000124,EVT-0022575,2026-07-01 04:46:13.937359,0.5739982151270016,lstm
SVC-000019,EVT-0022576,2026-07-01 04:48:30.810168,0.4394745572245948,lstm
SVC-000019,EVT-0022577,2026-07-01 04:51:47.423434,0.28403382204713884,lstm
SVC-000015,EVT-0022578,2026-07-01 04:52:29.928844,0.3087954610843891,lstm
SVC-000007,EVT-0022579,2026-07-01 04:52:51.267017,0.2967293021893143,lstm
SVC-000019,EVT-0022580,2026-07-01 04:56:55.278635,0.267072647960038,lstm
SVC-000007,EVT-0022581,2026-07-01 05:01:36.670313,0.3280549064689801,lstm
USR-000207,EVT-0022582,2026-07-01 05:03:04.571314,0.41530133169184813,lstm
SVC-000014,EVT-0022583,2026-07-01 05:03:27.346345,0.27655180950768027,lstm
SVC-000015,EVT-0022584,2026-07-01 05:07:58.720479,0.4649075390272113,lstm
SVC-000014,EVT-0022585,2026-07-01 05:08:47.350736,0.4223702430235971,lstm
SVC-000007,EVT-0022586,2026-07-01 05:10:37.043833,0.22760428742094252,lstm
SVC-000015,EVT-0022587,2026-07-01 05:11:21.015559,0.48282836775701465,lstm
SVC-000041,EVT-0022588,2026-07-01 05:18:31.232594,0.8594655167624763,lstm
DEV-000022,EVT-0022589,2026-07-01 05:20:15.543565,0.6773402735766875,lstm
SVC-000007,EVT-0022590,2026-07-01 05:24:24.752794,0.3373909310401008,lstm
DEV-000023,EVT-0022591,2026-07-01 05:26:25.990682,0.2426406796309638,lstm
SVC-000014,EVT-0022592,2026-07-01 05:26:33.227737,0.2397352569613666,lstm
DEV-000003,EVT-0022593,2026-07-01 05:27:07.634087,0.3312301386088469,lstm
DEV-000003,EVT-0022594,2026-07-01 05:28:06.451402,1.0,lstm
DEV-000003,EVT-0022595,2026-07-01 05:28:47.575886,0.9987064583631624,lstm
SVC-000020,EVT-0022596,2026-07-01 05:32:54.029529,0.5859657170285216,lstm
SVC-000019,EVT-0022597,2026-07-01 05:33:11.356593,0.28796928797949745,lstm
SVC-000019,EVT-0022598,2026-07-01 05:40:39.825121,0.2400648191883594,lstm
SVC-000031,EVT-0022599,2026-07-01 05:43:41.089022,0.9984051669977391,lstm
USR-000009,EVT-0022600,2026-07-01 05:49:22.520958,0.7899276960197479,lstm
SVC-000019,EVT-0022601,2026-07-01 05:50:14.664661,0.21876910068368538,lstm
SVC-000007,EVT-0022602,2026-07-01 05:53:51.357273,0.3115254738833516,lstm
DEV-000026,EVT-0022603,2026-07-01 05:54:30.127197,0.2820950621733692,lstm
DEV-000012,EVT-0022604,2026-07-01 05:54:43.392500,0.46267173471060896,lstm
USR-000067,EVT-0022605,2026-07-01 05:59:49.643557,0.36535689641415203,lstm
SVC-000031,EVT-0022606,2026-07-01 05:59:53.607123,0.6252812820638096,lstm
SVC-000014,EVT-0022607,2026-07-01 06:00:05.227249,0.3238600097136865,lstm
USR-000163,EVT-0022608,2026-07-01 06:00:56.289642,0.5974228920797975,lstm
SVC-000031,EVT-0022609,2026-07-01 06:03:58.389646,0.6510276206862716,lstm
SVC-000014,EVT-0022610,2026-07-01 06:07:07.105995,0.367053112879067,lstm
SVC-000031,EVT-0022611,2026-07-01 06:10:45.766744,0.47702786449599316,lstm
SVC-000031,EVT-0022612,2026-07-01 06:21:33.115357,0.4072528625680386,lstm
USR-000076,EVT-0022613,2026-07-01 06:26:23.527467,0.8796931517704748,lstm
SVC-000031,EVT-0022614,2026-07-01 06:29:04.352521,0.4047028424856144,lstm
USR-000158,EVT-0022615,2026-07-01 06:41:40.416245,0.5838161828707257,lstm
USR-000114,EVT-0022616,2026-07-01 06:42:54.905320,0.9766491100083754,lstm
DEV-000011,EVT-0022617,2026-07-01 06:42:55.347067,0.3458497756109453,lstm
SVC-000031,EVT-0022618,2026-07-01 06:45:12.403384,0.3553073260367413,lstm
USR-000168,EVT-0022619,2026-07-01 06:56:38.247790,0.6873200433038344,lstm
USR-000066,EVT-0022620,2026-07-01 06:57:45.057576,0.9505049933317722,lstm
SVC-000031,EVT-0022621,2026-07-01 07:03:16.761375,0.4044209017505079,lstm
SVC-000031,EVT-0022622,2026-07-01 07:13:27.395552,0.3882280040680791,lstm
DEV-000014,EVT-0022623,2026-07-01 07:15:04.271063,0.5537920662879493,lstm
SVC-000011,EVT-0022624,2026-07-01 07:15:47.394136,0.9963879167850197,lstm
USR-000168,EVT-0022625,2026-07-01 07:21:13.769394,0.2863173639156341,lstm
USR-000135,EVT-0022626,2026-07-01 07:24:07.184556,0.3951703672959746,lstm
SVC-000031,EVT-0022627,2026-07-01 07:26:21.111119,0.3763688467954702,lstm
SVC-000011,EVT-0022628,2026-07-01 07:37:01.083470,0.43476688407399094,lstm
USR-000095,EVT-0022629,2026-07-01 07:39:26.450366,0.49183317083325984,lstm
DEV-000005,EVT-0022630,2026-07-01 07:40:48.847725,0.3681158776002081,lstm
SVC-000031,EVT-0022631,2026-07-01 07:41:58.994043,0.3567243287383004,lstm
USR-000162,EVT-0022632,2026-07-01 07:43:56.456601,0.41800718372155227,lstm
USR-000114,EVT-0022633,2026-07-01 07:46:33.495829,0.8223642919197671,lstm
SVC-000051,EVT-0022634,2026-07-01 07:46:35.020179,0.8495593965584599,lstm
SVC-000031,EVT-0022635,2026-07-01 07:46:48.256125,0.4178731463528359,lstm
SVC-000011,EVT-0022636,2026-07-01 07:47:43.646363,0.276774171618547,lstm
USR-000039,EVT-0022637,2026-07-01 07:47:57.448509,0.5329198152036925,lstm
USR-000087,EVT-0022638,2026-07-01 07:49:22.361932,0.6111813006536647,lstm
SVC-000011,EVT-0022639,2026-07-01 07:49:34.824242,0.4373549273745112,lstm
SVC-000040,EVT-0022640,2026-07-01 07:49:39.371815,0.989492466875591,lstm
USR-000157,EVT-0022641,2026-07-01 07:51:01.801478,0.47747521876324917,lstm
DEV-000012,EVT-0022642,2026-07-01 07:51:21.733528,0.3091885876194929,lstm
SVC-000011,EVT-0022643,2026-07-01 07:56:31.519727,0.6965800217074685,lstm
SVC-000011,EVT-0022644,2026-07-01 07:59:30.647375,0.3080516045128378,lstm
USR-000171,EVT-0022645,2026-07-01 08:01:55.288246,0.8374877896370744,lstm
DEV-000003,EVT-0022646,2026-07-01 08:03:15.541618,0.5850815143620202,lstm
USR-000013,EVT-0022647,2026-07-01 08:05:48.157841,0.7204450744678637,lstm
SVC-000051,EVT-0022648,2026-07-01 08:07:30.189757,0.3443853303762032,lstm
USR-000119,EVT-0022649,2026-07-01 08:07:52.208783,0.8706859456781787,lstm
USR-000039,EVT-0022650,2026-07-01 08:08:19.357346,0.3141526357454794,lstm
USR-000096,EVT-0022651,2026-07-01 08:11:25.476599,0.8612427696792677,lstm
USR-000179,EVT-0022652,2026-07-01 08:12:20.227695,0.4222867167126873,lstm
SVC-000046,EVT-0022653,2026-07-01 08:12:46.747018,0.9787688691899108,lstm
USR-000207,EVT-0022654,2026-07-01 08:14:43.252290,0.2270516310324941,lstm
SVC-000030,EVT-0022655,2026-07-01 08:15:13.850340,0.9777257410370502,lstm
USR-000168,EVT-0022656,2026-07-01 08:16:37.899845,0.2638752181676861,lstm
USR-000135,EVT-0022657,2026-07-01 08:16:45.921427,0.40482328362067216,lstm
USR-000206,EVT-0022658,2026-07-01 08:17:23.659389,0.5000674693022181,lstm
USR-000168,EVT-0022659,2026-07-01 08:18:19.028059,0.3410729088312738,lstm
USR-000062,EVT-0022660,2026-07-01 08:18:24.746792,0.5954489692158687,lstm
USR-000014,EVT-0022661,2026-07-01 08:18:45.478587,0.8371822458554584,lstm
DEV-000015,EVT-0022662,2026-07-01 08:20:42.011378,0.46401632554629424,lstm
SVC-000040,EVT-0022663,2026-07-01 08:20:50.980319,0.4893645733748114,lstm
DEV-000017,EVT-0022664,2026-07-01 08:22:29.560088,0.7584308015880261,lstm
USR-000206,EVT-0022665,2026-07-01 08:25:44.619417,0.33292217678897856,lstm
USR-000158,EVT-0022666,2026-07-01 08:26:17.355834,0.8364903925179842,lstm
SVC-000024,EVT-0022667,2026-07-01 08:27:09.413752,0.9810911303489458,lstm
DEV-000001,EVT-0022668,2026-07-01 08:32:15.741142,0.5400970234287621,lstm
SVC-000011,EVT-0022669,2026-07-01 08:34:15.226128,0.35065843520199935,lstm
SVC-000011,EVT-0022670,2026-07-01 08:39:00.194328,0.405279661594154,lstm
SVC-000013,EVT-0022671,2026-07-01 08:39:05.639564,0.9894082941978846,lstm
USR-000067,EVT-0022672,2026-07-01 08:39:36.496147,0.553464063231537,lstm
USR-000162,EVT-0022673,2026-07-01 08:44:28.802952,0.36366055401006253,lstm
DEV-000023,EVT-0022674,2026-07-01 08:44:32.666526,0.15169571434054588,lstm
USR-000066,EVT-0022675,2026-07-01 08:45:19.707969,0.9707971351918432,lstm
SVC-000011,EVT-0022676,2026-07-01 08:46:53.652120,0.3239809420384963,lstm
SVC-000024,EVT-0022677,2026-07-01 08:46:59.773169,0.48109388856113044,lstm
SVC-000051,EVT-0022678,2026-07-01 08:47:20.543670,0.29959107317295425,lstm
DEV-000016,EVT-0022679,2026-07-01 08:48:19.574231,0.5236992853574389,lstm
SVC-000046,EVT-0022680,2026-07-01 08:49:02.349958,0.37111129345548327,lstm
SVC-000024,EVT-0022681,2026-07-01 08:49:11.408488,0.8327959197729526,lstm
DEV-000008,EVT-0022682,2026-07-01 08:49:25.797732,0.5767861332233183,lstm
USR-000067,EVT-0022683,2026-07-01 08:52:29.982576,0.4138277486900939,lstm
USR-000194,EVT-0022684,2026-07-01 08:55:01.266336,0.4779633841723916,lstm
SVC-000046,EVT-0022685,2026-07-01 08:55:10.525992,0.43225395574803654,lstm
SVC-000030,EVT-0022686,2026-07-01 08:55:20.757720,0.42850677910519575,lstm
USR-000043,EVT-0022687,2026-07-01 08:55:41.220311,0.7216963086032026,lstm
SVC-000011,EVT-0022688,2026-07-01 08:56:27.839852,0.6514240851418742,lstm
SVC-000016,EVT-0022689,2026-07-01 08:57:52.083084,0.9998339407697288,lstm
SVC-000001,EVT-0022690,2026-07-01 09:02:25.095914,0.9697054149871486,lstm
USR-000029,EVT-0022691,2026-07-01 09:06:59.338785,0.5487428090778962,lstm
USR-000137,EVT-0022692,2026-07-01 09:07:50.388297,0.6965669886328638,lstm
USR-000118,EVT-0022693,2026-07-01 09:09:41.286415,0.8097743593284944,lstm
USR-000058,EVT-0022694,2026-07-01 09:11:24.429096,0.39181836169904355,lstm
SVC-000016,EVT-0022695,2026-07-01 09:11:48.760775,0.8519297200042609,lstm
USR-000178,EVT-0022696,2026-07-01 09:12:28.325151,0.5223299164921894,lstm
SVC-000051,EVT-0022697,2026-07-01 09:13:24.572825,0.28032299898343854,lstm
SVC-000046,EVT-0022698,2026-07-01 09:13:37.114028,0.42073287976490303,lstm
USR-000158,EVT-0022699,2026-07-01 09:13:50.611301,0.8566309673576112,lstm
SVC-000008,EVT-0022700,2026-07-01 09:15:32.102602,0.9809666068006838,lstm
USR-000162,EVT-0022701,2026-07-01 09:16:11.294488,0.32319733339042145,lstm
USR-000114,EVT-0022702,2026-07-01 09:16:26.568151,0.6697695343404898,lstm
SVC-000016,EVT-0022703,2026-07-01 09:16:32.632236,0.7146764361057587,lstm
DEV-000003,EVT-0022704,2026-07-01 09:18:01.112081,0.8857896073890756,lstm
USR-000194,EVT-0022705,2026-07-01 09:19:26.474445,0.40786627861726044,lstm
SVC-000016,EVT-0022706,2026-07-01 09:20:07.248888,0.6132687527263305,lstm
SVC-000016,EVT-0022707,2026-07-01 09:20:23.547233,0.7454112143985506,lstm
USR-000087,EVT-0022708,2026-07-01 09:21:57.515351,0.35260900717300664,lstm
DEV-000008,EVT-0022709,2026-07-01 09:22:15.877661,0.45108619288417706,lstm
SVC-000053,EVT-0022710,2026-07-01 09:23:15.396205,0.980346635486063,lstm
SVC-000016,EVT-0022711,2026-07-01 09:23:44.461671,0.6506779383370237,lstm
USR-000170,EVT-0022712,2026-07-01 09:23:56.624156,0.9222384282197649,lstm
SVC-000024,EVT-0022713,2026-07-01 09:24:47.898782,0.39011555567377826,lstm
SVC-000046,EVT-0022714,2026-07-01 09:29:09.102105,0.37097429653453035,lstm
SVC-000053,EVT-0022715,2026-07-01 09:29:23.080332,0.7617045515372557,lstm
USR-000167,EVT-0022716,2026-07-01 09:30:42.540720,0.9080449646280271,lstm
SVC-000013,EVT-0022717,2026-07-01 09:31:28.394105,0.43726943825976106,lstm
USR-000013,EVT-0022718,2026-07-01 09:32:15.822233,0.7145310718506871,lstm
USR-000046,EVT-0022719,2026-07-01 09:32:23.696282,0.9071480034388865,lstm
USR-000017,EVT-0022720,2026-07-01 09:33:36.864390,0.831615594639957,lstm
USR-000171,EVT-0022721,2026-07-01 09:33:42.957635,0.6263310781175365,lstm
SVC-000016,EVT-0022722,2026-07-01 09:34:08.851028,0.32228808354425664,lstm
SVC-000008,EVT-0022723,2026-07-01 09:35:06.015702,0.6407153876197231,lstm
USR-000051,EVT-0022724,2026-07-01 09:36:05.141767,0.7403132541709656,lstm
USR-000135,EVT-0022725,2026-07-01 09:37:21.672413,0.20427088524712586,lstm
SVC-000039,EVT-0022726,2026-07-01 09:37:28.653650,0.976947822625511,lstm
SVC-000039,EVT-0022727,2026-07-01 09:37:37.179046,0.8803266908060102,lstm
USR-000091,EVT-0022728,2026-07-01 09:37:51.934051,0.7945859596974697,lstm
USR-000054,EVT-0022729,2026-07-01 09:38:00.091099,0.8957126443726208,lstm
USR-000102,EVT-0022730,2026-07-01 09:38:43.016719,0.7635731691446765,lstm
SVC-000053,EVT-0022731,2026-07-01 09:40:32.510466,0.44298360678810933,lstm
DEV-000026,EVT-0022732,2026-07-01 09:41:16.852204,0.342066943613675,lstm
SVC-000011,EVT-0022733,2026-07-01 09:41:51.185987,0.44626029448093024,lstm
USR-000205,EVT-0022734,2026-07-01 09:41:59.954532,0.5309073138578055,lstm
SVC-000024,EVT-0022735,2026-07-01 09:42:14.168126,0.3195024818009747,lstm
USR-000067,EVT-0022736,2026-07-01 09:42:48.829648,0.2821386879538281,lstm
USR-000031,EVT-0022737,2026-07-01 09:43:45.513493,0.342384125221054,lstm
USR-000060,EVT-0022738,2026-07-01 09:44:26.511115,0.46436528595900434,lstm
USR-000064,EVT-0022739,2026-07-01 09:45:24.458189,0.6559351735859222,lstm
USR-000016,EVT-0022740,2026-07-01 09:46:53.045297,0.49183658799778873,lstm
SVC-000053,EVT-0022741,2026-07-01 09:47:42.238169,0.9530093816689484,lstm
USR-000168,EVT-0022742,2026-07-01 09:49:33.631095,0.20691294625927112,lstm
DEV-000017,EVT-0022743,2026-07-01 09:49:43.480738,0.5679619133370146,lstm
SVC-000024,EVT-0022744,2026-07-01 09:50:31.008937,0.29806142784518275,lstm
SVC-000016,EVT-0022745,2026-07-01 09:51:08.004422,0.4390473077724848,lstm
SVC-000024,EVT-0022746,2026-07-01 09:52:17.077113,0.43236426346525325,lstm
USR-000133,EVT-0022747,2026-07-01 09:52:35.679644,0.6038000200871021,lstm
SVC-000046,EVT-0022748,2026-07-01 09:53:29.735971,0.31967969623057907,lstm
USR-000168,EVT-0022749,2026-07-01 09:55:11.347320,0.31868559644790767,lstm
USR-000158,EVT-0022750,2026-07-01 09:55:39.635871,0.6215823463554403,lstm
USR-000009,EVT-0022751,2026-07-01 09:57:41.330747,0.5039415003968574,lstm
DEV-000026,EVT-0022752,2026-07-01 09:58:32.418631,0.4256661899771925,lstm
USR-000022,EVT-0022753,2026-07-01 09:58:37.394283,0.5000424369220389,lstm
USR-000206,EVT-0022754,2026-07-01 09:58:46.550751,0.28449833320652806,lstm
USR-000076,EVT-0022755,2026-07-01 10:00:12.508584,0.6526643547826001,lstm
USR-000133,EVT-0022756,2026-07-01 10:01:10.621596,0.3817898972296982,lstm
USR-000139,EVT-0022757,2026-07-01 10:01:25.447179,0.549693085444875,lstm
SVC-000053,EVT-0022758,2026-07-01 10:02:58.621028,0.36150951950670795,lstm
SVC-000024,EVT-0022759,2026-07-01 10:04:47.581667,0.5186355450239989,lstm
USR-000102,EVT-0022760,2026-07-01 10:05:05.431787,0.7069856504463958,lstm
USR-000016,EVT-0022761,2026-07-01 10:05:26.920547,0.33212142667058747,lstm
USR-000133,EVT-0022762,2026-07-01 10:06:32.839469,0.47564796044061775,lstm
USR-000169,EVT-0022763,2026-07-01 10:06:57.209496,1.0,lstm
USR-000076,EVT-0022764,2026-07-01 10:08:32.743548,0.5818646557736111,lstm
USR-000062,EVT-0022765,2026-07-01 10:08:43.176340,0.4665783376432681,lstm
SVC-000053,EVT-0022766,2026-07-01 10:09:41.070803,0.44932343725789914,lstm
USR-000206,EVT-0022767,2026-07-01 10:10:31.439244,0.31056930234724894,lstm
DEV-000026,EVT-0022768,2026-07-01 10:11:34.339264,0.369382145146349,lstm
USR-000072,EVT-0022769,2026-07-01 10:14:05.873977,0.9973966151901954,lstm
USR-000151,EVT-0022770,2026-07-01 10:17:04.155516,0.3656733931668777,lstm
SVC-000013,EVT-0022771,2026-07-01 10:18:48.687189,0.4168393508285858,lstm
SVC-000013,EVT-0022772,2026-07-01 10:20:02.734977,0.6373196196113792,lstm
USR-000137,EVT-0022773,2026-07-01 10:20:03.337817,0.3665805559606377,lstm
SVC-000008,EVT-0022774,2026-07-01 10:20:17.269704,0.4430790372904119,lstm
SVC-000013,EVT-0022775,2026-07-01 10:22:34.255423,0.3796096968147681,lstm
DEV-000004,EVT-0022776,2026-07-01 10:23:36.742759,0.5324656806894359,lstm
SVC-000008,EVT-0022777,2026-07-01 10:24:24.660950,0.7307904892728624,lstm
USR-000105,EVT-0022778,2026-07-01 10:25:00.227569,0.5652853951278377,lstm
USR-000120,EVT-0022779,2026-07-01 10:25:29.595889,0.6823690711079308,lstm
SVC-000013,EVT-0022780,2026-07-01 10:27:02.283195,0.5324337267919919,lstm
SVC-000013,EVT-0022781,2026-07-01 10:27:09.912947,0.5446397199076832,lstm
USR-000135,EVT-0022782,2026-07-01 10:27:11.192546,0.21242502525331713,lstm
USR-000048,EVT-0022783,2026-07-01 10:27:21.022265,0.5958096542931034,lstm
SVC-000053,EVT-0022784,2026-07-01 10:28:13.918725,0.3660662064657443,lstm
SVC-000024,EVT-0022785,2026-07-01 10:28:17.922461,0.4961702258455735,lstm
USR-000072,EVT-0022786,2026-07-01 10:29:37.448602,0.9379464684002505,lstm
SVC-000013,EVT-0022787,2026-07-01 10:29:46.469415,0.8846183244070499,lstm
DEV-000010,EVT-0022788,2026-07-01 10:30:14.899853,0.51467316779623,lstm
USR-000114,EVT-0022789,2026-07-01 10:36:23.052358,0.472009979152212,lstm
SVC-000013,EVT-0022790,2026-07-01 10:36:24.352383,0.25392348392236874,lstm
USR-000042,EVT-0022791,2026-07-01 10:36:35.751196,0.4789589827740341,lstm
SVC-000024,EVT-0022792,2026-07-01 10:39:01.908611,0.42706292039256527,lstm
SVC-000008,EVT-0022793,2026-07-01 10:39:39.841788,0.5912835130753127,lstm
USR-000111,EVT-0022794,2026-07-01 10:41:14.411741,0.6411142027452964,lstm
DEV-000019,EVT-0022795,2026-07-01 10:41:16.409501,0.6301665039150744,lstm
SVC-000013,EVT-0022796,2026-07-01 10:42:51.880254,0.5349996605908178,lstm
SVC-000039,EVT-0022797,2026-07-01 10:43:54.513554,0.3959326325096872,lstm
USR-000161,EVT-0022798,2026-07-01 10:44:39.691943,0.6474663855139161,baseline_fallback
USR-000014,EVT-0022799,2026-07-01 10:45:18.673528,0.5466900736908247,lstm
SVC-000008,EVT-0022800,2026-07-01 10:45:47.519085,0.5632735978523766,lstm
SVC-000053,EVT-0022801,2026-07-01 10:47:44.912192,0.41989857510349243,lstm
SVC-000050,EVT-0022802,2026-07-01 10:49:30.150807,0.9525920663830453,lstm
USR-000209,EVT-0022803,2026-07-01 10:51:01.458761,0.5758275025748433,lstm
SVC-000008,EVT-0022804,2026-07-01 10:52:50.447257,0.3915016021090262,lstm
DEV-000006,EVT-0022805,2026-07-01 10:53:19.989384,0.7360430592090237,lstm
USR-000050,EVT-0022806,2026-07-01 10:53:36.794738,0.8503773749924376,lstm
USR-000031,EVT-0022807,2026-07-01 10:53:43.432413,0.25020945404300304,lstm
SVC-000008,EVT-0022808,2026-07-01 10:54:47.185542,0.8554525122220241,lstm
USR-000061,EVT-0022809,2026-07-01 10:55:10.510274,0.6478691470448965,lstm
USR-000169,EVT-0022810,2026-07-01 10:55:58.483556,0.8784122180485409,lstm
USR-000080,EVT-0022811,2026-07-01 10:56:10.678008,0.9595906999141626,lstm
SVC-000039,EVT-0022812,2026-07-01 10:57:49.733755,0.3388309172118336,lstm
SVC-000053,EVT-0022813,2026-07-01 10:58:08.944466,0.3292713567432191,lstm
USR-000017,EVT-0022814,2026-07-01 10:59:17.770341,0.45698491381018774,lstm
SVC-000021,EVT-0022815,2026-07-01 10:59:22.725847,0.9914765293642931,lstm
SVC-000001,EVT-0022816,2026-07-01 11:00:41.769493,0.37202593313316734,lstm
SVC-000024,EVT-0022817,2026-07-01 11:01:05.981356,0.34969158642891385,lstm
DEV-000003,EVT-0022818,2026-07-01 11:02:06.803177,0.7482101707731557,lstm
USR-000029,EVT-0022819,2026-07-01 11:02:08.459809,0.30087097137150165,lstm
SVC-000013,EVT-0022820,2026-07-01 11:03:33.247609,0.5950213601359712,lstm
USR-000014,EVT-0022821,2026-07-01 11:04:23.714924,0.67993539145782,lstm
DEV-000016,EVT-0022822,2026-07-01 11:05:32.271839,0.23682628196511663,lstm
USR-000178,EVT-0022823,2026-07-01 11:05:57.045744,0.29315876626723636,lstm
USR-000076,EVT-0022824,2026-07-01 11:06:13.384839,0.462221832168524,lstm
USR-000051,EVT-0022825,2026-07-01 11:07:42.901504,0.2871634801817652,lstm
USR-000194,EVT-0022826,2026-07-01 11:09:22.886427,0.3403687434137269,lstm
USR-000118,EVT-0022827,2026-07-01 11:09:40.079492,0.837047634835331,lstm
SVC-000013,EVT-0022828,2026-07-01 11:09:55.237434,0.48494345307800424,lstm
USR-000181,EVT-0022829,2026-07-01 11:10:02.337417,0.6323046467004008,lstm
SVC-000001,EVT-0022830,2026-07-01 11:11:27.953900,0.3917775243058828,lstm
USR-000091,EVT-0022831,2026-07-01 11:14:01.298942,0.3867119311177808,lstm
USR-000042,EVT-0022832,2026-07-01 11:15:08.563113,0.276730149865925,lstm
USR-000021,EVT-0022833,2026-07-01 11:15:48.548327,0.8012526968361345,lstm
USR-000081,EVT-0022834,2026-07-01 11:15:59.989151,0.47373332989057904,lstm
USR-000054,EVT-0022835,2026-07-01 11:16:04.622606,0.4738267677294359,lstm
USR-000039,EVT-0022836,2026-07-01 11:16:13.651370,0.2969835991443888,lstm
SVC-000001,EVT-0022837,2026-07-01 11:16:49.591024,0.4576146488354218,lstm
SVC-000050,EVT-0022838,2026-07-01 11:18:01.093355,0.9698391042962184,lstm
SVC-000053,EVT-0022839,2026-07-01 11:18:13.778988,0.7545636684755748,lstm
SVC-000008,EVT-0022840,2026-07-01 11:20:55.745385,0.5163214904011275,lstm
SVC-000008,EVT-0022841,2026-07-01 11:21:25.362612,0.9146194290947628,lstm
USR-000054,EVT-0022842,2026-07-01 11:21:34.686371,0.7802818569012271,lstm
USR-000168,EVT-0022843,2026-07-01 11:22:02.069433,0.3586896468259523,lstm
USR-000021,EVT-0022844,2026-07-01 11:22:11.323167,0.7223344862515665,lstm
USR-000133,EVT-0022845,2026-07-01 11:22:42.026490,0.2690350579661962,lstm
USR-000028,EVT-0022846,2026-07-01 11:22:51.152900,0.5755820824850025,lstm
USR-000136,EVT-0022847,2026-07-01 11:23:58.743117,0.9824065856789291,lstm
USR-000133,EVT-0022848,2026-07-01 11:24:47.840433,0.35976534103971974,lstm
USR-000170,EVT-0022849,2026-07-01 11:25:34.354863,0.692851480657974,lstm
USR-000151,EVT-0022850,2026-07-01 11:29:09.567338,0.3802445483127222,lstm
SVC-000008,EVT-0022851,2026-07-01 11:29:46.376754,0.4819325864897223,lstm
SVC-000001,EVT-0022852,2026-07-01 11:29:59.054258,0.30073586654334505,lstm
USR-000111,EVT-0022853,2026-07-01 11:33:36.669508,0.5181682829396902,lstm
USR-000054,EVT-0022854,2026-07-01 11:33:36.913156,0.9226554132665062,lstm
SVC-000050,EVT-0022855,2026-07-01 11:42:40.956234,0.8344724515213112,lstm
SVC-000001,EVT-0022856,2026-07-01 11:43:03.499765,0.24824230053848118,lstm
USR-000104,EVT-0022857,2026-07-01 11:44:46.940986,0.5879345201045472,lstm
SVC-000053,EVT-0022858,2026-07-01 11:45:33.601631,0.4407858872500098,lstm
USR-000171,EVT-0022859,2026-07-01 11:47:11.940590,0.5609249247462932,lstm
USR-000111,EVT-0022860,2026-07-01 11:47:21.953136,0.8806710960981025,lstm
SVC-000008,EVT-0022861,2026-07-01 11:48:05.348602,0.5246571340825543,lstm
USR-000105,EVT-0022862,2026-07-01 11:48:56.559167,0.6693026902995589,lstm
USR-000034,EVT-0022863,2026-07-01 11:49:26.127704,0.3069548187654581,baseline_fallback
USR-000205,EVT-0022864,2026-07-01 11:50:26.413761,0.3896739756555113,lstm
USR-000022,EVT-0022865,2026-07-01 11:51:19.117526,0.4730428546571344,lstm
USR-000005,EVT-0022866,2026-07-01 11:52:12.473285,0.5483445227229886,lstm
USR-000143,EVT-0022867,2026-07-01 11:55:18.810034,0.5209665543750025,lstm
USR-000194,EVT-0022868,2026-07-01 11:57:01.539292,0.2734709682330686,lstm
USR-000018,EVT-0022869,2026-07-01 11:57:36.146447,0.929816310882494,lstm
USR-000194,EVT-0022870,2026-07-01 11:57:55.178706,0.5811596737219635,lstm
USR-000037,EVT-0022871,2026-07-01 11:58:20.150561,0.647159449207555,lstm
USR-000166,EVT-0022872,2026-07-01 12:01:13.320682,0.4455858654241431,lstm
DEV-000015,EVT-0022873,2026-07-01 12:02:16.241769,0.3186390751490157,lstm
USR-000051,EVT-0022874,2026-07-01 12:02:33.862622,0.27572332933030935,lstm
USR-000168,EVT-0022875,2026-07-01 12:02:58.835132,0.34328880084124946,lstm
USR-000039,EVT-0022876,2026-07-01 12:03:17.339818,0.2913712677767128,lstm
USR-000133,EVT-0022877,2026-07-01 12:03:26.444184,0.27756869964380665,lstm
SVC-000034,EVT-0022878,2026-07-01 12:05:04.146397,0.8776410605269103,lstm
USR-000064,EVT-0022879,2026-07-01 12:05:10.017951,0.3347199417531041,lstm
USR-000053,EVT-0022880,2026-07-01 12:07:45.451855,0.5573593617860132,lstm
USR-000171,EVT-0022881,2026-07-01 12:08:25.886631,0.9556648591249517,lstm
USR-000016,EVT-0022882,2026-07-01 12:08:37.294592,0.24513134619027127,lstm
USR-000051,EVT-0022883,2026-07-01 12:08:56.023352,0.5362659892505414,lstm
SVC-000053,EVT-0022884,2026-07-01 12:11:00.571900,0.43120956136953137,lstm
SVC-000017,EVT-0022885,2026-07-01 12:11:51.920455,0.9882891590024365,lstm
USR-000167,EVT-0022886,2026-07-01 12:12:33.045131,0.5843230938271268,lstm
SVC-000034,EVT-0022887,2026-07-01 12:12:59.434948,0.38242094630875423,lstm
USR-000002,EVT-0022888,2026-07-01 12:13:18.526118,0.9385919786982279,lstm
USR-000151,EVT-0022889,2026-07-01 12:13:20.363750,0.2618617074148707,lstm
USR-000048,EVT-0022890,2026-07-01 12:13:43.186383,0.32716925901407956,lstm
SVC-000053,EVT-0022891,2026-07-01 12:14:18.296337,0.46255322402195825,lstm
USR-000118,EVT-0022892,2026-07-01 12:14:39.442532,0.6519674328982303,lstm
SVC-000008,EVT-0022893,2026-07-01 12:15:31.128582,0.43221124134706446,lstm
USR-000171,EVT-0022894,2026-07-01 12:16:48.827987,0.5146710079638762,lstm
USR-000063,EVT-0022895,2026-07-01 12:17:28.428761,0.6702033361588043,lstm
USR-000110,EVT-0022896,2026-07-01 12:21:44.791171,0.7739942941918702,lstm
USR-000169,EVT-0022897,2026-07-01 12:22:04.750697,0.8491561301895288,lstm
USR-000162,EVT-0022898,2026-07-01 12:22:10.978312,0.37905959375746023,lstm
USR-000029,EVT-0022899,2026-07-01 12:23:41.039960,0.25079244100338627,lstm
USR-000054,EVT-0022900,2026-07-01 12:24:49.265061,0.6199517606566233,lstm
SVC-000001,EVT-0022901,2026-07-01 12:25:12.674442,0.25843719880854754,lstm
USR-000169,EVT-0022902,2026-07-01 12:25:29.102886,0.8547391751130518,lstm
USR-000040,EVT-0022903,2026-07-01 12:26:08.492626,0.9174952876873228,lstm
DEV-000013,EVT-0022904,2026-07-01 12:26:13.479571,0.6141075571705412,lstm
SVC-000039,EVT-0022905,2026-07-01 12:26:54.977423,0.48500083102036745,lstm
USR-000046,EVT-0022906,2026-07-01 12:26:55.054975,0.6391022067688468,lstm
USR-000087,EVT-0022907,2026-07-01 12:28:54.953371,0.4277718975666909,lstm
USR-000169,EVT-0022908,2026-07-01 12:29:47.764455,0.7987126313781122,lstm
USR-000175,EVT-0022909,2026-07-01 12:31:20.190719,0.4849550683393455,lstm
DEV-000006,EVT-0022910,2026-07-01 12:32:26.997959,0.5057836115934833,lstm
SVC-000001,EVT-0022911,2026-07-01 12:32:31.376975,0.2743796786370774,lstm
SVC-000050,EVT-0022912,2026-07-01 12:37:34.571877,0.8106798520650353,lstm
DEV-000003,EVT-0022913,2026-07-01 12:37:43.205275,0.7243863616398698,lstm
USR-000017,EVT-0022914,2026-07-01 12:38:15.275603,0.6045010005180111,lstm
SVC-000034,EVT-0022915,2026-07-01 12:38:15.482606,0.24793560766979664,lstm
USR-000157,EVT-0022916,2026-07-01 12:38:16.831337,0.3320252331710021,lstm
USR-000004,EVT-0022917,2026-07-01 12:41:39.944837,0.5216531925623857,lstm
SVC-000021,EVT-0022918,2026-07-01 12:42:28.828963,0.6546404725018113,lstm
USR-000162,EVT-0022919,2026-07-01 12:42:54.343997,0.3964029054188027,lstm
USR-000132,EVT-0022920,2026-07-01 12:43:02.158738,0.4571227736630257,lstm
USR-000168,EVT-0022921,2026-07-01 12:43:06.687342,0.37938098322005465,lstm
SVC-000001,EVT-0022922,2026-07-01 12:43:38.976613,0.33803001569101865,lstm
USR-000164,EVT-0022923,2026-07-01 12:44:39.288354,0.8298998828014698,lstm
SVC-000034,EVT-0022924,2026-07-01 12:44:57.197096,0.5145483632391041,lstm
USR-000169,EVT-0022925,2026-07-01 12:45:34.994848,0.5102067037337229,lstm
USR-000062,EVT-0022926,2026-07-01 12:46:19.561537,0.26738477296537905,lstm
DEV-000002,EVT-0022927,2026-07-01 12:46:47.151238,0.6387200141387293,lstm
USR-000005,EVT-0022928,2026-07-01 12:46:54.472416,0.3632917340644199,lstm
USR-000198,EVT-0022929,2026-07-01 12:47:13.798866,0.6277932012903016,lstm
USR-000043,EVT-0022930,2026-07-01 12:47:37.222960,0.42404840187442916,lstm
USR-000105,EVT-0022931,2026-07-01 12:49:49.270746,0.45135756576537994,lstm
USR-000135,EVT-0022932,2026-07-01 12:50:56.260833,0.311394920075364,lstm
USR-000194,EVT-0022933,2026-07-01 12:51:34.076299,0.2641098136449268,lstm
USR-000176,EVT-0022934,2026-07-01 12:52:55.314214,0.7373823546945768,lstm
USR-000183,EVT-0022935,2026-07-01 12:54:24.764914,0.7579779739529943,lstm
USR-000079,EVT-0022936,2026-07-01 12:55:18.154460,0.49863436891554164,lstm
SVC-000008,EVT-0022937,2026-07-01 12:55:25.190232,0.6146143815000886,lstm
USR-000157,EVT-0022938,2026-07-01 12:55:32.986521,0.43300951901340945,lstm
SVC-000021,EVT-0022939,2026-07-01 12:57:50.355982,0.5808791436650826,lstm
SVC-000027,EVT-0022940,2026-07-01 12:58:20.243872,0.999723593207479,lstm
USR-000176,EVT-0022941,2026-07-01 12:59:08.559895,0.7314957335682628,lstm
SVC-000050,EVT-0022942,2026-07-01 12:59:23.175990,0.5906394891296612,lstm
USR-000002,EVT-0022943,2026-07-01 13:00:33.062961,0.746790860725139,lstm
SVC-000021,EVT-0022944,2026-07-01 13:02:34.791960,0.8396971341705948,lstm
USR-000205,EVT-0022945,2026-07-01 13:02:45.418677,0.2735970328416423,lstm
SVC-000008,EVT-0022946,2026-07-01 13:02:46.255331,0.5329458350739136,lstm
SVC-000053,EVT-0022947,2026-07-01 13:02:51.291555,0.6792816419928689,lstm
USR-000176,EVT-0022948,2026-07-01 13:04:09.188684,0.6273673021972213,lstm
USR-000042,EVT-0022949,2026-07-01 13:04:28.044399,0.303332717124374,lstm
USR-000115,EVT-0022950,2026-07-01 13:04:41.298316,0.31926549598452775,lstm
USR-000024,EVT-0022951,2026-07-01 13:05:00.325873,0.8475744132463231,lstm
SVC-000021,EVT-0022952,2026-07-01 13:05:03.908640,0.6317214265403936,lstm
USR-000061,EVT-0022953,2026-07-01 13:05:43.492342,0.30510053314750335,lstm
USR-000043,EVT-0022954,2026-07-01 13:06:34.262626,0.41496651540140217,lstm
USR-000110,EVT-0022955,2026-07-01 13:07:59.225903,0.5375605776449177,lstm
USR-000046,EVT-0022956,2026-07-01 13:08:31.987122,0.5218167996699808,lstm
USR-000178,EVT-0022957,2026-07-01 13:10:55.624065,0.24291455005651383,lstm
SVC-000034,EVT-0022958,2026-07-01 13:11:15.575394,0.3662554276764076,lstm
SVC-000017,EVT-0022959,2026-07-01 13:11:22.961929,0.48807086396872895,lstm
USR-000023,EVT-0022960,2026-07-01 13:11:51.875436,0.5593593589202336,lstm
USR-000028,EVT-0022961,2026-07-01 13:12:51.269892,0.3068469575482755,lstm
USR-000028,EVT-0022962,2026-07-01 13:13:33.126537,0.6208336352874838,lstm
SVC-000034,EVT-0022963,2026-07-01 13:14:24.677855,0.7137836341777432,lstm
SVC-000053,EVT-0022964,2026-07-01 13:14:32.357791,0.509196267353657,lstm
USR-000021,EVT-0022965,2026-07-01 13:14:45.702647,0.32236391123089786,lstm
USR-000157,EVT-0022966,2026-07-01 13:16:31.991128,0.36717335236757054,lstm
USR-000206,EVT-0022967,2026-07-01 13:16:46.721557,0.32350413114977494,lstm
SVC-000017,EVT-0022968,2026-07-01 13:17:14.211878,0.7671035462400968,lstm
SVC-000017,EVT-0022969,2026-07-01 13:17:32.451170,0.935585388767957,lstm
SVC-000008,EVT-0022970,2026-07-01 13:18:05.391858,0.43507438522122377,lstm
USR-000017,EVT-0022971,2026-07-01 13:18:06.883298,0.5620908696415742,lstm
SVC-000021,EVT-0022972,2026-07-01 13:21:59.757677,0.3788632741608078,lstm
DEV-000002,EVT-0022973,2026-07-01 13:23:46.143538,0.314008214351393,lstm
USR-000067,EVT-0022974,2026-07-01 13:24:00.500833,0.5324017337811617,lstm
USR-000024,EVT-0022975,2026-07-01 13:24:15.475052,0.5054225022191013,lstm
SVC-000021,EVT-0022976,2026-07-01 13:24:46.170356,0.3381584894127276,lstm
SVC-000050,EVT-0022977,2026-07-01 13:25:32.778007,0.5168418360416603,lstm
USR-000193,EVT-0022978,2026-07-01 13:25:55.176805,0.5955758115777481,lstm
USR-000181,EVT-0022979,2026-07-01 13:27:23.254115,0.6211436456874141,lstm
SVC-000021,EVT-0022980,2026-07-01 13:28:04.958363,0.5993382654694837,lstm
SVC-000017,EVT-0022981,2026-07-01 13:28:42.805883,0.5567077750042286,lstm
SVC-000021,EVT-0022982,2026-07-01 13:29:16.156992,0.6426732040274639,lstm
DEV-000004,EVT-0022983,2026-07-01 13:29:32.743135,0.3082672344034372,lstm
SVC-000034,EVT-0022984,2026-07-01 13:29:44.715123,0.4158281493246853,lstm
USR-000193,EVT-0022985,2026-07-01 13:30:34.004457,0.7743217127455072,lstm
USR-000062,EVT-0022986,2026-07-01 13:31:43.376590,0.2424920330934363,lstm
USR-000077,EVT-0022987,2026-07-01 13:32:51.113731,0.6778272926088263,lstm
USR-000101,EVT-0022988,2026-07-01 13:33:04.766123,0.6915301104993287,lstm
DEV-000023,EVT-0022989,2026-07-01 13:33:18.400950,0.5020983283012661,lstm
USR-000037,EVT-0022990,2026-07-01 13:33:36.880921,0.4701643302640136,lstm
USR-000178,EVT-0022991,2026-07-01 13:33:47.791011,0.2564977196685541,lstm
USR-000151,EVT-0022992,2026-07-01 13:33:56.493418,0.2549024289824858,lstm
SVC-000050,EVT-0022993,2026-07-01 13:34:09.729428,0.4055804708082326,lstm
DEV-000019,EVT-0022994,2026-07-01 13:34:33.944368,0.4055003119757877,lstm
USR-000043,EVT-0022995,2026-07-01 13:35:15.445869,0.6073526287299583,lstm
USR-000161,EVT-0022996,2026-07-01 13:35:16.587024,0.7380061738629274,lstm
USR-000024,EVT-0022997,2026-07-01 13:35:49.037869,0.4411597944714623,lstm
USR-000062,EVT-0022998,2026-07-01 13:37:42.760512,0.3944403383179142,lstm
USR-000136,EVT-0022999,2026-07-01 13:38:16.486147,0.8516149552671396,lstm
USR-000139,EVT-0023000,2026-07-01 13:40:39.061227,0.4602100093494476,lstm
SVC-000021,EVT-0023001,2026-07-01 13:43:39.011084,0.5233813634599717,lstm
SVC-000026,EVT-0023002,2026-07-01 13:43:46.869625,0.9674792835543468,lstm
USR-000105,EVT-0023003,2026-07-01 13:44:38.226338,0.6419229230927898,lstm
USR-000115,EVT-0023004,2026-07-01 13:46:08.519402,0.25673177488513094,lstm
SVC-000017,EVT-0023005,2026-07-01 13:47:18.741524,0.6507302452543476,lstm
USR-000073,EVT-0023006,2026-07-01 13:47:24.261818,0.3141697587225207,lstm
USR-000135,EVT-0023007,2026-07-01 13:47:48.757657,0.32119169542968473,lstm
USR-000040,EVT-0023008,2026-07-01 13:48:28.043293,0.611490729615485,lstm
USR-000046,EVT-0023009,2026-07-01 13:49:10.123675,0.305730623610903,lstm
SVC-000050,EVT-0023010,2026-07-01 13:50:34.116629,0.2948034216175663,lstm
SVC-000021,EVT-0023011,2026-07-01 13:50:43.148912,0.6376459222396054,lstm
USR-000147,EVT-0023012,2026-07-01 13:52:01.232825,0.3561755709778238,lstm
SVC-000027,EVT-0023013,2026-07-01 13:53:42.269569,0.8875852066410513,lstm
USR-000101,EVT-0023014,2026-07-01 13:55:42.508694,0.4171523389234214,lstm
SVC-000026,EVT-0023015,2026-07-01 13:55:59.368107,0.8487694886397147,lstm
SVC-000017,EVT-0023016,2026-07-01 13:58:22.377989,0.6600316628256391,lstm
SVC-000053,EVT-0023017,2026-07-01 13:58:35.724543,0.6649290085334587,lstm
USR-000024,EVT-0023018,2026-07-01 13:59:01.393820,0.3458484381800912,lstm
SVC-000022,EVT-0023019,2026-07-01 13:59:01.443040,0.9493756957620851,lstm
DEV-000021,EVT-0023020,2026-07-01 14:00:50.042085,0.8197955263851723,lstm
SVC-000017,EVT-0023021,2026-07-01 14:01:26.744899,0.7495526493232775,lstm
SVC-000017,EVT-0023022,2026-07-01 14:02:24.291186,0.8504667120302123,lstm
SVC-000050,EVT-0023023,2026-07-01 14:05:33.159153,0.31798378543097966,lstm
SVC-000028,EVT-0023024,2026-07-01 14:05:35.562092,0.9879054711150079,lstm
USR-000205,EVT-0023025,2026-07-01 14:07:12.850865,0.3112484496322208,lstm
USR-000149,EVT-0023026,2026-07-01 14:08:12.394007,0.6461365548979051,lstm
USR-000118,EVT-0023027,2026-07-01 14:08:27.514107,0.5735275914302209,lstm
SVC-000027,EVT-0023028,2026-07-01 14:10:37.025556,0.7278185557677221,lstm
SVC-000001,EVT-0023029,2026-07-01 14:12:36.894236,0.40436662226115255,lstm
SVC-000027,EVT-0023030,2026-07-01 14:13:16.451954,0.9547164311963134,lstm
USR-000053,EVT-0023031,2026-07-01 14:13:39.495027,0.40582250453875696,lstm
SVC-000049,EVT-0023032,2026-07-01 14:13:47.367720,0.8358683700035232,lstm
SVC-000022,EVT-0023033,2026-07-01 14:14:46.812287,0.4242057722153203,lstm
SVC-000028,EVT-0023034,2026-07-01 14:14:55.131331,0.7082051581627583,lstm
USR-000054,EVT-0023035,2026-07-01 14:15:40.499072,0.584012266838224,lstm
USR-000193,EVT-0023036,2026-07-01 14:15:52.113426,0.5089385102894123,lstm
DEV-000018,EVT-0023037,2026-07-01 14:16:12.770900,0.7384594836700016,lstm
USR-000137,EVT-0023038,2026-07-01 14:18:37.859477,0.3743494264934265,lstm
USR-000077,EVT-0023039,2026-07-01 14:18:45.306028,0.4018775013393939,lstm
USR-000171,EVT-0023040,2026-07-01 14:18:56.484387,0.3875026372832323,lstm
SVC-000027,EVT-0023041,2026-07-01 14:20:51.495508,0.8285580941013605,lstm
SVC-000050,EVT-0023042,2026-07-01 14:21:37.493656,0.36901909481434403,lstm
DEV-000019,EVT-0023043,2026-07-01 14:22:29.804657,0.44819185151634294,lstm
USR-000027,EVT-0023044,2026-07-01 14:23:11.516146,0.3740790197112692,lstm
USR-000201,EVT-0023045,2026-07-01 14:23:16.196090,0.6345239092768894,lstm
SVC-000001,EVT-0023046,2026-07-01 14:25:31.313442,0.6956050147619836,lstm
USR-000035,EVT-0023047,2026-07-01 14:26:13.284221,0.5594393925310628,lstm
USR-000115,EVT-0023048,2026-07-01 14:26:32.700521,0.21541493275334375,lstm
DEV-000005,EVT-0023049,2026-07-01 14:27:40.316914,0.5412137292371391,lstm
SVC-000017,EVT-0023050,2026-07-01 14:28:34.213382,0.6160304501938685,lstm
USR-000171,EVT-0023051,2026-07-01 14:31:45.273014,0.9435041566954107,lstm
USR-000081,EVT-0023052,2026-07-01 14:32:47.708171,0.34544250181877106,lstm
USR-000035,EVT-0023053,2026-07-01 14:32:56.561887,0.4452600007360239,lstm
USR-000193,EVT-0023054,2026-07-01 14:34:04.160959,0.5225802872159441,lstm
SVC-000049,EVT-0023055,2026-07-01 14:35:02.054472,0.7581983393231488,lstm
SVC-000012,EVT-0023056,2026-07-01 14:36:20.866277,0.9626479568086297,lstm
USR-000101,EVT-0023057,2026-07-01 14:37:15.191733,0.39170371251351177,lstm
USR-000166,EVT-0023058,2026-07-01 14:39:41.870201,0.22141219613829674,lstm
DEV-000019,EVT-0023059,2026-07-01 14:39:46.307918,0.575149913153754,lstm
SVC-000012,EVT-0023060,2026-07-01 14:39:49.838422,0.4875023055327848,lstm
SVC-000022,EVT-0023061,2026-07-01 14:40:36.075438,0.3406751214405167,lstm
SVC-000028,EVT-0023062,2026-07-01 14:41:14.186164,0.43323237977424056,lstm
DEV-000012,EVT-0023063,2026-07-01 14:41:51.197500,0.3161629470194998,lstm
SVC-000001,EVT-0023064,2026-07-01 14:42:04.356591,0.3652106646530192,lstm
USR-000125,EVT-0023065,2026-07-01 14:43:45.287094,0.32329108546112695,lstm
SVC-000027,EVT-0023066,2026-07-01 14:44:09.439518,0.5589876371601998,lstm
SVC-000022,EVT-0023067,2026-07-01 14:46:40.226169,0.4173065690805503,lstm
SVC-000022,EVT-0023068,2026-07-01 14:46:54.002536,0.7282997481103824,lstm
USR-000043,EVT-0023069,2026-07-01 14:47:03.126622,0.4354358894978113,lstm
USR-000178,EVT-0023070,2026-07-01 14:47:36.944737,0.2539148386822628,lstm
USR-000146,EVT-0023071,2026-07-01 14:48:18.204590,0.4635347110464865,lstm
USR-000062,EVT-0023072,2026-07-01 14:48:42.313300,0.228779887104327,lstm
SVC-000017,EVT-0023073,2026-07-01 14:50:25.670992,0.43983605161931844,lstm
SVC-000001,EVT-0023074,2026-07-01 14:51:27.649200,0.47509533983600405,lstm
SVC-000027,EVT-0023075,2026-07-01 14:51:33.395796,0.5236357895625854,lstm
USR-000144,EVT-0023076,2026-07-01 14:51:49.422021,0.41650027460593386,lstm
SVC-000049,EVT-0023077,2026-07-01 14:52:21.171115,0.4613645732915672,lstm
SVC-000033,EVT-0023078,2026-07-01 14:52:54.304175,0.9461212234912251,lstm
USR-000144,EVT-0023079,2026-07-01 14:53:24.479781,0.5099368606678697,lstm
USR-000085,EVT-0023080,2026-07-01 14:54:43.391149,0.9959378135967968,lstm
SVC-000022,EVT-0023081,2026-07-01 14:54:47.035811,0.33450690879695694,lstm
SVC-000028,EVT-0023082,2026-07-01 14:57:16.468285,0.4281391731300269,lstm
DEV-000012,EVT-0023083,2026-07-01 14:57:33.610508,0.4539813742639983,lstm
USR-000056,EVT-0023084,2026-07-01 14:58:49.400346,0.7108096569843166,lstm
SVC-000022,EVT-0023085,2026-07-01 14:59:22.468764,0.35678136628587376,lstm
USR-000035,EVT-0023086,2026-07-01 14:59:56.278882,0.3941427400374278,lstm
USR-000017,EVT-0023087,2026-07-01 15:00:19.021474,0.6109388353001082,lstm
USR-000170,EVT-0023088,2026-07-01 15:00:38.261148,0.34711420620060734,lstm
USR-000186,EVT-0023089,2026-07-01 15:02:07.259570,0.31888745161339316,lstm
SVC-000012,EVT-0023090,2026-07-01 15:02:22.684845,0.3230095099498837,lstm
SVC-000027,EVT-0023091,2026-07-01 15:02:34.755380,0.7478145570323329,lstm
USR-000108,EVT-0023092,2026-07-01 15:02:37.764103,0.38209235789135193,lstm
USR-000160,EVT-0023093,2026-07-01 15:02:52.973846,0.6671594664662686,lstm
USR-000092,EVT-0023094,2026-07-01 15:04:26.008528,0.48513711896437406,lstm
USR-000198,EVT-0023095,2026-07-01 15:05:12.005054,0.3901504727611995,lstm
USR-000140,EVT-0023096,2026-07-01 15:05:45.581754,0.9648543618585804,lstm
USR-000056,EVT-0023097,2026-07-01 15:06:59.994694,0.7766157361403369,lstm
USR-000100,EVT-0023098,2026-07-01 15:08:49.592793,0.9996460145545011,lstm
USR-000206,EVT-0023099,2026-07-01 15:08:52.338998,0.382820868733696,lstm
USR-000037,EVT-0023100,2026-07-01 15:10:18.265025,0.27862509813502495,lstm
DEV-000005,EVT-0023101,2026-07-01 15:11:50.835032,0.529565606755622,lstm
USR-000161,EVT-0023102,2026-07-01 15:13:29.505132,0.8002509577836445,lstm
SVC-000036,EVT-0023103,2026-07-01 15:14:23.071339,0.9988011905910449,lstm
USR-000087,EVT-0023104,2026-07-01 15:15:28.363201,0.4275806022945879,lstm
DEV-000013,EVT-0023105,2026-07-01 15:15:56.365540,0.5670841660572656,lstm
USR-000087,EVT-0023106,2026-07-01 15:16:03.637186,0.7090360588926455,lstm
USR-000062,EVT-0023107,2026-07-01 15:16:38.150137,0.2954685463880792,lstm
SVC-000022,EVT-0023108,2026-07-01 15:17:05.872083,0.28662163085616377,lstm
USR-000201,EVT-0023109,2026-07-01 15:17:42.034928,0.44855471284650045,lstm
SVC-000010,EVT-0023110,2026-07-01 15:20:49.577720,0.9538325079685116,lstm
SVC-000027,EVT-0023111,2026-07-01 15:20:50.794918,0.5625990725581023,lstm
USR-000110,EVT-0023112,2026-07-01 15:23:03.332272,0.6959322190304467,lstm
SVC-000022,EVT-0023113,2026-07-01 15:23:46.579457,0.30232735599292426,lstm
USR-000110,EVT-0023114,2026-07-01 15:23:55.746142,0.9007234994102539,lstm
USR-000077,EVT-0023115,2026-07-01 15:24:41.795492,0.3258472634732788,lstm
USR-000209,EVT-0023116,2026-07-01 15:25:29.115614,0.29096681361593485,lstm
DEV-000020,EVT-0023117,2026-07-01 15:27:08.576102,0.9305543413383899,lstm
SVC-000049,EVT-0023118,2026-07-01 15:28:07.819362,0.25940699281622387,lstm
DEV-000008,EVT-0023119,2026-07-01 15:29:14.217197,0.47113019790203214,lstm
SVC-000026,EVT-0023120,2026-07-01 15:30:04.160059,0.5468631290103718,lstm
SVC-000038,EVT-0023121,2026-07-01 15:30:39.410958,0.9800625508104067,lstm
SVC-000028,EVT-0023122,2026-07-01 15:31:47.860684,0.5293694422191073,lstm
USR-000170,EVT-0023123,2026-07-01 15:32:14.745247,0.3828956206759799,lstm
USR-000086,EVT-0023124,2026-07-01 15:32:28.740591,0.3855852108414812,lstm
SVC-000028,EVT-0023125,2026-07-01 15:34:37.149900,0.759341853686711,lstm
SVC-000036,EVT-0023126,2026-07-01 15:35:08.744186,0.9728872847873247,lstm
SVC-000010,EVT-0023127,2026-07-01 15:35:16.250909,0.4950086696708985,lstm
USR-000115,EVT-0023128,2026-07-01 15:36:05.963349,0.23134089113730386,lstm
USR-000100,EVT-0023129,2026-07-01 15:36:06.482509,0.9877512697889415,lstm
SVC-000029,EVT-0023130,2026-07-01 15:36:30.389731,0.8966510248022939,lstm
SVC-000027,EVT-0023131,2026-07-01 15:36:54.754604,0.5920168252617223,lstm
SVC-000008,EVT-0023132,2026-07-01 15:37:11.566493,0.8930251479871524,lstm
SVC-000001,EVT-0023133,2026-07-01 15:37:14.684608,0.4543675859102713,lstm
USR-000198,EVT-0023134,2026-07-01 15:38:35.652888,0.28593219122609903,lstm
USR-000170,EVT-0023135,2026-07-01 15:39:15.289472,0.410406095312869,lstm
SVC-000049,EVT-0023136,2026-07-01 15:40:02.208305,0.4005581297552755,lstm
USR-000125,EVT-0023137,2026-07-01 15:40:15.411605,0.24601805748795078,lstm
SVC-000049,EVT-0023138,2026-07-01 15:40:41.066270,0.8298113170433841,lstm
USR-000175,EVT-0023139,2026-07-01 15:41:04.003502,0.44331084679718147,lstm
SVC-000001,EVT-0023140,2026-07-01 15:42:13.812551,0.6171819466181244,lstm
USR-000125,EVT-0023141,2026-07-01 15:42:25.293746,0.45928217388322184,lstm
DEV-000019,EVT-0023142,2026-07-01 15:42:57.673230,0.3964543674024355,lstm
USR-000115,EVT-0023143,2026-07-01 15:43:30.863846,0.3137809720548976,lstm
DEV-000023,EVT-0023144,2026-07-01 15:43:32.262044,0.6850706911949865,lstm
SVC-000036,EVT-0023145,2026-07-01 15:44:14.430961,0.974474382712187,lstm
USR-000040,EVT-0023146,2026-07-01 15:45:00.900555,0.7625183697618647,lstm
USR-000091,EVT-0023147,2026-07-01 15:47:05.182959,0.6059680199531682,lstm
USR-000017,EVT-0023148,2026-07-01 15:47:18.697002,0.4264540649731614,lstm
SVC-000012,EVT-0023149,2026-07-01 15:47:52.573517,0.36235351787167863,lstm
USR-000171,EVT-0023150,2026-07-01 15:51:21.364336,0.6200364596413951,lstm
SVC-000010,EVT-0023151,2026-07-01 15:53:17.914918,0.48434330871721476,lstm
DEV-000017,EVT-0023152,2026-07-01 15:53:48.845807,0.31021692680425494,lstm
USR-000040,EVT-0023153,2026-07-01 15:54:30.458605,0.385190735696814,lstm
SVC-000005,EVT-0023154,2026-07-01 15:55:30.405184,0.9135325919295966,lstm
USR-000077,EVT-0023155,2026-07-01 15:57:56.198506,0.31279520054847465,lstm
USR-000002,EVT-0023156,2026-07-01 15:58:11.437134,0.4683230515306275,lstm
SVC-000023,EVT-0023157,2026-07-01 16:00:33.935173,0.9141962729143622,lstm
USR-000193,EVT-0023158,2026-07-01 16:02:45.701034,0.4400564916971756,lstm
SVC-000033,EVT-0023159,2026-07-01 16:03:33.119848,0.6221600291199244,lstm
DEV-000013,EVT-0023160,2026-07-01 16:03:54.788730,0.48327203651813544,lstm
USR-000089,EVT-0023161,2026-07-01 16:05:07.330772,0.7565507893711005,lstm
SVC-000033,EVT-0023162,2026-07-01 16:05:49.697506,0.6138294869835635,lstm
DEV-000004,EVT-0023163,2026-07-01 16:06:01.415302,0.280557540791309,lstm
SVC-000036,EVT-0023164,2026-07-01 16:06:31.939748,0.9129388701688969,lstm
SVC-000038,EVT-0023165,2026-07-01 16:06:45.710700,0.7783032707730273,lstm
USR-000186,EVT-0023166,2026-07-01 16:07:40.384627,0.3864215915457916,lstm
SVC-000028,EVT-0023167,2026-07-01 16:07:49.955587,0.5894362970785718,lstm
USR-000101,EVT-0023168,2026-07-01 16:08:15.719877,0.2902448788866142,lstm
SVC-000033,EVT-0023169,2026-07-01 16:08:24.148095,0.5344212400753139,lstm
SVC-000036,EVT-0023170,2026-07-01 16:08:55.810537,0.8518408948702517,lstm
USR-000040,EVT-0023171,2026-07-01 16:09:31.719222,0.390713260340796,lstm
SVC-000029,EVT-0023172,2026-07-01 16:09:41.511138,0.6812119284779549,lstm
USR-000146,EVT-0023173,2026-07-01 16:13:57.674165,0.3292606358745552,lstm
DEV-000015,EVT-0023174,2026-07-01 16:14:36.921706,0.5406901216991978,lstm
USR-000017,EVT-0023175,2026-07-01 16:14:40.197321,0.40095873174457974,lstm
SVC-000001,EVT-0023176,2026-07-01 16:15:24.512213,0.5280807259831407,lstm
SVC-000005,EVT-0023177,2026-07-01 16:16:25.722021,0.8231310285379094,lstm
USR-000066,EVT-0023178,2026-07-01 16:18:48.311649,0.5058922515643433,lstm
DEV-000015,EVT-0023179,2026-07-01 16:21:26.817574,0.8409189226058184,lstm
SVC-000033,EVT-0023180,2026-07-01 16:21:45.800183,0.6093740363264905,lstm
USR-000005,EVT-0023181,2026-07-01 16:21:46.122250,0.3627560606178409,lstm
SVC-000036,EVT-0023182,2026-07-01 16:22:01.093659,0.8732622639714586,lstm
USR-000001,EVT-0023183,2026-07-01 16:22:25.055233,0.8338604339396027,lstm
SVC-000036,EVT-0023184,2026-07-01 16:22:59.036904,0.671198609490089,lstm
USR-000040,EVT-0023185,2026-07-01 16:23:23.175428,0.44973518074507374,lstm
SVC-000010,EVT-0023186,2026-07-01 16:24:24.825854,0.47490635389350455,lstm
USR-000198,EVT-0023187,2026-07-01 16:25:11.038079,0.28858593017276823,lstm
DEV-000024,EVT-0023188,2026-07-01 16:25:19.357736,0.3449769108987104,lstm
SVC-000010,EVT-0023189,2026-07-01 16:26:43.794195,0.6020019402585716,lstm
USR-000181,EVT-0023190,2026-07-01 16:29:35.596037,0.6539424463746205,lstm
SVC-000038,EVT-0023191,2026-07-01 16:30:09.123219,0.7680283625970161,lstm
SVC-000010,EVT-0023192,2026-07-01 16:31:52.908005,0.4270859931747066,lstm
DEV-000018,EVT-0023193,2026-07-01 16:32:58.813531,0.3147653808586798,lstm
SVC-000033,EVT-0023194,2026-07-01 16:34:40.726145,0.4145979318470244,lstm
USR-000192,EVT-0023195,2026-07-01 16:34:41.760065,0.40052061941331824,lstm
DEV-000002,EVT-0023196,2026-07-01 16:36:02.238438,0.2678006284816857,lstm
USR-000028,EVT-0023197,2026-07-01 16:37:44.844310,0.9321157875573437,lstm
SVC-000029,EVT-0023198,2026-07-01 16:39:12.638089,0.44017222329194083,lstm
SVC-000010,EVT-0023199,2026-07-01 16:42:41.869195,0.28335626154405513,lstm
USR-000089,EVT-0023200,2026-07-01 16:42:56.052605,0.8291739437483892,lstm
SVC-000023,EVT-0023201,2026-07-01 16:45:13.617358,0.33541382820938487,lstm
USR-000149,EVT-0023202,2026-07-01 16:46:21.271317,0.430204518843034,lstm
USR-000061,EVT-0023203,2026-07-01 16:47:53.266886,0.34042673109044885,lstm
SVC-000049,EVT-0023204,2026-07-01 16:48:32.063517,0.5316293548635429,lstm
USR-000075,EVT-0023205,2026-07-01 16:49:23.554174,0.3637232765706348,lstm
SVC-000023,EVT-0023206,2026-07-01 16:50:02.040904,0.36002447005398047,lstm
SVC-000038,EVT-0023207,2026-07-01 16:50:08.866334,0.4004221370475231,lstm
USR-000061,EVT-0023208,2026-07-01 16:50:45.904030,0.5567394669717636,lstm
SVC-000029,EVT-0023209,2026-07-01 16:50:46.340578,0.4804524138653675,lstm
USR-000077,EVT-0023210,2026-07-01 16:50:46.926044,0.30576658065246815,lstm
SVC-000033,EVT-0023211,2026-07-01 16:51:02.738534,0.6680902943185101,lstm
USR-000101,EVT-0023212,2026-07-01 16:51:55.677953,0.2824081055512324,lstm
SVC-000038,EVT-0023213,2026-07-01 16:52:33.701686,0.8879530164455876,lstm
USR-000185,EVT-0023214,2026-07-01 16:54:51.461142,0.6732219894470293,lstm
SVC-000005,EVT-0023215,2026-07-01 16:55:23.748381,0.34168912673864393,lstm
SVC-000049,EVT-0023216,2026-07-01 16:56:20.634317,0.49847915293634304,lstm
USR-000198,EVT-0023217,2026-07-01 16:57:13.451098,0.3392646649055338,lstm
SVC-000010,EVT-0023218,2026-07-01 16:57:35.909878,0.2837695206665499,lstm
DEV-000001,EVT-0023219,2026-07-01 16:58:58.167206,0.8379605496125684,lstm
USR-000005,EVT-0023220,2026-07-01 16:59:46.598182,0.4575164063515411,lstm
SVC-000038,EVT-0023221,2026-07-01 17:01:11.358697,0.9416839110898718,lstm
DEV-000016,EVT-0023222,2026-07-01 17:03:07.237576,0.31684913377771373,lstm
SVC-000033,EVT-0023223,2026-07-01 17:04:30.005581,0.745994085189063,lstm
DEV-000002,EVT-0023224,2026-07-01 17:05:03.191024,0.2662565019470687,lstm
SVC-000023,EVT-0023225,2026-07-01 17:07:34.120459,0.27355157069240066,lstm
DEV-000006,EVT-0023226,2026-07-01 17:10:13.532878,0.3516702335340114,lstm
DEV-000001,EVT-0023227,2026-07-01 17:11:11.971133,0.8187930088037659,lstm
USR-000005,EVT-0023228,2026-07-01 17:11:12.581907,0.4354535352638465,lstm
SVC-000005,EVT-0023229,2026-07-01 17:13:53.349544,0.49822471978841665,lstm
SVC-000023,EVT-0023230,2026-07-01 17:14:35.484327,0.3477565096333479,lstm
SVC-000026,EVT-0023231,2026-07-01 17:15:48.575248,0.48262354063970664,lstm
DEV-000005,EVT-0023232,2026-07-01 17:17:06.705703,0.409995388030989,lstm
SVC-000026,EVT-0023233,2026-07-01 17:22:26.300843,0.3598867675432001,lstm
SVC-000033,EVT-0023234,2026-07-01 17:23:18.453357,0.5867654260225013,lstm
USR-000089,EVT-0023235,2026-07-01 17:27:53.989667,0.7725051263427365,lstm
SVC-000029,EVT-0023236,2026-07-01 17:30:43.292056,0.40546507210770316,lstm
SVC-000023,EVT-0023237,2026-07-01 17:30:54.006304,0.28634533700234205,lstm
USR-000149,EVT-0023238,2026-07-01 17:34:57.826996,0.47641312858962204,lstm
USR-000017,EVT-0023239,2026-07-01 17:35:04.347683,0.5019411181502168,lstm
USR-000045,EVT-0023240,2026-07-01 17:37:58.258632,0.5782498641480737,lstm
USR-000183,EVT-0023241,2026-07-01 17:41:10.228682,0.5305767134048167,lstm
USR-000209,EVT-0023242,2026-07-01 17:42:41.359630,0.3149021978683726,lstm
USR-000046,EVT-0023243,2026-07-01 17:45:49.490115,0.40755155653624336,lstm
SVC-000010,EVT-0023244,2026-07-01 17:46:48.074974,0.3294886101470383,lstm
SVC-000038,EVT-0023245,2026-07-01 17:47:50.128932,0.7484398782253249,lstm
USR-000186,EVT-0023246,2026-07-01 17:47:59.812468,0.9177518986681917,lstm
DEV-000015,EVT-0023247,2026-07-01 17:48:09.704784,0.40709489478368877,lstm
USR-000104,EVT-0023248,2026-07-01 17:49:12.551012,0.442385538418512,lstm
SVC-000033,EVT-0023249,2026-07-01 17:49:53.738843,0.7329500446704378,lstm
USR-000045,EVT-0023250,2026-07-01 17:50:21.190356,0.2976408512331925,lstm
SVC-000038,EVT-0023251,2026-07-01 17:51:08.294724,0.7530658615916695,lstm
DEV-000007,EVT-0023252,2026-07-01 17:57:34.784108,0.48099296756170234,lstm
USR-000073,EVT-0023253,2026-07-01 17:58:16.212865,0.8563251393006602,lstm
SVC-000037,EVT-0023254,2026-07-01 18:03:22.434227,0.96475961655007,lstm
DEV-000023,EVT-0023255,2026-07-01 18:08:52.100708,0.7169565781490757,lstm
SVC-000010,EVT-0023256,2026-07-01 18:10:06.136167,0.35947830987387774,lstm
SVC-000038,EVT-0023257,2026-07-01 18:10:45.657737,0.6659174757464523,lstm
USR-000075,EVT-0023258,2026-07-01 18:13:39.322787,0.33805058407505983,lstm
USR-000092,EVT-0023259,2026-07-01 18:14:16.144826,0.31344351163787526,lstm
USR-000198,EVT-0023260,2026-07-01 18:16:03.674664,0.2986690918300784,lstm
SVC-000033,EVT-0023261,2026-07-01 18:18:15.850971,0.5895979709546518,lstm
SVC-000037,EVT-0023262,2026-07-01 18:18:16.459660,0.6182929800025714,lstm
USR-000017,EVT-0023263,2026-07-01 18:18:30.062814,0.34742797276352444,lstm
SVC-000044,EVT-0023264,2026-07-01 18:20:22.782255,0.9858436684214507,lstm
DEV-000002,EVT-0023265,2026-07-01 18:23:39.805926,0.15446584476536512,lstm
USR-000056,EVT-0023266,2026-07-01 18:23:49.181730,0.5630422961469193,lstm
SVC-000037,EVT-0023267,2026-07-01 18:23:50.983630,0.6133218874793948,lstm
SVC-000037,EVT-0023268,2026-07-01 18:25:14.266258,0.579745545693813,lstm
USR-000017,EVT-0023269,2026-07-01 18:26:48.639932,0.5728725485886818,lstm
USR-000117,EVT-0023270,2026-07-01 18:27:29.914633,0.6733199574235834,lstm
SVC-000044,EVT-0023271,2026-07-01 18:29:49.173526,0.48759301535470234,lstm
SVC-000004,EVT-0023272,2026-07-01 18:30:25.706642,0.9107431031356341,lstm
SVC-000052,EVT-0023273,2026-07-01 18:31:14.000596,0.9938804572565428,lstm
SVC-000037,EVT-0023274,2026-07-01 18:31:24.963332,0.4739958147835419,lstm
SVC-000037,EVT-0023275,2026-07-01 18:33:58.038211,0.4977050906803422,lstm
SVC-000044,EVT-0023276,2026-07-01 18:36:40.227859,0.7525178693409917,lstm
SVC-000044,EVT-0023277,2026-07-01 18:36:51.783581,0.8542711373615022,lstm
DEV-000005,EVT-0023278,2026-07-01 18:38:24.464422,0.3775239043941735,lstm
SVC-000033,EVT-0023279,2026-07-01 18:41:16.808442,0.7008732779591735,lstm
DEV-000014,EVT-0023280,2026-07-01 18:43:25.995989,0.5627596687938444,lstm
SVC-000026,EVT-0023281,2026-07-01 18:44:56.353920,0.8157668475823172,lstm
SVC-000004,EVT-0023282,2026-07-01 18:44:57.066126,0.5220672140107245,lstm
SVC-000023,EVT-0023283,2026-07-01 18:46:47.863646,0.32178738529733153,lstm
USR-000144,EVT-0023284,2026-07-01 18:47:30.229919,0.3917333198931405,lstm
SVC-000023,EVT-0023285,2026-07-01 18:47:36.708424,0.6505885172099385,lstm
SVC-000006,EVT-0023286,2026-07-01 18:47:43.226158,0.9999987897335038,lstm
SVC-000006,EVT-0023287,2026-07-01 18:50:00.312899,0.9962974313749435,lstm
SVC-000044,EVT-0023288,2026-07-01 18:52:08.313172,0.4330469539469945,lstm
USR-000017,EVT-0023289,2026-07-01 18:54:00.828609,0.40379655786957563,lstm
SVC-000005,EVT-0023290,2026-07-01 18:54:03.287795,0.7601399461773232,lstm
SVC-000005,EVT-0023291,2026-07-01 18:54:26.113578,0.9542417624898278,lstm
SVC-000006,EVT-0023292,2026-07-01 19:01:15.230125,0.9678851384244965,lstm
DEV-000020,EVT-0023293,2026-07-01 19:02:17.370340,0.61545761226293,lstm
SVC-000006,EVT-0023294,2026-07-01 19:03:18.068804,0.9475269504800408,lstm
USR-000028,EVT-0023295,2026-07-01 19:03:37.902477,0.6335675217962639,lstm
USR-000092,EVT-0023296,2026-07-01 19:14:42.529400,0.36642683008751087,lstm
SVC-000052,EVT-0023297,2026-07-01 19:15:34.333208,0.4258462072353694,lstm
USR-000084,EVT-0023298,2026-07-01 19:15:57.246531,0.8259258391991927,lstm
SVC-000004,EVT-0023299,2026-07-01 19:16:48.816533,0.29484353764825866,lstm
DEV-000001,EVT-0023300,2026-07-01 19:17:28.532754,0.5350501557065468,lstm
USR-000146,EVT-0023301,2026-07-01 19:17:39.719485,0.46160794933632365,lstm
SVC-000057,EVT-0023302,2026-07-01 19:22:00.938591,0.9596478376197802,lstm
SVC-000061,EVT-0023303,2026-07-01 19:24:27.227322,0.9960564401363454,lstm
SVC-000044,EVT-0023304,2026-07-01 19:25:09.773624,0.4043477625622513,lstm
SVC-000006,EVT-0023305,2026-07-01 19:26:11.304971,0.9779895017806374,lstm
SVC-000033,EVT-0023306,2026-07-01 19:26:13.146063,0.7752524549395198,lstm
SVC-000023,EVT-0023307,2026-07-01 19:29:24.938806,0.3257212980450099,lstm
SVC-000006,EVT-0023308,2026-07-01 19:29:52.857794,0.9369842705853139,lstm
SVC-000004,EVT-0023309,2026-07-01 19:30:12.524449,0.24452303545123133,lstm
SVC-000006,EVT-0023310,2026-07-01 19:30:32.744115,0.9697613048911089,lstm
SVC-000006,EVT-0023311,2026-07-01 19:30:56.875653,0.9601004104621347,lstm
SVC-000052,EVT-0023312,2026-07-01 19:31:06.311153,0.3892218594326202,lstm
SVC-000006,EVT-0023313,2026-07-01 19:31:38.588779,0.890662420873693,lstm
USR-000107,EVT-0023314,2026-07-01 19:33:47.390212,0.8827744327622439,lstm
SVC-000061,EVT-0023315,2026-07-01 19:33:56.146066,0.42253122567549456,lstm
SVC-000037,EVT-0023316,2026-07-01 19:35:27.342043,0.5118588338241064,lstm
SVC-000004,EVT-0023317,2026-07-01 19:35:59.304108,0.3180157378703755,lstm
SVC-000006,EVT-0023318,2026-07-01 19:36:10.426429,0.7691256276390045,lstm
SVC-000044,EVT-0023319,2026-07-01 19:36:14.267800,0.40360265599244954,lstm
SVC-000006,EVT-0023320,2026-07-01 19:36:34.745159,0.7628477937505413,lstm
DEV-000010,EVT-0023321,2026-07-01 19:37:05.755739,0.42314316657691153,lstm
SVC-000057,EVT-0023322,2026-07-01 19:38:32.400301,0.43587682485562795,lstm
SVC-000058,EVT-0023323,2026-07-01 19:39:22.096394,0.9648309912057856,lstm
SVC-000061,EVT-0023324,2026-07-01 19:41:20.743250,0.3489436422894588,lstm
SVC-000006,EVT-0023325,2026-07-01 19:41:34.031472,0.5589802297816112,lstm
SVC-000006,EVT-0023326,2026-07-01 19:44:14.545232,0.5166066683344825,lstm
SVC-000004,EVT-0023327,2026-07-01 19:46:22.997381,0.3086316922183522,lstm
SVC-000061,EVT-0023328,2026-07-01 19:46:40.188796,0.32294551750505596,lstm
USR-000018,EVT-0023329,2026-07-01 19:48:31.207542,0.7777242478438519,lstm
SVC-000052,EVT-0023330,2026-07-01 19:49:43.454018,0.28919403180099545,lstm
SVC-000006,EVT-0023331,2026-07-01 19:50:08.995060,0.42589424920614716,lstm
DEV-000006,EVT-0023332,2026-07-01 19:51:32.159489,0.2581690259431462,lstm
SVC-000023,EVT-0023333,2026-07-01 19:52:10.529692,0.3325836203191371,lstm
SVC-000023,EVT-0023334,2026-07-01 19:52:19.771512,0.9450860891735519,lstm
SVC-000061,EVT-0023335,2026-07-01 19:52:20.374716,0.3370583761518838,lstm
USR-000198,EVT-0023336,2026-07-01 19:54:01.765637,0.4583301363849527,lstm
SVC-000048,EVT-0023337,2026-07-01 19:55:07.537849,0.98476995998049,lstm
SVC-000048,EVT-0023338,2026-07-01 19:55:21.217079,0.818241392538794,lstm
SVC-000023,EVT-0023339,2026-07-01 19:56:10.957874,0.4570455985415977,lstm
SVC-000006,EVT-0023340,2026-07-01 19:56:13.987661,0.4339737593856097,lstm
SVC-000057,EVT-0023341,2026-07-01 19:57:07.434854,0.38539253893186864,lstm
SVC-000044,EVT-0023342,2026-07-01 19:57:37.615787,0.5069523508593472,lstm
SVC-000044,EVT-0023343,2026-07-01 19:59:26.838829,0.45754484750750307,lstm
SVC-000052,EVT-0023344,2026-07-01 20:04:08.307187,0.33725763287217597,lstm
SVC-000061,EVT-0023345,2026-07-01 20:05:56.663128,0.2617357547937408,lstm
SVC-000004,EVT-0023346,2026-07-01 20:06:27.522960,0.249472071157365,lstm
SVC-000004,EVT-0023347,2026-07-01 20:07:12.394606,0.7261173552696382,lstm
SVC-000044,EVT-0023348,2026-07-01 20:11:15.867430,0.3269453562079038,lstm
SVC-000052,EVT-0023349,2026-07-01 20:11:54.012570,0.4317501464428169,lstm
SVC-000061,EVT-0023350,2026-07-01 20:13:19.332831,0.3034261681283616,lstm
DEV-000013,EVT-0023351,2026-07-01 20:13:32.246821,0.530655011997499,lstm
SVC-000052,EVT-0023352,2026-07-01 20:15:28.871227,0.3469624290997919,lstm
USR-000045,EVT-0023353,2026-07-01 20:17:35.401067,0.3405056281888001,lstm
SVC-000052,EVT-0023354,2026-07-01 20:18:22.227939,0.3636344124439808,lstm
SVC-000061,EVT-0023355,2026-07-01 20:19:15.693018,0.4347058730407416,lstm
USR-000201,EVT-0023356,2026-07-01 20:19:33.587233,0.6800127034535168,lstm
SVC-000037,EVT-0023357,2026-07-01 20:19:49.144156,0.4951926420579372,lstm
DEV-000011,EVT-0023358,2026-07-01 20:19:54.311425,0.60578462419841,lstm
SVC-000044,EVT-0023359,2026-07-01 20:20:12.178056,0.5342562405574625,lstm
SVC-000061,EVT-0023360,2026-07-01 20:23:34.712034,0.2919043047727748,lstm
SVC-000035,EVT-0023361,2026-07-01 20:25:04.345632,0.968900625590089,lstm
SVC-000044,EVT-0023362,2026-07-01 20:27:35.697224,0.5356724597234727,lstm
SVC-000061,EVT-0023363,2026-07-01 20:29:25.824032,0.292212991331674,lstm
USR-000149,EVT-0023364,2026-07-01 20:37:15.023988,0.746596681845245,lstm
SVC-000058,EVT-0023365,2026-07-01 20:38:07.875744,0.39069488663130886,lstm
DEV-000008,EVT-0023366,2026-07-01 20:38:39.059638,0.5740046273556385,lstm
SVC-000052,EVT-0023367,2026-07-01 20:44:23.117419,0.30547518011155517,lstm
SVC-000048,EVT-0023368,2026-07-01 20:45:23.726972,0.3508267549440259,lstm
DEV-000024,EVT-0023369,2026-07-01 20:45:24.586548,0.3762939974466172,lstm
SVC-000044,EVT-0023370,2026-07-01 20:45:59.590538,0.556270946707592,lstm
SVC-000048,EVT-0023371,2026-07-01 20:49:18.424842,0.5363255359139204,lstm
USR-000084,EVT-0023372,2026-07-01 20:49:27.140512,0.6339371391836447,lstm
SVC-000052,EVT-0023373,2026-07-01 20:50:47.962816,0.41077372351116415,lstm
SVC-000023,EVT-0023374,2026-07-01 20:52:12.239813,0.4893249893608526,lstm
DEV-000003,EVT-0023375,2026-07-01 20:52:21.744716,0.9630236027174045,lstm
USR-000110,EVT-0023376,2026-07-01 20:55:42.034492,0.7748634946536028,lstm
SVC-000052,EVT-0023377,2026-07-01 20:57:07.733172,0.35627932132995976,lstm
SVC-000035,EVT-0023378,2026-07-01 20:59:50.613467,0.50782112022446,lstm
SVC-000052,EVT-0023379,2026-07-01 21:03:57.807374,0.3950920541035411,lstm
SVC-000035,EVT-0023380,2026-07-01 21:05:12.745040,0.43040359114892585,lstm
SVC-000044,EVT-0023381,2026-07-01 21:08:18.332792,0.42536803080185004,lstm
SVC-000052,EVT-0023382,2026-07-01 21:09:04.684922,0.39217971228192583,lstm
SVC-000054,EVT-0023383,2026-07-01 21:10:44.886254,0.9966682667033725,lstm
SVC-000047,EVT-0023384,2026-07-01 21:12:36.087405,0.9982071917971457,lstm
DEV-000022,EVT-0023385,2026-07-01 21:17:47.676440,0.4255000596840854,lstm
SVC-000047,EVT-0023386,2026-07-01 21:19:05.592885,0.6009050812437268,lstm
DEV-000004,EVT-0023387,2026-07-01 21:19:22.458039,0.4887227882875305,lstm
SVC-000054,EVT-0023388,2026-07-01 21:19:55.321834,0.573602766745982,lstm
SVC-000047,EVT-0023389,2026-07-01 21:22:38.851568,0.5649572315807808,lstm
SVC-000045,EVT-0023390,2026-07-01 21:23:16.123611,0.9861374924778681,lstm
SVC-000052,EVT-0023391,2026-07-01 21:24:21.106188,0.46659574951212346,lstm
SVC-000045,EVT-0023392,2026-07-01 21:29:27.609733,0.5295927398972419,lstm
SVC-000058,EVT-0023393,2026-07-01 21:31:09.199111,0.30367603063162374,lstm
DEV-000007,EVT-0023394,2026-07-01 21:35:11.816947,0.25842789271753486,lstm
DEV-000011,EVT-0023395,2026-07-01 21:36:15.795771,0.4480002496834883,lstm
SVC-000025,EVT-0023396,2026-07-01 21:38:24.744104,0.9555704058292938,lstm
SVC-000003,EVT-0023397,2026-07-01 21:39:45.722248,0.9876097537925868,lstm
SVC-000058,EVT-0023398,2026-07-01 21:41:06.313767,0.30238584530837753,lstm
SVC-000048,EVT-0023399,2026-07-01 21:48:13.577022,0.366518214063406,lstm
SVC-000058,EVT-0023400,2026-07-01 21:48:24.050450,0.3117494138826796,lstm
DEV-000018,EVT-0023401,2026-07-01 21:51:08.199498,0.29924524518611917,lstm
SVC-000045,EVT-0023402,2026-07-01 21:53:15.275056,0.35195312867439554,lstm
DEV-000011,EVT-0023403,2026-07-01 21:54:11.149259,0.509404579074432,lstm
SVC-000054,EVT-0023404,2026-07-01 21:54:36.016359,0.5841679152467235,lstm
SVC-000045,EVT-0023405,2026-07-01 21:56:14.226134,0.5705784417369797,lstm
SVC-000047,EVT-0023406,2026-07-01 21:56:38.561430,0.3329878463099812,lstm
SVC-000045,EVT-0023407,2026-07-01 21:57:30.770175,0.8311511268487431,lstm
SVC-000003,EVT-0023408,2026-07-01 21:58:09.663963,0.5475850104768022,lstm
SVC-000048,EVT-0023409,2026-07-01 21:59:03.308747,0.4267052482299612,lstm
SVC-000047,EVT-0023410,2026-07-01 21:59:41.961122,0.46197507213365646,lstm
DEV-000022,EVT-0023411,2026-07-01 22:02:36.079352,0.4485892148410549,lstm
DEV-000011,EVT-0023412,2026-07-01 22:02:38.136307,0.6945575259694853,lstm
SVC-000035,EVT-0023413,2026-07-01 22:02:39.635798,0.4604400299206476,lstm
SVC-000035,EVT-0023414,2026-07-01 22:06:25.874096,0.5842982832178605,lstm
DEV-000001,EVT-0023415,2026-07-01 22:07:44.112027,0.3562399450581448,lstm
SVC-000054,EVT-0023416,2026-07-01 22:09:22.912767,0.41565676678315655,lstm
SVC-000047,EVT-0023417,2026-07-01 22:10:12.390862,0.556341661260639,lstm
SVC-000045,EVT-0023418,2026-07-01 22:10:14.992753,0.38672538524178035,lstm
USR-000124,EVT-0023419,2026-07-01 22:11:26.777924,0.4813194257903966,lstm
SVC-000002,EVT-0023420,2026-07-01 22:11:48.453820,0.9759340840741216,lstm
SVC-000052,EVT-0023421,2026-07-01 22:12:35.222140,0.4173197173741881,lstm
SVC-000041,EVT-0023422,2026-07-01 22:12:58.031609,0.9973452454776686,lstm
DEV-000006,EVT-0023423,2026-07-01 22:14:00.019662,0.24603240611284702,lstm
SVC-000035,EVT-0023424,2026-07-01 22:14:39.109859,0.3070597287583927,lstm
DEV-000011,EVT-0023425,2026-07-01 22:16:54.558214,0.3562572552764438,lstm
DEV-000001,EVT-0023426,2026-07-01 22:17:13.899758,0.4134243795115581,lstm
SVC-000048,EVT-0023427,2026-07-01 22:18:09.478925,0.710198659011824,lstm
DEV-000020,EVT-0023428,2026-07-01 22:18:54.255957,0.6512881583415097,lstm
SVC-000025,EVT-0023429,2026-07-01 22:21:56.458169,0.34314226465062597,lstm
SVC-000032,EVT-0023430,2026-07-01 22:24:00.406864,0.9927805734627585,lstm
SVC-000041,EVT-0023431,2026-07-01 22:25:17.964467,0.778185506819249,lstm
SVC-000054,EVT-0023432,2026-07-01 22:26:05.589850,0.3204277131275341,lstm
SVC-000002,EVT-0023433,2026-07-01 22:28:49.010574,0.354542448320229,lstm
SVC-000035,EVT-0023434,2026-07-01 22:29:36.112394,0.3958690817558145,lstm
DEV-000013,EVT-0023435,2026-07-01 22:32:31.569876,0.5575037538066131,lstm
SVC-000032,EVT-0023436,2026-07-01 22:32:41.612447,0.32733714187182295,lstm
SVC-000025,EVT-0023437,2026-07-01 22:33:23.040886,0.2590345608142718,lstm
SVC-000002,EVT-0023438,2026-07-01 22:36:48.628040,0.2614070666654209,lstm
SVC-000045,EVT-0023439,2026-07-01 22:37:20.190972,0.35586315955565256,lstm
DEV-000003,EVT-0023440,2026-07-01 22:38:17.202410,0.8654697662833093,lstm
SVC-000002,EVT-0023441,2026-07-01 22:43:11.596909,0.3466961263634193,lstm
DEV-000013,EVT-0023442,2026-07-01 22:44:45.022893,0.6593662856865483,lstm
SVC-000003,EVT-0023443,2026-07-01 22:46:15.606706,0.6801484293513158,lstm
DEV-000017,EVT-0023444,2026-07-01 22:46:39.600713,0.5547322907539864,lstm
SVC-000032,EVT-0023445,2026-07-01 22:49:00.413747,0.3393432982386674,lstm
SVC-000002,EVT-0023446,2026-07-01 22:49:44.688459,0.23009283187865148,lstm
SVC-000035,EVT-0023447,2026-07-01 22:50:27.130195,0.2772054933412808,lstm
SVC-000054,EVT-0023448,2026-07-01 22:51:17.927281,0.4784347461847199,lstm
SVC-000003,EVT-0023449,2026-07-01 22:53:26.404925,0.3210670015484412,lstm
USR-000124,EVT-0023450,2026-07-01 22:57:35.491351,0.4959127381103305,lstm
SVC-000059,EVT-0023451,2026-07-01 22:58:00.353586,0.9974475397756685,lstm
SVC-000054,EVT-0023452,2026-07-01 23:01:47.364864,0.3622782082456437,lstm
DEV-000006,EVT-0023453,2026-07-01 23:03:16.181078,0.2416559094008854,lstm
DEV-000005,EVT-0023454,2026-07-01 23:04:32.268799,0.3831906615645098,lstm
SVC-000045,EVT-0023455,2026-07-01 23:07:43.751313,0.386504507457208,lstm
SVC-000002,EVT-0023456,2026-07-01 23:08:38.389883,0.7274857521932356,lstm
SVC-000059,EVT-0023457,2026-07-01 23:10:26.516161,0.21859544229622307,lstm
SVC-000002,EVT-0023458,2026-07-01 23:11:19.895575,0.494365313784447,lstm
SVC-000002,EVT-0023459,2026-07-01 23:11:33.309524,0.6057228381063566,lstm
SVC-000058,EVT-0023460,2026-07-01 23:11:52.659413,0.7797100955120513,lstm
DEV-000007,EVT-0023461,2026-07-01 23:13:10.780436,0.3731448897050785,lstm
SVC-000045,EVT-0023462,2026-07-01 23:13:42.165681,0.3163661909392084,lstm
SVC-000032,EVT-0023463,2026-07-01 23:14:04.943766,0.2968947714852554,lstm
SVC-000032,EVT-0023464,2026-07-01 23:14:48.851660,0.31186311070710354,lstm
SVC-000059,EVT-0023465,2026-07-01 23:15:04.131767,0.227203640208676,lstm
DEV-000020,EVT-0023466,2026-07-01 23:15:04.738004,0.6746058463495527,lstm
SVC-000059,EVT-0023467,2026-07-01 23:16:49.570541,0.2720426272513449,lstm
SVC-000047,EVT-0023468,2026-07-01 23:18:29.625683,0.3796499060091858,lstm
SVC-000059,EVT-0023469,2026-07-01 23:21:45.798992,0.23242447341044978,lstm
SVC-000059,EVT-0023470,2026-07-01 23:22:59.860346,0.3011910626979147,lstm
SVC-000047,EVT-0023471,2026-07-01 23:24:22.979134,0.3912303168152647,lstm
SVC-000032,EVT-0023472,2026-07-01 23:25:26.233165,0.268624148539647,lstm
DEV-000026,EVT-0023473,2026-07-01 23:28:49.759370,0.8010136694095528,lstm
SVC-000002,EVT-0023474,2026-07-01 23:29:37.006598,0.29636800138913894,lstm
SVC-000032,EVT-0023475,2026-07-01 23:31:14.828765,0.2656553959277417,lstm
USR-000124,EVT-0023476,2026-07-01 23:32:15.216974,0.5808102401205304,lstm
SVC-000025,EVT-0023477,2026-07-01 23:33:20.687634,0.2802906794189723,lstm
DEV-000007,EVT-0023478,2026-07-01 23:34:49.201409,0.4433389358015912,lstm
SVC-000025,EVT-0023479,2026-07-01 23:35:59.498369,0.5333493166629771,lstm
SVC-000059,EVT-0023480,2026-07-01 23:36:29.243872,0.23010401761986457,lstm
USR-000201,EVT-0023481,2026-07-01 23:37:16.030119,0.7735002111542181,lstm
SVC-000059,EVT-0023482,2026-07-01 23:37:44.346826,0.3025872406812966,lstm
SVC-000025,EVT-0023483,2026-07-01 23:38:16.374569,0.5433490866376222,lstm
SVC-000025,EVT-0023484,2026-07-01 23:38:44.715895,0.7727615453027545,lstm
USR-000124,EVT-0023485,2026-07-01 23:39:52.874116,0.7999935540290902,lstm
DEV-000023,EVT-0023486,2026-07-01 23:40:30.750849,0.6575476863974131,lstm
DEV-000023,EVT-0023487,2026-07-01 23:41:10.126355,0.9897014522683671,lstm
SVC-000059,EVT-0023488,2026-07-01 23:42:29.969920,0.2333486701422137,lstm
DEV-000011,EVT-0023489,2026-07-01 23:46:01.651516,0.1983295723535258,lstm
SVC-000032,EVT-0023490,2026-07-01 23:48:42.556412,0.29970475147999914,lstm
SVC-000059,EVT-0023491,2026-07-01 23:49:02.984395,0.24511529502413223,lstm
SVC-000025,EVT-0023492,2026-07-01 23:50:10.537707,0.4141137346267387,lstm
SVC-000059,EVT-0023493,2026-07-01 23:50:59.665460,0.3052270261532802,lstm
SVC-000047,EVT-0023494,2026-07-01 23:54:24.691643,0.5757056464166941,lstm
SVC-000002,EVT-0023495,2026-07-01 23:55:25.619697,0.4165237932288037,lstm
USR-000150,EVT-0023496,2026-07-01 23:57:12.645989,0.33098274531534305,lstm
DEV-000005,EVT-0023497,2026-07-01 23:59:39.424175,0.3109921492105939,lstm
USR-000122,EVT-0023498,2026-07-02 00:00:35.761135,0.5280667109443495,lstm
USR-000163,EVT-0023499,2026-07-02 00:01:53.543633,0.8771490635700107,lstm
SVC-000002,EVT-0023500,2026-07-02 00:03:13.067801,0.5954468833096057,lstm
SVC-000041,EVT-0023501,2026-07-02 00:05:10.744477,0.6497288301533064,lstm
SVC-000002,EVT-0023502,2026-07-02 00:05:22.107118,0.44267920037144975,lstm
SVC-000056,EVT-0023503,2026-07-02 00:09:22.451766,0.9957539096745592,lstm
SVC-000047,EVT-0023504,2026-07-02 00:11:18.342469,0.328189146703931,lstm
USR-000163,EVT-0023505,2026-07-02 00:11:53.399556,0.8857460281351665,lstm
SVC-000056,EVT-0023506,2026-07-02 00:15:56.696835,0.955363013193987,lstm
SVC-000025,EVT-0023507,2026-07-02 00:17:24.334185,0.37062783338224714,lstm
USR-000088,EVT-0023508,2026-07-02 00:19:43.166500,0.924302038811121,lstm
DEV-000014,EVT-0023509,2026-07-02 00:20:13.556372,0.6814029470831804,lstm
SVC-000041,EVT-0023510,2026-07-02 00:22:49.997940,0.6613950602670151,lstm
DEV-000004,EVT-0023511,2026-07-02 00:23:18.320020,0.6941977966333084,lstm
DEV-000006,EVT-0023512,2026-07-02 00:25:28.630460,0.22580196321078075,lstm
DEV-000004,EVT-0023513,2026-07-02 00:26:15.089394,0.9619870206777991,lstm
SVC-000056,EVT-0023514,2026-07-02 00:26:54.139200,0.4715728278249035,lstm
SVC-000041,EVT-0023515,2026-07-02 00:34:05.942668,0.37959993011071186,lstm
SVC-000025,EVT-0023516,2026-07-02 00:34:20.205003,0.4111533141969236,lstm
SVC-000025,EVT-0023517,2026-07-02 00:39:00.317858,0.41199462558760824,lstm
SVC-000025,EVT-0023518,2026-07-02 00:39:38.057895,0.6779554691358103,lstm
SVC-000056,EVT-0023519,2026-07-02 00:43:11.456782,0.32898244603549825,lstm
DEV-000003,EVT-0023520,2026-07-02 00:46:34.262864,0.5077772543328436,lstm
SVC-000056,EVT-0023521,2026-07-02 00:53:08.059929,0.36592418915945085,lstm
SVC-000041,EVT-0023522,2026-07-02 00:54:39.419591,0.6160300571587427,lstm
DEV-000001,EVT-0023523,2026-07-02 01:06:28.415997,0.2840607770404646,lstm
SVC-000025,EVT-0023524,2026-07-02 01:14:58.593806,0.3568866342593195,lstm
DEV-000017,EVT-0023525,2026-07-02 01:15:48.408067,0.6096300208857806,lstm
USR-000106,EVT-0023526,2026-07-02 01:21:35.247848,0.6113451271639943,lstm
SVC-000056,EVT-0023527,2026-07-02 01:27:53.522637,0.3470848767644526,lstm
SVC-000029,EVT-0023528,2026-07-02 01:29:52.512436,1.0,lstm
DEV-000025,EVT-0023529,2026-07-02 01:31:23.736497,0.9789120841187615,lstm
DEV-000005,EVT-0023530,2026-07-02 01:31:46.413820,0.22123310959782133,lstm
SVC-000029,EVT-0023531,2026-07-02 01:32:10.276229,1.0,lstm
DEV-000020,EVT-0023532,2026-07-02 01:33:15.643900,0.9642311197754247,lstm
SVC-000041,EVT-0023533,2026-07-02 01:33:36.659897,0.5243360365982007,lstm
USR-000088,EVT-0023534,2026-07-02 01:35:10.320013,0.4948364634106284,lstm
SVC-000041,EVT-0023535,2026-07-02 01:35:26.493439,0.8909180933308709,lstm
SVC-000029,EVT-0023536,2026-07-02 01:36:09.739105,1.0,lstm
SVC-000029,EVT-0023537,2026-07-02 01:39:26.212940,0.9999999999759057,lstm
USR-000088,EVT-0023538,2026-07-02 01:39:32.009242,0.387150704225297,lstm
SVC-000029,EVT-0023539,2026-07-02 01:44:14.375699,0.9999997055585578,lstm
SVC-000029,EVT-0023540,2026-07-02 01:45:03.264023,0.9999805618826871,lstm
SVC-000018,EVT-0023541,2026-07-02 01:45:17.472662,0.998437282358893,lstm
SVC-000029,EVT-0023542,2026-07-02 01:45:48.046609,0.9999833518499278,lstm
DEV-000012,EVT-0023543,2026-07-02 01:48:08.453813,0.7238875591238755,lstm
USR-000106,EVT-0023544,2026-07-02 01:50:50.855032,0.637116973474779,lstm
USR-000150,EVT-0023545,2026-07-02 01:55:54.594150,0.2915921318818811,lstm
DEV-000024,EVT-0023546,2026-07-02 01:58:47.766070,0.7261247396754493,lstm
USR-000106,EVT-0023547,2026-07-02 02:03:55.961194,0.6602442696448892,lstm
SVC-000018,EVT-0023548,2026-07-02 02:12:36.126513,0.8947118278269586,lstm
SVC-000018,EVT-0023549,2026-07-02 02:18:21.760420,0.3717438739640658,lstm
DEV-000006,EVT-0023550,2026-07-02 02:19:05.537904,0.28152307100659907,lstm
SVC-000018,EVT-0023551,2026-07-02 02:20:41.035403,0.4495283297855809,lstm
SVC-000041,EVT-0023552,2026-07-02 02:20:56.238501,0.31560434906943,lstm
SVC-000014,EVT-0023553,2026-07-02 02:25:03.082436,0.9441198547870083,lstm
SVC-000041,EVT-0023554,2026-07-02 02:27:02.213077,0.5854749939259517,lstm
SVC-000018,EVT-0023555,2026-07-02 02:30:45.869625,0.42510060258992766,lstm
DEV-000016,EVT-0023556,2026-07-02 02:32:27.533747,0.7037653550704884,lstm
SVC-000018,EVT-0023557,2026-07-02 02:35:16.358992,0.6324626954315731,lstm
SVC-000018,EVT-0023558,2026-07-02 02:39:38.470414,0.3886409178004659,lstm
SVC-000014,EVT-0023559,2026-07-02 02:40:02.317920,0.40047486336239685,lstm
SVC-000018,EVT-0023560,2026-07-02 02:40:38.703249,0.5494755402068443,lstm
SVC-000018,EVT-0023561,2026-07-02 02:41:12.909063,0.5532493203299859,lstm
DEV-000022,EVT-0023562,2026-07-02 02:46:45.749081,0.45655220715794065,lstm
DEV-000001,EVT-0023563,2026-07-02 02:54:01.144890,0.2971786880012149,lstm
SVC-000018,EVT-0023564,2026-07-02 02:54:35.398270,0.38418818260606574,lstm
SVC-000041,EVT-0023565,2026-07-02 02:54:55.106538,0.6194330369202524,lstm
USR-000088,EVT-0023566,2026-07-02 02:59:20.213620,0.4147575909502721,lstm
DEV-000012,EVT-0023567,2026-07-02 03:12:41.150733,0.4823084445513512,lstm
SVC-000018,EVT-0023568,2026-07-02 03:12:48.709996,0.4497987250381919,lstm
SVC-000014,EVT-0023569,2026-07-02 03:14:29.237835,0.24169565849222008,lstm
SVC-000014,EVT-0023570,2026-07-02 03:14:51.775962,0.7684621664781749,lstm
USR-000025,EVT-0023571,2026-07-02 03:17:49.810309,0.880698857659029,lstm
SVC-000014,EVT-0023572,2026-07-02 03:21:25.911626,0.28232191935013284,lstm
DEV-000014,EVT-0023573,2026-07-02 03:23:53.416891,0.6222338095749006,lstm
SVC-000015,EVT-0023574,2026-07-02 03:27:46.456421,0.9545321366443289,lstm
SVC-000014,EVT-0023575,2026-07-02 03:28:04.451335,0.3484821602250805,lstm
DEV-000001,EVT-0023576,2026-07-02 03:31:01.170036,0.36958063754523385,lstm
USR-000165,EVT-0023577,2026-07-02 03:31:27.774494,0.6164312203376475,lstm
DEV-000010,EVT-0023578,2026-07-02 03:31:33.892918,0.4363504939971831,lstm
DEV-000017,EVT-0023579,2026-07-02 03:32:43.865858,0.4353619382066902,lstm
DEV-000001,EVT-0023580,2026-07-02 03:34:20.903707,0.7192040047155583,lstm
USR-000165,EVT-0023581,2026-07-02 03:40:57.035959,0.4510325568473595,lstm
SVC-000018,EVT-0023582,2026-07-02 03:41:03.111197,0.5471859948961041,lstm
SVC-000014,EVT-0023583,2026-07-02 03:41:22.654118,0.29964924595196224,lstm
SVC-000014,EVT-0023584,2026-07-02 03:44:07.142390,0.489192916747121,lstm
USR-000088,EVT-0023585,2026-07-02 03:47:58.927374,0.32876283193621963,lstm
DEV-000018,EVT-0023586,2026-07-02 03:49:41.649309,0.7971410223346783,lstm
USR-000076,EVT-0023587,2026-07-02 03:51:33.752928,0.9622793459961205,lstm
SVC-000007,EVT-0023588,2026-07-02 03:55:36.900181,0.985210224970033,lstm
SVC-000020,EVT-0023589,2026-07-02 03:56:08.303914,0.9849391479684361,lstm
SVC-000019,EVT-0023590,2026-07-02 03:59:18.690460,0.9791311402890225,lstm
DEV-000017,EVT-0023591,2026-07-02 04:01:37.609412,0.6138736635356553,lstm
SVC-000014,EVT-0023592,2026-07-02 04:02:45.612576,0.35789840202702644,lstm
SVC-000014,EVT-0023593,2026-07-02 04:03:28.690740,0.5134722010710435,lstm
SVC-000014,EVT-0023594,2026-07-02 04:04:44.220458,0.4987617996572261,lstm
SVC-000007,EVT-0023595,2026-07-02 04:07:38.436727,0.2987563738067931,lstm
USR-000082,EVT-0023596,2026-07-02 04:07:59.188347,0.6949373194421896,lstm
USR-000036,EVT-0023597,2026-07-02 04:08:13.696327,0.7723813592333948,lstm
SVC-000014,EVT-0023598,2026-07-02 04:08:58.606285,0.2774110255926584,lstm
SVC-000019,EVT-0023599,2026-07-02 04:09:08.633960,0.3050655327826864,lstm
SVC-000014,EVT-0023600,2026-07-02 04:09:10.974359,0.5151888709080911,lstm
DEV-000013,EVT-0023601,2026-07-02 04:09:20.306624,0.8739153453792353,lstm
SVC-000014,EVT-0023602,2026-07-02 04:13:09.265993,0.22833553324672373,lstm
SVC-000007,EVT-0023603,2026-07-02 04:13:22.399700,0.3773423824329469,lstm
DEV-000003,EVT-0023604,2026-07-02 04:15:34.775456,0.38210958760724245,lstm
SVC-000015,EVT-0023605,2026-07-02 04:20:41.986984,0.35468243998696786,lstm
SVC-000007,EVT-0023606,2026-07-02 04:25:04.329221,0.3452476489895401,lstm
SVC-000015,EVT-0023607,2026-07-02 04:27:59.032374,0.4246056614359182,lstm
SVC-000014,EVT-0023608,2026-07-02 04:28:16.876187,0.4112340761417819,lstm
SVC-000020,EVT-0023609,2026-07-02 04:31:11.090401,0.460781472694327,lstm
SVC-000019,EVT-0023610,2026-07-02 04:32:32.310617,0.30780269818592443,lstm
SVC-000019,EVT-0023611,2026-07-02 04:32:55.011607,0.560996820625205,lstm
SVC-000020,EVT-0023612,2026-07-02 04:37:45.859404,0.3649532819733107,lstm
SVC-000019,EVT-0023613,2026-07-02 04:39:21.640398,0.2904780774296393,lstm
SVC-000007,EVT-0023614,2026-07-02 04:39:41.348083,0.7193638765944317,lstm
SVC-000019,EVT-0023615,2026-07-02 04:44:51.775429,0.2853844862697576,lstm
SVC-000014,EVT-0023616,2026-07-02 04:44:52.498342,0.38326118712057033,lstm
SVC-000014,EVT-0023617,2026-07-02 04:45:17.561521,0.40939271857772724,lstm
DEV-000004,EVT-0023618,2026-07-02 04:47:31.803361,0.701133924309456,lstm
DEV-000009,EVT-0023619,2026-07-02 04:48:35.672713,0.9018996669346234,lstm
SVC-000007,EVT-0023620,2026-07-02 04:48:40.306951,0.29753515678385417,lstm
DEV-000012,EVT-0023621,2026-07-02 04:51:33.419529,0.2990016590019159,lstm
SVC-000015,EVT-0023622,2026-07-02 04:51:45.293896,0.38232892476987634,lstm
SVC-000007,EVT-0023623,2026-07-02 04:52:38.273632,0.423387665597049,lstm
SVC-000019,EVT-0023624,2026-07-02 04:52:48.183297,0.26198200748388467,lstm
SVC-000007,EVT-0023625,2026-07-02 04:52:57.570202,0.6947225826869194,lstm
SVC-000015,EVT-0023626,2026-07-02 04:57:01.665292,0.46760698423010805,lstm
SVC-000019,EVT-0023627,2026-07-02 04:57:53.624281,0.25131931321144674,lstm
SVC-000014,EVT-0023628,2026-07-02 05:01:00.395510,0.347775605757887,lstm
DEV-000002,EVT-0023629,2026-07-02 05:02:59.567392,0.9458327168646478,lstm
SVC-000019,EVT-0023630,2026-07-02 05:06:32.438918,0.6018691606025524,lstm
DEV-000022,EVT-0023631,2026-07-02 05:08:05.928220,0.4430827734380444,lstm
DEV-000001,EVT-0023632,2026-07-02 05:11:09.648495,0.35280828587352514,lstm
SVC-000014,EVT-0023633,2026-07-02 05:13:36.616510,0.338152957671552,lstm
SVC-000007,EVT-0023634,2026-07-02 05:16:54.101487,0.28232618387772745,lstm
USR-000036,EVT-0023635,2026-07-02 05:19:12.287001,0.49495324387714873,lstm
SVC-000019,EVT-0023636,2026-07-02 05:20:33.954916,0.2589749596011976,lstm
SVC-000014,EVT-0023637,2026-07-02 05:23:25.515088,0.3389311822008463,lstm
SVC-000007,EVT-0023638,2026-07-02 05:25:05.702972,0.27910315684267756,lstm
SVC-000015,EVT-0023639,2026-07-02 05:25:55.216348,0.48566082645766834,lstm
SVC-000031,EVT-0023640,2026-07-02 05:27:23.549927,0.9447425972520674,lstm
SVC-000007,EVT-0023641,2026-07-02 05:27:41.014205,0.33989650485509787,lstm
USR-000076,EVT-0023642,2026-07-02 05:28:32.508462,0.8665766854425585,lstm
SVC-000014,EVT-0023643,2026-07-02 05:30:22.939712,0.255277635451136,lstm
SVC-000019,EVT-0023644,2026-07-02 05:44:49.096147,0.6315813462298218,lstm
USR-000051,EVT-0023645,2026-07-02 05:52:02.375327,0.6037142555255,lstm
SVC-000031,EVT-0023646,2026-07-02 05:55:11.935901,0.44376350567463013,lstm
USR-000059,EVT-0023647,2026-07-02 05:57:32.537380,0.7003573436274771,lstm
USR-000095,EVT-0023648,2026-07-02 06:02:03.352109,0.6364589456924973,lstm
SVC-000019,EVT-0023649,2026-07-02 06:04:37.944787,0.2878148176027422,lstm
SVC-000009,EVT-0023650,2026-07-02 06:04:59.119546,0.998943527487994,lstm
SVC-000007,EVT-0023651,2026-07-02 06:05:12.130747,0.4675556904812607,lstm
SVC-000019,EVT-0023652,2026-07-02 06:06:05.450352,0.38469220374907337,lstm
DEV-000005,EVT-0023653,2026-07-02 06:07:58.540787,0.3026141842060809,lstm
SVC-000009,EVT-0023654,2026-07-02 06:08:24.302425,0.6930532631157039,lstm
USR-000103,EVT-0023655,2026-07-02 06:10:08.523605,0.9223589735682062,lstm
DEV-000023,EVT-0023656,2026-07-02 06:10:27.738503,0.46427571029241393,lstm
SVC-000009,EVT-0023657,2026-07-02 06:12:21.774378,0.55533804739665,lstm
USR-000076,EVT-0023658,2026-07-02 06:12:32.426911,0.540713457022251,lstm
USR-000082,EVT-0023659,2026-07-02 06:13:33.743316,0.4705580814333831,lstm
USR-000093,EVT-0023660,2026-07-02 06:16:56.272675,0.9765384390098366,lstm
USR-000082,EVT-0023661,2026-07-02 06:22:20.907406,0.5393771724017993,lstm
SVC-000009,EVT-0023662,2026-07-02 06:23:59.590025,0.6943447942727492,lstm
DEV-000012,EVT-0023663,2026-07-02 06:24:44.986022,0.23657782948617467,lstm
DEV-000006,EVT-0023664,2026-07-02 06:29:23.789243,0.6291494015920084,lstm
USR-000063,EVT-0023665,2026-07-02 06:31:20.893887,0.9612518419274056,lstm
DEV-000015,EVT-0023666,2026-07-02 06:34:31.872536,0.6310736834994819,lstm
USR-000059,EVT-0023667,2026-07-02 06:36:11.996912,0.38607385776021946,lstm
SVC-000009,EVT-0023668,2026-07-02 06:36:14.155736,0.29242542117937914,lstm
SVC-000051,EVT-0023669,2026-07-02 06:37:33.979315,0.9217062728879106,lstm
SVC-000009,EVT-0023670,2026-07-02 06:37:52.191332,0.6755591915431675,lstm
SVC-000031,EVT-0023671,2026-07-02 06:38:57.033222,0.27358014075230175,lstm
DEV-000020,EVT-0023672,2026-07-02 06:40:39.295820,0.8729125671947847,lstm
USR-000118,EVT-0023673,2026-07-02 06:43:32.415796,0.6851560547391088,lstm
USR-000036,EVT-0023674,2026-07-02 06:46:58.487240,0.34404141235702246,lstm
SVC-000009,EVT-0023675,2026-07-02 06:48:09.870300,0.5596720744113364,lstm
SVC-000031,EVT-0023676,2026-07-02 06:48:33.748428,0.2611156577191874,lstm
SVC-000009,EVT-0023677,2026-07-02 06:50:33.933800,0.3325877850740382,lstm
DEV-000023,EVT-0023678,2026-07-02 06:50:46.591943,0.29765840742231364,lstm
SVC-000055,EVT-0023679,2026-07-02 06:56:39.432821,0.9997491625520126,lstm
USR-000134,EVT-0023680,2026-07-02 06:59:42.306793,1.0,lstm
USR-000134,EVT-0023681,2026-07-02 07:00:14.211411,1.0,lstm
USR-000134,EVT-0023682,2026-07-02 07:00:57.004076,1.0,lstm
SVC-000019,EVT-0023683,2026-07-02 07:01:08.339575,0.45193162832846145,lstm
SVC-000031,EVT-0023684,2026-07-02 07:01:10.469294,0.4317066966018479,lstm
USR-000134,EVT-0023685,2026-07-02 07:02:48.172054,0.9999999999756604,lstm
USR-000134,EVT-0023686,2026-07-02 07:06:59.908369,0.9999999611218275,lstm
SVC-000051,EVT-0023687,2026-07-02 07:10:24.278648,0.543390280299477,lstm
DEV-000024,EVT-0023688,2026-07-02 07:15:07.213867,0.6819724692814532,lstm
DEV-000009,EVT-0023689,2026-07-02 07:15:13.754864,0.43358480499177304,lstm
USR-000158,EVT-0023690,2026-07-02 07:15:32.628531,0.4392738315607608,lstm
SVC-000031,EVT-0023691,2026-07-02 07:16:54.568809,0.4352900674065768,lstm
USR-000019,EVT-0023692,2026-07-02 07:18:26.406506,0.6252768282162281,lstm
SVC-000053,EVT-0023693,2026-07-02 07:20:05.755777,0.9952647331921549,lstm
SVC-000030,EVT-0023694,2026-07-02 07:21:38.444272,0.9519207024223101,lstm
DEV-000003,EVT-0023695,2026-07-02 07:22:57.209680,0.44554030524043176,lstm
SVC-000040,EVT-0023696,2026-07-02 07:24:00.875780,0.9935655731032077,lstm
SVC-000055,EVT-0023697,2026-07-02 07:26:25.288161,0.7355763480486518,lstm
SVC-000055,EVT-0023698,2026-07-02 07:34:09.469398,0.5697766891437823,lstm
SVC-000031,EVT-0023699,2026-07-02 07:39:29.196815,0.441374467535561,lstm
SVC-000011,EVT-0023700,2026-07-02 07:40:07.261732,0.9817455761354694,lstm
SVC-000011,EVT-0023701,2026-07-02 07:42:47.408225,0.5794421564474276,lstm
SVC-000040,EVT-0023702,2026-07-02 07:44:00.281160,0.4785207140284028,lstm
SVC-000011,EVT-0023703,2026-07-02 07:44:11.297190,0.6424098056524298,lstm
SVC-000039,EVT-0023704,2026-07-02 07:50:41.286027,0.9638204035542227,lstm
SVC-000030,EVT-0023705,2026-07-02 07:53:29.730374,0.49904250861718796,lstm
USR-000076,EVT-0023706,2026-07-02 07:54:00.162281,0.32501090697809465,lstm
DEV-000026,EVT-0023707,2026-07-02 07:56:05.019122,0.20733325932899285,lstm
DEV-000018,EVT-0023708,2026-07-02 07:58:34.707986,0.8003899450486017,lstm
DEV-000002,EVT-0023709,2026-07-02 07:59:13.306432,0.7816987273909105,lstm
SVC-000040,EVT-0023710,2026-07-02 08:02:24.475633,0.44006331033756535,lstm
SVC-000011,EVT-0023711,2026-07-02 08:04:04.052040,0.3396860990609751,lstm
SVC-000030,EVT-0023712,2026-07-02 08:04:21.513670,0.7173994646248221,lstm
SVC-000011,EVT-0023713,2026-07-02 08:04:26.807163,0.5518821998645661,lstm
SVC-000055,EVT-0023714,2026-07-02 08:05:20.084190,0.6725989041519065,lstm
SVC-000040,EVT-0023715,2026-07-02 08:06:35.102184,0.36645505771281556,lstm
USR-000157,EVT-0023716,2026-07-02 08:07:32.336449,0.5018257597209133,lstm
SVC-000031,EVT-0023717,2026-07-02 08:07:36.977565,0.4363105063029109,lstm
USR-000103,EVT-0023718,2026-07-02 08:08:03.761368,0.6301120998704856,lstm
SVC-000011,EVT-0023719,2026-07-02 08:08:20.195264,0.2936159654981708,lstm
SVC-000031,EVT-0023720,2026-07-02 08:09:30.241572,0.4809238525493208,lstm
USR-000051,EVT-0023721,2026-07-02 08:10:26.671253,0.3108430214404284,lstm
SVC-000030,EVT-0023722,2026-07-02 08:12:28.806273,0.5904948496740723,lstm
USR-000135,EVT-0023723,2026-07-02 08:12:33.046741,0.37293068155035053,lstm
SVC-000040,EVT-0023724,2026-07-02 08:12:45.095118,0.2947788958352987,lstm
SVC-000011,EVT-0023725,2026-07-02 08:14:04.399850,0.3312102383157897,lstm
USR-000102,EVT-0023726,2026-07-02 08:14:43.625694,0.6694289321690688,lstm
USR-000118,EVT-0023727,2026-07-02 08:15:07.725338,0.475258411557718,lstm
DEV-000026,EVT-0023728,2026-07-02 08:15:58.931032,0.1901669977385599,lstm
SVC-000011,EVT-0023729,2026-07-02 08:16:04.069169,0.35175287622629714,lstm
SVC-000011,EVT-0023730,2026-07-02 08:17:23.708117,0.6998988816393465,lstm
USR-000194,EVT-0023731,2026-07-02 08:17:38.290417,0.4103187193722031,lstm
USR-000051,EVT-0023732,2026-07-02 08:19:12.781479,0.6737499528588481,lstm
SVC-000031,EVT-0023733,2026-07-02 08:20:21.409642,0.44650379723970635,lstm
USR-000118,EVT-0023734,2026-07-02 08:20:36.116665,0.6144149082429023,lstm
USR-000190,EVT-0023735,2026-07-02 08:20:41.035126,0.5728764352337716,lstm
USR-000025,EVT-0023736,2026-07-02 08:22:28.222412,0.7338927166890818,lstm
DEV-000002,EVT-0023737,2026-07-02 08:23:09.086449,0.7393525454378521,lstm
SVC-000046,EVT-0023738,2026-07-02 08:23:25.228871,0.9906898314929036,lstm
USR-000082,EVT-0023739,2026-07-02 08:24:09.256969,0.3478330868024551,lstm
SVC-000011,EVT-0023740,2026-07-02 08:24:55.153066,0.33511558743643344,lstm
USR-000179,EVT-0023741,2026-07-02 08:29:39.531300,0.5339812312019759,lstm
SVC-000040,EVT-0023742,2026-07-02 08:30:00.879942,0.5770565635408303,lstm
SVC-000011,EVT-0023743,2026-07-02 08:34:12.104611,0.23663487111445175,lstm
USR-000180,EVT-0023744,2026-07-02 08:35:43.150834,0.43956790378977373,lstm
SVC-000046,EVT-0023745,2026-07-02 08:36:20.792319,0.6135212336795461,lstm
SVC-000046,EVT-0023746,2026-07-02 08:39:03.411025,0.6884922706118757,lstm
USR-000137,EVT-0023747,2026-07-02 08:39:09.233123,0.46595400080918126,lstm
SVC-000046,EVT-0023748,2026-07-02 08:39:23.310728,0.738824128130345,lstm
USR-000006,EVT-0023749,2026-07-02 08:39:30.275123,0.7325018677960845,lstm
SVC-000046,EVT-0023750,2026-07-02 08:39:34.272564,0.6409397592268494,lstm
USR-000158,EVT-0023751,2026-07-02 08:39:39.604815,0.30767536166101905,lstm
SVC-000046,EVT-0023752,2026-07-02 08:41:39.613283,0.46694042608800995,lstm
SVC-000046,EVT-0023753,2026-07-02 08:42:42.568340,0.511727292708044,lstm
USR-000102,EVT-0023754,2026-07-02 08:44:23.889240,0.4750268577013699,lstm
SVC-000046,EVT-0023755,2026-07-02 08:44:53.560776,0.6150009992131016,lstm
USR-000049,EVT-0023756,2026-07-02 08:47:45.515730,0.6588973346373348,lstm
USR-000029,EVT-0023757,2026-07-02 08:48:34.182779,0.5996272652678362,lstm
USR-000067,EVT-0023758,2026-07-02 08:48:38.905324,0.29270220534628977,lstm
USR-000102,EVT-0023759,2026-07-02 08:50:50.125710,0.6687237662096812,lstm
USR-000016,EVT-0023760,2026-07-02 08:51:10.164514,0.39460111478690235,lstm
SVC-000011,EVT-0023761,2026-07-02 08:52:36.028923,0.2722654717753064,lstm
SVC-000046,EVT-0023762,2026-07-02 08:53:42.470779,0.4047737003104562,lstm
USR-000095,EVT-0023763,2026-07-02 08:53:47.512682,0.2465136357639864,lstm
USR-000172,EVT-0023764,2026-07-02 08:56:37.004557,0.7534411162370807,lstm
SVC-000016,EVT-0023765,2026-07-02 08:57:10.956795,0.9856524541193823,lstm
USR-000206,EVT-0023766,2026-07-02 08:58:52.205423,0.4404267624970976,lstm
SVC-000011,EVT-0023767,2026-07-02 09:00:08.719508,0.3234763388750052,lstm
SVC-000011,EVT-0023768,2026-07-02 09:00:46.546751,0.49725030240968376,lstm
SVC-000046,EVT-0023769,2026-07-02 09:01:03.844638,0.3617202354068487,lstm
SVC-000046,EVT-0023770,2026-07-02 09:03:30.540278,0.588286768876705,lstm
SVC-000030,EVT-0023771,2026-07-02 09:05:00.752796,0.7576920371791082,lstm
USR-000175,EVT-0023772,2026-07-02 09:06:11.546745,0.627939915044975,lstm
USR-000168,EVT-0023773,2026-07-02 09:06:15.003602,0.3771908807775237,lstm
USR-000105,EVT-0023774,2026-07-02 09:06:59.143565,0.510856352403835,lstm
DEV-000005,EVT-0023775,2026-07-02 09:08:40.261298,0.3420181428270574,lstm
SVC-000016,EVT-0023776,2026-07-02 09:09:29.538220,0.37312028704418027,lstm
SVC-000016,EVT-0023777,2026-07-02 09:12:32.251013,0.4021222350273848,lstm
SVC-000030,EVT-0023778,2026-07-02 09:13:31.318945,0.7654437222135834,lstm
USR-000069,EVT-0023779,2026-07-02 09:16:09.953463,0.6965095295867886,lstm
USR-000060,EVT-0023780,2026-07-02 09:17:12.743832,0.549067705560325,lstm
USR-000135,EVT-0023781,2026-07-02 09:17:27.975072,0.2590598107218033,lstm
SVC-000039,EVT-0023782,2026-07-02 09:17:39.062332,0.5442602580941924,lstm
DEV-000009,EVT-0023783,2026-07-02 09:17:46.710622,0.41834550929373887,lstm
USR-000180,EVT-0023784,2026-07-02 09:18:00.184431,0.4905543533811764,lstm
SVC-000053,EVT-0023785,2026-07-02 09:18:06.225512,0.8364424813124517,lstm
SVC-000046,EVT-0023786,2026-07-02 09:18:39.441731,0.3304025710331516,lstm
USR-000031,EVT-0023787,2026-07-02 09:18:42.140093,0.43359368085689765,lstm
USR-000120,EVT-0023788,2026-07-02 09:19:34.895285,0.5185611827669083,lstm
USR-000067,EVT-0023789,2026-07-02 09:23:18.506098,0.2692158738730343,lstm
SVC-000024,EVT-0023790,2026-07-02 09:23:30.513108,0.9727359704040038,lstm
USR-000116,EVT-0023791,2026-07-02 09:24:14.221265,0.6133666752135211,lstm
USR-000102,EVT-0023792,2026-07-02 09:26:39.435437,0.402430158265502,lstm
SVC-000042,EVT-0023793,2026-07-02 09:27:05.773351,0.9998190974253878,lstm
USR-000036,EVT-0023794,2026-07-02 09:27:11.080136,0.2674362343376014,lstm
SVC-000024,EVT-0023795,2026-07-02 09:27:18.455463,0.553044888366743,lstm
USR-000049,EVT-0023796,2026-07-02 09:27:51.359276,0.6510624208450334,lstm
USR-000011,EVT-0023797,2026-07-02 09:28:06.484178,0.9661196564000818,lstm
SVC-000016,EVT-0023798,2026-07-02 09:32:18.039681,0.2384255891207527,lstm
USR-000194,EVT-0023799,2026-07-02 09:34:54.858983,0.2993049559747574,lstm
USR-000172,EVT-0023800,2026-07-02 09:35:19.455535,0.4537896589898784,lstm
USR-000105,EVT-0023801,2026-07-02 09:35:44.375450,0.4644304502582536,lstm
USR-000031,EVT-0023802,2026-07-02 09:35:44.419730,0.33289185799681176,lstm
USR-000062,EVT-0023803,2026-07-02 09:35:54.741420,0.4378349452333205,lstm
DEV-000001,EVT-0023804,2026-07-02 09:36:06.501561,0.6603119119306192,lstm
SVC-000024,EVT-0023805,2026-07-02 09:36:49.833594,0.29563406836059586,lstm
DEV-000002,EVT-0023806,2026-07-02 09:39:17.616950,0.5456759867280434,lstm
USR-000102,EVT-0023807,2026-07-02 09:40:06.231319,0.5042119879405346,lstm
USR-000089,EVT-0023808,2026-07-02 09:44:01.172000,0.7418830807266138,lstm
USR-000158,EVT-0023809,2026-07-02 09:44:55.872039,0.4850045103851663,lstm
USR-000060,EVT-0023810,2026-07-02 09:45:01.899722,0.4100473354588722,lstm
USR-000085,EVT-0023811,2026-07-02 09:46:01.058450,0.9684327390315233,lstm
SVC-000013,EVT-0023812,2026-07-02 09:49:56.100008,0.9862147223817789,lstm
USR-000102,EVT-0023813,2026-07-02 09:50:09.804305,0.32252075242815387,lstm
USR-000006,EVT-0023814,2026-07-02 09:50:59.482375,0.4811150823926516,lstm
SVC-000008,EVT-0023815,2026-07-02 09:52:04.397610,0.9849252974357593,lstm
SVC-000042,EVT-0023816,2026-07-02 09:52:23.261226,0.5701806656218614,lstm
USR-000059,EVT-0023817,2026-07-02 09:52:40.631807,0.494657612219649,lstm
USR-000206,EVT-0023818,2026-07-02 09:52:55.176386,0.241177214761878,lstm
USR-000172,EVT-0023819,2026-07-02 09:54:39.707914,0.35499850827450535,lstm
SVC-000016,EVT-0023820,2026-07-02 09:54:55.797885,0.464875813841122,lstm
SVC-000024,EVT-0023821,2026-07-02 09:55:01.013078,0.3567282370311534,lstm
USR-000156,EVT-0023822,2026-07-02 09:55:23.420941,0.8232546978992819,lstm
USR-000102,EVT-0023823,2026-07-02 09:56:49.264619,0.5633255715269939,lstm
SVC-000013,EVT-0023824,2026-07-02 09:59:37.366022,0.44952072310094,lstm
SVC-000053,EVT-0023825,2026-07-02 09:59:44.526932,0.43524724895088535,lstm
SVC-000013,EVT-0023826,2026-07-02 10:00:35.443511,0.5412805451608492,lstm
DEV-000012,EVT-0023827,2026-07-02 10:00:53.966031,0.253640308043152,lstm
USR-000058,EVT-0023828,2026-07-02 10:01:37.957079,0.38939279167958707,lstm
USR-000042,EVT-0023829,2026-07-02 10:04:10.153924,0.429832101366697,lstm
SVC-000024,EVT-0023830,2026-07-02 10:05:54.311485,0.3470708346530324,lstm
USR-000166,EVT-0023831,2026-07-02 10:07:36.608125,0.49583023238548,lstm
DEV-000018,EVT-0023832,2026-07-02 10:07:54.212726,0.7723906790364613,lstm
SVC-000039,EVT-0023833,2026-07-02 10:08:12.026704,0.4008439954133671,lstm
USR-000019,EVT-0023834,2026-07-02 10:10:05.544062,0.3313611586292807,lstm
SVC-000042,EVT-0023835,2026-07-02 10:10:47.694550,0.44484120002327127,lstm
DEV-000004,EVT-0023836,2026-07-02 10:11:40.100913,0.5071203415157817,lstm
USR-000168,EVT-0023837,2026-07-02 10:11:44.987591,0.22565245505207018,lstm
DEV-000017,EVT-0023838,2026-07-02 10:11:49.594806,0.3172191541297744,lstm
SVC-000053,EVT-0023839,2026-07-02 10:12:43.455830,0.39513371919387674,lstm
USR-000172,EVT-0023840,2026-07-02 10:14:49.230933,0.389453411428428,lstm
SVC-000042,EVT-0023841,2026-07-02 10:16:50.873924,0.4219289683391176,lstm
USR-000096,EVT-0023842,2026-07-02 10:17:18.071523,0.7739101882381729,lstm
USR-000168,EVT-0023843,2026-07-02 10:18:47.008948,0.26543294595889266,lstm
USR-000201,EVT-0023844,2026-07-02 10:21:02.412071,0.7138047257652993,lstm
USR-000190,EVT-0023845,2026-07-02 10:21:35.753489,0.3494780018773945,lstm
USR-000116,EVT-0023846,2026-07-02 10:23:50.958523,0.4002636249959911,lstm
USR-000168,EVT-0023847,2026-07-02 10:24:01.232144,0.2753231905768517,lstm
SVC-000013,EVT-0023848,2026-07-02 10:24:36.592511,0.3751650078089939,lstm
USR-000157,EVT-0023849,2026-07-02 10:25:43.282641,0.24899755511961236,lstm
SVC-000013,EVT-0023850,2026-07-02 10:26:25.879763,0.39681077979189927,lstm
USR-000050,EVT-0023851,2026-07-02 10:26:44.338698,0.5924924752073164,lstm
DEV-000008,EVT-0023852,2026-07-02 10:27:11.964427,0.6762101204397799,lstm
USR-000157,EVT-0023853,2026-07-02 10:28:09.153754,0.5099729874690876,lstm
USR-000179,EVT-0023854,2026-07-02 10:28:30.803536,0.5607359494786631,lstm
USR-000041,EVT-0023855,2026-07-02 10:29:24.768843,0.5784822222749271,lstm
USR-000135,EVT-0023856,2026-07-02 10:29:51.162965,0.257206114529468,lstm
SVC-000008,EVT-0023857,2026-07-02 10:29:56.698565,0.46376351264390125,lstm
USR-000208,EVT-0023858,2026-07-02 10:30:28.623017,0.8128105681962252,lstm
USR-000016,EVT-0023859,2026-07-02 10:30:33.449561,0.23215544919992637,lstm
USR-000067,EVT-0023860,2026-07-02 10:31:36.473828,0.28280223730324977,lstm
SVC-000013,EVT-0023861,2026-07-02 10:32:10.628569,0.3874539565827946,lstm
SVC-000013,EVT-0023862,2026-07-02 10:34:15.560410,0.705713368955424,lstm
USR-000022,EVT-0023863,2026-07-02 10:34:51.488640,0.45804000971362224,lstm
SVC-000013,EVT-0023864,2026-07-02 10:36:15.953117,0.3349709967503573,lstm
DEV-000009,EVT-0023865,2026-07-02 10:38:59.315163,0.5293899929520582,lstm
SVC-000039,EVT-0023866,2026-07-02 10:39:46.407019,0.31706788037395406,lstm
USR-000168,EVT-0023867,2026-07-02 10:40:06.886058,0.24412120392556325,lstm
SVC-000024,EVT-0023868,2026-07-02 10:40:37.740600,0.278340078516974,lstm
USR-000179,EVT-0023869,2026-07-02 10:41:17.411093,0.6746259706547444,lstm
USR-000037,EVT-0023870,2026-07-02 10:41:17.905960,0.6401796387445033,lstm
USR-000099,EVT-0023871,2026-07-02 10:42:30.264602,0.6827911992208823,lstm
SVC-000013,EVT-0023872,2026-07-02 10:42:40.718547,0.553037974398569,lstm
SVC-000013,EVT-0023873,2026-07-02 10:43:09.137768,0.4956420038796943,lstm
USR-000002,EVT-0023874,2026-07-02 10:44:33.953995,0.6547557801123824,lstm
USR-000099,EVT-0023875,2026-07-02 10:44:57.671661,0.6807804289639194,lstm
USR-000043,EVT-0023876,2026-07-02 10:45:50.455356,0.7261244999184762,lstm
USR-000066,EVT-0023877,2026-07-02 10:48:28.205387,0.7676788461252183,lstm
USR-000022,EVT-0023878,2026-07-02 10:48:38.516736,0.5775357067058083,lstm
USR-000208,EVT-0023879,2026-07-02 10:48:44.087142,0.5378501116258961,lstm
SVC-000039,EVT-0023880,2026-07-02 10:48:55.920583,0.5619270425939128,lstm
SVC-000039,EVT-0023881,2026-07-02 10:49:30.026804,0.7151530407068215,lstm
USR-000208,EVT-0023882,2026-07-02 10:49:38.821551,0.6887725409033879,lstm
SVC-000042,EVT-0023883,2026-07-02 10:50:44.619405,0.32547902647631194,lstm
SVC-000013,EVT-0023884,2026-07-02 10:50:45.752604,0.5000322804752311,lstm
USR-000055,EVT-0023885,2026-07-02 10:51:22.348382,0.6797490163716785,baseline_fallback
SVC-000053,EVT-0023886,2026-07-02 10:51:49.142952,0.3753742797940651,lstm
USR-000099,EVT-0023887,2026-07-02 10:52:12.182519,0.42366853855921477,lstm
USR-000042,EVT-0023888,2026-07-02 10:52:54.989553,0.2762786707339639,lstm
USR-000123,EVT-0023889,2026-07-02 10:53:07.731867,0.8184305644747246,lstm
SVC-000013,EVT-0023890,2026-07-02 10:54:25.111642,0.3529984957694149,lstm
USR-000050,EVT-0023891,2026-07-02 10:55:00.604214,0.3339850990488261,lstm
USR-000188,EVT-0023892,2026-07-02 10:56:42.154613,0.37473337338303747,baseline_fallback
USR-000042,EVT-0023893,2026-07-02 10:59:00.161042,0.33276753862823505,lstm
USR-000015,EVT-0023894,2026-07-02 10:59:01.216772,0.5427391852714225,lstm
USR-000105,EVT-0023895,2026-07-02 11:01:43.365438,0.3040375733607357,lstm
DEV-000014,EVT-0023896,2026-07-02 11:02:05.806746,0.6959816709652669,lstm
USR-000038,EVT-0023897,2026-07-02 11:02:28.279640,0.5805569369497385,lstm
SVC-000042,EVT-0023898,2026-07-02 11:03:31.237403,0.3063360603600994,lstm
USR-000059,EVT-0023899,2026-07-02 11:03:33.636317,0.5372170824366092,lstm
USR-000200,EVT-0023900,2026-07-02 11:03:45.601002,0.9628396881214876,lstm
DEV-000025,EVT-0023901,2026-07-02 11:03:57.992451,0.7577283003253665,lstm
SVC-000039,EVT-0023902,2026-07-02 11:04:35.838774,0.3755520019492283,lstm
USR-000159,EVT-0023903,2026-07-02 11:04:47.997230,1.0,lstm
SVC-000039,EVT-0023904,2026-07-02 11:05:01.165267,0.7635218919640804,lstm
DEV-000024,EVT-0023905,2026-07-02 11:05:24.144043,0.38227669549933385,lstm
USR-000192,EVT-0023906,2026-07-02 11:05:28.561965,0.6944790750683891,lstm
SVC-000016,EVT-0023907,2026-07-02 11:07:41.717098,0.45528442140731246,lstm
USR-000024,EVT-0023908,2026-07-02 11:08:16.215828,0.48053165199273074,lstm
DEV-000009,EVT-0023909,2026-07-02 11:09:10.752650,0.5071258414752022,lstm
SVC-000013,EVT-0023910,2026-07-02 11:09:42.211389,0.8241480093656076,lstm
USR-000157,EVT-0023911,2026-07-02 11:09:54.725988,0.262150508005263,lstm
DEV-000009,EVT-0023912,2026-07-02 11:11:10.670765,0.6668888667495798,lstm
USR-000102,EVT-0023913,2026-07-02 11:11:56.830897,0.38968777138556565,lstm
DEV-000008,EVT-0023914,2026-07-02 11:12:23.312621,0.46803188332822576,lstm
USR-000019,EVT-0023915,2026-07-02 11:13:09.519681,0.27191340121793817,lstm
DEV-000002,EVT-0023916,2026-07-02 11:13:57.137626,0.3977244536120306,lstm
SVC-000039,EVT-0023917,2026-07-02 11:14:00.689943,0.29433920234895555,lstm
USR-000061,EVT-0023918,2026-07-02 11:14:47.341733,0.41856618141026714,lstm
SVC-000039,EVT-0023919,2026-07-02 11:17:33.544924,0.4824916715736957,lstm
SVC-000008,EVT-0023920,2026-07-02 11:19:16.363270,0.7632592771886891,lstm
USR-000161,EVT-0023921,2026-07-02 11:19:26.369489,0.7267927003137342,lstm
SVC-000050,EVT-0023922,2026-07-02 11:19:34.945803,0.9153232693883424,lstm
USR-000066,EVT-0023923,2026-07-02 11:20:09.040609,0.7167193337567604,lstm
USR-000194,EVT-0023924,2026-07-02 11:20:34.967170,0.21915460181647592,lstm
USR-000067,EVT-0023925,2026-07-02 11:22:09.400433,0.34803304613762986,lstm
SVC-000008,EVT-0023926,2026-07-02 11:22:13.781974,0.4609680863147198,lstm
USR-000016,EVT-0023927,2026-07-02 11:22:35.647097,0.24033229744882778,lstm
USR-000178,EVT-0023928,2026-07-02 11:23:35.761507,0.40606275791448276,lstm
USR-000022,EVT-0023929,2026-07-02 11:23:43.078086,0.4238090527014528,lstm
SVC-000021,EVT-0023930,2026-07-02 11:25:58.975681,0.9883460486769573,lstm
USR-000036,EVT-0023931,2026-07-02 11:26:02.101980,0.3486187030695513,lstm
USR-000118,EVT-0023932,2026-07-02 11:26:40.893761,0.3026758768688069,lstm
SVC-000008,EVT-0023933,2026-07-02 11:27:33.546548,0.7369629265281736,lstm
USR-000188,EVT-0023934,2026-07-02 11:28:37.619929,0.9037467127060962,baseline_fallback
USR-000059,EVT-0023935,2026-07-02 11:28:55.072200,0.6755296362696941,lstm
SVC-000039,EVT-0023936,2026-07-02 11:29:19.050900,0.2936501424513013,lstm
USR-000175,EVT-0023937,2026-07-02 11:29:40.508438,0.375831270752353,lstm
DEV-000018,EVT-0023938,2026-07-02 11:30:18.013247,0.6321474397970648,lstm
USR-000137,EVT-0023939,2026-07-02 11:30:38.433042,0.3694771553583221,lstm
DEV-000007,EVT-0023940,2026-07-02 11:31:02.340387,0.5322722301169323,lstm
SVC-000053,EVT-0023941,2026-07-02 11:32:15.700568,0.3739149282059068,lstm
USR-000190,EVT-0023942,2026-07-02 11:32:31.987624,0.24208393290134583,lstm
USR-000135,EVT-0023943,2026-07-02 11:34:59.410337,0.27723161546595243,lstm
SVC-000021,EVT-0023944,2026-07-02 11:35:08.461341,0.5440599801454638,lstm
USR-000068,EVT-0023945,2026-07-02 11:35:42.787754,0.7622626813042017,lstm
USR-000006,EVT-0023946,2026-07-02 11:35:56.827423,0.4927995289366845,lstm
USR-000143,EVT-0023947,2026-07-02 11:36:52.527420,0.6385540545602411,lstm
USR-000006,EVT-0023948,2026-07-02 11:37:24.802817,0.5782414791908905,lstm
USR-000190,EVT-0023949,2026-07-02 11:37:33.786027,0.43877458849306633,lstm
USR-000151,EVT-0023950,2026-07-02 11:39:16.225860,0.33595118620986825,lstm
SVC-000053,EVT-0023951,2026-07-02 11:39:26.274343,0.3834107910422062,lstm
USR-000148,EVT-0023952,2026-07-02 11:40:07.157492,0.7715947092896656,lstm
USR-000200,EVT-0023953,2026-07-02 11:42:13.026879,0.7628822348640129,lstm
SVC-000053,EVT-0023954,2026-07-02 11:43:55.120668,0.39116159087832136,lstm
SVC-000016,EVT-0023955,2026-07-02 11:44:06.590965,0.365038313398307,lstm
USR-000175,EVT-0023956,2026-07-02 11:44:46.897019,0.4771721122635072,lstm
USR-000066,EVT-0023957,2026-07-02 11:45:06.566827,0.5840469475843875,lstm
SVC-000024,EVT-0023958,2026-07-02 11:45:20.300127,0.506831283139235,lstm
USR-000099,EVT-0023959,2026-07-02 11:45:49.699228,0.27475753175467676,lstm
USR-000118,EVT-0023960,2026-07-02 11:46:19.673813,0.550639964614604,lstm
SVC-000008,EVT-0023961,2026-07-02 11:48:46.597635,0.3781356096667679,lstm
USR-000137,EVT-0023962,2026-07-02 11:50:09.812288,0.3895412635394803,lstm
SVC-000050,EVT-0023963,2026-07-02 11:51:04.761386,0.39391560568023765,lstm
USR-000167,EVT-0023964,2026-07-02 11:52:02.645410,0.7932041678965827,lstm
SVC-000050,EVT-0023965,2026-07-02 11:52:05.054328,0.6503128534739174,lstm
USR-000098,EVT-0023966,2026-07-02 11:53:36.886213,0.5527202670729376,lstm
USR-000194,EVT-0023967,2026-07-02 11:53:45.201199,0.34818911412702486,lstm
USR-000081,EVT-0023968,2026-07-02 11:54:14.055199,0.460415250329924,lstm
SVC-000021,EVT-0023969,2026-07-02 11:54:45.202326,0.5177483764073296,lstm
SVC-000008,EVT-0023970,2026-07-02 11:55:19.038937,0.7825731564131521,lstm
USR-000121,EVT-0023971,2026-07-02 11:56:02.108634,0.9316553706148778,lstm
SVC-000008,EVT-0023972,2026-07-02 11:58:19.935157,0.7414001947577045,lstm
USR-000099,EVT-0023973,2026-07-02 11:59:28.129789,0.2806191231728381,lstm
USR-000169,EVT-0023974,2026-07-02 11:59:41.524112,0.5542550095692158,lstm
USR-000001,EVT-0023975,2026-07-02 12:03:20.616861,0.44167439105740985,lstm
USR-000038,EVT-0023976,2026-07-02 12:05:22.405325,0.3121338926430538,lstm
USR-000038,EVT-0023977,2026-07-02 12:06:51.442750,0.52665280846099,lstm
SVC-000008,EVT-0023978,2026-07-02 12:08:43.732342,0.4568293344509083,lstm
USR-000015,EVT-0023979,2026-07-02 12:11:53.379946,0.42290792977773906,lstm
USR-000196,EVT-0023980,2026-07-02 12:12:34.560897,0.6597097772351732,lstm
DEV-000019,EVT-0023981,2026-07-02 12:12:35.784568,0.2732578216224341,lstm
USR-000194,EVT-0023982,2026-07-02 12:12:42.919701,0.3066711378671613,lstm
USR-000074,EVT-0023983,2026-07-02 12:13:00.979579,0.6666449264795354,lstm
USR-000057,EVT-0023984,2026-07-02 12:13:17.429833,0.5667839077583535,lstm
USR-000042,EVT-0023985,2026-07-02 12:14:28.776193,0.35752055073551153,lstm
USR-000089,EVT-0023986,2026-07-02 12:17:41.223248,0.5715187636095573,lstm
USR-000157,EVT-0023987,2026-07-02 12:17:50.511465,0.27675319959917866,lstm
SVC-000017,EVT-0023988,2026-07-02 12:18:05.950186,0.9953764000633855,lstm
SVC-000039,EVT-0023989,2026-07-02 12:18:50.704502,0.4027666099478281,lstm
USR-000003,EVT-0023990,2026-07-02 12:19:42.472803,0.7111462596729328,lstm
USR-000167,EVT-0023991,2026-07-02 12:19:50.533762,0.6138927108850789,lstm
USR-000011,EVT-0023992,2026-07-02 12:20:10.507805,0.8847595100573027,lstm
USR-000121,EVT-0023993,2026-07-02 12:20:44.738975,0.5798494317460134,lstm
DEV-000010,EVT-0023994,2026-07-02 12:21:58.363515,0.6592077720494703,lstm
USR-000166,EVT-0023995,2026-07-02 12:22:00.738203,0.22333964524444497,lstm
USR-000066,EVT-0023996,2026-07-02 12:22:44.453398,0.48678594312492846,lstm
DEV-000012,EVT-0023997,2026-07-02 12:24:48.085311,0.28486545765298193,lstm
USR-000172,EVT-0023998,2026-07-02 12:25:26.032865,0.41505398917945324,lstm
USR-000048,EVT-0023999,2026-07-02 12:25:35.728342,0.4380448136699243,lstm
USR-000125,EVT-0024000,2026-07-02 12:25:56.403446,0.5125907739225497,lstm
USR-000151,EVT-0024001,2026-07-02 12:26:11.947964,0.27228598411484,lstm
USR-000139,EVT-0024002,2026-07-02 12:26:55.429664,0.33218505051252606,lstm
SVC-000050,EVT-0024003,2026-07-02 12:29:03.083197,0.25602412754440124,lstm
USR-000057,EVT-0024004,2026-07-02 12:29:26.604215,0.3616784717668377,lstm
USR-000194,EVT-0024005,2026-07-02 12:29:38.126684,0.2992841995355545,lstm
USR-000042,EVT-0024006,2026-07-02 12:29:54.468942,0.3851790461393162,lstm
USR-000194,EVT-0024007,2026-07-02 12:30:07.818386,0.507485391682913,lstm
USR-000149,EVT-0024008,2026-07-02 12:33:21.062265,0.5333653154999456,lstm
USR-000038,EVT-0024009,2026-07-02 12:33:38.910173,0.27273387598878207,lstm
USR-000029,EVT-0024010,2026-07-02 12:34:20.165268,0.27568812716209157,lstm
USR-000161,EVT-0024011,2026-07-02 12:34:34.457118,0.37725575801329847,lstm
USR-000024,EVT-0024012,2026-07-02 12:35:35.299234,0.27991919104056406,lstm
USR-000035,EVT-0024013,2026-07-02 12:35:40.815542,0.44421108321150077,lstm
USR-000206,EVT-0024014,2026-07-02 12:36:25.570545,0.30548871668710714,lstm
USR-000001,EVT-0024015,2026-07-02 12:39:33.721882,0.28203408324957724,lstm
USR-000071,EVT-0024016,2026-07-02 12:39:54.603985,0.6480836947948011,lstm
USR-000117,EVT-0024017,2026-07-02 12:39:56.110144,0.45199886787058513,lstm
SVC-000017,EVT-0024018,2026-07-02 12:40:32.102114,0.6650882095505045,lstm
USR-000079,EVT-0024019,2026-07-02 12:41:32.754686,0.4544689409729514,lstm
DEV-000005,EVT-0024020,2026-07-02 12:46:36.604017,0.35679722898861027,lstm
USR-000154,EVT-0024021,2026-07-02 12:47:24.684769,0.6808682490169169,lstm
USR-000024,EVT-0024022,2026-07-02 12:47:25.656804,0.320151820635276,lstm
USR-000024,EVT-0024023,2026-07-02 12:47:33.380323,0.4972127260844896,lstm
USR-000050,EVT-0024024,2026-07-02 12:47:40.119853,0.2428512233717271,lstm
USR-000145,EVT-0024025,2026-07-02 12:48:04.213299,0.9122653489878132,lstm
SVC-000053,EVT-0024026,2026-07-02 12:49:19.298841,0.674472286493193,lstm
USR-000061,EVT-0024027,2026-07-02 12:51:32.466924,0.3805704503134174,lstm
SVC-000021,EVT-0024028,2026-07-02 12:52:02.348095,0.4732118509245047,lstm
USR-000160,EVT-0024029,2026-07-02 12:52:05.608417,0.5503758264630357,lstm
USR-000060,EVT-0024030,2026-07-02 12:52:27.366519,0.23987067747343233,lstm
USR-000099,EVT-0024031,2026-07-02 12:54:09.932974,0.291842544878026,lstm
SVC-000021,EVT-0024032,2026-07-02 12:56:00.283119,0.5913306285880758,lstm
USR-000139,EVT-0024033,2026-07-02 12:57:21.035294,0.34550763020746433,lstm
USR-000196,EVT-0024034,2026-07-02 12:57:52.570103,0.2997678624962777,lstm
DEV-000022,EVT-0024035,2026-07-02 12:58:09.787832,0.46891237835029564,lstm
DEV-000020,EVT-0024036,2026-07-02 13:00:51.123718,0.8071394974408368,lstm
DEV-000016,EVT-0024037,2026-07-02 13:01:13.011066,0.2691829019186922,lstm
SVC-000008,EVT-0024038,2026-07-02 13:04:27.021563,0.7186329723214918,lstm
USR-000024,EVT-0024039,2026-07-02 13:04:27.956342,0.24950725805699078,lstm
SVC-000050,EVT-0024040,2026-07-02 13:05:21.658604,0.2573083749920281,lstm
USR-000145,EVT-0024041,2026-07-02 13:07:14.322302,0.9801186306601093,lstm
SVC-000034,EVT-0024042,2026-07-02 13:07:51.311239,0.8666529129547645,lstm
USR-000079,EVT-0024043,2026-07-02 13:09:23.825913,0.4355898876799491,lstm
SVC-000017,EVT-0024044,2026-07-02 13:12:11.028179,0.5984246906384059,lstm
USR-000003,EVT-0024045,2026-07-02 13:12:16.358136,0.7961832432086574,lstm
USR-000055,EVT-0024046,2026-07-02 13:12:41.169700,0.37046101635389556,baseline_fallback
USR-000120,EVT-0024047,2026-07-02 13:13:11.777545,0.3571486924744226,lstm
DEV-000026,EVT-0024048,2026-07-02 13:13:35.605846,0.3831502046771653,lstm
USR-000151,EVT-0024049,2026-07-02 13:13:51.105484,0.3234849463377057,lstm
USR-000063,EVT-0024050,2026-07-02 13:15:36.212685,0.6207419998161834,lstm
USR-000001,EVT-0024051,2026-07-02 13:16:11.759780,0.3370355158423751,lstm
SVC-000034,EVT-0024052,2026-07-02 13:16:32.831347,0.7503452985576816,lstm
USR-000178,EVT-0024053,2026-07-02 13:17:04.772705,0.2409460044611585,lstm
SVC-000050,EVT-0024054,2026-07-02 13:17:50.914831,0.26009872096778625,lstm
USR-000099,EVT-0024055,2026-07-02 13:19:36.009141,0.2679569026729011,lstm
DEV-000008,EVT-0024056,2026-07-02 13:21:43.773682,0.23949389500484164,lstm
USR-000080,EVT-0024057,2026-07-02 13:21:59.996747,0.9456633182522708,lstm
DEV-000021,EVT-0024058,2026-07-02 13:22:08.800095,0.8457771939987234,lstm
DEV-000009,EVT-0024059,2026-07-02 13:23:14.949169,0.5078245136993682,lstm
SVC-000043,EVT-0024060,2026-07-02 13:24:19.077475,0.9939221113614544,lstm
USR-000161,EVT-0024061,2026-07-02 13:24:43.534857,0.3440100813594664,lstm
SVC-000008,EVT-0024062,2026-07-02 13:24:55.764305,0.45032723090535354,lstm
SVC-000043,EVT-0024063,2026-07-02 13:25:01.166353,0.86947449029335,lstm
SVC-000050,EVT-0024064,2026-07-02 13:25:24.292266,0.32793978294662973,lstm
USR-000077,EVT-0024065,2026-07-02 13:26:34.675913,0.4052293133026618,lstm
USR-000069,EVT-0024066,2026-07-02 13:27:31.529825,0.3462818393549381,lstm
USR-000062,EVT-0024067,2026-07-02 13:27:37.319247,0.2438379346915319,lstm
DEV-000002,EVT-0024068,2026-07-02 13:28:52.421770,0.28331679544960264,lstm
SVC-000017,EVT-0024069,2026-07-02 13:29:15.273611,0.5192669185151961,lstm
USR-000175,EVT-0024070,2026-07-02 13:30:35.891218,0.31943386647577254,lstm
USR-000058,EVT-0024071,2026-07-02 13:31:06.745055,0.38135752228155784,lstm
SVC-000008,EVT-0024072,2026-07-02 13:31:08.845367,0.5656266073804108,lstm
SVC-000017,EVT-0024073,2026-07-02 13:31:30.378491,0.6196565438835984,lstm
USR-000145,EVT-0024074,2026-07-02 13:34:21.772585,0.7572294646933029,lstm
USR-000018,EVT-0024075,2026-07-02 13:34:46.632385,0.6923730327013515,lstm
DEV-000013,EVT-0024076,2026-07-02 13:35:23.365353,0.6047025272741825,lstm
DEV-000020,EVT-0024077,2026-07-02 13:35:43.015855,0.5673187632978002,lstm
SVC-000008,EVT-0024078,2026-07-02 13:36:11.939924,0.5694882182346896,lstm
SVC-000028,EVT-0024079,2026-07-02 13:36:35.294251,0.9562332712485361,lstm
USR-000151,EVT-0024080,2026-07-02 13:38:56.684939,0.3848839466079866,lstm
USR-000135,EVT-0024081,2026-07-02 13:39:18.736690,0.4238453370068781,lstm
USR-000096,EVT-0024082,2026-07-02 13:39:35.611321,0.44323522772636037,lstm
USR-000170,EVT-0024083,2026-07-02 13:39:58.844780,0.39384414025639414,lstm
USR-000012,EVT-0024084,2026-07-02 13:40:04.494362,0.9015416298409242,lstm
USR-000135,EVT-0024085,2026-07-02 13:40:32.773161,0.5282666852173257,lstm
USR-000077,EVT-0024086,2026-07-02 13:41:38.424282,0.2972221153835224,lstm
USR-000024,EVT-0024087,2026-07-02 13:42:05.654668,0.2506102112887432,lstm
SVC-000034,EVT-0024088,2026-07-02 13:43:25.777514,0.3270329643223778,lstm
USR-000148,EVT-0024089,2026-07-02 13:43:46.603548,0.37330703063049736,lstm
USR-000001,EVT-0024090,2026-07-02 13:46:40.670656,0.3603339681050493,lstm
USR-000062,EVT-0024091,2026-07-02 13:47:52.010803,0.273361493926565,lstm
SVC-000043,EVT-0024092,2026-07-02 13:49:48.444490,0.4056147052036388,lstm
DEV-000019,EVT-0024093,2026-07-02 13:51:16.037720,0.16961997645839091,lstm
SVC-000039,EVT-0024094,2026-07-02 13:51:16.604949,0.6613601108318488,lstm
USR-000160,EVT-0024095,2026-07-02 13:52:05.725219,0.40422249710817726,lstm
SVC-000050,EVT-0024096,2026-07-02 13:52:21.701386,0.37545544954014193,lstm
USR-000079,EVT-0024097,2026-07-02 13:52:45.871206,0.2845659515151216,lstm
SVC-000027,EVT-0024098,2026-07-02 13:57:13.183761,0.9751658121599895,lstm
DEV-000020,EVT-0024099,2026-07-02 13:58:34.373119,0.5348591319242869,lstm
SVC-000043,EVT-0024100,2026-07-02 13:59:25.667796,0.3754240360179598,lstm
USR-000174,EVT-0024101,2026-07-02 14:01:07.823416,0.606519113205203,lstm
DEV-000024,EVT-0024102,2026-07-02 14:01:58.998922,0.3334549316317459,lstm
SVC-000008,EVT-0024103,2026-07-02 14:02:45.557850,0.5272328891158455,lstm
DEV-000021,EVT-0024104,2026-07-02 14:03:02.372033,0.6892999406736061,lstm
USR-000061,EVT-0024105,2026-07-02 14:04:32.841104,0.29221042219444454,lstm
USR-000151,EVT-0024106,2026-07-02 14:05:17.585035,0.2929378100748504,lstm
USR-000077,EVT-0024107,2026-07-02 14:06:11.495300,0.286575160946083,lstm
USR-000192,EVT-0024108,2026-07-02 14:07:39.878349,0.42750516300425506,lstm
USR-000089,EVT-0024109,2026-07-02 14:07:47.390033,0.3468560050140166,lstm
SVC-000050,EVT-0024110,2026-07-02 14:11:19.421369,0.2599620405146765,lstm
USR-000184,EVT-0024111,2026-07-02 14:11:42.461867,0.546760429207145,lstm
SVC-000053,EVT-0024112,2026-07-02 14:12:37.869028,0.7832891154365647,lstm
USR-000126,EVT-0024113,2026-07-02 14:12:41.169408,0.9134816251175559,lstm
USR-000099,EVT-0024114,2026-07-02 14:14:22.043924,0.3224438093680355,lstm
DEV-000014,EVT-0024115,2026-07-02 14:14:23.198560,0.37589090437096717,lstm
USR-000062,EVT-0024116,2026-07-02 14:14:52.746581,0.2900440142226753,lstm
USR-000012,EVT-0024117,2026-07-02 14:15:19.141505,0.7520051935537648,lstm
USR-000069,EVT-0024118,2026-07-02 14:15:55.823860,0.32093072185113886,lstm
SVC-000027,EVT-0024119,2026-07-02 14:16:15.651762,0.4559278949218466,lstm
USR-000064,EVT-0024120,2026-07-02 14:16:34.786354,0.3430422812905832,lstm
USR-000148,EVT-0024121,2026-07-02 14:18:04.698890,0.4062815463978252,lstm
USR-000149,EVT-0024122,2026-07-02 14:18:54.664036,0.30332985974040005,lstm
SVC-000050,EVT-0024123,2026-07-02 14:19:11.409605,0.4041886419798122,lstm
USR-000128,EVT-0024124,2026-07-02 14:19:26.985123,0.848761177211847,lstm
USR-000145,EVT-0024125,2026-07-02 14:19:29.782366,0.5494748374375232,lstm
USR-000064,EVT-0024126,2026-07-02 14:19:49.609500,0.5179200170654296,lstm
USR-000146,EVT-0024127,2026-07-02 14:20:12.394122,0.5248049684720023,lstm
USR-000184,EVT-0024128,2026-07-02 14:20:16.817003,0.3997571341800307,lstm
USR-000078,EVT-0024129,2026-07-02 14:20:27.351899,0.6917652270402086,lstm
USR-000051,EVT-0024130,2026-07-02 14:21:14.259146,0.5766881655500204,lstm
SVC-000017,EVT-0024131,2026-07-02 14:21:59.552862,0.7236458114901888,lstm
SVC-000050,EVT-0024132,2026-07-02 14:22:25.015224,0.37206900735217435,lstm
USR-000152,EVT-0024133,2026-07-02 14:23:56.875212,0.8107079166730791,lstm
USR-000118,EVT-0024134,2026-07-02 14:23:58.886290,0.38394065929703014,lstm
DEV-000023,EVT-0024135,2026-07-02 14:24:27.986290,0.5588363664534058,lstm
USR-000206,EVT-0024136,2026-07-02 14:26:02.177494,0.31909950982724855,lstm
SVC-000027,EVT-0024137,2026-07-02 14:27:30.236510,0.5010977940238538,lstm
SVC-000022,EVT-0024138,2026-07-02 14:28:39.369160,0.9563319130826176,lstm
USR-000193,EVT-0024139,2026-07-02 14:30:37.385238,0.4685915042240061,lstm
SVC-000027,EVT-0024140,2026-07-02 14:33:33.830640,0.4361806912769861,lstm
USR-000002,EVT-0024141,2026-07-02 14:33:56.735977,0.306937689983647,lstm
SVC-000010,EVT-0024142,2026-07-02 14:34:49.247767,0.9736107665767213,lstm
USR-000012,EVT-0024143,2026-07-02 14:38:17.326964,0.9009209520030448,lstm
SVC-000026,EVT-0024144,2026-07-02 14:38:33.589313,0.9759896985433792,lstm
USR-000146,EVT-0024145,2026-07-02 14:39:02.147152,0.4825090661898629,lstm
USR-000063,EVT-0024146,2026-07-02 14:41:42.299221,0.5744225023972543,lstm
USR-000209,EVT-0024147,2026-07-02 14:42:04.530198,0.35511621416716294,lstm
USR-000099,EVT-0024148,2026-07-02 14:42:57.696693,0.33833684007208314,lstm
SVC-000012,EVT-0024149,2026-07-02 14:43:14.604459,0.9837045490209527,lstm
USR-000126,EVT-0024150,2026-07-02 14:44:57.432420,0.7595490493042898,lstm
USR-000170,EVT-0024151,2026-07-02 14:45:07.128182,0.20764999202620488,lstm
SVC-000017,EVT-0024152,2026-07-02 14:45:27.644027,0.3255558968564372,lstm
DEV-000009,EVT-0024153,2026-07-02 14:48:24.008700,0.6201375381949292,lstm
DEV-000014,EVT-0024154,2026-07-02 14:48:35.757175,0.4896393113049983,lstm
SVC-000026,EVT-0024155,2026-07-02 14:49:56.725571,0.45308835280543597,lstm
USR-000149,EVT-0024156,2026-07-02 14:50:32.902502,0.5993514663574285,lstm
USR-000080,EVT-0024157,2026-07-02 14:51:40.117195,0.7708846030940907,lstm
USR-000117,EVT-0024158,2026-07-02 14:52:12.626708,0.26114821812842004,lstm
SVC-000012,EVT-0024159,2026-07-02 14:52:22.165115,0.5220377430374887,lstm
USR-000131,EVT-0024160,2026-07-02 14:52:24.213622,0.8188398378715682,lstm
SVC-000036,EVT-0024161,2026-07-02 14:52:45.722071,0.9714630688780975,lstm
USR-000143,EVT-0024162,2026-07-02 14:53:47.887768,0.40321225309729697,lstm
USR-000099,EVT-0024163,2026-07-02 14:54:06.118183,0.36136418214070815,lstm
SVC-000022,EVT-0024164,2026-07-02 14:54:07.717723,0.2745201691727139,lstm
USR-000066,EVT-0024165,2026-07-02 14:54:48.274540,0.3003386419358808,lstm
USR-000206,EVT-0024166,2026-07-02 14:55:17.926675,0.4514165677069033,lstm
USR-000181,EVT-0024167,2026-07-02 14:56:02.253668,0.5964811589528978,lstm
SVC-000012,EVT-0024168,2026-07-02 14:56:17.910433,0.7306013353771919,lstm
SVC-000012,EVT-0024169,2026-07-02 15:00:38.551798,0.43211704895202485,lstm
SVC-000036,EVT-0024170,2026-07-02 15:01:02.158083,0.4321944888778427,lstm
SVC-000012,EVT-0024171,2026-07-02 15:02:10.154142,0.5139677180611408,lstm
SVC-000017,EVT-0024172,2026-07-02 15:03:05.654289,0.39915107357282625,lstm
USR-000196,EVT-0024173,2026-07-02 15:03:32.010407,0.24526509542404415,lstm
SVC-000036,EVT-0024174,2026-07-02 15:03:58.512195,0.6544717458667045,lstm
USR-000208,EVT-0024175,2026-07-02 15:04:40.966009,0.4396206060224816,lstm
SVC-000017,EVT-0024176,2026-07-02 15:04:54.344439,0.7294033819959873,lstm
USR-000186,EVT-0024177,2026-07-02 15:05:22.475548,0.4464929046733409,lstm
SVC-000043,EVT-0024178,2026-07-02 15:06:05.235248,0.5024484328431291,lstm
DEV-000003,EVT-0024179,2026-07-02 15:07:15.832413,0.916603859203142,lstm
USR-000035,EVT-0024180,2026-07-02 15:07:18.632738,0.35179990664208816,lstm
USR-000198,EVT-0024181,2026-07-02 15:08:06.417214,0.36319067795258886,lstm
USR-000012,EVT-0024182,2026-07-02 15:08:28.687768,0.6648341481070408,lstm
SVC-000012,EVT-0024183,2026-07-02 15:09:06.764269,0.47288901750468415,lstm
DEV-000026,EVT-0024184,2026-07-02 15:10:42.091474,0.4883563278270897,lstm
SVC-000036,EVT-0024185,2026-07-02 15:12:15.142897,0.6355540514149305,lstm
USR-000005,EVT-0024186,2026-07-02 15:13:33.484999,0.3979036400853829,lstm
SVC-000010,EVT-0024187,2026-07-02 15:14:07.295292,0.4631982693806283,lstm
SVC-000027,EVT-0024188,2026-07-02 15:14:40.865936,0.5277388081406109,lstm
SVC-000026,EVT-0024189,2026-07-02 15:15:24.116365,0.40638823580780226,lstm
SVC-000036,EVT-0024190,2026-07-02 15:16:18.762421,0.4377913238600442,lstm
USR-000003,EVT-0024191,2026-07-02 15:19:13.987205,0.6647933762613469,lstm
USR-000170,EVT-0024192,2026-07-02 15:21:34.467964,0.21718180049192085,lstm
USR-000131,EVT-0024193,2026-07-02 15:21:49.128632,0.554890300365295,lstm
USR-000052,EVT-0024194,2026-07-02 15:27:52.739191,0.7153017616348265,lstm
SVC-000027,EVT-0024195,2026-07-02 15:30:56.428764,0.526264899550955,lstm
DEV-000019,EVT-0024196,2026-07-02 15:31:00.363083,0.9999999999999998,lstm
DEV-000019,EVT-0024197,2026-07-02 15:31:10.753402,0.9999999909407703,lstm
DEV-000019,EVT-0024198,2026-07-02 15:31:12.395774,0.9999987792085749,lstm
DEV-000019,EVT-0024199,2026-07-02 15:31:14.104461,0.9999893840190242,lstm
DEV-000019,EVT-0024200,2026-07-02 15:31:17.147046,0.9999781875797298,lstm
SVC-000036,EVT-0024201,2026-07-02 15:31:30.068734,0.8969394047471045,lstm
DEV-000014,EVT-0024202,2026-07-02 15:32:00.217856,0.43686180012758585,lstm
USR-000209,EVT-0024203,2026-07-02 15:32:31.222244,0.2737912497684231,lstm
USR-000146,EVT-0024204,2026-07-02 15:32:37.233899,0.3675723723737824,lstm
SVC-000053,EVT-0024205,2026-07-02 15:32:56.225774,0.7503125103189563,lstm
USR-000154,EVT-0024206,2026-07-02 15:34:31.084059,0.5079193591734379,lstm
USR-000128,EVT-0024207,2026-07-02 15:34:45.187155,0.6875679330151916,lstm
USR-000175,EVT-0024208,2026-07-02 15:35:12.311580,0.37530106335623054,lstm
SVC-000036,EVT-0024209,2026-07-02 15:35:36.262371,0.6322509082463985,lstm
USR-000156,EVT-0024210,2026-07-02 15:37:04.965661,0.5887492638470624,lstm
USR-000027,EVT-0024211,2026-07-02 15:37:13.271946,0.5309528306448881,lstm
SVC-000028,EVT-0024212,2026-07-02 15:38:35.931569,0.5271117073177464,lstm
SVC-000012,EVT-0024213,2026-07-02 15:40:22.486144,0.4350978344068726,lstm
USR-000089,EVT-0024214,2026-07-02 15:42:49.990902,0.3395587036393687,lstm
USR-000209,EVT-0024215,2026-07-02 15:46:26.032336,0.3248523550827876,lstm
USR-000126,EVT-0024216,2026-07-02 15:47:38.747024,0.5222559719545963,lstm
SVC-000036,EVT-0024217,2026-07-02 15:47:43.901134,0.4982641135985646,lstm
USR-000062,EVT-0024218,2026-07-02 15:49:12.106119,0.2777996805885785,lstm
USR-000018,EVT-0024219,2026-07-02 15:50:10.229566,0.8279651695443968,lstm
USR-000080,EVT-0024220,2026-07-02 15:50:20.910949,0.5666014306507575,lstm
SVC-000027,EVT-0024221,2026-07-02 15:51:42.197915,0.5921971801562167,lstm
SVC-000029,EVT-0024222,2026-07-02 15:52:08.747965,1.0,lstm
SVC-000010,EVT-0024223,2026-07-02 15:56:48.230858,0.3636409651053186,lstm
USR-000178,EVT-0024224,2026-07-02 15:57:22.963226,0.2582248458226156,lstm
SVC-000012,EVT-0024225,2026-07-02 15:57:54.325728,0.29102033514939296,lstm
USR-000185,EVT-0024226,2026-07-02 15:58:12.859460,0.6151889523401507,lstm
USR-000063,EVT-0024227,2026-07-02 16:00:08.396435,0.47201276016389626,lstm
SVC-000036,EVT-0024228,2026-07-02 16:00:35.675796,0.40126812988764154,lstm
SVC-000036,EVT-0024229,2026-07-02 16:03:44.705433,0.5745363179729398,lstm
SVC-000036,EVT-0024230,2026-07-02 16:04:25.165538,0.6609686004128427,lstm
USR-000001,EVT-0024231,2026-07-02 16:05:56.674049,0.42995100811628445,lstm
USR-000192,EVT-0024232,2026-07-02 16:07:31.939985,0.3030435929678517,lstm
SVC-000029,EVT-0024233,2026-07-02 16:07:48.880488,0.9999999602437606,lstm
USR-000075,EVT-0024234,2026-07-02 16:08:30.630610,0.909566197166999,lstm
USR-000196,EVT-0024235,2026-07-02 16:09:30.562535,0.348791151068352,lstm
USR-000192,EVT-0024236,2026-07-02 16:10:40.551189,0.7076469325446882,lstm
USR-000206,EVT-0024237,2026-07-02 16:10:59.425532,0.3857932721624618,lstm
SVC-000010,EVT-0024238,2026-07-02 16:11:07.646482,0.32075804331948676,lstm
SVC-000026,EVT-0024239,2026-07-02 16:11:18.955846,0.3744597224327095,lstm
USR-000128,EVT-0024240,2026-07-02 16:13:25.075537,0.5661663948741098,lstm
USR-000061,EVT-0024241,2026-07-02 16:17:01.408601,0.41020787780579265,lstm
SVC-000010,EVT-0024242,2026-07-02 16:17:19.776626,0.4375025062177016,lstm
USR-000156,EVT-0024243,2026-07-02 16:17:29.118091,0.7216361732631409,lstm
SVC-000026,EVT-0024244,2026-07-02 16:18:38.342252,0.353227066741217,lstm
USR-000045,EVT-0024245,2026-07-02 16:20:06.663414,0.4709699289573019,lstm
SVC-000029,EVT-0024246,2026-07-02 16:21:26.002504,0.9879731228680533,lstm
USR-000156,EVT-0024247,2026-07-02 16:24:11.304702,0.7059718665432616,lstm
SVC-000026,EVT-0024248,2026-07-02 16:24:50.329966,0.5656914498412665,lstm
SVC-000010,EVT-0024249,2026-07-02 16:27:21.666984,0.36227843218098454,lstm
USR-000079,EVT-0024250,2026-07-02 16:30:09.920432,0.469018502556004,lstm
SVC-000044,EVT-0024251,2026-07-02 16:30:52.384571,0.996619735963049,lstm
USR-000040,EVT-0024252,2026-07-02 16:33:55.049686,0.5734025741885169,lstm
SVC-000026,EVT-0024253,2026-07-02 16:34:38.041193,0.3444229731944355,lstm
DEV-000008,EVT-0024254,2026-07-02 16:38:05.143511,0.35729097267676607,lstm
USR-000012,EVT-0024255,2026-07-02 16:39:09.170600,0.9334985101678772,lstm
USR-000092,EVT-0024256,2026-07-02 16:39:45.294674,0.391615877186033,lstm
DEV-000001,EVT-0024257,2026-07-02 16:41:21.300897,0.6684008963445083,lstm
DEV-000013,EVT-0024258,2026-07-02 16:41:32.964418,0.23250273751448608,lstm
SVC-000028,EVT-0024259,2026-07-02 16:42:34.711748,0.434482262242097,lstm
USR-000068,EVT-0024260,2026-07-02 16:44:08.660200,0.37450291007424313,lstm
SVC-000010,EVT-0024261,2026-07-02 16:44:58.452934,0.36051830197517304,lstm
SVC-000029,EVT-0024262,2026-07-02 16:46:03.651444,0.8888551120494821,lstm
USR-000160,EVT-0024263,2026-07-02 16:46:39.366977,0.5039897022900144,lstm
USR-000178,EVT-0024264,2026-07-02 16:48:25.297635,0.4012541794005248,lstm
SVC-000005,EVT-0024265,2026-07-02 16:48:42.726042,0.9072829952548859,lstm
SVC-000023,EVT-0024266,2026-07-02 16:49:18.405291,0.9255357196107183,lstm
SVC-000026,EVT-0024267,2026-07-02 16:50:09.456593,0.7555250699953326,lstm
SVC-000029,EVT-0024268,2026-07-02 16:50:10.838690,0.9789613504907864,lstm
USR-000079,EVT-0024269,2026-07-02 16:50:19.156968,0.3622450208651678,lstm
DEV-000015,EVT-0024270,2026-07-02 16:52:07.522913,0.42664942807037154,lstm
SVC-000036,EVT-0024271,2026-07-02 16:52:08.839862,0.5783682746428087,lstm
USR-000092,EVT-0024272,2026-07-02 16:52:43.276326,0.4676042477641449,lstm
USR-000068,EVT-0024273,2026-07-02 16:53:02.943081,0.5819603369529042,lstm
SVC-000005,EVT-0024274,2026-07-02 16:53:17.540511,0.889208836538112,lstm
SVC-000026,EVT-0024275,2026-07-02 16:54:45.320081,0.5749575002292079,lstm
USR-000074,EVT-0024276,2026-07-02 16:55:17.206821,0.3103034612146911,lstm
USR-000169,EVT-0024277,2026-07-02 16:56:27.242024,0.6881135772070066,lstm
USR-000192,EVT-0024278,2026-07-02 16:56:45.458585,0.3288644477329173,lstm
USR-000024,EVT-0024279,2026-07-02 16:59:21.223007,0.49336664501733274,lstm
USR-000184,EVT-0024280,2026-07-02 16:59:41.284426,0.26511397582701596,lstm
USR-000120,EVT-0024281,2026-07-02 17:00:22.450260,0.436865920491318,lstm
USR-000037,EVT-0024282,2026-07-02 17:00:44.906342,0.3437904168286087,lstm
SVC-000036,EVT-0024283,2026-07-02 17:02:07.443320,0.7369527801542722,lstm
SVC-000023,EVT-0024284,2026-07-02 17:02:28.482287,0.34443432269968444,lstm
SVC-000010,EVT-0024285,2026-07-02 17:04:32.081701,0.4109229560878828,lstm
DEV-000017,EVT-0024286,2026-07-02 17:07:50.721843,0.631496888196322,lstm
SVC-000036,EVT-0024287,2026-07-02 17:08:38.694798,0.692183553650257,lstm
SVC-000026,EVT-0024288,2026-07-02 17:09:45.241124,0.3494534586626606,lstm
USR-000117,EVT-0024289,2026-07-02 17:09:47.585169,0.21952924596507964,lstm
DEV-000023,EVT-0024290,2026-07-02 17:10:33.043050,0.6108171055439098,lstm
USR-000077,EVT-0024291,2026-07-02 17:10:44.483996,0.35819449712431345,lstm
DEV-000024,EVT-0024292,2026-07-02 17:11:35.257550,0.33641433230986495,lstm
USR-000187,EVT-0024293,2026-07-02 17:11:44.603676,0.4809076584707071,lstm
DEV-000005,EVT-0024294,2026-07-02 17:12:46.539101,0.3573202920091861,lstm
SVC-000010,EVT-0024295,2026-07-02 17:16:27.519992,0.4988582770564176,lstm
USR-000156,EVT-0024296,2026-07-02 17:18:26.938385,0.43225660932273935,lstm
USR-000027,EVT-0024297,2026-07-02 17:18:47.129434,0.6379840874376447,lstm
USR-000212,EVT-0024298,2026-07-02 17:23:39.531889,0.7907312577064077,lstm
SVC-000029,EVT-0024299,2026-07-02 17:24:50.578090,0.9660947141862729,lstm
USR-000027,EVT-0024300,2026-07-02 17:25:20.183031,0.7720352169142481,lstm
DEV-000022,EVT-0024301,2026-07-02 17:25:32.511018,0.4726889101235251,lstm
USR-000185,EVT-0024302,2026-07-02 17:30:10.910761,0.3565225996172189,lstm
SVC-000023,EVT-0024303,2026-07-02 17:33:15.472710,0.26208399017402134,lstm
USR-000089,EVT-0024304,2026-07-02 17:34:39.107855,0.6040232762233054,lstm
USR-000075,EVT-0024305,2026-07-02 17:35:23.898558,0.23102685609978157,lstm
USR-000071,EVT-0024306,2026-07-02 17:36:57.388785,0.7021097732069714,lstm
USR-000146,EVT-0024307,2026-07-02 17:37:00.826377,0.3020732712036514,lstm
USR-000201,EVT-0024308,2026-07-02 17:38:21.265372,0.4111979170290118,lstm
DEV-000003,EVT-0024309,2026-07-02 17:39:39.659031,0.9289009341668814,lstm
SVC-000044,EVT-0024310,2026-07-02 17:39:58.320630,0.7049735897595442,lstm
SVC-000010,EVT-0024311,2026-07-02 17:44:52.329884,0.3766351297383305,lstm
USR-000193,EVT-0024312,2026-07-02 17:44:58.303517,0.40165010573670795,lstm
DEV-000016,EVT-0024313,2026-07-02 17:45:32.588513,0.21203679956344904,lstm
DEV-000006,EVT-0024314,2026-07-02 17:46:12.014686,0.49974080979665975,lstm
SVC-000029,EVT-0024315,2026-07-02 17:47:48.300299,0.9880148225508018,lstm
DEV-000009,EVT-0024316,2026-07-02 17:49:25.964341,0.8727401729611479,lstm
USR-000160,EVT-0024317,2026-07-02 17:51:03.217474,0.6828692316885941,lstm
SVC-000010,EVT-0024318,2026-07-02 17:51:08.088128,0.3539097310579813,lstm
USR-000125,EVT-0024319,2026-07-02 17:51:27.702715,0.3022981932225909,lstm
USR-000134,EVT-0024320,2026-07-02 17:52:19.044307,1.0,lstm
DEV-000022,EVT-0024321,2026-07-02 17:54:41.646665,0.6274430544416769,lstm
USR-000117,EVT-0024322,2026-07-02 17:55:16.318676,0.24349327236698728,lstm
USR-000080,EVT-0024323,2026-07-02 17:59:20.924041,0.4436845397650706,lstm
USR-000089,EVT-0024324,2026-07-02 18:00:12.850218,0.7265964291541109,lstm
USR-000208,EVT-0024325,2026-07-02 18:01:50.227580,0.510152238164872,lstm
USR-000174,EVT-0024326,2026-07-02 18:13:07.432274,0.714417577629584,lstm
USR-000152,EVT-0024327,2026-07-02 18:13:21.416928,0.5874776804562645,lstm
USR-000185,EVT-0024328,2026-07-02 18:14:19.543279,0.32567247179148645,lstm
DEV-000017,EVT-0024329,2026-07-02 18:15:07.254527,0.5157909582669906,lstm
USR-000209,EVT-0024330,2026-07-02 18:16:34.265210,0.24773375093337416,lstm
USR-000128,EVT-0024331,2026-07-02 18:17:30.023798,0.5409310552751957,lstm
SVC-000029,EVT-0024332,2026-07-02 18:18:45.809969,0.9586285475131398,lstm
SVC-000005,EVT-0024333,2026-07-02 18:20:19.140793,0.3624009017754234,lstm
SVC-000010,EVT-0024334,2026-07-02 18:21:36.050215,0.4099617209726289,lstm
SVC-000052,EVT-0024335,2026-07-02 18:22:50.817955,0.9850570126623204,lstm
SVC-000037,EVT-0024336,2026-07-02 18:25:49.866435,0.9927133059045717,lstm
SVC-000006,EVT-0024337,2026-07-02 18:26:23.197903,0.9984944311760247,lstm
USR-000117,EVT-0024338,2026-07-02 18:27:05.141073,0.38579972785243,lstm
SVC-000037,EVT-0024339,2026-07-02 18:32:07.208265,0.4410493317234037,lstm
USR-000209,EVT-0024340,2026-07-02 18:34:33.678161,0.4668632833074187,lstm
SVC-000052,EVT-0024341,2026-07-02 18:36:03.205590,0.6386904387107677,lstm
USR-000209,EVT-0024342,2026-07-02 18:36:18.683163,0.5784157887507813,lstm
SVC-000006,EVT-0024343,2026-07-02 18:38:29.766755,0.584343485457548,lstm
USR-000128,EVT-0024344,2026-07-02 18:38:38.198522,1.0,lstm
SVC-000044,EVT-0024345,2026-07-02 18:38:44.922992,0.5666246452991852,lstm
SVC-000026,EVT-0024346,2026-07-02 18:39:27.349879,0.5391781365712132,lstm
USR-000128,EVT-0024347,2026-07-02 18:39:55.848039,0.9583722259079943,lstm
SVC-000026,EVT-0024348,2026-07-02 18:40:11.852236,0.7406909964874351,lstm
USR-000012,EVT-0024349,2026-07-02 18:40:25.018541,0.7559166839030361,lstm
SVC-000004,EVT-0024350,2026-07-02 18:42:12.256372,0.969296822732473,lstm
SVC-000023,EVT-0024351,2026-07-02 18:43:59.383498,0.4009825632984906,lstm
SVC-000037,EVT-0024352,2026-07-02 18:44:11.648714,0.36717470678478314,lstm
SVC-000044,EVT-0024353,2026-07-02 18:47:03.142323,0.9025900258568033,lstm
SVC-000052,EVT-0024354,2026-07-02 18:48:42.542724,0.5123409410149079,lstm
SVC-000006,EVT-0024355,2026-07-02 18:50:30.584409,0.38595733322934433,lstm
DEV-000018,EVT-0024356,2026-07-02 18:51:19.023240,0.40245866495403226,lstm
SVC-000004,EVT-0024357,2026-07-02 18:52:10.068354,0.4133872129293295,lstm
USR-000186,EVT-0024358,2026-07-02 18:53:19.318874,0.3605254132125738,lstm
SVC-000057,EVT-0024359,2026-07-02 18:58:54.771526,0.9173996660646312,lstm
SVC-000010,EVT-0024360,2026-07-02 19:03:15.847718,0.5303885527093524,lstm
DEV-000017,EVT-0024361,2026-07-02 19:03:42.897984,0.42214901437877633,lstm
SVC-000004,EVT-0024362,2026-07-02 19:06:05.103010,0.42251267720204405,lstm
SVC-000044,EVT-0024363,2026-07-02 19:07:26.310022,0.7863970616506041,lstm
SVC-000006,EVT-0024364,2026-07-02 19:07:34.619145,0.3597273849146384,lstm
SVC-000052,EVT-0024365,2026-07-02 19:08:25.699626,0.33689290927939053,lstm
SVC-000060,EVT-0024366,2026-07-02 19:11:04.862142,0.9914952457676992,lstm
USR-000185,EVT-0024367,2026-07-02 19:14:01.132670,0.3017242472737431,lstm
USR-000003,EVT-0024368,2026-07-02 19:14:08.611475,0.696465963718509,lstm
USR-000027,EVT-0024369,2026-07-02 19:15:17.144817,0.5229769643322082,lstm
USR-000040,EVT-0024370,2026-07-02 19:17:42.863424,0.5156368822229511,lstm
SVC-000006,EVT-0024371,2026-07-02 19:18:23.496181,0.5045839932970927,lstm
DEV-000017,EVT-0024372,2026-07-02 19:19:45.239067,0.5630632297276674,lstm
DEV-000019,EVT-0024373,2026-07-02 19:21:31.430725,0.9521419905328551,lstm
USR-000062,EVT-0024374,2026-07-02 19:22:13.283716,0.6495898016051203,lstm
SVC-000010,EVT-0024375,2026-07-02 19:23:58.867641,0.789405896419492,lstm
SVC-000006,EVT-0024376,2026-07-02 19:27:23.651827,0.3500684432632481,lstm
SVC-000057,EVT-0024377,2026-07-02 19:29:13.115128,0.636052605470062,lstm
SVC-000052,EVT-0024378,2026-07-02 19:29:14.403856,0.7249450193984844,lstm
SVC-000052,EVT-0024379,2026-07-02 19:30:56.274505,0.4528426874415612,lstm
SVC-000006,EVT-0024380,2026-07-02 19:31:20.484295,0.3578677112014798,lstm
DEV-000021,EVT-0024381,2026-07-02 19:32:36.772646,0.3779084393928755,lstm
USR-000117,EVT-0024382,2026-07-02 19:33:49.756071,0.25929561055587896,lstm
SVC-000048,EVT-0024383,2026-07-02 19:34:37.824021,0.9766804312112601,lstm
SVC-000044,EVT-0024384,2026-07-02 19:36:41.021555,0.39593980247408944,lstm
SVC-000006,EVT-0024385,2026-07-02 19:36:58.935672,0.4619722155304873,lstm
SVC-000006,EVT-0024386,2026-07-02 19:37:16.313613,0.642996847775051,lstm
DEV-000003,EVT-0024387,2026-07-02 19:38:59.386356,0.7252451117579762,lstm
SVC-000006,EVT-0024388,2026-07-02 19:38:59.948345,0.4480049674864044,lstm
SVC-000057,EVT-0024389,2026-07-02 19:39:36.782936,0.5367312180746019,lstm
SVC-000044,EVT-0024390,2026-07-02 19:41:34.195484,0.5861051917333581,lstm
SVC-000058,EVT-0024391,2026-07-02 19:41:39.815567,0.9652925071376015,lstm
SVC-000006,EVT-0024392,2026-07-02 19:41:55.770935,0.7279218465159367,lstm
SVC-000052,EVT-0024393,2026-07-02 19:43:21.822656,0.23361578962535742,lstm
SVC-000058,EVT-0024394,2026-07-02 19:43:30.641932,0.6866179049769511,lstm
SVC-000006,EVT-0024395,2026-07-02 19:44:20.748451,0.8391350163746015,lstm
SVC-000061,EVT-0024396,2026-07-02 19:44:52.564951,0.9708870543413887,lstm
SVC-000037,EVT-0024397,2026-07-02 19:47:10.022409,0.840286430529644,lstm
SVC-000006,EVT-0024398,2026-07-02 19:48:24.823073,0.5078931060778403,lstm
SVC-000061,EVT-0024399,2026-07-02 19:51:28.992903,0.39274207016292484,lstm
DEV-000017,EVT-0024400,2026-07-02 19:52:17.729717,0.38620196746235547,lstm
SVC-000004,EVT-0024401,2026-07-02 19:52:59.492943,0.26556920700533065,lstm
SVC-000006,EVT-0024402,2026-07-02 19:53:32.088747,0.33078299163271674,lstm
USR-000170,EVT-0024403,2026-07-02 19:54:38.319336,0.4313782938371004,lstm
SVC-000061,EVT-0024404,2026-07-02 20:01:02.299044,0.42882426810261615,lstm
SVC-000057,EVT-0024405,2026-07-02 20:01:59.324594,0.49283046996302865,lstm
SVC-000052,EVT-0024406,2026-07-02 20:02:12.085687,0.49111383532443176,lstm
SVC-000006,EVT-0024407,2026-07-02 20:02:34.778428,0.41390940341953764,lstm
SVC-000052,EVT-0024408,2026-07-02 20:02:36.284732,0.5089401156339945,lstm
SVC-000044,EVT-0024409,2026-07-02 20:02:54.631674,0.3938982168748143,lstm
DEV-000001,EVT-0024410,2026-07-02 20:04:00.762523,0.3196245386619275,lstm
SVC-000061,EVT-0024411,2026-07-02 20:04:44.972529,0.3325132537489318,lstm
DEV-000025,EVT-0024412,2026-07-02 20:10:18.984699,0.8402374263225681,lstm
SVC-000052,EVT-0024413,2026-07-02 20:11:41.615728,0.4373985763012295,lstm
SVC-000004,EVT-0024414,2026-07-02 20:12:51.073092,0.3317599140082703,lstm
SVC-000058,EVT-0024415,2026-07-02 20:22:21.852475,0.3392397148407966,lstm
SVC-000058,EVT-0024416,2026-07-02 20:24:12.915777,0.5595208992126922,lstm
DEV-000003,EVT-0024417,2026-07-02 20:24:13.125190,0.5303749285548444,lstm
SVC-000048,EVT-0024418,2026-07-02 20:24:17.772173,0.41711932388681894,lstm
SVC-000061,EVT-0024419,2026-07-02 20:24:30.123270,0.24212773394830397,lstm
SVC-000044,EVT-0024420,2026-07-02 20:24:51.742214,0.46556346279347743,lstm
SVC-000006,EVT-0024421,2026-07-02 20:25:54.109640,0.42518368272527,lstm
SVC-000061,EVT-0024422,2026-07-02 20:32:08.127361,0.22820166502042383,lstm
SVC-000061,EVT-0024423,2026-07-02 20:32:23.786255,0.41334488803143754,lstm
SVC-000035,EVT-0024424,2026-07-02 20:33:49.443908,0.9638899080303039,lstm
SVC-000035,EVT-0024425,2026-07-02 20:36:09.859199,0.7693048749732823,lstm
SVC-000058,EVT-0024426,2026-07-02 20:37:38.347350,0.295944733292087,lstm
SVC-000052,EVT-0024427,2026-07-02 20:40:32.106739,0.4060067885916569,lstm
SVC-000061,EVT-0024428,2026-07-02 20:41:16.497703,0.21711817056890992,lstm
SVC-000058,EVT-0024429,2026-07-02 20:50:13.909562,0.2800591945880465,lstm
SVC-000061,EVT-0024430,2026-07-02 20:51:42.231561,0.26677827431927514,lstm
SVC-000004,EVT-0024431,2026-07-02 20:52:59.837400,0.3447927831578162,lstm
USR-000201,EVT-0024432,2026-07-02 20:54:13.298526,0.48926940432415583,lstm
SVC-000058,EVT-0024433,2026-07-02 20:59:22.901959,0.3058897805456627,lstm
DEV-000005,EVT-0024434,2026-07-02 21:00:34.703436,0.30199759496534123,lstm
SVC-000048,EVT-0024435,2026-07-02 21:01:59.069892,0.40325750060682447,lstm
DEV-000023,EVT-0024436,2026-07-02 21:02:05.176805,0.6177171416379824,lstm
SVC-000054,EVT-0024437,2026-07-02 21:03:37.795676,0.9714839133258534,lstm
SVC-000045,EVT-0024438,2026-07-02 21:09:28.045764,0.9813438297680017,lstm
SVC-000035,EVT-0024439,2026-07-02 21:11:19.796909,0.2636046095862169,lstm
SVC-000058,EVT-0024440,2026-07-02 21:12:24.333994,0.25138843413888373,lstm
SVC-000058,EVT-0024441,2026-07-02 21:12:44.354307,0.613576423952674,lstm
SVC-000058,EVT-0024442,2026-07-02 21:13:11.521078,0.5492874487477877,lstm
SVC-000045,EVT-0024443,2026-07-02 21:14:06.761901,0.5101122063498081,lstm
DEV-000026,EVT-0024444,2026-07-02 21:14:51.744044,0.5769956639639252,lstm
SVC-000058,EVT-0024445,2026-07-02 21:15:17.933894,0.3789773128641741,lstm
SVC-000004,EVT-0024446,2026-07-02 21:16:55.142778,0.367670393927012,lstm
USR-000165,EVT-0024447,2026-07-02 21:18:41.102110,0.656247026543301,lstm
SVC-000061,EVT-0024448,2026-07-02 21:18:50.839530,0.3130119838557325,lstm
DEV-000015,EVT-0024449,2026-07-02 21:19:01.696484,0.5099899035088742,lstm
SVC-000058,EVT-0024450,2026-07-02 21:20:03.351818,0.2386309420378971,lstm
SVC-000060,EVT-0024451,2026-07-02 21:26:31.534665,0.8255807404050065,lstm
SVC-000035,EVT-0024452,2026-07-02 21:26:51.419651,0.25663236393040073,lstm
SVC-000054,EVT-0024453,2026-07-02 21:28:20.459069,0.5672900894968826,lstm
DEV-000001,EVT-0024454,2026-07-02 21:29:27.154958,0.2186326090065963,lstm
USR-000005,EVT-0024455,2026-07-02 21:32:56.922029,0.666081156768119,lstm
SVC-000035,EVT-0024456,2026-07-02 21:34:03.812867,0.30482589874560573,lstm
SVC-000052,EVT-0024457,2026-07-02 21:44:05.744820,0.5075988964779578,lstm
DEV-000015,EVT-0024458,2026-07-02 21:45:02.273161,0.5827264078762918,lstm
SVC-000058,EVT-0024459,2026-07-02 21:46:33.421564,0.2679444311210962,lstm
SVC-000058,EVT-0024460,2026-07-02 21:54:05.930972,0.3047322016883712,lstm
SVC-000054,EVT-0024461,2026-07-02 21:55:54.793531,0.28413498624370404,lstm
DEV-000023,EVT-0024462,2026-07-02 21:58:42.507462,0.5308712270400866,lstm
SVC-000054,EVT-0024463,2026-07-02 22:00:24.188809,0.5463105630361066,lstm
SVC-000054,EVT-0024464,2026-07-02 22:01:06.140174,0.6661951278560242,lstm
SVC-000058,EVT-0024465,2026-07-02 22:01:44.497730,0.2564957380720006,lstm
SVC-000058,EVT-0024466,2026-07-02 22:07:48.355283,0.44523824887271635,lstm
DEV-000003,EVT-0024467,2026-07-02 22:08:28.878135,0.3758296809479392,lstm
SVC-000058,EVT-0024468,2026-07-02 22:09:01.503454,0.32857045350280684,lstm
SVC-000041,EVT-0024469,2026-07-02 22:09:19.754207,0.9962950012589892,lstm
SVC-000048,EVT-0024470,2026-07-02 22:13:04.498303,0.3652707124413541,lstm
SVC-000041,EVT-0024471,2026-07-02 22:18:16.111016,0.7716680867767169,lstm
SVC-000047,EVT-0024472,2026-07-02 22:18:57.044496,0.8814074074607723,lstm
SVC-000054,EVT-0024473,2026-07-02 22:19:04.172639,0.505762649126167,lstm
SVC-000047,EVT-0024474,2026-07-02 22:21:36.638834,0.46747495937091266,lstm
DEV-000005,EVT-0024475,2026-07-02 22:22:48.265526,0.3418185119049853,lstm
SVC-000045,EVT-0024476,2026-07-02 22:24:34.362021,0.5080575994412739,lstm
SVC-000052,EVT-0024477,2026-07-02 22:29:17.044821,0.5827659211923413,lstm
DEV-000009,EVT-0024478,2026-07-02 22:34:01.474223,0.8935517884472323,lstm
SVC-000048,EVT-0024479,2026-07-02 22:34:38.369280,0.41240822668860394,lstm
SVC-000058,EVT-0024480,2026-07-02 22:37:15.268680,0.40458136925784466,lstm
DEV-000018,EVT-0024481,2026-07-02 22:37:38.747156,0.32427370059761196,lstm
SVC-000002,EVT-0024482,2026-07-02 22:38:32.559851,0.9751481137173139,lstm
USR-000134,EVT-0024483,2026-07-02 22:42:15.781787,1.0,lstm
SVC-000058,EVT-0024484,2026-07-02 22:42:57.395366,0.30618056307233743,lstm
SVC-000025,EVT-0024485,2026-07-02 22:43:51.261990,0.9548709878151537,lstm
SVC-000047,EVT-0024486,2026-07-02 22:44:28.421306,0.23390510490212807,lstm
SVC-000045,EVT-0024487,2026-07-02 22:45:18.124130,0.34711424838748656,lstm
SVC-000025,EVT-0024488,2026-07-02 22:45:50.542581,0.39264577590368316,lstm
SVC-000058,EVT-0024489,2026-07-02 22:45:56.806897,0.26329713355494355,lstm
SVC-000002,EVT-0024490,2026-07-02 22:49:00.713330,0.23706384574866682,lstm
SVC-000032,EVT-0024491,2026-07-02 22:52:14.966069,0.9831003102208268,lstm
SVC-000060,EVT-0024492,2026-07-02 22:52:17.782275,0.8302510900481134,lstm
SVC-000032,EVT-0024493,2026-07-02 22:52:37.050995,0.5527149802768583,lstm
SVC-000035,EVT-0024494,2026-07-02 22:54:34.805113,0.3590961552106745,lstm
SVC-000002,EVT-0024495,2026-07-02 22:55:34.998372,0.29358269546207477,lstm
USR-000088,EVT-0024496,2026-07-02 22:59:05.529640,0.5634571294305469,lstm
SVC-000002,EVT-0024497,2026-07-02 23:00:21.869784,0.5055935316351592,lstm
SVC-000002,EVT-0024498,2026-07-02 23:01:52.856213,0.29711284863184906,lstm
USR-000150,EVT-0024499,2026-07-02 23:02:31.711152,0.5253349424658895,lstm
SVC-000002,EVT-0024500,2026-07-02 23:03:26.164055,0.5348711346061331,lstm
DEV-000015,EVT-0024501,2026-07-02 23:05:09.681409,0.4137923116100943,lstm
DEV-000021,EVT-0024502,2026-07-02 23:06:31.518201,0.31331811923994446,lstm
SVC-000059,EVT-0024503,2026-07-02 23:10:35.622331,0.9818434272864786,lstm
DEV-000006,EVT-0024504,2026-07-02 23:11:03.793449,0.17767566043457844,lstm
DEV-000017,EVT-0024505,2026-07-02 23:12:48.285843,0.26352486317900325,lstm
SVC-000032,EVT-0024506,2026-07-02 23:13:12.191621,0.26931521485267146,lstm
USR-000104,EVT-0024507,2026-07-02 23:16:00.042952,0.9999990457256673,lstm
DEV-000018,EVT-0024508,2026-07-02 23:17:10.340864,0.27170549936983557,lstm
USR-000104,EVT-0024509,2026-07-02 23:17:38.442878,1.0,lstm
SVC-000025,EVT-0024510,2026-07-02 23:18:05.449857,0.3415549590527838,lstm
DEV-000025,EVT-0024511,2026-07-02 23:19:08.383637,0.7639673989527169,lstm
SVC-000032,EVT-0024512,2026-07-02 23:19:15.601014,0.3249753227605023,lstm
SVC-000032,EVT-0024513,2026-07-02 23:19:18.322874,0.5849557952883848,lstm
SVC-000047,EVT-0024514,2026-07-02 23:21:09.511711,0.26043557853711846,lstm
SVC-000032,EVT-0024515,2026-07-02 23:21:52.932242,0.36007985743008447,lstm
USR-000088,EVT-0024516,2026-07-02 23:22:43.898357,0.33482505522161365,lstm
SVC-000032,EVT-0024517,2026-07-02 23:23:26.962617,0.3279215182978311,lstm
SVC-000025,EVT-0024518,2026-07-02 23:23:40.617890,0.25874611171280976,lstm
DEV-000007,EVT-0024519,2026-07-02 23:25:39.619589,0.7462961618157226,lstm
SVC-000059,EVT-0024520,2026-07-02 23:26:58.269287,0.22241687331486124,lstm
SVC-000059,EVT-0024521,2026-07-02 23:28:36.131113,0.2920348619234272,lstm
SVC-000032,EVT-0024522,2026-07-02 23:31:05.464913,0.2402232560805571,lstm
SVC-000041,EVT-0024523,2026-07-02 23:34:32.225668,0.2920465138339707,lstm
SVC-000059,EVT-0024524,2026-07-02 23:35:49.279504,0.19554519936179998,lstm
SVC-000059,EVT-0024525,2026-07-02 23:36:03.028324,0.5856495636748787,lstm
SVC-000002,EVT-0024526,2026-07-02 23:38:07.248110,0.4541749395466131,lstm
DEV-000007,EVT-0024527,2026-07-02 23:38:45.142262,0.7398586655838006,lstm
DEV-000001,EVT-0024528,2026-07-02 23:38:53.543717,0.18010345899044145,lstm
SVC-000032,EVT-0024529,2026-07-02 23:39:42.584302,0.2747831135636174,lstm
SVC-000025,EVT-0024530,2026-07-02 23:41:55.260497,0.29231075910694926,lstm
SVC-000056,EVT-0024531,2026-07-02 23:44:10.917414,0.9225489701580322,lstm
SVC-000059,EVT-0024532,2026-07-02 23:44:50.850790,0.20208559961393732,lstm
USR-000106,EVT-0024533,2026-07-02 23:45:37.185135,0.3890709141598225,lstm
SVC-000059,EVT-0024534,2026-07-02 23:46:03.146960,0.24967668532771778,lstm
SVC-000059,EVT-0024535,2026-07-02 23:50:51.275921,0.2053207373912834,lstm
SVC-000032,EVT-0024536,2026-07-02 23:52:23.275908,0.23345822190644389,lstm
DEV-000010,EVT-0024537,2026-07-02 23:53:06.908274,0.19876485274346542,lstm
SVC-000041,EVT-0024538,2026-07-02 23:53:10.568125,0.5921914284455491,lstm
SVC-000041,EVT-0024539,2026-07-02 23:58:50.344268,0.4967951725318331,lstm
SVC-000041,EVT-0024540,2026-07-02 23:59:59.345044,0.4721736048411764,lstm
DEV-000004,EVT-0024541,2026-07-03 00:04:10.269879,0.74317383090598,lstm
SVC-000025,EVT-0024542,2026-07-03 00:04:24.202136,0.48946069664822806,lstm
SVC-000059,EVT-0024543,2026-07-03 00:10:44.805433,0.7297045088618603,lstm
DEV-000020,EVT-0024544,2026-07-03 00:10:55.324434,0.41230051903459286,lstm
SVC-000056,EVT-0024545,2026-07-03 00:11:50.553456,0.7811173219502214,lstm
SVC-000059,EVT-0024546,2026-07-03 00:11:57.508986,0.3195423433533755,lstm
SVC-000059,EVT-0024547,2026-07-03 00:14:13.524058,0.2678509274148541,lstm
USR-000106,EVT-0024548,2026-07-03 00:14:49.786532,0.49234248734835173,lstm
SVC-000025,EVT-0024549,2026-07-03 00:16:26.782312,0.36627373174784483,lstm
USR-000122,EVT-0024550,2026-07-03 00:36:17.325572,0.6980824544329464,lstm
SVC-000002,EVT-0024551,2026-07-03 00:36:46.957084,0.5251246884248891,lstm
DEV-000018,EVT-0024552,2026-07-03 00:41:19.507149,0.4525871686459692,lstm
SVC-000025,EVT-0024553,2026-07-03 00:41:53.335207,0.3366128498636118,lstm
USR-000150,EVT-0024554,2026-07-03 00:44:25.624163,0.4308009355159443,lstm
SVC-000056,EVT-0024555,2026-07-03 00:53:25.676722,0.6897370972620058,lstm
USR-000106,EVT-0024556,2026-07-03 00:53:28.574180,0.4442740028490982,lstm
SVC-000041,EVT-0024557,2026-07-03 01:02:21.752186,0.7726777927543982,lstm
SVC-000056,EVT-0024558,2026-07-03 01:02:57.053585,0.5587156292177358,lstm
DEV-000014,EVT-0024559,2026-07-03 01:04:45.410109,0.5306326442659022,lstm
USR-000106,EVT-0024560,2026-07-03 01:05:20.430619,0.4498049919663052,lstm
USR-000201,EVT-0024561,2026-07-03 01:08:21.892691,0.6231402150170483,lstm
DEV-000018,EVT-0024562,2026-07-03 01:11:32.699535,0.47563917474367234,lstm
SVC-000018,EVT-0024563,2026-07-03 01:13:06.550133,0.990080809038865,lstm
SVC-000018,EVT-0024564,2026-07-03 01:19:57.482586,0.6742945308992132,lstm
SVC-000041,EVT-0024565,2026-07-03 01:20:38.682501,0.5769321594643179,lstm
DEV-000017,EVT-0024566,2026-07-03 01:28:02.972365,0.40212410141700405,lstm
SVC-000041,EVT-0024567,2026-07-03 01:30:20.149001,0.5799003211918031,lstm
SVC-000041,EVT-0024568,2026-07-03 01:40:47.918904,0.3264040842465593,lstm
SVC-000018,EVT-0024569,2026-07-03 01:44:11.940181,0.4429801217580776,lstm
DEV-000006,EVT-0024570,2026-07-03 01:51:36.130334,0.27996599422006885,lstm
DEV-000023,EVT-0024571,2026-07-03 01:53:05.611466,0.5632129783015307,lstm
DEV-000013,EVT-0024572,2026-07-03 01:53:26.762380,0.8856592901938773,lstm
USR-000150,EVT-0024573,2026-07-03 01:56:24.399611,0.41359773060599886,lstm
SVC-000018,EVT-0024574,2026-07-03 02:00:24.039116,0.44571394450994045,lstm
SVC-000041,EVT-0024575,2026-07-03 02:01:19.808592,0.3333296508840418,lstm
DEV-000001,EVT-0024576,2026-07-03 02:06:21.457637,0.22171192999814435,lstm
DEV-000020,EVT-0024577,2026-07-03 02:10:22.964586,0.26837142936284436,lstm
SVC-000018,EVT-0024578,2026-07-03 02:12:58.792112,0.4245381042666012,lstm
SVC-000018,EVT-0024579,2026-07-03 02:13:26.706294,0.6135275047022156,lstm
SVC-000018,EVT-0024580,2026-07-03 02:22:37.826011,0.35644233065503556,lstm
SVC-000018,EVT-0024581,2026-07-03 02:25:55.706635,0.5714692467952525,lstm
DEV-000013,EVT-0024582,2026-07-03 02:29:52.614845,0.7284341178286435,lstm
SVC-000041,EVT-0024583,2026-07-03 02:32:41.250157,0.3662422502696311,lstm
SVC-000018,EVT-0024584,2026-07-03 02:33:26.116950,0.3326644611952058,lstm
SVC-000018,EVT-0024585,2026-07-03 02:36:27.520086,0.5481675915322662,lstm
DEV-000001,EVT-0024586,2026-07-03 02:45:16.366506,0.1522659504756612,lstm
DEV-000016,EVT-0024587,2026-07-03 02:48:56.354466,0.709697504969992,lstm
SVC-000018,EVT-0024588,2026-07-03 02:52:02.841686,0.8320574187440353,lstm
SVC-000041,EVT-0024589,2026-07-03 02:55:19.341620,0.49577163547917596,lstm
USR-000019,EVT-0024590,2026-07-03 03:00:21.712868,0.6401689399412858,lstm
SVC-000018,EVT-0024591,2026-07-03 03:01:31.376178,0.719005759032888,lstm
SVC-000041,EVT-0024592,2026-07-03 03:03:45.419843,0.5542408306525265,lstm
DEV-000011,EVT-0024593,2026-07-03 03:05:09.270444,0.8345134995059023,lstm
SVC-000018,EVT-0024594,2026-07-03 03:08:50.656604,0.5315731888146711,lstm
SVC-000018,EVT-0024595,2026-07-03 03:09:20.031047,0.5052938866582161,lstm
SVC-000018,EVT-0024596,2026-07-03 03:12:10.087017,0.5043135164510538,lstm
SVC-000018,EVT-0024597,2026-07-03 03:13:32.450604,0.5158138703210355,lstm
USR-000122,EVT-0024598,2026-07-03 03:19:04.194190,0.3398656998015273,lstm
DEV-000008,EVT-0024599,2026-07-03 03:22:47.348742,0.9019169157321913,lstm
SVC-000019,EVT-0024600,2026-07-03 03:23:06.823095,0.9811787928077528,lstm
DEV-000006,EVT-0024601,2026-07-03 03:24:43.952514,0.349926093740299,lstm
DEV-000025,EVT-0024602,2026-07-03 03:28:37.591414,0.6883187694208089,lstm
SVC-000014,EVT-0024603,2026-07-03 03:32:22.982526,0.9949357284793169,lstm
DEV-000017,EVT-0024604,2026-07-03 03:35:46.441045,0.5505079153116736,lstm
SVC-000014,EVT-0024605,2026-07-03 03:37:31.473364,0.2701808072735765,lstm
SVC-000019,EVT-0024606,2026-07-03 03:41:07.883074,0.6253402954968053,lstm
SVC-000014,EVT-0024607,2026-07-03 03:41:19.781506,0.7853146215702806,lstm
SVC-000018,EVT-0024608,2026-07-03 03:42:47.674697,0.4656839466799189,lstm
DEV-000012,EVT-0024609,2026-07-03 03:44:45.155551,0.44967335729900065,lstm
DEV-000021,EVT-0024610,2026-07-03 03:47:15.800937,0.46891855907104,lstm
SVC-000019,EVT-0024611,2026-07-03 03:49:19.396281,0.34972074558721605,lstm
DEV-000008,EVT-0024612,2026-07-03 03:51:07.014675,0.7534078392519687,lstm
DEV-000026,EVT-0024613,2026-07-03 03:51:36.368228,0.3845868967855434,lstm
SVC-000019,EVT-0024614,2026-07-03 03:54:14.173380,0.31333695767861197,lstm
SVC-000014,EVT-0024615,2026-07-03 03:54:57.255155,0.2870217558785171,lstm
SVC-000014,EVT-0024616,2026-07-03 03:58:36.168499,0.3183008029738336,lstm
DEV-000021,EVT-0024617,2026-07-03 03:58:37.727295,0.7938769981198481,lstm
SVC-000014,EVT-0024618,2026-07-03 04:03:53.762225,0.6020178980227499,lstm
SVC-000014,EVT-0024619,2026-07-03 04:10:00.595670,0.22934842253108403,lstm
SVC-000014,EVT-0024620,2026-07-03 04:11:56.751632,0.3360248531037439,lstm
SVC-000014,EVT-0024621,2026-07-03 04:14:50.588100,0.3301725019315047,lstm
SVC-000019,EVT-0024622,2026-07-03 04:15:09.576592,0.2373651009753677,lstm
SVC-000014,EVT-0024623,2026-07-03 04:18:06.841487,0.33638996370668894,lstm
SVC-000020,EVT-0024624,2026-07-03 04:18:31.909905,0.9781112362434418,lstm
SVC-000014,EVT-0024625,2026-07-03 04:21:27.700321,0.5778065317256122,lstm
SVC-000020,EVT-0024626,2026-07-03 04:22:36.824570,0.5066112964133699,lstm
SVC-000020,EVT-0024627,2026-07-03 04:22:50.660348,0.7390894171148178,lstm
SVC-000015,EVT-0024628,2026-07-03 04:24:12.521358,0.979146322971164,lstm
SVC-000019,EVT-0024629,2026-07-03 04:31:26.773909,0.2538165822434367,lstm
SVC-000014,EVT-0024630,2026-07-03 04:31:58.532260,0.33198711700826644,lstm
DEV-000007,EVT-0024631,2026-07-03 04:36:10.768570,0.7292621865347763,lstm
DEV-000007,EVT-0024632,2026-07-03 04:37:24.851806,0.9302815867983861,lstm
SVC-000020,EVT-0024633,2026-07-03 04:38:24.783046,0.30816778916650933,lstm
SVC-000007,EVT-0024634,2026-07-03 04:39:24.484626,0.9740866110827928,lstm
DEV-000001,EVT-0024635,2026-07-03 04:39:30.916171,0.1682396852576747,lstm
SVC-000018,EVT-0024636,2026-07-03 04:40:08.571882,0.6595790308960161,lstm
SVC-000020,EVT-0024637,2026-07-03 04:41:36.189179,0.46354888407626876,lstm
DEV-000011,EVT-0024638,2026-07-03 04:44:57.520411,0.522597279923577,lstm
SVC-000019,EVT-0024639,2026-07-03 04:46:29.895243,0.259837423512921,lstm
SVC-000007,EVT-0024640,2026-07-03 04:49:38.562497,0.2962786254000577,lstm
SVC-000019,EVT-0024641,2026-07-03 04:50:27.402469,0.34584732542792457,lstm
SVC-000007,EVT-0024642,2026-07-03 04:53:28.081557,0.33410140815965916,lstm
SVC-000019,EVT-0024643,2026-07-03 04:55:48.849175,0.6002856710665436,lstm
SVC-000014,EVT-0024644,2026-07-03 04:58:01.791769,0.3250103161256303,lstm
SVC-000007,EVT-0024645,2026-07-03 04:58:23.242009,0.38406653581729616,lstm
SVC-000019,EVT-0024646,2026-07-03 05:00:29.477642,0.3208249003018478,lstm
SVC-000019,EVT-0024647,2026-07-03 05:00:36.232350,0.5675844204304916,lstm
DEV-000004,EVT-0024648,2026-07-03 05:00:43.695011,0.4019160141507437,lstm
SVC-000014,EVT-0024649,2026-07-03 05:01:16.115176,0.642591032468885,lstm
DEV-000004,EVT-0024650,2026-07-03 05:01:19.573243,0.9506181547733967,lstm
SVC-000019,EVT-0024651,2026-07-03 05:06:08.476578,0.30521664603623805,lstm
SVC-000007,EVT-0024652,2026-07-03 05:06:25.000240,0.26503122080360936,lstm
SVC-000020,EVT-0024653,2026-07-03 05:09:34.698726,0.45375049322939504,lstm
SVC-000015,EVT-0024654,2026-07-03 05:11:04.977945,0.4019874654505423,lstm
SVC-000014,EVT-0024655,2026-07-03 05:13:10.322294,0.3662294265951836,lstm
DEV-000001,EVT-0024656,2026-07-03 05:15:24.234616,0.21948822975348267,lstm
SVC-000007,EVT-0024657,2026-07-03 05:16:46.049893,0.25395206513599455,lstm
DEV-000018,EVT-0024658,2026-07-03 05:17:25.629934,0.5048097109419748,lstm
SVC-000031,EVT-0024659,2026-07-03 05:22:14.664069,0.9638447891482984,lstm
SVC-000014,EVT-0024660,2026-07-03 05:23:32.709844,0.2909411172716785,lstm
SVC-000007,EVT-0024661,2026-07-03 05:24:50.570795,0.2317846754733985,lstm
USR-000120,EVT-0024662,2026-07-03 05:26:57.254382,0.6644508853867291,lstm
SVC-000014,EVT-0024663,2026-07-03 05:29:42.204481,0.3471267065748949,lstm
SVC-000007,EVT-0024664,2026-07-03 05:30:14.637807,0.23859890502750303,lstm
USR-000163,EVT-0024665,2026-07-03 05:33:56.486960,0.6410794592378188,lstm
SVC-000020,EVT-0024666,2026-07-03 05:35:19.896860,0.8401550779957428,lstm
SVC-000007,EVT-0024667,2026-07-03 05:37:47.713200,0.4406411059666314,lstm
SVC-000015,EVT-0024668,2026-07-03 05:39:17.932194,0.3037670555915339,lstm
SVC-000031,EVT-0024669,2026-07-03 05:39:49.675246,0.7821691486447545,lstm
SVC-000019,EVT-0024670,2026-07-03 05:39:58.942944,0.6273858306189255,lstm
SVC-000019,EVT-0024671,2026-07-03 05:41:04.548589,0.43945780934447004,lstm
SVC-000007,EVT-0024672,2026-07-03 05:45:39.260337,0.2888571237951901,lstm
SVC-000007,EVT-0024673,2026-07-03 05:48:35.748402,0.32640321658438803,lstm
SVC-000007,EVT-0024674,2026-07-03 05:49:48.814971,0.5353643031696246,lstm
SVC-000019,EVT-0024675,2026-07-03 05:54:19.354809,0.2963044794566526,lstm
SVC-000031,EVT-0024676,2026-07-03 05:56:46.096158,0.35471010851874,lstm
DEV-000026,EVT-0024677,2026-07-03 05:59:35.291646,0.23559524224780332,lstm
SVC-000009,EVT-0024678,2026-07-03 06:04:38.521451,0.9918017954229355,lstm
SVC-000019,EVT-0024679,2026-07-03 06:04:50.253992,0.33948049153025867,lstm
USR-000007,EVT-0024680,2026-07-03 06:05:43.807068,0.9025750103191102,lstm
USR-000019,EVT-0024681,2026-07-03 06:08:11.306255,0.4298543495692541,lstm
DEV-000022,EVT-0024682,2026-07-03 06:09:45.928645,0.5739965564880528,lstm
SVC-000009,EVT-0024683,2026-07-03 06:10:01.691076,0.5317940901874529,lstm
USR-000017,EVT-0024684,2026-07-03 06:11:14.126877,0.9873982641116208,lstm
SVC-000009,EVT-0024685,2026-07-03 06:12:59.393502,0.48644993266546743,lstm
DEV-000024,EVT-0024686,2026-07-03 06:14:15.392193,0.5916167631385039,lstm
USR-000095,EVT-0024687,2026-07-03 06:17:11.336934,0.49837379322087755,lstm
USR-000013,EVT-0024688,2026-07-03 06:19:04.084161,0.83968085845076,lstm
SVC-000009,EVT-0024689,2026-07-03 06:23:29.174118,0.38062983353911745,lstm
DEV-000016,EVT-0024690,2026-07-03 06:26:51.996071,0.4882726420696079,lstm
SVC-000055,EVT-0024691,2026-07-03 06:35:20.968811,0.9878737704660157,lstm
USR-000132,EVT-0024692,2026-07-03 06:35:50.555435,0.8392177786589864,lstm
USR-000025,EVT-0024693,2026-07-03 06:38:20.165027,0.5644396722360281,lstm
SVC-000019,EVT-0024694,2026-07-03 06:40:50.322397,0.44908365261377936,lstm
SVC-000009,EVT-0024695,2026-07-03 06:41:24.316619,0.47109254142316614,lstm
DEV-000010,EVT-0024696,2026-07-03 06:42:19.021058,0.38951042016602616,lstm
SVC-000009,EVT-0024697,2026-07-03 06:42:58.254637,0.5214305656879521,lstm
DEV-000018,EVT-0024698,2026-07-03 06:47:39.683475,0.4843479663278313,lstm
USR-000106,EVT-0024699,2026-07-03 06:48:06.126785,0.48118527923761983,lstm
SVC-000009,EVT-0024700,2026-07-03 06:48:21.527391,0.42766728774198287,lstm
USR-000051,EVT-0024701,2026-07-03 06:50:00.082920,0.6867844556302991,lstm
USR-000058,EVT-0024702,2026-07-03 06:50:22.510034,0.4810312838462659,lstm
DEV-000003,EVT-0024703,2026-07-03 06:52:59.691181,0.5616058111451742,lstm
SVC-000009,EVT-0024704,2026-07-03 06:54:07.821348,0.37779207363532896,lstm
DEV-000012,EVT-0024705,2026-07-03 06:55:46.716536,0.15818415371224068,lstm
USR-000153,EVT-0024706,2026-07-03 06:58:41.145935,0.5940858844756634,lstm
USR-000019,EVT-0024707,2026-07-03 06:59:31.356167,0.3097952623462408,lstm
USR-000014,EVT-0024708,2026-07-03 07:00:58.960733,0.9652585211071604,lstm
SVC-000031,EVT-0024709,2026-07-03 07:04:42.092973,0.327210609654629,lstm
USR-000199,EVT-0024710,2026-07-03 07:06:08.898994,0.8127108800470395,lstm
SVC-000040,EVT-0024711,2026-07-03 07:06:46.936369,0.9659465956092521,lstm
DEV-000013,EVT-0024712,2026-07-03 07:08:31.580198,0.5657203976202715,lstm
SVC-000055,EVT-0024713,2026-07-03 07:08:35.715265,0.6331588598309922,lstm
SVC-000031,EVT-0024714,2026-07-03 07:13:05.028501,0.391940088010187,lstm
DEV-000017,EVT-0024715,2026-07-03 07:15:37.268542,0.6955246565529418,lstm
SVC-000011,EVT-0024716,2026-07-03 07:17:28.949054,0.9922486320430949,lstm
SVC-000011,EVT-0024717,2026-07-03 07:26:06.308672,0.3371608906702405,lstm
SVC-000031,EVT-0024718,2026-07-03 07:27:19.631126,0.25785765382861586,lstm
USR-000090,EVT-0024719,2026-07-03 07:33:40.255538,0.9613543551336918,lstm
SVC-000040,EVT-0024720,2026-07-03 07:35:56.022172,0.31663110866887917,lstm
DEV-000007,EVT-0024721,2026-07-03 07:38:19.601636,0.4628403676998351,lstm
SVC-000011,EVT-0024722,2026-07-03 07:39:26.709415,0.2502741809229508,lstm
SVC-000011,EVT-0024723,2026-07-03 07:40:22.809091,0.5063840733277486,lstm
USR-000019,EVT-0024724,2026-07-03 07:40:58.417560,0.5688220041660708,lstm
SVC-000011,EVT-0024725,2026-07-03 07:43:14.715212,0.6593368528004828,lstm
DEV-000003,EVT-0024726,2026-07-03 07:43:46.586144,0.4661258741653002,lstm
DEV-000012,EVT-0024727,2026-07-03 07:44:05.550697,0.12993394180303758,lstm
SVC-000011,EVT-0024728,2026-07-03 07:45:30.736469,0.3686552588139953,lstm
SVC-000030,EVT-0024729,2026-07-03 07:45:39.646028,0.8982151381985501,lstm
SVC-000055,EVT-0024730,2026-07-03 07:46:37.912380,0.454834291516951,lstm
SVC-000031,EVT-0024731,2026-07-03 07:47:46.411942,0.38865437398733044,lstm
SVC-000051,EVT-0024732,2026-07-03 07:48:06.775060,0.8730498601403854,lstm
SVC-000055,EVT-0024733,2026-07-03 07:49:35.376400,0.5231431949838982,lstm
USR-000088,EVT-0024734,2026-07-03 07:49:43.057749,0.6166352422102692,lstm
SVC-000011,EVT-0024735,2026-07-03 07:50:12.227285,0.33197841123526234,lstm
SVC-000055,EVT-0024736,2026-07-03 07:51:30.015802,0.7118886885884448,lstm
SVC-000011,EVT-0024737,2026-07-03 07:51:35.815637,0.30157933233778716,lstm
USR-000060,EVT-0024738,2026-07-03 07:52:05.809255,0.6151933313483814,lstm
USR-000020,EVT-0024739,2026-07-03 07:52:37.348657,0.9445098361864079,lstm
SVC-000051,EVT-0024740,2026-07-03 07:55:12.445115,0.6731652870150692,lstm
SVC-000011,EVT-0024741,2026-07-03 07:55:33.756571,0.31469000012163656,lstm
SVC-000040,EVT-0024742,2026-07-03 07:55:47.654932,0.32615344023486975,lstm
USR-000039,EVT-0024743,2026-07-03 07:56:36.500049,0.7354780611469175,lstm
SVC-000055,EVT-0024744,2026-07-03 07:56:43.706977,0.4637390980952815,lstm
SVC-000055,EVT-0024745,2026-07-03 07:57:37.405820,0.7167373204699594,lstm
SVC-000055,EVT-0024746,2026-07-03 07:57:38.299859,0.8090263111016397,lstm
SVC-000011,EVT-0024747,2026-07-03 07:58:37.241273,0.26508794730320884,lstm
SVC-000040,EVT-0024748,2026-07-03 07:58:55.748680,0.4516429650791254,lstm
USR-000199,EVT-0024749,2026-07-03 08:01:08.034157,0.5274443332587321,lstm
DEV-000007,EVT-0024750,2026-07-03 08:02:07.933207,0.52582820864066,lstm
DEV-000004,EVT-0024751,2026-07-03 08:02:15.289680,0.31847433601107505,lstm
SVC-000011,EVT-0024752,2026-07-03 08:04:09.208124,0.2912277530622811,lstm
USR-000051,EVT-0024753,2026-07-03 08:04:42.391178,0.4299315922056181,lstm
SVC-000051,EVT-0024754,2026-07-03 08:05:57.013385,0.4509040165664192,lstm
USR-000137,EVT-0024755,2026-07-03 08:07:49.604938,0.46095049326693094,lstm
USR-000095,EVT-0024756,2026-07-03 08:08:19.276227,0.2677828218053016,lstm
SVC-000040,EVT-0024757,2026-07-03 08:08:48.781213,0.2928627827361325,lstm
DEV-000019,EVT-0024758,2026-07-03 08:09:59.819668,0.9761851550273624,lstm
SVC-000011,EVT-0024759,2026-07-03 08:11:56.810691,0.3528862038540141,lstm
USR-000166,EVT-0024760,2026-07-03 08:13:23.428839,0.9011164784074438,lstm
USR-000069,EVT-0024761,2026-07-03 08:13:24.048978,0.5686353428225458,lstm
SVC-000031,EVT-0024762,2026-07-03 08:16:12.875542,0.4180043481719763,lstm
SVC-000040,EVT-0024763,2026-07-03 08:18:38.023970,0.40579094923826836,lstm
SVC-000011,EVT-0024764,2026-07-03 08:19:06.413306,0.2742380615367618,lstm
USR-000120,EVT-0024765,2026-07-03 08:20:28.477097,0.2962050516017102,lstm
SVC-000046,EVT-0024766,2026-07-03 08:23:47.590132,0.9925065449993992,lstm
SVC-000031,EVT-0024767,2026-07-03 08:24:18.197493,0.43296546634616945,lstm
SVC-000016,EVT-0024768,2026-07-03 08:24:24.761041,0.9819239800993077,lstm
DEV-000024,EVT-0024769,2026-07-03 08:26:34.590236,0.3946745342284994,lstm
SVC-000051,EVT-0024770,2026-07-03 08:26:54.474699,0.44477670759441884,lstm
USR-000090,EVT-0024771,2026-07-03 08:28:04.767335,0.888836488862461,lstm
SVC-000011,EVT-0024772,2026-07-03 08:28:16.027547,0.32727860559494426,lstm
DEV-000011,EVT-0024773,2026-07-03 08:29:07.842831,0.7499167363089193,lstm
SVC-000011,EVT-0024774,2026-07-03 08:30:18.798190,0.4496763221848856,lstm
SVC-000046,EVT-0024775,2026-07-03 08:31:00.581034,0.391463766564629,lstm
USR-000047,EVT-0024776,2026-07-03 08:31:01.405477,0.8307927683987282,lstm
SVC-000031,EVT-0024777,2026-07-03 08:32:28.284821,0.35119204302817336,lstm
SVC-000024,EVT-0024778,2026-07-03 08:36:41.703979,0.9821420055631322,lstm
USR-000022,EVT-0024779,2026-07-03 08:38:17.604674,0.42243213671031815,lstm
USR-000013,EVT-0024780,2026-07-03 08:38:34.572767,0.7172022995264429,lstm
USR-000200,EVT-0024781,2026-07-03 08:38:58.133857,0.8724879211185377,lstm
USR-000019,EVT-0024782,2026-07-03 08:39:10.184476,0.2939249417462467,lstm
SVC-000011,EVT-0024783,2026-07-03 08:39:10.914643,0.32382086640025287,lstm
SVC-000030,EVT-0024784,2026-07-03 08:40:25.323491,0.5374435057949798,lstm
USR-000129,EVT-0024785,2026-07-03 08:41:09.076172,0.815198865751909,lstm
USR-000062,EVT-0024786,2026-07-03 08:41:41.479245,0.5177548780779123,lstm
SVC-000055,EVT-0024787,2026-07-03 08:42:06.709682,0.35188917738337755,lstm
DEV-000010,EVT-0024788,2026-07-03 08:42:08.335113,0.32810992668278083,lstm
USR-000206,EVT-0024789,2026-07-03 08:43:27.774573,0.4410306197952949,lstm
DEV-000011,EVT-0024790,2026-07-03 08:43:59.015596,0.8006179074997686,lstm
USR-000039,EVT-0024791,2026-07-03 08:45:13.069006,0.33922905957969074,lstm
SVC-000016,EVT-0024792,2026-07-03 08:48:03.996908,0.3221928825427885,lstm
SVC-000016,EVT-0024793,2026-07-03 08:48:16.290724,0.7064613692257378,lstm
DEV-000004,EVT-0024794,2026-07-03 08:48:55.461829,0.28933460447713844,lstm
SVC-000046,EVT-0024795,2026-07-03 08:49:08.747056,0.46254014332193033,lstm
SVC-000030,EVT-0024796,2026-07-03 08:51:14.520024,0.7944590307678722,lstm
DEV-000002,EVT-0024797,2026-07-03 08:52:14.589200,0.5896647749091669,lstm
SVC-000011,EVT-0024798,2026-07-03 08:52:50.705522,0.3181399302057359,lstm
SVC-000042,EVT-0024799,2026-07-03 08:53:46.478592,0.9943129553249436,lstm
DEV-000025,EVT-0024800,2026-07-03 08:54:25.945454,0.39362173542218737,lstm
SVC-000046,EVT-0024801,2026-07-03 08:58:24.246611,0.36222875199097915,lstm
USR-000208,EVT-0024802,2026-07-03 09:01:50.128223,0.6177025481264878,lstm
SVC-000046,EVT-0024803,2026-07-03 09:05:14.735096,0.2784189373330338,lstm
SVC-000011,EVT-0024804,2026-07-03 09:05:30.301328,0.38019701932030014,lstm
DEV-000006,EVT-0024805,2026-07-03 09:06:34.415296,0.5753302137236711,lstm
SVC-000011,EVT-0024806,2026-07-03 09:09:14.199145,0.3260622109372106,lstm
SVC-000011,EVT-0024807,2026-07-03 09:09:34.507620,0.4116456037540077,lstm
DEV-000024,EVT-0024808,2026-07-03 09:11:23.869059,0.39993601390985495,lstm
USR-000051,EVT-0024809,2026-07-03 09:14:32.142946,0.26814960000082305,lstm
SVC-000042,EVT-0024810,2026-07-03 09:17:22.320412,0.4525279193982383,lstm
SVC-000046,EVT-0024811,2026-07-03 09:19:23.661184,0.27515855311214754,lstm
DEV-000023,EVT-0024812,2026-07-03 09:19:25.587173,0.6840855478194632,lstm
SVC-000013,EVT-0024813,2026-07-03 09:20:36.144796,0.9969198030451368,lstm
SVC-000046,EVT-0024814,2026-07-03 09:22:41.927108,0.5377198076607671,lstm
USR-000023,EVT-0024815,2026-07-03 09:22:49.959623,0.7491412511840108,lstm
USR-000200,EVT-0024816,2026-07-03 09:23:21.620936,0.5308523825730768,lstm
SVC-000042,EVT-0024817,2026-07-03 09:24:18.888468,0.3862293006219305,lstm
SVC-000046,EVT-0024818,2026-07-03 09:25:08.627262,0.2683840097855905,lstm
USR-000019,EVT-0024819,2026-07-03 09:29:26.662591,0.38118899770853176,lstm
USR-000030,EVT-0024820,2026-07-03 09:31:40.322042,0.9088551809690699,lstm
SVC-000011,EVT-0024821,2026-07-03 09:32:02.190849,0.48254633436046074,lstm
USR-000031,EVT-0024822,2026-07-03 09:32:55.545794,0.41306012856396707,lstm
DEV-000001,EVT-0024823,2026-07-03 09:34:21.129862,0.5240462756581921,lstm
USR-000191,EVT-0024824,2026-07-03 09:34:32.299450,0.8824884119532642,lstm
USR-000129,EVT-0024825,2026-07-03 09:34:33.383057,0.452141830054421,lstm
USR-000103,EVT-0024826,2026-07-03 09:35:01.193389,0.4843856399816382,lstm
USR-000058,EVT-0024827,2026-07-03 09:35:52.207572,0.28838751106137706,lstm
SVC-000053,EVT-0024828,2026-07-03 09:38:44.393616,0.9198094472170758,lstm
SVC-000016,EVT-0024829,2026-07-03 09:41:09.155412,0.3094779884090467,lstm
SVC-000016,EVT-0024830,2026-07-03 09:42:38.621841,0.5210783854423632,lstm
USR-000130,EVT-0024831,2026-07-03 09:43:11.090201,0.6101127326771005,lstm
USR-000135,EVT-0024832,2026-07-03 09:43:44.252138,0.3284226688394453,lstm
SVC-000042,EVT-0024833,2026-07-03 09:43:59.548735,0.2984875561191087,lstm
USR-000060,EVT-0024834,2026-07-03 09:44:58.749007,0.2417347748001444,lstm
SVC-000013,EVT-0024835,2026-07-03 09:46:28.581439,0.529047428567831,lstm
SVC-000053,EVT-0024836,2026-07-03 09:46:33.882838,0.7022262272054073,lstm
USR-000031,EVT-0024837,2026-07-03 09:46:50.936199,0.3861254945238721,lstm
SVC-000053,EVT-0024838,2026-07-03 09:47:19.606403,0.8751997654863493,lstm
SVC-000024,EVT-0024839,2026-07-03 09:47:29.193128,0.4999707658323438,lstm
DEV-000026,EVT-0024840,2026-07-03 09:47:30.910213,0.1746979327096457,lstm
DEV-000002,EVT-0024841,2026-07-03 09:48:33.305601,0.2185058113453231,lstm
SVC-000039,EVT-0024842,2026-07-03 09:51:53.618458,0.9359116184853155,lstm
SVC-000053,EVT-0024843,2026-07-03 09:52:07.509327,0.5705293481296541,lstm
SVC-000042,EVT-0024844,2026-07-03 09:53:13.604998,0.32250624257930444,lstm
USR-000143,EVT-0024845,2026-07-03 09:54:08.830418,0.7482368685115518,lstm
USR-000057,EVT-0024846,2026-07-03 09:54:15.166687,0.543155758317295,lstm
SVC-000039,EVT-0024847,2026-07-03 09:54:15.558657,0.6812938940584448,lstm
SVC-000013,EVT-0024848,2026-07-03 09:55:08.926283,0.48674950169046954,lstm
SVC-000042,EVT-0024849,2026-07-03 09:55:41.374698,0.46703038288547666,lstm
SVC-000053,EVT-0024850,2026-07-03 09:58:23.240101,0.6054897407681484,lstm
SVC-000042,EVT-0024851,2026-07-03 09:59:45.949835,0.36472783465375014,lstm
SVC-000024,EVT-0024852,2026-07-03 10:00:13.989367,0.3900211553752329,lstm
USR-000069,EVT-0024853,2026-07-03 10:00:22.822331,0.38528682840285444,lstm
USR-000148,EVT-0024854,2026-07-03 10:00:26.664803,0.5277689625954667,lstm
USR-000129,EVT-0024855,2026-07-03 10:00:42.350085,0.33903010887268525,lstm
USR-000132,EVT-0024856,2026-07-03 10:02:08.777405,0.500517398510999,lstm
SVC-000042,EVT-0024857,2026-07-03 10:02:32.876560,0.35968721720718955,lstm
USR-000026,EVT-0024858,2026-07-03 10:03:34.274158,0.7518743809936237,lstm
DEV-000013,EVT-0024859,2026-07-03 10:03:45.024106,0.43015153777712545,lstm
USR-000022,EVT-0024860,2026-07-03 10:06:48.863254,0.37038597048359706,lstm
USR-000047,EVT-0024861,2026-07-03 10:07:08.587841,0.5160834714990798,lstm
SVC-000024,EVT-0024862,2026-07-03 10:09:49.202413,0.4123341733227682,lstm
USR-000039,EVT-0024863,2026-07-03 10:10:26.619589,0.3429158252890185,lstm
USR-000178,EVT-0024864,2026-07-03 10:11:19.034012,0.4253169870896418,lstm
USR-000121,EVT-0024865,2026-07-03 10:12:20.166365,0.6192960442655386,lstm
SVC-000042,EVT-0024866,2026-07-03 10:13:41.262471,0.5370175284107809,lstm
USR-000038,EVT-0024867,2026-07-03 10:14:40.202104,0.42268577703098476,lstm
SVC-000013,EVT-0024868,2026-07-03 10:14:46.032351,0.3687939321371363,lstm
USR-000090,EVT-0024869,2026-07-03 10:15:37.111210,0.6738008203115528,lstm
USR-000121,EVT-0024870,2026-07-03 10:17:01.580302,0.8578825473637828,lstm
SVC-000013,EVT-0024871,2026-07-03 10:18:26.915428,0.4770585051629076,lstm
SVC-000016,EVT-0024872,2026-07-03 10:18:41.369316,0.3140840249681344,lstm
DEV-000002,EVT-0024873,2026-07-03 10:18:55.878054,0.16612251835810174,lstm
SVC-000013,EVT-0024874,2026-07-03 10:20:00.166385,0.3388168341173723,lstm
USR-000197,EVT-0024875,2026-07-03 10:20:43.970399,0.6816407732318165,lstm
USR-000121,EVT-0024876,2026-07-03 10:21:24.764543,0.7013898776125099,lstm
USR-000048,EVT-0024877,2026-07-03 10:22:41.184784,0.5801255777142859,lstm
SVC-000008,EVT-0024878,2026-07-03 10:25:50.129463,0.9865372356472,lstm
USR-000043,EVT-0024879,2026-07-03 10:26:15.955804,0.794510370978206,lstm
SVC-000016,EVT-0024880,2026-07-03 10:27:18.902800,0.5459268705095303,lstm
USR-000022,EVT-0024881,2026-07-03 10:28:47.779407,0.47668755310019656,lstm
USR-000153,EVT-0024882,2026-07-03 10:30:19.648704,0.3627015429657929,lstm
USR-000026,EVT-0024883,2026-07-03 10:30:21.747451,0.5540374271848656,lstm
SVC-000016,EVT-0024884,2026-07-03 10:30:37.632452,0.528404743715187,lstm
USR-000047,EVT-0024885,2026-07-03 10:30:59.782947,0.9451213605296481,lstm
USR-000023,EVT-0024886,2026-07-03 10:32:22.327340,0.362808373925042,lstm
SVC-000024,EVT-0024887,2026-07-03 10:32:43.623110,0.34959034108258197,lstm
USR-000098,EVT-0024888,2026-07-03 10:32:45.800181,0.6673523163269446,lstm
SVC-000024,EVT-0024889,2026-07-03 10:33:14.026251,0.9222316725417183,lstm
SVC-000008,EVT-0024890,2026-07-03 10:33:20.280019,0.5219887510919216,lstm
SVC-000013,EVT-0024891,2026-07-03 10:33:58.284292,0.3930801071847744,lstm
USR-000039,EVT-0024892,2026-07-03 10:35:07.131772,0.26150180604619794,lstm
USR-000031,EVT-0024893,2026-07-03 10:35:32.786270,0.26944709735009054,lstm
SVC-000008,EVT-0024894,2026-07-03 10:36:40.522543,0.5766785220382461,lstm
USR-000193,EVT-0024895,2026-07-03 10:37:52.970184,0.6244852298088632,lstm
DEV-000001,EVT-0024896,2026-07-03 10:37:58.167738,0.42397577912779105,lstm
USR-000171,EVT-0024897,2026-07-03 10:38:32.987899,0.5788604224168571,lstm
DEV-000005,EVT-0024898,2026-07-03 10:38:36.289851,0.6208224830392269,lstm
SVC-000013,EVT-0024899,2026-07-03 10:39:36.173782,0.35507266233086365,lstm
USR-000021,EVT-0024900,2026-07-03 10:39:44.281179,0.6155493012608166,lstm
USR-000128,EVT-0024901,2026-07-03 10:40:29.006390,0.753476598013261,lstm
SVC-000013,EVT-0024902,2026-07-03 10:40:41.014054,0.4972748106042563,lstm
DEV-000002,EVT-0024903,2026-07-03 10:41:49.043571,0.18644237327938815,lstm
USR-000031,EVT-0024904,2026-07-03 10:42:21.423048,0.3685438567535163,lstm
USR-000138,EVT-0024905,2026-07-03 10:42:28.542461,0.8423947685957333,lstm
USR-000031,EVT-0024906,2026-07-03 10:43:22.066186,0.6561036380759026,lstm
SVC-000053,EVT-0024907,2026-07-03 10:44:27.597679,0.491585041066503,lstm
SVC-000013,EVT-0024908,2026-07-03 10:45:27.258030,0.29389664430111195,lstm
USR-000089,EVT-0024909,2026-07-03 10:46:43.287906,0.8282568643748376,lstm
USR-000087,EVT-0024910,2026-07-03 10:48:08.155631,0.5589065039648546,lstm
SVC-000039,EVT-0024911,2026-07-03 10:48:19.856888,0.4157480471863119,lstm
USR-000179,EVT-0024912,2026-07-03 10:48:51.083000,0.5711779084619303,lstm
USR-000026,EVT-0024913,2026-07-03 10:49:14.369203,0.6237412864405563,lstm
USR-000038,EVT-0024914,2026-07-03 10:50:11.305178,0.4102490561957893,lstm
USR-000007,EVT-0024915,2026-07-03 10:52:41.567637,0.6080261984525177,lstm
USR-000073,EVT-0024916,2026-07-03 10:53:26.731729,0.5101463343640781,lstm
USR-000079,EVT-0024917,2026-07-03 10:54:20.612320,0.510624934857317,lstm
USR-000093,EVT-0024918,2026-07-03 10:55:49.281106,0.6996125881594253,lstm
SVC-000013,EVT-0024919,2026-07-03 10:55:55.170534,0.40794834253996015,lstm
SVC-000008,EVT-0024920,2026-07-03 10:59:08.938622,0.3984401028708355,lstm
USR-000104,EVT-0024921,2026-07-03 10:59:55.451675,0.7375618093754023,lstm
USR-000118,EVT-0024922,2026-07-03 11:01:59.105185,0.5143826001302635,lstm
SVC-000039,EVT-0024923,2026-07-03 11:02:53.092974,0.4195794678251022,lstm
USR-000025,EVT-0024924,2026-07-03 11:03:00.535790,0.46506760369788164,lstm
SVC-000024,EVT-0024925,2026-07-03 11:05:34.299080,0.3501130075913282,lstm
SVC-000024,EVT-0024926,2026-07-03 11:07:47.846037,0.45257488347416175,lstm
USR-000051,EVT-0024927,2026-07-03 11:09:22.150879,0.2932890863528568,lstm
SVC-000039,EVT-0024928,2026-07-03 11:09:46.397315,0.48813362388902676,lstm
USR-000130,EVT-0024929,2026-07-03 11:11:39.371980,0.4019542517544975,lstm
USR-000050,EVT-0024930,2026-07-03 11:12:38.464282,0.37373790993412853,lstm
USR-000039,EVT-0024931,2026-07-03 11:12:40.389356,0.27393780112031285,lstm
USR-000137,EVT-0024932,2026-07-03 11:13:44.157296,0.24960991487147094,lstm
USR-000154,EVT-0024933,2026-07-03 11:13:44.592970,0.564641389121717,lstm
SVC-000001,EVT-0024934,2026-07-03 11:15:00.812380,0.998018475681153,lstm
USR-000048,EVT-0024935,2026-07-03 11:16:05.375962,0.37913507998857143,lstm
SVC-000021,EVT-0024936,2026-07-03 11:18:21.341957,0.9924378577157157,lstm
USR-000023,EVT-0024937,2026-07-03 11:19:52.546825,0.3624931256872462,lstm
USR-000021,EVT-0024938,2026-07-03 11:19:58.412817,0.39587415206405474,lstm
SVC-000021,EVT-0024939,2026-07-03 11:21:00.067804,0.7274086617948419,lstm
USR-000170,EVT-0024940,2026-07-03 11:23:01.369239,0.40125519381243524,lstm
SVC-000021,EVT-0024941,2026-07-03 11:23:15.047483,0.606891004052253,lstm
SVC-000008,EVT-0024942,2026-07-03 11:23:17.273924,0.6945840417035078,lstm
USR-000159,EVT-0024943,2026-07-03 11:23:32.350193,0.993675654879789,lstm
USR-000153,EVT-0024944,2026-07-03 11:23:59.253750,0.6236406780761228,lstm
SVC-000050,EVT-0024945,2026-07-03 11:24:16.134561,0.9911876075291358,lstm
USR-000178,EVT-0024946,2026-07-03 11:25:40.401350,0.2695141285929258,lstm
USR-000153,EVT-0024947,2026-07-03 11:26:44.289754,0.7476503228528629,lstm
USR-000051,EVT-0024948,2026-07-03 11:26:55.669900,0.3292380566104734,lstm
USR-000208,EVT-0024949,2026-07-03 11:27:23.039641,0.31418831189278523,lstm
SVC-000053,EVT-0024950,2026-07-03 11:27:49.753099,0.5221223896165631,lstm
DEV-000014,EVT-0024951,2026-07-03 11:29:01.009277,0.7158698810509686,lstm
SVC-000008,EVT-0024952,2026-07-03 11:30:56.150801,0.5337403492309677,lstm
USR-000173,EVT-0024953,2026-07-03 11:31:18.286650,0.6775729705409537,lstm
USR-000203,EVT-0024954,2026-07-03 11:31:51.519135,0.677472372088602,lstm
USR-000035,EVT-0024955,2026-07-03 11:32:03.519279,0.5167236206663931,lstm
SVC-000021,EVT-0024956,2026-07-03 11:32:54.300612,0.7518961734236529,lstm
USR-000064,EVT-0024957,2026-07-03 11:33:54.056356,0.30265285525876384,lstm
USR-000203,EVT-0024958,2026-07-03 11:35:30.376215,0.7847054112612265,lstm
USR-000193,EVT-0024959,2026-07-03 11:38:47.271726,0.36305515709654085,lstm
USR-000030,EVT-0024960,2026-07-03 11:39:19.685508,0.5766626910844219,lstm
USR-000080,EVT-0024961,2026-07-03 11:39:24.552204,0.44806528388800937,lstm
USR-000066,EVT-0024962,2026-07-03 11:42:48.139314,0.3232680364855281,lstm
SVC-000053,EVT-0024963,2026-07-03 11:43:34.580092,0.538526240529948,lstm
USR-000020,EVT-0024964,2026-07-03 11:43:43.634624,0.770613248785889,lstm
USR-000045,EVT-0024965,2026-07-03 11:45:25.262615,0.5031364080651574,lstm
DEV-000008,EVT-0024966,2026-07-03 11:46:41.531177,0.3487077158771389,lstm
USR-000090,EVT-0024967,2026-07-03 11:48:01.964679,0.4216530256450534,lstm
USR-000151,EVT-0024968,2026-07-03 11:48:28.151876,0.30581825837238047,lstm
SVC-000050,EVT-0024969,2026-07-03 11:49:22.481710,0.4640255753429174,lstm
SVC-000039,EVT-0024970,2026-07-03 11:49:51.248184,0.35433585758846436,lstm
SVC-000008,EVT-0024971,2026-07-03 11:52:17.779874,0.4252380339723378,lstm
USR-000039,EVT-0024972,2026-07-03 11:52:51.537261,0.25371185428249315,lstm
USR-000112,EVT-0024973,2026-07-03 11:52:54.404815,0.754283681170236,lstm
USR-000057,EVT-0024974,2026-07-03 11:55:33.574222,0.3211317508063318,lstm
USR-000016,EVT-0024975,2026-07-03 11:56:36.649851,0.4656516153209231,lstm
DEV-000025,EVT-0024976,2026-07-03 11:56:54.242979,0.2330339763219129,lstm
SVC-000001,EVT-0024977,2026-07-03 11:57:51.395201,0.6739706350790529,lstm
USR-000064,EVT-0024978,2026-07-03 11:58:22.373877,0.31152067486897533,lstm
USR-000196,EVT-0024979,2026-07-03 12:00:11.052325,0.3879274655598165,lstm
SVC-000008,EVT-0024980,2026-07-03 12:00:54.235895,0.4318316814258807,lstm
USR-000118,EVT-0024981,2026-07-03 12:01:21.725972,0.399135509116217,lstm
USR-000003,EVT-0024982,2026-07-03 12:02:34.069775,0.5820293057568194,lstm
SVC-000001,EVT-0024983,2026-07-03 12:02:39.515009,0.7070864437834289,lstm
SVC-000034,EVT-0024984,2026-07-03 12:04:21.455375,0.9278869775992542,lstm
SVC-000050,EVT-0024985,2026-07-03 12:04:25.250300,0.41447401066797784,lstm
USR-000137,EVT-0024986,2026-07-03 12:05:06.332139,0.4174420157203482,lstm
USR-000104,EVT-0024987,2026-07-03 12:06:20.235315,0.6785745848287807,lstm
SVC-000008,EVT-0024988,2026-07-03 12:06:57.977130,0.38701626039433695,lstm
USR-000080,EVT-0024989,2026-07-03 12:07:49.677538,0.4474915936495868,lstm
DEV-000018,EVT-0024990,2026-07-03 12:07:56.284389,0.515154275385599,lstm
SVC-000053,EVT-0024991,2026-07-03 12:09:07.305657,0.5175580812247231,lstm
USR-000151,EVT-0024992,2026-07-03 12:09:13.364496,0.31627634051141246,lstm
SVC-000034,EVT-0024993,2026-07-03 12:10:13.637118,0.49956484545629504,lstm
SVC-000021,EVT-0024994,2026-07-03 12:12:55.024483,0.5567548633017878,lstm
USR-000078,EVT-0024995,2026-07-03 12:13:15.589203,0.7873487216157565,lstm
USR-000194,EVT-0024996,2026-07-03 12:13:16.576139,0.4027165304286435,lstm
SVC-000021,EVT-0024997,2026-07-03 12:13:37.010359,0.6857479872357336,lstm
SVC-000021,EVT-0024998,2026-07-03 12:13:52.271108,0.7708942478556527,lstm
USR-000138,EVT-0024999,2026-07-03 12:14:27.101313,0.3311164365058932,lstm
SVC-000050,EVT-0025000,2026-07-03 12:14:43.323254,0.23095023521451535,lstm
USR-000051,EVT-0025001,2026-07-03 12:15:07.511901,0.45679709473417585,lstm
SVC-000013,EVT-0025002,2026-07-03 12:17:11.975299,0.5657626855037176,lstm
SVC-000039,EVT-0025003,2026-07-03 12:17:37.244907,0.30553725829268125,lstm
SVC-000021,EVT-0025004,2026-07-03 12:18:18.119707,0.6396896036617874,lstm
USR-000196,EVT-0025005,2026-07-03 12:19:21.453809,0.28759890000675126,lstm
SVC-000034,EVT-0025006,2026-07-03 12:19:29.874562,0.4445113712790497,lstm
USR-000129,EVT-0025007,2026-07-03 12:20:07.327696,0.2854780636982608,lstm
SVC-000050,EVT-0025008,2026-07-03 12:23:27.703837,0.29169245503551877,lstm
USR-000065,EVT-0025009,2026-07-03 12:23:46.599551,0.8292413726664187,lstm
USR-000003,EVT-0025010,2026-07-03 12:24:21.962090,0.5292148725978174,lstm
SVC-000034,EVT-0025011,2026-07-03 12:25:04.449895,0.39921271077088744,lstm
USR-000111,EVT-0025012,2026-07-03 12:25:14.220435,0.9892650504959335,lstm
SVC-000034,EVT-0025013,2026-07-03 12:25:50.952738,0.6970847433463176,lstm
USR-000003,EVT-0025014,2026-07-03 12:26:29.474828,0.8330265197591663,lstm
SVC-000001,EVT-0025015,2026-07-03 12:27:36.397149,0.7995281887769922,lstm
USR-000138,EVT-0025016,2026-07-03 12:28:52.037976,0.42169286436871,lstm
USR-000166,EVT-0025017,2026-07-03 12:30:38.627073,0.2246992094771783,lstm
SVC-000039,EVT-0025018,2026-07-03 12:31:02.652534,0.44246006122817505,lstm
SVC-000053,EVT-0025019,2026-07-03 12:32:37.691018,0.3179814731498842,lstm
SVC-000053,EVT-0025020,2026-07-03 12:33:00.311978,0.7120356096155168,lstm
DEV-000010,EVT-0025021,2026-07-03 12:33:52.178011,0.520308068960382,lstm
SVC-000021,EVT-0025022,2026-07-03 12:36:29.846511,0.31892732745742175,lstm
USR-000139,EVT-0025023,2026-07-03 12:38:45.492117,0.35414944278870375,lstm
USR-000038,EVT-0025024,2026-07-03 12:38:55.723481,0.25106800653520384,lstm
USR-000166,EVT-0025025,2026-07-03 12:39:16.226594,0.5151983281863689,lstm
USR-000170,EVT-0025026,2026-07-03 12:40:30.842077,0.2783848497373296,lstm
USR-000079,EVT-0025027,2026-07-03 12:40:37.275482,0.3405214763979141,lstm
USR-000064,EVT-0025028,2026-07-03 12:42:16.544526,0.26516697031458897,lstm
SVC-000053,EVT-0025029,2026-07-03 12:44:12.103434,0.6550500571428218,lstm
USR-000176,EVT-0025030,2026-07-03 12:44:40.522165,0.39388818114496393,lstm
USR-000049,EVT-0025031,2026-07-03 12:46:08.129874,0.37898134509046033,lstm
USR-000211,EVT-0025032,2026-07-03 12:46:25.397589,0.7094761741378334,lstm
SVC-000039,EVT-0025033,2026-07-03 12:49:12.972509,0.3116042542440341,lstm
USR-000129,EVT-0025034,2026-07-03 12:49:33.029230,0.34055516067103275,lstm
USR-000151,EVT-0025035,2026-07-03 12:52:42.788076,0.32133389843910265,lstm
SVC-000053,EVT-0025036,2026-07-03 12:53:16.227869,0.3829430515973634,lstm
SVC-000053,EVT-0025037,2026-07-03 12:56:04.768726,0.749764750818435,lstm
DEV-000002,EVT-0025038,2026-07-03 12:56:26.266480,0.1054546384252026,lstm
USR-000039,EVT-0025039,2026-07-03 12:56:28.430030,0.34198983448206066,lstm
USR-000053,EVT-0025040,2026-07-03 12:56:53.315226,0.6112486211505345,lstm
SVC-000039,EVT-0025041,2026-07-03 12:57:07.063600,0.6056340762834949,lstm
SVC-000001,EVT-0025042,2026-07-03 12:57:36.518996,0.3946656620759499,lstm
SVC-000021,EVT-0025043,2026-07-03 12:58:16.316550,0.4024390857982015,lstm
USR-000183,EVT-0025044,2026-07-03 12:59:24.419828,0.6633495049172928,lstm
SVC-000021,EVT-0025045,2026-07-03 12:59:38.757560,0.8097070301058211,lstm
SVC-000039,EVT-0025046,2026-07-03 13:00:32.654470,0.6003935794510493,lstm
USR-000002,EVT-0025047,2026-07-03 13:02:30.261868,0.5226066730530499,lstm
USR-000080,EVT-0025048,2026-07-03 13:04:02.071353,0.3101730827924099,lstm
SVC-000008,EVT-0025049,2026-07-03 13:04:12.054163,0.6677101209450399,lstm
USR-000048,EVT-0025050,2026-07-03 13:04:47.839345,0.3628648973282495,lstm
DEV-000007,EVT-0025051,2026-07-03 13:06:15.119787,0.4504087781282921,lstm
USR-000057,EVT-0025052,2026-07-03 13:07:18.168242,0.24063934338372134,lstm
USR-000047,EVT-0025053,2026-07-03 13:09:00.291933,0.3355137908730099,lstm
USR-000095,EVT-0025054,2026-07-03 13:09:11.111863,0.3616043672658275,lstm
USR-000092,EVT-0025055,2026-07-03 13:10:24.959153,0.43624645292476316,lstm
USR-000087,EVT-0025056,2026-07-03 13:10:40.001643,0.5014698815654242,lstm
DEV-000016,EVT-0025057,2026-07-03 13:10:59.624177,0.3044965570339658,lstm
USR-000098,EVT-0025058,2026-07-03 13:11:59.986997,0.7091925386678299,lstm
USR-000145,EVT-0025059,2026-07-03 13:12:55.960948,0.3883419811120551,lstm
DEV-000021,EVT-0025060,2026-07-03 13:13:09.119109,0.5890324752606683,lstm
USR-000208,EVT-0025061,2026-07-03 13:13:48.192322,0.3429381607549671,lstm
USR-000017,EVT-0025062,2026-07-03 13:14:01.773185,0.6536825444177463,lstm
USR-000196,EVT-0025063,2026-07-03 13:14:55.417107,0.24520814573858554,lstm
USR-000154,EVT-0025064,2026-07-03 13:16:49.868422,0.3268995516543776,lstm
USR-000143,EVT-0025065,2026-07-03 13:18:13.463376,0.5421848594466272,lstm
USR-000211,EVT-0025066,2026-07-03 13:18:26.381624,0.36025794466500777,lstm
USR-000080,EVT-0025067,2026-07-03 13:18:55.085186,0.42929997849160506,lstm
USR-000196,EVT-0025068,2026-07-03 13:20:33.371840,0.33167647655259236,lstm
USR-000078,EVT-0025069,2026-07-03 13:21:42.515867,0.4925818239239471,lstm
USR-000159,EVT-0025070,2026-07-03 13:22:17.671701,0.9829949842426237,lstm
USR-000011,EVT-0025071,2026-07-03 13:23:12.496939,0.9395331470705294,lstm
USR-000095,EVT-0025072,2026-07-03 13:23:52.431584,0.41483338689048793,lstm
SVC-000050,EVT-0025073,2026-07-03 13:25:41.818734,0.5970213164787102,lstm
USR-000021,EVT-0025074,2026-07-03 13:26:38.618357,0.27787006707311773,lstm
USR-000062,EVT-0025075,2026-07-03 13:27:34.454273,0.2578493814635162,lstm
USR-000118,EVT-0025076,2026-07-03 13:27:36.004610,0.41069339083626283,lstm
USR-000143,EVT-0025077,2026-07-03 13:28:07.771800,0.4794892747969283,lstm
USR-000050,EVT-0025078,2026-07-03 13:28:34.733366,0.22932558087623636,lstm
USR-000137,EVT-0025079,2026-07-03 13:29:35.047330,0.36647327643084043,lstm
USR-000064,EVT-0025080,2026-07-03 13:29:53.630627,0.3987891210620083,lstm
SVC-000049,EVT-0025081,2026-07-03 13:30:15.717465,0.9948636680133383,lstm
USR-000175,EVT-0025082,2026-07-03 13:31:44.457729,0.40213096996420394,lstm
USR-000014,EVT-0025083,2026-07-03 13:33:08.557730,0.7513002177858342,lstm
DEV-000017,EVT-0025084,2026-07-03 13:33:53.056363,0.6089445395052271,lstm
USR-000143,EVT-0025085,2026-07-03 13:40:33.457435,0.37556246365613394,lstm
USR-000074,EVT-0025086,2026-07-03 13:41:52.309447,0.4506559960710821,lstm
USR-000062,EVT-0025087,2026-07-03 13:42:45.983481,0.43990251671087965,lstm
USR-000017,EVT-0025088,2026-07-03 13:44:26.503872,0.38354636472238113,lstm
USR-000021,EVT-0025089,2026-07-03 13:44:48.934200,0.2782497924425062,lstm
USR-000129,EVT-0025090,2026-07-03 13:44:55.296971,0.2783352725614276,lstm
USR-000127,EVT-0025091,2026-07-03 13:45:34.534071,0.9296740776441653,lstm
USR-000200,EVT-0025092,2026-07-03 13:46:17.154828,0.4159756680754242,lstm
USR-000206,EVT-0025093,2026-07-03 13:47:12.588598,0.27416178581475353,lstm
USR-000040,EVT-0025094,2026-07-03 13:47:19.029535,0.5131753540289743,lstm
DEV-000001,EVT-0025095,2026-07-03 13:47:23.149912,0.6424279525940995,lstm
SVC-000027,EVT-0025096,2026-07-03 13:47:24.638348,0.9829304710089466,lstm
SVC-000049,EVT-0025097,2026-07-03 13:47:56.110281,0.6999130744346836,lstm
DEV-000004,EVT-0025098,2026-07-03 13:47:59.057055,0.5887422656330287,lstm
SVC-000027,EVT-0025099,2026-07-03 13:52:36.391575,0.6369716417165631,lstm
SVC-000028,EVT-0025100,2026-07-03 13:53:37.474676,0.9195522647752498,lstm
USR-000146,EVT-0025101,2026-07-03 13:55:07.906419,0.5261457870631973,lstm
DEV-000015,EVT-0025102,2026-07-03 13:55:22.089599,0.5106654797934642,lstm
USR-000118,EVT-0025103,2026-07-03 13:55:37.997178,0.4719954477680659,lstm
USR-000017,EVT-0025104,2026-07-03 13:56:09.910188,0.3169637646273557,lstm
USR-000120,EVT-0025105,2026-07-03 13:56:32.225646,0.25685966339063426,lstm
SVC-000021,EVT-0025106,2026-07-03 13:57:37.696342,0.7616334163728399,lstm
USR-000038,EVT-0025107,2026-07-03 13:59:00.845513,0.3203912261783687,lstm
USR-000144,EVT-0025108,2026-07-03 14:00:00.783584,0.6004452140867869,lstm
SVC-000027,EVT-0025109,2026-07-03 14:00:50.013250,0.5822399237852106,lstm
USR-000060,EVT-0025110,2026-07-03 14:00:54.470253,0.27507272547634004,lstm
USR-000130,EVT-0025111,2026-07-03 14:01:47.152452,0.383257843339132,lstm
USR-000191,EVT-0025112,2026-07-03 14:04:29.640713,0.774947103638155,lstm
SVC-000021,EVT-0025113,2026-07-03 14:05:51.309806,0.38051002078531937,lstm
USR-000171,EVT-0025114,2026-07-03 14:06:31.140519,0.3514272838189946,lstm
SVC-000053,EVT-0025115,2026-07-03 14:06:35.630264,0.5568526246443934,lstm
SVC-000022,EVT-0025116,2026-07-03 14:10:08.564887,0.9334748112380044,lstm
SVC-000027,EVT-0025117,2026-07-03 14:11:13.380004,0.6113623063951421,lstm
DEV-000022,EVT-0025118,2026-07-03 14:11:16.076367,0.41245887124575,lstm
USR-000011,EVT-0025119,2026-07-03 14:11:35.868906,0.77541713363307,lstm
USR-000121,EVT-0025120,2026-07-03 14:13:06.055003,0.4754294513535479,lstm
USR-000193,EVT-0025121,2026-07-03 14:13:39.393575,0.41981761237530174,lstm
SVC-000027,EVT-0025122,2026-07-03 14:13:44.362575,0.6523300763539104,lstm
USR-000092,EVT-0025123,2026-07-03 14:15:10.798309,0.32773176355341,lstm
USR-000073,EVT-0025124,2026-07-03 14:15:29.773459,0.32834517753824877,lstm
USR-000053,EVT-0025125,2026-07-03 14:16:27.489971,0.3287084807184455,lstm
USR-000208,EVT-0025126,2026-07-03 14:18:34.263411,0.2607232861310034,lstm
USR-000097,EVT-0025127,2026-07-03 14:19:03.251538,0.8459415470410395,lstm
USR-000037,EVT-0025128,2026-07-03 14:19:32.492532,0.5010634096084204,lstm
USR-000002,EVT-0025129,2026-07-03 14:20:42.451343,0.2899021582203467,lstm
USR-000178,EVT-0025130,2026-07-03 14:23:29.702126,0.21334096694415472,lstm
USR-000180,EVT-0025131,2026-07-03 14:23:33.688899,0.4768416613218498,lstm
USR-000201,EVT-0025132,2026-07-03 14:23:58.788676,0.3741245920860187,lstm
USR-000192,EVT-0025133,2026-07-03 14:24:43.129034,0.2693934621246701,lstm
USR-000080,EVT-0025134,2026-07-03 14:25:50.574308,0.4277342470585371,lstm
SVC-000049,EVT-0025135,2026-07-03 14:27:18.753560,0.7923919662414206,lstm
USR-000144,EVT-0025136,2026-07-03 14:28:30.184089,0.4190005446408773,lstm
USR-000039,EVT-0025137,2026-07-03 14:29:51.692019,0.4316028821325014,lstm
USR-000211,EVT-0025138,2026-07-03 14:30:17.055191,0.3952729480584604,lstm
USR-000184,EVT-0025139,2026-07-03 14:31:00.377104,0.4296759038107365,lstm
SVC-000022,EVT-0025140,2026-07-03 14:31:21.501405,0.3019545917718337,lstm
USR-000146,EVT-0025141,2026-07-03 14:36:28.381416,0.5201709385984374,lstm
USR-000181,EVT-0025142,2026-07-03 14:37:18.407849,0.3322776984909757,lstm
USR-000017,EVT-0025143,2026-07-03 14:38:25.613665,0.22858861493309524,lstm
USR-000047,EVT-0025144,2026-07-03 14:38:54.025073,0.37719036121057736,lstm
SVC-000022,EVT-0025145,2026-07-03 14:38:57.542419,0.4021235999425507,lstm
SVC-000028,EVT-0025146,2026-07-03 14:39:30.854150,0.5278292594807976,lstm
USR-000023,EVT-0025147,2026-07-03 14:39:34.565494,0.3430893851628587,lstm
USR-000121,EVT-0025148,2026-07-03 14:39:52.384050,0.4486178008554125,lstm
USR-000183,EVT-0025149,2026-07-03 14:41:50.296355,0.4012495904048327,lstm
USR-000103,EVT-0025150,2026-07-03 14:43:13.217594,0.5202283990323056,lstm
USR-000128,EVT-0025151,2026-07-03 14:44:37.767360,0.5363184902988541,lstm
USR-000038,EVT-0025152,2026-07-03 14:45:25.304522,0.4173086839682418,lstm
USR-000170,EVT-0025153,2026-07-03 14:46:22.417554,0.3300324893499343,lstm
USR-000193,EVT-0025154,2026-07-03 14:47:44.092732,0.34595254488868626,lstm
USR-000193,EVT-0025155,2026-07-03 14:48:06.569739,0.6309234747928835,lstm
USR-000176,EVT-0025156,2026-07-03 14:49:41.326275,0.2543806829117464,lstm
DEV-000008,EVT-0025157,2026-07-03 14:49:41.580907,0.3581854862409901,lstm
USR-000193,EVT-0025158,2026-07-03 14:50:01.027710,0.5295202860502295,lstm
SVC-000012,EVT-0025159,2026-07-03 14:50:14.846599,0.9675703709098576,lstm
USR-000004,EVT-0025160,2026-07-03 14:56:18.806792,0.4180208063641552,lstm
SVC-000027,EVT-0025161,2026-07-03 14:56:20.748607,0.3880727382816076,lstm
SVC-000027,EVT-0025162,2026-07-03 14:56:23.270464,0.8547550014193501,lstm
USR-000139,EVT-0025163,2026-07-03 14:57:12.860726,0.3911181965874435,lstm
USR-000127,EVT-0025164,2026-07-03 14:58:42.848883,0.823026063285246,lstm
USR-000139,EVT-0025165,2026-07-03 14:59:17.931081,0.6021954173518204,lstm
USR-000170,EVT-0025166,2026-07-03 14:59:19.245955,0.40234578739098975,lstm
USR-000065,EVT-0025167,2026-07-03 15:00:41.404261,0.3864409465964961,lstm
USR-000053,EVT-0025168,2026-07-03 15:01:01.915005,0.6993607338669394,lstm
SVC-000027,EVT-0025169,2026-07-03 15:01:30.260354,0.45501462308757123,lstm
DEV-000001,EVT-0025170,2026-07-03 15:03:27.291805,0.4478101184765899,lstm
USR-000104,EVT-0025171,2026-07-03 15:04:01.037156,0.6773351978430605,lstm
SVC-000021,EVT-0025172,2026-07-03 15:04:10.637224,0.6580640232643237,lstm
SVC-000012,EVT-0025173,2026-07-03 15:05:18.836008,0.32062281316728025,lstm
USR-000073,EVT-0025174,2026-07-03 15:05:57.013005,0.49554577411835793,lstm
USR-000005,EVT-0025175,2026-07-03 15:08:49.665016,0.4649621370955112,lstm
SVC-000036,EVT-0025176,2026-07-03 15:09:11.433729,0.9877678468406547,lstm
USR-000206,EVT-0025177,2026-07-03 15:09:29.525539,0.37682484504432656,lstm
SVC-000012,EVT-0025178,2026-07-03 15:10:53.757108,0.3937277480930932,lstm
USR-000037,EVT-0025179,2026-07-03 15:11:13.372340,0.3624494970383826,lstm
SVC-000012,EVT-0025180,2026-07-03 15:12:17.186787,0.5867514588743866,lstm
USR-000050,EVT-0025181,2026-07-03 15:12:23.439316,0.3427260019192124,lstm
SVC-000027,EVT-0025182,2026-07-03 15:12:32.789026,0.3949453945243479,lstm
USR-000151,EVT-0025183,2026-07-03 15:12:52.841453,0.2835494161015212,lstm
USR-000065,EVT-0025184,2026-07-03 15:13:14.806613,0.3159433417616778,lstm
USR-000129,EVT-0025185,2026-07-03 15:13:36.136323,0.3646186703091958,lstm
USR-000017,EVT-0025186,2026-07-03 15:14:02.855115,0.23822743404719332,lstm
USR-000104,EVT-0025187,2026-07-03 15:16:38.885861,0.6489651518308508,lstm
SVC-000010,EVT-0025188,2026-07-03 15:16:54.307492,0.9746870874360336,lstm
USR-000186,EVT-0025189,2026-07-03 15:18:49.009384,0.5784210348961659,lstm
USR-000079,EVT-0025190,2026-07-03 15:19:18.553977,0.251651262300162,lstm
USR-000030,EVT-0025191,2026-07-03 15:19:44.472596,0.5802633380754504,lstm
SVC-000028,EVT-0025192,2026-07-03 15:19:58.707724,0.3420888990839952,lstm
USR-000193,EVT-0025193,2026-07-03 15:21:30.417810,0.27760625750007806,lstm
SVC-000027,EVT-0025194,2026-07-03 15:22:51.896190,0.38230078696095865,lstm
SVC-000036,EVT-0025195,2026-07-03 15:23:09.038883,0.3779360817851687,lstm
USR-000187,EVT-0025196,2026-07-03 15:23:10.690847,0.7808425939895163,lstm
SVC-000036,EVT-0025197,2026-07-03 15:23:34.064878,0.7184059065235879,lstm
USR-000111,EVT-0025198,2026-07-03 15:24:34.773319,0.6328462224568898,lstm
USR-000074,EVT-0025199,2026-07-03 15:24:48.658041,0.24288879652961537,lstm
USR-000035,EVT-0025200,2026-07-03 15:26:05.964818,0.3927436563368107,lstm
USR-000138,EVT-0025201,2026-07-03 15:26:08.354080,0.47774922025281324,lstm
SVC-000010,EVT-0025202,2026-07-03 15:26:45.751667,0.5596719037909345,lstm
USR-000003,EVT-0025203,2026-07-03 15:29:07.389381,0.402913818616985,lstm
DEV-000023,EVT-0025204,2026-07-03 15:29:13.757104,0.4629673410396766,lstm
USR-000183,EVT-0025205,2026-07-03 15:30:03.056975,0.528281816953774,lstm
USR-000126,EVT-0025206,2026-07-03 15:30:06.679970,0.6115792851561866,lstm
USR-000087,EVT-0025207,2026-07-03 15:30:16.658474,0.3870666270139734,lstm
USR-000043,EVT-0025208,2026-07-03 15:30:48.383704,0.3966979890797516,lstm
SVC-000027,EVT-0025209,2026-07-03 15:33:09.135824,0.5331287805907592,lstm
USR-000017,EVT-0025210,2026-07-03 15:33:49.153270,0.26134631580718515,lstm
USR-000043,EVT-0025211,2026-07-03 15:33:52.288219,0.7000951234333732,lstm
DEV-000017,EVT-0025212,2026-07-03 15:34:00.285193,0.39006185438135227,lstm
USR-000004,EVT-0025213,2026-07-03 15:34:06.598847,0.4849104728207791,lstm
USR-000211,EVT-0025214,2026-07-03 15:34:46.481291,0.37824469258122867,lstm
SVC-000010,EVT-0025215,2026-07-03 15:34:57.775180,0.39148632919089055,lstm
USR-000130,EVT-0025216,2026-07-03 15:35:30.787620,0.5325529461502962,lstm
USR-000193,EVT-0025217,2026-07-03 15:35:37.547943,0.24270576515105755,lstm
SVC-000012,EVT-0025218,2026-07-03 15:36:49.209525,0.3224154394533173,lstm
SVC-000036,EVT-0025219,2026-07-03 15:36:57.106459,0.46906824315930085,lstm
SVC-000036,EVT-0025220,2026-07-03 15:37:27.048748,0.5775804672912032,lstm
SVC-000036,EVT-0025221,2026-07-03 15:38:20.629784,0.8474093476126001,lstm
DEV-000024,EVT-0025222,2026-07-03 15:38:35.952751,0.32683461474352576,lstm
SVC-000036,EVT-0025223,2026-07-03 15:40:25.348066,0.7850364963890174,lstm
SVC-000036,EVT-0025224,2026-07-03 15:40:52.167974,0.6741268850810638,lstm
USR-000045,EVT-0025225,2026-07-03 15:41:09.553632,0.3025241965040248,lstm
SVC-000010,EVT-0025226,2026-07-03 15:42:33.716687,0.3884594074748539,lstm
SVC-000049,EVT-0025227,2026-07-03 15:43:00.926233,0.5226032270316833,lstm
USR-000146,EVT-0025228,2026-07-03 15:44:18.964419,0.37450985722825453,lstm
USR-000100,EVT-0025229,2026-07-03 15:44:30.631017,0.9310485889841181,lstm
SVC-000036,EVT-0025230,2026-07-03 15:45:06.872791,0.5140805157188454,lstm
USR-000211,EVT-0025231,2026-07-03 15:46:30.215749,0.3010178866108865,lstm
USR-000037,EVT-0025232,2026-07-03 15:46:35.375200,0.2739152069766233,lstm
SVC-000010,EVT-0025233,2026-07-03 15:48:45.875922,0.4061005117149283,lstm
USR-000128,EVT-0025234,2026-07-03 15:50:31.275446,0.44902374712115495,lstm
USR-000201,EVT-0025235,2026-07-03 15:51:38.401165,0.3488770359485648,lstm
USR-000035,EVT-0025236,2026-07-03 15:51:41.469063,0.45431585898869964,lstm
SVC-000010,EVT-0025237,2026-07-03 15:55:28.103092,0.35686611982332894,lstm
USR-000092,EVT-0025238,2026-07-03 15:58:26.596452,0.3499760202117617,lstm
USR-000045,EVT-0025239,2026-07-03 16:01:18.476849,0.2813082111881218,lstm
USR-000130,EVT-0025240,2026-07-03 16:02:23.520125,0.5331562342107046,lstm
SVC-000010,EVT-0025241,2026-07-03 16:03:31.583348,0.38767304544867204,lstm
DEV-000007,EVT-0025242,2026-07-03 16:04:58.613209,0.3364435778691179,lstm
SVC-000050,EVT-0025243,2026-07-03 16:05:31.342851,0.6725601170198916,lstm
USR-000100,EVT-0025244,2026-07-03 16:06:36.486871,0.6855617961033812,lstm
USR-000026,EVT-0025245,2026-07-03 16:08:00.909544,0.8735379601603148,lstm
USR-000073,EVT-0025246,2026-07-03 16:08:49.779042,0.3343192283040547,lstm
USR-000196,EVT-0025247,2026-07-03 16:09:18.124593,0.3209734902757876,lstm
DEV-000019,EVT-0025248,2026-07-03 16:10:35.441691,0.7292963350057036,lstm
SVC-000049,EVT-0025249,2026-07-03 16:11:34.962492,0.42330988357748345,lstm
USR-000185,EVT-0025250,2026-07-03 16:13:32.574956,0.4596421832339912,lstm
USR-000011,EVT-0025251,2026-07-03 16:15:08.233561,0.45155713226267685,lstm
USR-000125,EVT-0025252,2026-07-03 16:15:15.754953,0.29791250470008174,lstm
USR-000185,EVT-0025253,2026-07-03 16:15:58.051791,0.5001731029254171,lstm
SVC-000036,EVT-0025254,2026-07-03 16:18:08.510275,0.49612889544157546,lstm
USR-000097,EVT-0025255,2026-07-03 16:18:29.465233,0.6333160267511162,lstm
DEV-000012,EVT-0025256,2026-07-03 16:18:57.367034,0.7851118571210336,lstm
DEV-000021,EVT-0025257,2026-07-03 16:20:20.038453,0.393086824060663,lstm
SVC-000049,EVT-0025258,2026-07-03 16:21:10.031450,0.44553048868096484,lstm
USR-000045,EVT-0025259,2026-07-03 16:23:19.174020,0.38380018398828714,lstm
USR-000152,EVT-0025260,2026-07-03 16:24:09.002578,0.4067277495317369,lstm
SVC-000029,EVT-0025261,2026-07-03 16:26:41.946413,0.9996990673357412,lstm
SVC-000049,EVT-0025262,2026-07-03 16:26:48.548034,0.5121522178497212,lstm
USR-000193,EVT-0025263,2026-07-03 16:28:05.471271,0.2773711440499893,lstm
SVC-000049,EVT-0025264,2026-07-03 16:29:18.783205,0.5537934259590872,lstm
USR-000137,EVT-0025265,2026-07-03 16:30:08.200740,0.6459850627006153,lstm
USR-000078,EVT-0025266,2026-07-03 16:33:24.481736,0.5362935399009748,lstm
USR-000092,EVT-0025267,2026-07-03 16:34:19.406808,0.2719668139478252,lstm
USR-000198,EVT-0025268,2026-07-03 16:34:20.129115,0.37120984069014534,lstm
SVC-000029,EVT-0025269,2026-07-03 16:34:46.099958,0.9930616963897935,lstm
SVC-000049,EVT-0025270,2026-07-03 16:36:27.987447,0.40093649973326007,lstm
SVC-000010,EVT-0025271,2026-07-03 16:37:20.180304,0.29777687092460836,lstm
USR-000003,EVT-0025272,2026-07-03 16:38:24.679131,0.4973895309680484,lstm
SVC-000029,EVT-0025273,2026-07-03 16:39:22.170276,0.9907426947395555,lstm
SVC-000028,EVT-0025274,2026-07-03 16:39:50.570721,0.43509970627020345,lstm
SVC-000036,EVT-0025275,2026-07-03 16:39:53.259334,0.7281113592795568,lstm
DEV-000011,EVT-0025276,2026-07-03 16:41:24.595332,0.7272483238013052,lstm
DEV-000008,EVT-0025277,2026-07-03 16:43:48.344639,0.44205281146920516,lstm
SVC-000010,EVT-0025278,2026-07-03 16:45:48.186480,0.7154261778383786,lstm
USR-000115,EVT-0025279,2026-07-03 16:45:50.691190,0.6439581503906996,lstm
USR-000079,EVT-0025280,2026-07-03 16:49:59.676388,0.30013328120233895,lstm
USR-000017,EVT-0025281,2026-07-03 16:50:34.572439,0.2323590413202666,lstm
USR-000037,EVT-0025282,2026-07-03 16:51:20.792960,0.3446104610777018,lstm
USR-000200,EVT-0025283,2026-07-03 16:51:48.801817,0.3607296068496946,lstm
USR-000211,EVT-0025284,2026-07-03 16:54:32.822748,0.4460788487921864,lstm
USR-000152,EVT-0025285,2026-07-03 16:55:15.678447,0.4831949649264324,lstm
DEV-000017,EVT-0025286,2026-07-03 16:56:24.923909,0.3140086277133635,lstm
SVC-000029,EVT-0025287,2026-07-03 17:01:19.324946,0.9000390769960048,lstm
USR-000101,EVT-0025288,2026-07-03 17:02:47.266712,0.6489351953589317,lstm
USR-000012,EVT-0025289,2026-07-03 17:06:27.070516,0.90421776594158,lstm
DEV-000015,EVT-0025290,2026-07-03 17:07:20.186903,0.18896745467525247,lstm
USR-000053,EVT-0025291,2026-07-03 17:09:45.972005,0.455120046443458,lstm
USR-000092,EVT-0025292,2026-07-03 17:10:09.871912,0.38709293470613165,lstm
USR-000045,EVT-0025293,2026-07-03 17:14:01.139062,0.36883276998783493,lstm
SVC-000029,EVT-0025294,2026-07-03 17:14:21.985881,0.7571190714603954,lstm
DEV-000011,EVT-0025295,2026-07-03 17:14:49.217068,0.5116889354447015,lstm
SVC-000049,EVT-0025296,2026-07-03 17:16:03.786073,0.5803315720036095,lstm
SVC-000029,EVT-0025297,2026-07-03 17:16:57.422983,0.6836981633282146,lstm
USR-000075,EVT-0025298,2026-07-03 17:17:43.863281,0.29416810356953127,lstm
USR-000101,EVT-0025299,2026-07-03 17:20:38.026744,0.3644106894200648,lstm
USR-000185,EVT-0025300,2026-07-03 17:22:35.075998,0.25723468551065437,lstm
SVC-000010,EVT-0025301,2026-07-03 17:22:53.670110,0.6743453450525055,lstm
USR-000184,EVT-0025302,2026-07-03 17:22:57.977559,0.3140967431974182,lstm
USR-000198,EVT-0025303,2026-07-03 17:23:35.674274,0.3738515443537431,lstm
SVC-000023,EVT-0025304,2026-07-03 17:23:51.897145,0.9444209277322002,lstm
USR-000192,EVT-0025305,2026-07-03 17:24:44.748887,0.26773967496490575,lstm
USR-000111,EVT-0025306,2026-07-03 17:24:49.611910,0.3570301550807401,lstm
USR-000184,EVT-0025307,2026-07-03 17:24:54.312897,0.580283024102237,lstm
USR-000040,EVT-0025308,2026-07-03 17:25:32.158708,0.5056892802643889,lstm
DEV-000014,EVT-0025309,2026-07-03 17:28:38.419029,0.5180135330724527,lstm
USR-000152,EVT-0025310,2026-07-03 17:31:13.871219,0.42651268650637764,lstm
USR-000003,EVT-0025311,2026-07-03 17:33:41.790950,0.41965537301717315,lstm
SVC-000029,EVT-0025312,2026-07-03 17:33:49.811917,0.40652275956440354,lstm
USR-000197,EVT-0025313,2026-07-03 17:36:21.684585,0.4987463604032174,lstm
SVC-000023,EVT-0025314,2026-07-03 17:37:29.225562,0.29186555356486604,lstm
SVC-000037,EVT-0025315,2026-07-03 17:40:46.263385,0.9743851761087957,lstm
USR-000011,EVT-0025316,2026-07-03 17:45:09.027573,0.5435228853264258,lstm
SVC-000037,EVT-0025317,2026-07-03 17:47:28.071421,0.8289417783479549,lstm
SVC-000005,EVT-0025318,2026-07-03 17:52:18.849536,0.913958234006067,lstm
SVC-000037,EVT-0025319,2026-07-03 17:53:40.380981,0.9428083001831976,lstm
DEV-000007,EVT-0025320,2026-07-03 17:53:48.465661,0.3516691834768146,lstm
SVC-000036,EVT-0025321,2026-07-03 17:55:32.124990,0.6361843694042041,lstm
SVC-000044,EVT-0025322,2026-07-03 17:55:45.535330,0.9593668347846958,lstm
USR-000185,EVT-0025323,2026-07-03 17:58:00.896220,0.264246510997333,lstm
USR-000186,EVT-0025324,2026-07-03 17:58:31.901730,0.45656406548737466,lstm
SVC-000037,EVT-0025325,2026-07-03 17:59:44.712578,0.526294726128107,lstm
USR-000144,EVT-0025326,2026-07-03 18:01:55.583716,0.4687037070251078,lstm
USR-000097,EVT-0025327,2026-07-03 18:02:48.705638,0.463977776129494,lstm
SVC-000052,EVT-0025328,2026-07-03 18:06:04.174656,0.9530320596014417,lstm
USR-000011,EVT-0025329,2026-07-03 18:07:29.824384,0.5843014592338128,lstm
USR-000017,EVT-0025330,2026-07-03 18:14:26.237981,0.29776554499791297,lstm
SVC-000044,EVT-0025331,2026-07-03 18:19:25.467916,0.7460633472093087,lstm
SVC-000044,EVT-0025332,2026-07-03 18:22:15.589329,0.665418676114785,lstm
USR-000062,EVT-0025333,2026-07-03 18:23:06.192177,0.4378342029012143,lstm
SVC-000037,EVT-0025334,2026-07-03 18:25:46.045490,0.33268710148046254,lstm
SVC-000029,EVT-0025335,2026-07-03 18:26:27.115488,0.4246153368545714,lstm
SVC-000037,EVT-0025336,2026-07-03 18:29:02.059119,0.8460931140124975,lstm
SVC-000052,EVT-0025337,2026-07-03 18:33:24.192517,0.31155979137668516,lstm
SVC-000010,EVT-0025338,2026-07-03 18:33:30.634191,0.4937133928643722,lstm
SVC-000006,EVT-0025339,2026-07-03 18:33:34.660900,0.9959200132119808,lstm
USR-000198,EVT-0025340,2026-07-03 18:33:51.350171,0.3951693100581057,lstm
DEV-000015,EVT-0025341,2026-07-03 18:33:53.116153,0.34193232489418407,lstm
SVC-000010,EVT-0025342,2026-07-03 18:39:23.158751,0.5809525651910498,lstm
USR-000092,EVT-0025343,2026-07-03 18:42:52.070106,0.30849782235396134,lstm
SVC-000023,EVT-0025344,2026-07-03 18:44:01.344789,0.3517110418410136,lstm
SVC-000037,EVT-0025345,2026-07-03 18:44:38.565541,0.3321534239187196,lstm
SVC-000004,EVT-0025346,2026-07-03 18:45:22.210333,0.9622645957984846,lstm
DEV-000008,EVT-0025347,2026-07-03 18:46:37.086158,0.5773347889692273,lstm
USR-000048,EVT-0025348,2026-07-03 18:47:05.859205,0.6842752259141647,lstm
SVC-000004,EVT-0025349,2026-07-03 18:48:33.086388,0.4760180642100828,lstm
DEV-000016,EVT-0025350,2026-07-03 18:49:13.464910,0.2607644539393447,lstm
DEV-000015,EVT-0025351,2026-07-03 18:49:23.084973,0.4940394828590651,lstm
SVC-000037,EVT-0025352,2026-07-03 18:49:24.815038,0.44933217396334985,lstm
SVC-000005,EVT-0025353,2026-07-03 18:51:17.321031,0.6738721071219612,lstm
SVC-000004,EVT-0025354,2026-07-03 18:52:03.563143,0.4337012293392996,lstm
DEV-000007,EVT-0025355,2026-07-03 18:54:17.811029,0.269720989206182,lstm
SVC-000052,EVT-0025356,2026-07-03 18:54:24.389503,0.38663773782341576,lstm
SVC-000004,EVT-0025357,2026-07-03 19:01:35.278649,0.3025387802409521,lstm
DEV-000020,EVT-0025358,2026-07-03 19:01:45.468083,0.34864554135542664,lstm
SVC-000052,EVT-0025359,2026-07-03 19:02:37.864594,0.4375052663985074,lstm
SVC-000010,EVT-0025360,2026-07-03 19:02:55.337577,0.4623173318588914,lstm
SVC-000044,EVT-0025361,2026-07-03 19:03:14.410783,0.41024072629014785,lstm
USR-000084,EVT-0025362,2026-07-03 19:04:40.136507,0.5814923406891489,lstm
SVC-000044,EVT-0025363,2026-07-03 19:08:13.964615,0.6045456171776565,lstm
USR-000088,EVT-0025364,2026-07-03 19:10:02.437794,0.5856136434274777,lstm
SVC-000044,EVT-0025365,2026-07-03 19:11:10.480417,0.5260968453852984,lstm
SVC-000023,EVT-0025366,2026-07-03 19:11:29.120929,0.22135290882499847,lstm
SVC-000037,EVT-0025367,2026-07-03 19:13:07.251034,0.40795126887725897,lstm
SVC-000006,EVT-0025368,2026-07-03 19:13:42.403164,0.6053535907737928,lstm
SVC-000006,EVT-0025369,2026-07-03 19:15:45.037667,0.43784847897459156,lstm
USR-000097,EVT-0025370,2026-07-03 19:15:49.927793,0.42621404317100114,lstm
DEV-000014,EVT-0025371,2026-07-03 19:16:18.450526,0.44563334806120886,lstm
SVC-000023,EVT-0025372,2026-07-03 19:18:15.062742,0.3346667079188314,lstm
SVC-000057,EVT-0025373,2026-07-03 19:20:00.807270,0.897980877056515,lstm
DEV-000003,EVT-0025374,2026-07-03 19:21:26.492191,0.31901254426144576,lstm
USR-000146,EVT-0025375,2026-07-03 19:21:33.249236,0.532439725135938,lstm
DEV-000016,EVT-0025376,2026-07-03 19:25:30.849269,0.5223040125926404,lstm
SVC-000006,EVT-0025377,2026-07-03 19:26:00.118276,0.32769315500947177,lstm
DEV-000023,EVT-0025378,2026-07-03 19:26:41.407573,0.25057992629164466,lstm
SVC-000044,EVT-0025379,2026-07-03 19:27:49.370143,0.34963712857042545,lstm
SVC-000057,EVT-0025380,2026-07-03 19:31:10.149594,0.5087996835225944,lstm
SVC-000023,EVT-0025381,2026-07-03 19:34:16.968673,0.3032793287342224,lstm
DEV-000026,EVT-0025382,2026-07-03 19:34:29.407787,0.8362185988599395,lstm
SVC-000004,EVT-0025383,2026-07-03 19:35:32.737767,0.30131727196852515,lstm
SVC-000060,EVT-0025384,2026-07-03 19:38:09.131230,0.8378341585360094,lstm
SVC-000057,EVT-0025385,2026-07-03 19:39:33.762254,0.5979874026524711,lstm
SVC-000044,EVT-0025386,2026-07-03 19:40:00.467734,0.4463319807171538,lstm
DEV-000013,EVT-0025387,2026-07-03 19:42:29.340608,0.7669166312541834,lstm
SVC-000035,EVT-0025388,2026-07-03 19:42:37.828040,0.9714812587060749,lstm
SVC-000006,EVT-0025389,2026-07-03 19:44:38.433935,0.48874121016838723,lstm
SVC-000006,EVT-0025390,2026-07-03 19:45:02.079971,0.5837816529323242,lstm
SVC-000060,EVT-0025391,2026-07-03 19:45:38.651298,0.6986195538090012,lstm
SVC-000052,EVT-0025392,2026-07-03 19:45:40.428278,0.42907098822320944,lstm
SVC-000006,EVT-0025393,2026-07-03 19:45:44.505204,0.9230441876027011,lstm
SVC-000052,EVT-0025394,2026-07-03 19:47:43.448971,0.5296966746706017,lstm
USR-000056,EVT-0025395,2026-07-03 19:48:19.562465,0.6001285911058701,lstm
SVC-000052,EVT-0025396,2026-07-03 19:49:07.366557,0.4670884595815712,lstm
SVC-000004,EVT-0025397,2026-07-03 19:50:02.462632,0.46771519284391083,lstm
SVC-000057,EVT-0025398,2026-07-03 19:50:38.484279,0.48058254948336326,lstm
SVC-000058,EVT-0025399,2026-07-03 19:50:40.535102,0.9973010877758576,lstm
SVC-000004,EVT-0025400,2026-07-03 19:52:49.575782,0.8807628219624289,lstm
SVC-000057,EVT-0025401,2026-07-03 19:58:01.717636,0.7322608465756953,lstm
SVC-000006,EVT-0025402,2026-07-03 19:59:16.449731,0.47553767000984565,lstm
SVC-000006,EVT-0025403,2026-07-03 20:03:20.495801,0.38426697329875703,lstm
DEV-000011,EVT-0025404,2026-07-03 20:03:48.227419,0.29785611894942027,lstm
SVC-000052,EVT-0025405,2026-07-03 20:08:00.703374,0.2747717658240423,lstm
DEV-000016,EVT-0025406,2026-07-03 20:08:12.874859,0.49220004324770505,lstm
SVC-000037,EVT-0025407,2026-07-03 20:12:46.632803,0.5072442182867946,lstm
DEV-000014,EVT-0025408,2026-07-03 20:19:43.649283,0.469508256151107,lstm
DEV-000011,EVT-0025409,2026-07-03 20:20:33.519077,0.33052680030475623,lstm
SVC-000006,EVT-0025410,2026-07-03 20:23:53.281091,0.4450319867465398,lstm
DEV-000002,EVT-0025411,2026-07-03 20:28:20.804659,0.8188279699171287,lstm
DEV-000016,EVT-0025412,2026-07-03 20:32:18.731116,0.5663516653176871,lstm
DEV-000005,EVT-0025413,2026-07-03 20:32:49.515438,0.23134197729529563,lstm
SVC-000061,EVT-0025414,2026-07-03 20:37:41.411826,0.9813937056806218,lstm
SVC-000044,EVT-0025415,2026-07-03 20:38:18.781033,0.6121704816461081,lstm
SVC-000058,EVT-0025416,2026-07-03 20:38:58.874406,0.5333554166320299,lstm
DEV-000020,EVT-0025417,2026-07-03 20:39:07.124171,0.20207462659681352,lstm
SVC-000061,EVT-0025418,2026-07-03 20:42:01.461073,0.35436658691720935,lstm
USR-000092,EVT-0025419,2026-07-03 20:43:29.071855,0.38599558541311996,lstm
SVC-000058,EVT-0025420,2026-07-03 20:46:45.839442,0.36093110815212115,lstm
SVC-000054,EVT-0025421,2026-07-03 20:54:27.495889,0.9223847303585978,lstm
DEV-000002,EVT-0025422,2026-07-03 20:55:03.381683,0.8521018309066399,lstm
USR-000117,EVT-0025423,2026-07-03 20:55:31.532278,0.31334751841326347,lstm
SVC-000048,EVT-0025424,2026-07-03 20:56:50.265700,0.9392991016626847,lstm
SVC-000061,EVT-0025425,2026-07-03 20:58:04.496184,0.3298244516956042,lstm
SVC-000058,EVT-0025426,2026-07-03 20:58:28.802356,0.2691561611785579,lstm
SVC-000058,EVT-0025427,2026-07-03 20:59:59.652162,0.3784754571100246,lstm
SVC-000048,EVT-0025428,2026-07-03 21:00:20.614350,0.7432839546342276,lstm
SVC-000035,EVT-0025429,2026-07-03 21:01:06.185754,0.5091942948445057,lstm
USR-000124,EVT-0025430,2026-07-03 21:02:19.227397,0.7057800539054115,lstm
SVC-000048,EVT-0025431,2026-07-03 21:02:57.038303,0.6342177245345333,lstm
SVC-000054,EVT-0025432,2026-07-03 21:03:07.810419,0.36851596272569925,lstm
SVC-000060,EVT-0025433,2026-07-03 21:03:57.301604,0.3070064041951365,lstm
DEV-000006,EVT-0025434,2026-07-03 21:08:26.123705,0.2722075914547739,lstm
USR-000117,EVT-0025435,2026-07-03 21:08:59.384463,0.3872753416820525,lstm
SVC-000054,EVT-0025436,2026-07-03 21:10:51.529728,0.3803512558124884,lstm
SVC-000048,EVT-0025437,2026-07-03 21:11:30.731066,0.8945213888462887,lstm
DEV-000016,EVT-0025438,2026-07-03 21:18:33.351986,0.3613347789626928,lstm
SVC-000054,EVT-0025439,2026-07-03 21:21:03.201771,0.25999639940733654,lstm
SVC-000054,EVT-0025440,2026-07-03 21:21:10.391405,0.770943791540485,lstm
SVC-000044,EVT-0025441,2026-07-03 21:22:33.109245,0.5768931227586711,lstm
SVC-000054,EVT-0025442,2026-07-03 21:24:42.482071,0.6169200231568271,lstm
USR-000084,EVT-0025443,2026-07-03 21:25:24.128963,0.44281024201934727,lstm
SVC-000054,EVT-0025444,2026-07-03 21:27:18.617925,0.4020735651415871,lstm
SVC-000058,EVT-0025445,2026-07-03 21:27:21.060136,0.2876635744918988,lstm
SVC-000045,EVT-0025446,2026-07-03 21:30:01.842910,0.9829103865521875,lstm
DEV-000015,EVT-0025447,2026-07-03 21:30:51.871613,0.33151702106973874,lstm
DEV-000022,EVT-0025448,2026-07-03 21:34:52.243701,0.31339054088956364,lstm
SVC-000052,EVT-0025449,2026-07-03 21:38:54.842299,0.5870386638194082,lstm
SVC-000045,EVT-0025450,2026-07-03 21:42:43.166803,0.6089756337198547,lstm
SVC-000048,EVT-0025451,2026-07-03 21:43:13.262176,0.3928618717306186,lstm
SVC-000004,EVT-0025452,2026-07-03 21:43:13.463793,0.48584407910251814,lstm
SVC-000060,EVT-0025453,2026-07-03 21:46:00.983694,0.783115130498292,lstm
SVC-000054,EVT-0025454,2026-07-03 21:48:03.067623,0.2853231756538689,lstm
DEV-000001,EVT-0025455,2026-07-03 21:50:13.855287,0.36960239690353325,lstm
DEV-000017,EVT-0025456,2026-07-03 21:51:40.223767,0.276688118228656,lstm
SVC-000045,EVT-0025457,2026-07-03 21:53:25.524536,0.4077899287468009,lstm
SVC-000045,EVT-0025458,2026-07-03 21:59:26.769011,0.4917408786703273,lstm
DEV-000011,EVT-0025459,2026-07-03 21:59:35.117445,0.2115071317821255,lstm
SVC-000002,EVT-0025460,2026-07-03 22:01:27.366504,0.9822303858747116,lstm
SVC-000058,EVT-0025461,2026-07-03 22:02:51.968855,0.2846285652522213,lstm
SVC-000045,EVT-0025462,2026-07-03 22:06:03.906494,0.3667784267052403,lstm
SVC-000010,EVT-0025463,2026-07-03 22:08:08.222348,0.964180609442949,lstm
SVC-000052,EVT-0025464,2026-07-03 22:08:58.599977,0.44627949043306414,lstm
SVC-000032,EVT-0025465,2026-07-03 22:09:07.217783,0.9864224240497341,lstm
SVC-000045,EVT-0025466,2026-07-03 22:11:20.384792,0.37495750241723996,lstm
SVC-000002,EVT-0025467,2026-07-03 22:11:43.034498,0.3803012605053979,lstm
USR-000106,EVT-0025468,2026-07-03 22:12:48.527252,0.379305193918895,lstm
SVC-000054,EVT-0025469,2026-07-03 22:14:59.446260,0.27155678161363217,lstm
DEV-000005,EVT-0025470,2026-07-03 22:16:06.383724,0.18685661523782018,lstm
SVC-000054,EVT-0025471,2026-07-03 22:16:59.332414,0.44447618923565096,lstm
SVC-000054,EVT-0025472,2026-07-03 22:17:32.053565,0.6250189370696115,lstm
DEV-000001,EVT-0025473,2026-07-03 22:20:13.384881,0.41468551568816336,lstm
SVC-000058,EVT-0025474,2026-07-03 22:21:56.416487,0.26782767012251096,lstm
SVC-000044,EVT-0025475,2026-07-03 22:23:51.238549,0.642770279039584,lstm
SVC-000054,EVT-0025476,2026-07-03 22:26:13.448588,0.2779143530542922,lstm
SVC-000056,EVT-0025477,2026-07-03 22:26:16.366832,0.9443604833901658,lstm
SVC-000054,EVT-0025478,2026-07-03 22:26:24.293803,0.4874656689613235,lstm
SVC-000045,EVT-0025479,2026-07-03 22:27:46.266096,0.4812278049430732,lstm
SVC-000035,EVT-0025480,2026-07-03 22:30:00.006692,0.3425041594561173,lstm
DEV-000024,EVT-0025481,2026-07-03 22:30:14.118537,0.5715946494202283,lstm
USR-000150,EVT-0025482,2026-07-03 22:30:23.036389,0.4691533008796657,lstm
SVC-000048,EVT-0025483,2026-07-03 22:30:32.673464,0.3167116799571279,lstm
SVC-000045,EVT-0025484,2026-07-03 22:30:48.185735,0.49138442376069735,lstm
SVC-000054,EVT-0025485,2026-07-03 22:32:55.976412,0.5997319561805281,lstm
SVC-000054,EVT-0025486,2026-07-03 22:33:17.179706,0.5669937393129113,lstm
SVC-000035,EVT-0025487,2026-07-03 22:34:19.945520,0.6787040114497682,lstm
SVC-000058,EVT-0025488,2026-07-03 22:34:58.457432,0.4259290881277932,lstm
SVC-000054,EVT-0025489,2026-07-03 22:35:23.589240,0.29385582762784457,lstm
SVC-000025,EVT-0025490,2026-07-03 22:35:28.585530,0.9923066709169541,lstm
SVC-000002,EVT-0025491,2026-07-03 22:35:52.944039,0.40766990217537236,lstm
SVC-000054,EVT-0025492,2026-07-03 22:36:44.141727,0.29360174971900865,lstm
USR-000106,EVT-0025493,2026-07-03 22:36:50.693239,0.47476924284331273,lstm
SVC-000035,EVT-0025494,2026-07-03 22:36:55.162549,0.5200067551794333,lstm
USR-000037,EVT-0025495,2026-07-03 22:40:05.100573,0.5886656253279489,lstm
SVC-000035,EVT-0025496,2026-07-03 22:41:46.142949,0.5580654738139093,lstm
SVC-000041,EVT-0025497,2026-07-03 22:44:14.636447,0.9769549066092632,lstm
SVC-000032,EVT-0025498,2026-07-03 22:49:55.043708,0.34290719666836517,lstm
SVC-000054,EVT-0025499,2026-07-03 22:51:56.437639,0.3362930968520096,lstm
SVC-000032,EVT-0025500,2026-07-03 22:53:37.340630,0.3762792953777181,lstm
USR-000088,EVT-0025501,2026-07-03 22:54:30.039345,0.2766696989949832,lstm
SVC-000002,EVT-0025502,2026-07-03 22:55:38.872857,0.47116123430071105,lstm
SVC-000035,EVT-0025503,2026-07-03 22:56:30.226612,0.29670806424961643,lstm
DEV-000007,EVT-0025504,2026-07-03 22:59:30.084502,0.25854144840266075,lstm
SVC-000056,EVT-0025505,2026-07-03 23:00:44.976786,0.49918312296236794,lstm
DEV-000022,EVT-0025506,2026-07-03 23:01:05.295047,0.29350434881368437,lstm
DEV-000013,EVT-0025507,2026-07-03 23:01:12.822093,0.3615056763052179,lstm
DEV-000004,EVT-0025508,2026-07-03 23:01:32.334722,0.6183228542083666,lstm
DEV-000013,EVT-0025509,2026-07-03 23:04:09.208381,0.9337593620517598,lstm
SVC-000032,EVT-0025510,2026-07-03 23:04:24.367903,0.28738221454040497,lstm
DEV-000018,EVT-0025511,2026-07-03 23:08:04.660546,0.5117040231594048,lstm
SVC-000032,EVT-0025512,2026-07-03 23:09:58.397586,0.2533902745792985,lstm
DEV-000012,EVT-0025513,2026-07-03 23:10:51.975059,0.6105683678885547,lstm
SVC-000032,EVT-0025514,2026-07-03 23:11:26.749100,0.40063563300374233,lstm
SVC-000035,EVT-0025515,2026-07-03 23:18:20.274372,0.5626673226419108,lstm
SVC-000025,EVT-0025516,2026-07-03 23:21:30.091458,0.26351550823661074,lstm
SVC-000041,EVT-0025517,2026-07-03 23:33:10.098506,0.4443505436272595,lstm
DEV-000023,EVT-0025518,2026-07-03 23:33:28.257344,0.26003330415076825,lstm
SVC-000025,EVT-0025519,2026-07-03 23:35:53.304202,0.6522348846079598,lstm
USR-000150,EVT-0025520,2026-07-03 23:38:19.383724,0.31672718426594004,lstm
SVC-000032,EVT-0025521,2026-07-03 23:43:12.611261,0.2847576351763889,lstm
SVC-000056,EVT-0025522,2026-07-03 23:43:34.140462,0.8252528187924031,lstm
SVC-000032,EVT-0025523,2026-07-03 23:46:03.721940,0.2741654548482853,lstm
DEV-000002,EVT-0025524,2026-07-03 23:51:30.336712,0.7655508927977511,lstm
SVC-000056,EVT-0025525,2026-07-03 23:52:43.090595,0.372909238617553,lstm
DEV-000010,EVT-0025526,2026-07-03 23:52:43.597070,0.3468934200026023,lstm
SVC-000032,EVT-0025527,2026-07-03 23:56:53.198430,0.23264354580360108,lstm
USR-000150,EVT-0025528,2026-07-04 00:01:54.731320,0.4408410111882156,lstm
SVC-000025,EVT-0025529,2026-07-04 00:03:08.830871,0.425083377950682,lstm
SVC-000025,EVT-0025530,2026-07-04 00:04:34.103395,0.6382362530592326,lstm
SVC-000032,EVT-0025531,2026-07-04 00:06:41.566212,0.5733788569593883,lstm
DEV-000020,EVT-0025532,2026-07-04 00:08:14.251332,0.21898962225363672,lstm
SVC-000041,EVT-0025533,2026-07-04 00:12:16.291962,0.6977778356153986,lstm
SVC-000056,EVT-0025534,2026-07-04 00:12:16.497568,0.7112574494531663,lstm
SVC-000025,EVT-0025535,2026-07-04 00:13:32.338250,0.3467804031033766,lstm
SVC-000025,EVT-0025536,2026-07-04 00:19:48.486761,0.31827972632314394,lstm
SVC-000025,EVT-0025537,2026-07-04 00:22:39.990798,0.3746759741898676,lstm
DEV-000021,EVT-0025538,2026-07-04 00:24:12.697807,0.33826099021357386,lstm
DEV-000010,EVT-0025539,2026-07-04 00:32:37.236053,0.4551068153057847,lstm
DEV-000019,EVT-0025540,2026-07-04 00:32:39.704002,0.9968461835995218,lstm
SVC-000056,EVT-0025541,2026-07-04 00:32:59.091742,0.897902582318629,lstm
DEV-000012,EVT-0025542,2026-07-04 00:33:02.892892,0.4653167513976941,lstm
DEV-000010,EVT-0025543,2026-07-04 00:43:24.049836,0.5584278819836463,lstm
SVC-000041,EVT-0025544,2026-07-04 00:50:53.516701,0.5071758982783987,lstm
DEV-000023,EVT-0025545,2026-07-04 00:54:43.111370,0.45795869820355173,lstm
DEV-000015,EVT-0025546,2026-07-04 00:55:30.333003,0.6068059211097745,lstm
USR-000165,EVT-0025547,2026-07-04 00:57:04.981112,0.5167610769272456,lstm
SVC-000041,EVT-0025548,2026-07-04 00:58:33.106543,0.7095326386383751,lstm
SVC-000056,EVT-0025549,2026-07-04 00:58:56.486017,0.5638162779891568,lstm
DEV-000007,EVT-0025550,2026-07-04 01:00:13.975148,0.2583989879199021,lstm
SVC-000032,EVT-0025551,2026-07-04 01:00:25.081836,0.41683381384708623,lstm
DEV-000024,EVT-0025552,2026-07-04 01:06:52.006200,0.5378810491490856,lstm
DEV-000012,EVT-0025553,2026-07-04 01:11:23.957191,0.40765083137784974,lstm
DEV-000001,EVT-0025554,2026-07-04 01:17:18.443660,0.23795492979996163,lstm
SVC-000041,EVT-0025555,2026-07-04 01:19:35.818522,0.6542269933977016,lstm
USR-000165,EVT-0025556,2026-07-04 01:20:38.846068,0.364225060755234,lstm
SVC-000041,EVT-0025557,2026-07-04 01:21:24.683832,0.7035438199953897,lstm
DEV-000018,EVT-0025558,2026-07-04 01:21:38.569320,0.3608958271009049,lstm
SVC-000056,EVT-0025559,2026-07-04 01:24:20.727154,0.5735057349681835,lstm
DEV-000002,EVT-0025560,2026-07-04 01:27:12.566153,0.7621152376799321,lstm
SVC-000056,EVT-0025561,2026-07-04 01:31:18.153197,0.6437955104752374,lstm
SVC-000041,EVT-0025562,2026-07-04 01:31:37.559957,0.5909022106650429,lstm
DEV-000011,EVT-0025563,2026-07-04 01:32:31.058055,0.27810004891947954,lstm
SVC-000041,EVT-0025564,2026-07-04 01:37:42.611424,0.46569576444597693,lstm
DEV-000004,EVT-0025565,2026-07-04 01:38:42.227905,0.29510982664673524,lstm
SVC-000041,EVT-0025566,2026-07-04 01:39:00.777571,0.7374855801627114,lstm
DEV-000016,EVT-0025567,2026-07-04 01:40:32.496195,0.4436349143995871,lstm
USR-000106,EVT-0025568,2026-07-04 02:00:13.342347,0.3583615399902649,lstm
SVC-000041,EVT-0025569,2026-07-04 02:01:51.924226,0.31853730903688116,lstm
USR-000113,EVT-0025570,2026-07-04 02:07:31.152472,0.9197908029234945,lstm
DEV-000013,EVT-0025571,2026-07-04 02:08:53.030257,0.3354667309653527,lstm
SVC-000056,EVT-0025572,2026-07-04 02:19:45.220667,0.6447320193612142,lstm
USR-000106,EVT-0025573,2026-07-04 02:20:27.242531,0.3951607560786811,lstm
DEV-000024,EVT-0025574,2026-07-04 02:23:37.711548,0.4757128168091169,lstm
USR-000106,EVT-0025575,2026-07-04 02:24:36.269928,0.5952453361116999,lstm
SVC-000041,EVT-0025576,2026-07-04 02:41:29.213291,0.7878803633489905,lstm
USR-000026,EVT-0025577,2026-07-04 02:43:36.893172,0.7056159012340742,lstm
DEV-000003,EVT-0025578,2026-07-04 02:47:53.666355,0.47990139695800493,lstm
SVC-000014,EVT-0025579,2026-07-04 02:59:09.813463,0.9909882152664111,lstm
DEV-000001,EVT-0025580,2026-07-04 03:03:36.758904,0.19920160616225996,lstm
SVC-000014,EVT-0025581,2026-07-04 03:05:36.677846,0.3402139959171505,lstm
USR-000106,EVT-0025582,2026-07-04 03:06:58.473864,0.8628671296760476,lstm
DEV-000002,EVT-0025583,2026-07-04 03:07:59.992235,0.48098536661206115,lstm
DEV-000007,EVT-0025584,2026-07-04 03:10:15.752987,0.2705374824591312,lstm
SVC-000014,EVT-0025585,2026-07-04 03:22:08.118174,0.28154139185028226,lstm
DEV-000025,EVT-0025586,2026-07-04 03:25:19.251316,0.739960492528604,lstm
USR-000036,EVT-0025587,2026-07-04 03:30:23.174967,0.9667626486703426,lstm
SVC-000014,EVT-0025588,2026-07-04 03:44:43.865044,0.3455359415304095,lstm
SVC-000041,EVT-0025589,2026-07-04 03:48:59.792556,0.8322982569191751,lstm
DEV-000007,EVT-0025590,2026-07-04 03:50:48.254213,0.27923802967348305,lstm
SVC-000014,EVT-0025591,2026-07-04 03:54:51.660133,0.2925301655831034,lstm
SVC-000014,EVT-0025592,2026-07-04 03:56:15.204166,0.46172497396148865,lstm
USR-000025,EVT-0025593,2026-07-04 03:58:28.812649,0.6786067290676906,lstm
DEV-000013,EVT-0025594,2026-07-04 04:00:54.292612,0.5136112872912036,lstm
SVC-000015,EVT-0025595,2026-07-04 04:01:44.555042,0.979520862388071,lstm
DEV-000026,EVT-0025596,2026-07-04 04:09:08.595542,0.545741828542868,lstm
SVC-000007,EVT-0025597,2026-07-04 04:10:24.161882,0.9823547797248433,lstm
SVC-000014,EVT-0025598,2026-07-04 04:10:51.138069,0.27522092367414847,lstm
SVC-000014,EVT-0025599,2026-07-04 04:11:27.343988,0.461878189939089,lstm
SVC-000014,EVT-0025600,2026-07-04 04:13:13.451379,0.3678642295953069,lstm
SVC-000014,EVT-0025601,2026-07-04 04:18:59.938524,0.2819237441467719,lstm
SVC-000007,EVT-0025602,2026-07-04 04:23:27.191709,0.7465801621176856,lstm
SVC-000007,EVT-0025603,2026-07-04 04:26:06.446833,0.5055394317645471,lstm
DEV-000024,EVT-0025604,2026-07-04 04:26:42.215465,0.3122895116712631,lstm
SVC-000041,EVT-0025605,2026-07-04 04:27:06.840377,0.8231794858636027,lstm
SVC-000041,EVT-0025606,2026-07-04 04:27:59.981443,0.8459428532319553,lstm
SVC-000007,EVT-0025607,2026-07-04 04:31:49.747306,0.3391011414069963,lstm
USR-000156,EVT-0025608,2026-07-04 04:35:38.437258,0.7740768308527534,lstm
USR-000051,EVT-0025609,2026-07-04 04:39:07.997188,0.6222542025984173,lstm
DEV-000008,EVT-0025610,2026-07-04 04:42:03.746363,0.8131941324470511,lstm
SVC-000031,EVT-0025611,2026-07-04 04:44:35.831604,0.9791230693818539,lstm
USR-000050,EVT-0025612,2026-07-04 04:50:33.244853,0.6355479792518214,lstm
SVC-000019,EVT-0025613,2026-07-04 04:54:15.519794,0.9844774799504493,lstm
SVC-000015,EVT-0025614,2026-07-04 04:59:52.401244,0.47267637332400375,lstm
USR-000113,EVT-0025615,2026-07-04 04:59:57.871603,0.5916715519054979,lstm
DEV-000020,EVT-0025616,2026-07-04 05:02:20.579227,0.48893421824139977,lstm
SVC-000019,EVT-0025617,2026-07-04 05:04:10.505104,0.6316757772317864,lstm
SVC-000015,EVT-0025618,2026-07-04 05:05:18.526887,0.7127940941521449,lstm
USR-000093,EVT-0025619,2026-07-04 05:05:49.496878,0.7389005444038996,lstm
SVC-000015,EVT-0025620,2026-07-04 05:06:49.633411,0.780095054148286,lstm
SVC-000019,EVT-0025621,2026-07-04 05:09:28.230008,0.2947013538171938,lstm
SVC-000041,EVT-0025622,2026-07-04 05:09:53.143380,0.847060304691846,lstm
SVC-000007,EVT-0025623,2026-07-04 05:11:01.594879,0.2930130390029985,lstm
SVC-000019,EVT-0025624,2026-07-04 05:11:23.465965,0.3142672311838408,lstm
SVC-000019,EVT-0025625,2026-07-04 05:13:33.293320,0.3080907137571917,lstm
DEV-000017,EVT-0025626,2026-07-04 05:14:32.469779,0.869127572739632,lstm
SVC-000007,EVT-0025627,2026-07-04 05:16:52.994335,0.21412630983769038,lstm
USR-000088,EVT-0025628,2026-07-04 05:19:59.028919,0.3671093036757267,lstm
DEV-000025,EVT-0025629,2026-07-04 05:20:52.449206,0.473507855803345,lstm
DEV-000002,EVT-0025630,2026-07-04 05:22:06.110673,0.2634770950034609,lstm
DEV-000004,EVT-0025631,2026-07-04 05:28:06.969412,0.2767865735815368,lstm
SVC-000009,EVT-0025632,2026-07-04 05:31:26.075016,0.9953439859121749,lstm
SVC-000007,EVT-0025633,2026-07-04 05:34:13.935491,0.25062905866562674,lstm
SVC-000051,EVT-0025634,2026-07-04 05:40:13.975553,0.8734534583984888,lstm
SVC-000019,EVT-0025635,2026-07-04 05:43:41.366265,0.2827425490082925,lstm
USR-000014,EVT-0025636,2026-07-04 05:47:52.979344,0.950693568545156,lstm
SVC-000009,EVT-0025637,2026-07-04 05:50:11.590631,0.4565725119239254,lstm
SVC-000019,EVT-0025638,2026-07-04 05:52:23.418051,0.283639968388594,lstm
SVC-000009,EVT-0025639,2026-07-04 05:55:36.206984,0.41466654262141184,lstm
DEV-000010,EVT-0025640,2026-07-04 05:57:14.013365,0.15916575867901156,lstm
SVC-000009,EVT-0025641,2026-07-04 06:00:03.265508,0.4122704912724862,lstm
SVC-000009,EVT-0025642,2026-07-04 06:01:36.682299,0.44887259729784956,lstm
SVC-000019,EVT-0025643,2026-07-04 06:03:16.469798,0.2595941276812001,lstm
SVC-000009,EVT-0025644,2026-07-04 06:05:22.641518,0.8230448922906568,lstm
SVC-000019,EVT-0025645,2026-07-04 06:09:11.236053,0.309501395309567,lstm
USR-000036,EVT-0025646,2026-07-04 06:17:34.939643,0.43863647915751985,lstm
USR-000036,EVT-0025647,2026-07-04 06:18:57.593870,0.7923862750813299,lstm
USR-000096,EVT-0025648,2026-07-04 06:19:03.655496,0.5776125772635127,lstm
USR-000153,EVT-0025649,2026-07-04 06:20:34.157264,0.5385003576697996,lstm
SVC-000009,EVT-0025650,2026-07-04 06:25:27.641990,0.41326336458573654,lstm
SVC-000009,EVT-0025651,2026-07-04 06:28:27.975627,0.36416327378029023,lstm
SVC-000009,EVT-0025652,2026-07-04 06:31:05.100659,0.2918635931889974,lstm
DEV-000018,EVT-0025653,2026-07-04 06:35:42.684430,0.32520658914169753,lstm
DEV-000006,EVT-0025654,2026-07-04 06:39:30.223180,0.6052166534555227,lstm
USR-000171,EVT-0025655,2026-07-04 06:41:33.504770,0.7582181954662445,lstm
SVC-000031,EVT-0025656,2026-07-04 06:42:30.060227,0.4420041597303496,lstm
SVC-000031,EVT-0025657,2026-07-04 06:44:00.917381,0.5676742056690398,lstm
SVC-000009,EVT-0025658,2026-07-04 06:45:52.776256,0.5732529177671803,lstm
DEV-000010,EVT-0025659,2026-07-04 06:47:04.578700,0.27244904123896707,lstm
SVC-000031,EVT-0025660,2026-07-04 06:47:26.663491,0.49490874017184794,lstm
DEV-000020,EVT-0025661,2026-07-04 06:49:56.120804,0.48326730833391657,lstm
SVC-000009,EVT-0025662,2026-07-04 06:50:58.797969,0.31139714688409353,lstm
USR-000009,EVT-0025663,2026-07-04 06:53:52.303266,0.46898442813762514,lstm
SVC-000031,EVT-0025664,2026-07-04 06:55:09.838852,0.3778477017156283,lstm
SVC-000009,EVT-0025665,2026-07-04 06:56:16.892612,0.6897033154947393,lstm
SVC-000031,EVT-0025666,2026-07-04 06:56:38.280188,0.5225187950161297,lstm
DEV-000003,EVT-0025667,2026-07-04 07:02:18.171763,0.4480985797428793,lstm
SVC-000031,EVT-0025668,2026-07-04 07:03:50.223195,0.3246526831270036,lstm
SVC-000031,EVT-0025669,2026-07-04 07:07:19.847554,0.32536816848168204,lstm
SVC-000031,EVT-0025670,2026-07-04 07:08:05.031207,0.4211857311060689,lstm
SVC-000030,EVT-0025671,2026-07-04 07:09:03.587014,0.9024605847862152,lstm
USR-000098,EVT-0025672,2026-07-04 07:11:01.235727,0.7145385360072792,lstm
SVC-000055,EVT-0025673,2026-07-04 07:12:42.915311,0.9541696262359234,lstm
USR-000060,EVT-0025674,2026-07-04 07:16:33.805293,0.45570425261114367,lstm
DEV-000001,EVT-0025675,2026-07-04 07:17:06.614276,0.31083413667850324,lstm
SVC-000055,EVT-0025676,2026-07-04 07:18:11.412992,0.6597079533144876,lstm
DEV-000023,EVT-0025677,2026-07-04 07:19:20.699245,0.6739670338552989,lstm
USR-000082,EVT-0025678,2026-07-04 07:25:14.133536,0.4295591589760364,lstm
USR-000099,EVT-0025679,2026-07-04 07:25:57.925156,0.8043327717301985,lstm
USR-000039,EVT-0025680,2026-07-04 07:26:19.443362,0.392128879892259,lstm
USR-000014,EVT-0025681,2026-07-04 07:27:33.260044,0.7160082808148467,lstm
DEV-000002,EVT-0025682,2026-07-04 07:31:52.910269,0.1947805599171063,lstm
USR-000060,EVT-0025683,2026-07-04 07:32:44.235814,0.49138316720516956,lstm
USR-000060,EVT-0025684,2026-07-04 07:33:46.558271,0.7806363203813421,lstm
USR-000042,EVT-0025685,2026-07-04 07:34:01.228857,0.6693622766535064,lstm
USR-000016,EVT-0025686,2026-07-04 07:35:20.407451,0.4737991722968238,lstm
DEV-000014,EVT-0025687,2026-07-04 07:38:02.246901,0.6567875700037119,lstm
SVC-000040,EVT-0025688,2026-07-04 07:39:40.407550,0.9542185033783634,lstm
SVC-000030,EVT-0025689,2026-07-04 07:45:29.166718,0.8861165426749634,lstm
USR-000054,EVT-0025690,2026-07-04 07:47:29.794442,0.6776517245731555,lstm
SVC-000055,EVT-0025691,2026-07-04 07:52:24.642059,0.5004212038498764,lstm
SVC-000031,EVT-0025692,2026-07-04 07:52:38.288769,0.4866840523026918,lstm
SVC-000040,EVT-0025693,2026-07-04 07:52:43.293655,0.44941711007333757,lstm
SVC-000055,EVT-0025694,2026-07-04 07:57:02.990283,0.3685360219451801,lstm
USR-000099,EVT-0025695,2026-07-04 07:57:37.232714,0.5450721354722591,lstm
DEV-000026,EVT-0025696,2026-07-04 07:58:03.905895,0.2106840542989755,lstm
USR-000112,EVT-0025697,2026-07-04 07:58:05.031907,0.7904599031316969,lstm
USR-000051,EVT-0025698,2026-07-04 07:58:15.790768,0.28811012252854856,lstm
USR-000087,EVT-0025699,2026-07-04 07:58:43.362053,0.5140282610003912,lstm
USR-000019,EVT-0025700,2026-07-04 07:59:04.286524,0.3005513845158903,lstm
DEV-000006,EVT-0025701,2026-07-04 08:01:33.159034,0.7407491183380676,lstm
SVC-000011,EVT-0025702,2026-07-04 08:01:36.513981,0.9941242255245307,lstm
DEV-000001,EVT-0025703,2026-07-04 08:02:05.906833,0.3314676346881605,lstm
SVC-000031,EVT-0025704,2026-07-04 08:02:21.527263,0.2928917893769535,lstm
SVC-000055,EVT-0025705,2026-07-04 08:02:55.527111,0.8054566411727105,lstm
SVC-000055,EVT-0025706,2026-07-04 08:05:35.331106,0.3029563678183059,lstm
SVC-000055,EVT-0025707,2026-07-04 08:06:34.736223,0.8270062297522892,lstm
USR-000036,EVT-0025708,2026-07-04 08:06:54.436496,0.27938911871006517,lstm
SVC-000031,EVT-0025709,2026-07-04 08:08:13.353249,0.4485411327429503,lstm
USR-000172,EVT-0025710,2026-07-04 08:08:54.323288,0.6640020959048016,lstm
SVC-000011,EVT-0025711,2026-07-04 08:09:03.696171,0.4699777395445426,lstm
USR-000172,EVT-0025712,2026-07-04 08:09:58.881399,0.6667448730447515,lstm
SVC-000011,EVT-0025713,2026-07-04 08:11:15.279097,0.44893747746579327,lstm
SVC-000011,EVT-0025714,2026-07-04 08:13:12.809966,0.40615832190528905,lstm
DEV-000019,EVT-0025715,2026-07-04 08:13:57.244231,0.9515089465409954,lstm
DEV-000002,EVT-0025716,2026-07-04 08:14:10.800959,0.1461325928206551,lstm
SVC-000030,EVT-0025717,2026-07-04 08:14:43.349402,0.5926050523776145,lstm
SVC-000040,EVT-0025718,2026-07-04 08:14:44.027261,0.324459868164138,lstm
USR-000081,EVT-0025719,2026-07-04 08:14:44.441002,0.7358822534808357,lstm
SVC-000011,EVT-0025720,2026-07-04 08:16:41.027430,0.30431788138569854,lstm
SVC-000055,EVT-0025721,2026-07-04 08:16:47.207381,0.33310752408383304,lstm
SVC-000030,EVT-0025722,2026-07-04 08:16:58.836383,0.838590724664799,lstm
SVC-000051,EVT-0025723,2026-07-04 08:17:08.916686,0.3050612615881367,lstm
USR-000093,EVT-0025724,2026-07-04 08:17:42.875448,0.3719219897991319,lstm
SVC-000040,EVT-0025725,2026-07-04 08:17:57.861676,0.44353639653236343,lstm
SVC-000013,EVT-0025726,2026-07-04 08:20:14.585860,0.9918934842318685,lstm
USR-000194,EVT-0025727,2026-07-04 08:20:36.925092,0.5815927428264227,lstm
SVC-000046,EVT-0025728,2026-07-04 08:20:37.419603,0.9899452071387075,lstm
SVC-000055,EVT-0025729,2026-07-04 08:24:37.406060,0.3943120176051787,lstm
USR-000116,EVT-0025730,2026-07-04 08:26:59.537470,0.5790521588307137,lstm
USR-000211,EVT-0025731,2026-07-04 08:29:49.044027,0.7239619459082672,lstm
SVC-000040,EVT-0025732,2026-07-04 08:31:54.296000,0.2935512654148824,lstm
USR-000103,EVT-0025733,2026-07-04 08:32:23.836118,0.3384449650289799,lstm
USR-000096,EVT-0025734,2026-07-04 08:32:25.012689,0.3139481413849258,lstm
USR-000112,EVT-0025735,2026-07-04 08:32:31.868582,0.6883643579557401,lstm
SVC-000040,EVT-0025736,2026-07-04 08:32:39.102280,0.9442907560636024,lstm
SVC-000040,EVT-0025737,2026-07-04 08:34:32.333615,0.5131822810221827,lstm
USR-000082,EVT-0025738,2026-07-04 08:35:28.143636,0.29564829182008945,lstm
USR-000087,EVT-0025739,2026-07-04 08:36:13.372204,0.41506463088618667,lstm
SVC-000046,EVT-0025740,2026-07-04 08:36:26.820365,0.39185793696780347,lstm
SVC-000055,EVT-0025741,2026-07-04 08:37:39.511651,0.346788056547188,lstm
DEV-000006,EVT-0025742,2026-07-04 08:37:47.089635,0.7575658392307341,lstm
SVC-000046,EVT-0025743,2026-07-04 08:38:50.114694,0.5568081695776089,lstm
SVC-000055,EVT-0025744,2026-07-04 08:39:26.019509,0.4054447440575271,lstm
SVC-000053,EVT-0025745,2026-07-04 08:42:20.460406,0.9889652092407312,lstm
SVC-000011,EVT-0025746,2026-07-04 08:42:42.612991,0.31530427465371413,lstm
SVC-000031,EVT-0025747,2026-07-04 08:42:49.591960,0.37500905397914047,lstm
SVC-000046,EVT-0025748,2026-07-04 08:42:59.479705,0.6710634033489435,lstm
SVC-000042,EVT-0025749,2026-07-04 08:43:17.393827,0.9782477337685196,lstm
SVC-000046,EVT-0025750,2026-07-04 08:45:56.862282,0.7025051564937561,lstm
USR-000047,EVT-0025751,2026-07-04 08:46:58.829889,0.580029534753084,lstm
SVC-000046,EVT-0025752,2026-07-04 08:49:10.882275,0.3619634782878797,lstm
USR-000102,EVT-0025753,2026-07-04 08:50:31.088437,0.8063075242512617,lstm
USR-000177,EVT-0025754,2026-07-04 08:50:34.395813,0.846299538654847,lstm
DEV-000009,EVT-0025755,2026-07-04 08:50:39.913219,0.8482768071742909,lstm
USR-000099,EVT-0025756,2026-07-04 08:51:52.460081,0.31761253893780866,lstm
SVC-000024,EVT-0025757,2026-07-04 08:52:59.529830,0.9605280874464135,lstm
USR-000051,EVT-0025758,2026-07-04 08:53:47.585817,0.3042226214843315,lstm
USR-000177,EVT-0025759,2026-07-04 08:55:24.442361,0.5890171354581488,lstm
SVC-000008,EVT-0025760,2026-07-04 08:55:26.409599,0.9905335759719327,lstm
SVC-000042,EVT-0025761,2026-07-04 08:55:30.092663,0.40846433140370614,lstm
SVC-000024,EVT-0025762,2026-07-04 08:56:55.504967,0.5324819520756002,lstm
USR-000025,EVT-0025763,2026-07-04 08:58:52.684806,0.8375666404766916,lstm
DEV-000023,EVT-0025764,2026-07-04 08:59:55.146922,0.503316652350016,lstm
SVC-000046,EVT-0025765,2026-07-04 09:00:08.528450,0.6289765071705468,lstm
USR-000050,EVT-0025766,2026-07-04 09:00:39.557783,0.2722450405290815,lstm
USR-000177,EVT-0025767,2026-07-04 09:01:49.755137,0.43517072844997173,lstm
SVC-000046,EVT-0025768,2026-07-04 09:01:50.876667,0.5719814801087816,lstm
SVC-000046,EVT-0025769,2026-07-04 09:02:57.358518,0.6351425227332161,lstm
SVC-000011,EVT-0025770,2026-07-04 09:03:04.148881,0.28037348015766045,lstm
SVC-000046,EVT-0025771,2026-07-04 09:03:32.744966,0.5164166200622126,lstm
USR-000172,EVT-0025772,2026-07-04 09:04:10.376668,0.27128407077323674,lstm
DEV-000001,EVT-0025773,2026-07-04 09:04:11.923232,0.23439083572868621,lstm
USR-000112,EVT-0025774,2026-07-04 09:05:10.549532,0.638593498697834,lstm
SVC-000016,EVT-0025775,2026-07-04 09:05:21.364417,0.99373018711424,lstm
SVC-000042,EVT-0025776,2026-07-04 09:06:36.465532,0.3888917769055294,lstm
USR-000009,EVT-0025777,2026-07-04 09:06:51.319028,0.27450331202300365,lstm
USR-000090,EVT-0025778,2026-07-04 09:07:00.307169,0.5140532234149083,lstm
SVC-000024,EVT-0025779,2026-07-04 09:10:59.968717,0.3120524179806724,lstm
SVC-000024,EVT-0025780,2026-07-04 09:11:00.847853,0.8892391987231849,lstm
SVC-000042,EVT-0025781,2026-07-04 09:13:47.224880,0.3205464484345936,lstm
USR-000129,EVT-0025782,2026-07-04 09:14:02.416003,0.3918146724252553,lstm
SVC-000042,EVT-0025783,2026-07-04 09:15:48.999840,0.4275477864405792,lstm
USR-000169,EVT-0025784,2026-07-04 09:16:06.119041,0.7816229506819007,lstm
SVC-000013,EVT-0025785,2026-07-04 09:16:46.602967,0.5343382072208683,lstm
USR-000006,EVT-0025786,2026-07-04 09:19:00.198082,0.49967499379249375,lstm
USR-000172,EVT-0025787,2026-07-04 09:19:23.345029,0.3032205576274082,lstm
USR-000069,EVT-0025788,2026-07-04 09:20:03.227740,0.46154931069811694,lstm
USR-000014,EVT-0025789,2026-07-04 09:20:34.861771,0.5211436780863924,lstm
USR-000094,EVT-0025790,2026-07-04 09:21:33.586916,0.8045683462755733,lstm
SVC-000013,EVT-0025791,2026-07-04 09:22:21.542163,0.510585808013777,lstm
SVC-000042,EVT-0025792,2026-07-04 09:23:53.819461,0.5450731750050067,lstm
DEV-000008,EVT-0025793,2026-07-04 09:25:49.694954,0.40484092703447516,lstm
USR-000135,EVT-0025794,2026-07-04 09:27:56.276539,0.4336884419214974,lstm
SVC-000053,EVT-0025795,2026-07-04 09:29:03.595174,0.7841337130320228,lstm
DEV-000003,EVT-0025796,2026-07-04 09:31:15.768133,0.37667347210157337,lstm
USR-000076,EVT-0025797,2026-07-04 09:31:23.867606,0.4531774133479599,lstm
SVC-000046,EVT-0025798,2026-07-04 09:32:00.216751,0.3666448942236983,lstm
DEV-000003,EVT-0025799,2026-07-04 09:32:27.747182,0.951888398559028,lstm
USR-000090,EVT-0025800,2026-07-04 09:34:27.428913,0.3875267606439483,lstm
USR-000171,EVT-0025801,2026-07-04 09:37:14.458264,0.48415763385189364,lstm
USR-000132,EVT-0025802,2026-07-04 09:37:35.618723,0.4510528188995644,lstm
USR-000093,EVT-0025803,2026-07-04 09:37:53.331125,0.3895773148618773,lstm
USR-000042,EVT-0025804,2026-07-04 09:38:56.735963,0.28001342649809075,lstm
SVC-000008,EVT-0025805,2026-07-04 09:39:20.956193,0.920263990586605,lstm
SVC-000024,EVT-0025806,2026-07-04 09:39:38.026818,0.31886407860787924,lstm
USR-000166,EVT-0025807,2026-07-04 09:39:55.919048,0.6111171774010536,lstm
SVC-000046,EVT-0025808,2026-07-04 09:40:37.799214,0.4422135180468397,lstm
USR-000172,EVT-0025809,2026-07-04 09:40:54.895706,0.4152882714855766,lstm
USR-000213,EVT-0025810,2026-07-04 09:41:20.785679,0.8615798240608901,lstm
USR-000102,EVT-0025811,2026-07-04 09:42:10.112933,0.5180367089088369,lstm
SVC-000013,EVT-0025812,2026-07-04 09:42:10.294129,0.48025059657540703,lstm
USR-000031,EVT-0025813,2026-07-04 09:42:32.173582,0.42361360294698325,lstm
USR-000153,EVT-0025814,2026-07-04 09:46:28.277685,0.3090003487009671,lstm
SVC-000011,EVT-0025815,2026-07-04 09:47:07.956826,0.4555275954743954,lstm
USR-000179,EVT-0025816,2026-07-04 09:48:17.126201,0.6110838719291403,lstm
USR-000082,EVT-0025817,2026-07-04 09:48:36.802700,0.3056440483389522,lstm
USR-000058,EVT-0025818,2026-07-04 09:50:06.608835,0.4864916208585081,lstm
SVC-000024,EVT-0025819,2026-07-04 09:52:44.439692,0.3844875376142332,lstm
USR-000069,EVT-0025820,2026-07-04 09:53:15.121778,0.3483996213950901,lstm
USR-000006,EVT-0025821,2026-07-04 09:54:32.560530,0.32556838381934766,lstm
USR-000199,EVT-0025822,2026-07-04 09:54:57.192639,0.2884170144611041,lstm
USR-000200,EVT-0025823,2026-07-04 09:56:21.388489,0.4524828694139808,lstm
DEV-000016,EVT-0025824,2026-07-04 09:57:17.636996,0.578415679309978,lstm
DEV-000016,EVT-0025825,2026-07-04 09:58:17.754009,0.9832877487419025,lstm
USR-000079,EVT-0025826,2026-07-04 09:58:52.900276,0.4425794273710273,lstm
SVC-000013,EVT-0025827,2026-07-04 09:59:10.698374,0.31738878965864215,lstm
USR-000087,EVT-0025828,2026-07-04 09:59:21.331927,0.3151898267945442,lstm
SVC-000013,EVT-0025829,2026-07-04 10:00:04.420517,0.6521806095037845,lstm
USR-000099,EVT-0025830,2026-07-04 10:00:19.298405,0.3915551127562799,lstm
SVC-000024,EVT-0025831,2026-07-04 10:01:33.136283,0.3059697391641281,lstm
USR-000054,EVT-0025832,2026-07-04 10:02:00.408397,0.5476246223359762,lstm
USR-000051,EVT-0025833,2026-07-04 10:02:01.225671,0.9291783286285904,lstm
USR-000172,EVT-0025834,2026-07-04 10:02:20.064909,0.2612996444881961,lstm
SVC-000013,EVT-0025835,2026-07-04 10:03:00.934172,0.48422088517157463,lstm
SVC-000013,EVT-0025836,2026-07-04 10:04:26.220216,0.4856121949363773,lstm
USR-000042,EVT-0025837,2026-07-04 10:06:11.592814,0.3341943968590135,lstm
SVC-000008,EVT-0025838,2026-07-04 10:09:06.758847,0.5004730602715913,lstm
USR-000153,EVT-0025839,2026-07-04 10:10:03.962727,0.4019274997259008,lstm
USR-000087,EVT-0025840,2026-07-04 10:10:30.381487,0.4818238859496387,lstm
USR-000013,EVT-0025841,2026-07-04 10:10:42.475966,0.5544976539781845,lstm
USR-000123,EVT-0025842,2026-07-04 10:11:20.122735,0.5778992266207832,lstm
USR-000156,EVT-0025843,2026-07-04 10:13:35.055180,0.3779556578623059,lstm
USR-000132,EVT-0025844,2026-07-04 10:14:26.259201,0.7060615905929454,lstm
USR-000006,EVT-0025845,2026-07-04 10:15:20.660634,0.3367329829018244,lstm
USR-000022,EVT-0025846,2026-07-04 10:17:59.742749,0.43858771365707505,lstm
SVC-000024,EVT-0025847,2026-07-04 10:18:28.942154,0.4460732364449612,lstm
USR-000099,EVT-0025848,2026-07-04 10:19:25.949859,0.34363135826769686,lstm
USR-000175,EVT-0025849,2026-07-04 10:19:53.716837,0.4211922945644314,lstm
USR-000060,EVT-0025850,2026-07-04 10:20:12.849236,0.23934260685004383,lstm
USR-000051,EVT-0025851,2026-07-04 10:20:24.324785,0.38901038769740637,lstm
USR-000183,EVT-0025852,2026-07-04 10:20:59.843462,0.41080840884799347,lstm
SVC-000050,EVT-0025853,2026-07-04 10:23:43.069390,0.9765364794896513,lstm
USR-000090,EVT-0025854,2026-07-04 10:24:14.815884,0.23524609231936103,lstm
SVC-000042,EVT-0025855,2026-07-04 10:25:19.775287,0.3517882241089451,lstm
USR-000060,EVT-0025856,2026-07-04 10:25:49.837185,0.5086782392586445,lstm
SVC-000024,EVT-0025857,2026-07-04 10:26:26.959880,0.40229559138344484,lstm
SVC-000053,EVT-0025858,2026-07-04 10:26:34.104463,0.4984916842230184,lstm
USR-000179,EVT-0025859,2026-07-04 10:27:05.699970,0.5124151042507984,lstm
SVC-000001,EVT-0025860,2026-07-04 10:27:18.674057,0.979391760765579,lstm
USR-000083,EVT-0025861,2026-07-04 10:27:29.363145,0.9465203841801366,lstm
SVC-000042,EVT-0025862,2026-07-04 10:28:11.460333,0.2991106832585039,lstm
SVC-000053,EVT-0025863,2026-07-04 10:28:47.000094,0.7728661324301462,lstm
SVC-000039,EVT-0025864,2026-07-04 10:29:10.928471,0.9441932856693734,lstm
SVC-000024,EVT-0025865,2026-07-04 10:29:31.487024,0.4930417999774539,lstm
SVC-000053,EVT-0025866,2026-07-04 10:29:53.694945,0.6394320399854082,lstm
DEV-000023,EVT-0025867,2026-07-04 10:30:13.741156,0.468372335088984,lstm
USR-000039,EVT-0025868,2026-07-04 10:31:32.378947,0.21880132093830654,lstm
SVC-000008,EVT-0025869,2026-07-04 10:32:01.429337,0.34735941815897997,lstm
SVC-000039,EVT-0025870,2026-07-04 10:33:23.739119,0.7956496495135685,lstm
SVC-000039,EVT-0025871,2026-07-04 10:34:02.287380,0.8203695009233367,lstm
USR-000062,EVT-0025872,2026-07-04 10:34:10.703830,0.3993167347223714,lstm
SVC-000024,EVT-0025873,2026-07-04 10:34:43.154490,0.43281915812223526,lstm
SVC-000008,EVT-0025874,2026-07-04 10:35:37.777612,0.4925236895363197,lstm
USR-000180,EVT-0025875,2026-07-04 10:35:45.373656,0.41626159370699417,lstm
USR-000006,EVT-0025876,2026-07-04 10:36:00.331532,0.30616178371648967,lstm
USR-000203,EVT-0025877,2026-07-04 10:36:19.327388,0.3933040059258307,lstm
USR-000023,EVT-0025878,2026-07-04 10:36:25.541736,0.4559506027904294,lstm
SVC-000013,EVT-0025879,2026-07-04 10:37:52.402340,0.4589852673835369,lstm
SVC-000042,EVT-0025880,2026-07-04 10:38:35.892598,0.2747920884865836,lstm
USR-000135,EVT-0025881,2026-07-04 10:39:42.027030,0.3636319395447575,lstm
SVC-000013,EVT-0025882,2026-07-04 10:40:09.202822,0.6609721687719146,lstm
USR-000009,EVT-0025883,2026-07-04 10:41:03.899109,0.3044443371032008,lstm
USR-000099,EVT-0025884,2026-07-04 10:41:38.481659,0.2332989418444746,lstm
SVC-000024,EVT-0025885,2026-07-04 10:42:00.837965,0.4329088657034861,lstm
SVC-000016,EVT-0025886,2026-07-04 10:42:13.585094,0.6630303408398673,lstm
USR-000147,EVT-0025887,2026-07-04 10:42:26.719538,0.9324229740730804,lstm
USR-000135,EVT-0025888,2026-07-04 10:42:53.142249,0.892242390838635,lstm
USR-000036,EVT-0025889,2026-07-04 10:43:10.790061,0.3478586289800375,lstm
USR-000006,EVT-0025890,2026-07-04 10:43:33.222116,0.3649057254931115,lstm
DEV-000009,EVT-0025891,2026-07-04 10:43:52.472926,0.24962964675669014,lstm
USR-000062,EVT-0025892,2026-07-04 10:44:31.439660,0.4755268829344116,lstm
SVC-000013,EVT-0025893,2026-07-04 10:45:34.992785,0.38884531219670465,lstm
USR-000173,EVT-0025894,2026-07-04 10:47:01.278510,0.4655712452554043,lstm
USR-000050,EVT-0025895,2026-07-04 10:47:06.793707,0.30213286311501214,lstm
DEV-000022,EVT-0025896,2026-07-04 10:47:17.675703,0.645514818040532,lstm
USR-000090,EVT-0025897,2026-07-04 10:47:21.033003,0.284701544731152,lstm
USR-000140,EVT-0025898,2026-07-04 10:48:05.282251,0.8605061731620066,lstm
USR-000006,EVT-0025899,2026-07-04 10:48:37.063495,0.3829566710168222,lstm
SVC-000013,EVT-0025900,2026-07-04 10:48:38.422574,0.4659352289158155,lstm
SVC-000016,EVT-0025901,2026-07-04 10:49:00.932334,0.7651664628251929,lstm
SVC-000016,EVT-0025902,2026-07-04 10:49:46.468648,0.7939398931166087,lstm
USR-000132,EVT-0025903,2026-07-04 10:50:13.549804,0.39635121459332734,lstm
SVC-000039,EVT-0025904,2026-07-04 10:52:38.391111,0.5219264567731794,lstm
USR-000042,EVT-0025905,2026-07-04 10:54:46.620104,0.21049786722382638,lstm
SVC-000013,EVT-0025906,2026-07-04 10:55:10.829303,0.5883141019368704,lstm
USR-000026,EVT-0025907,2026-07-04 10:57:46.191315,0.23634938012511647,lstm
SVC-000053,EVT-0025908,2026-07-04 10:58:23.176882,0.5473084059417074,lstm
USR-000047,EVT-0025909,2026-07-04 10:58:37.520105,0.28905275277715814,lstm
USR-000002,EVT-0025910,2026-07-04 10:59:45.581606,0.5955055873334303,lstm
SVC-000042,EVT-0025911,2026-07-04 11:00:53.065339,0.32059477847341894,lstm
SVC-000042,EVT-0025912,2026-07-04 11:01:15.366910,0.5127700611318659,lstm
USR-000087,EVT-0025913,2026-07-04 11:01:30.541320,0.29064348667615614,lstm
USR-000097,EVT-0025914,2026-07-04 11:01:55.666903,0.667390120827755,lstm
USR-000102,EVT-0025915,2026-07-04 11:03:27.702197,0.5885933746597154,lstm
SVC-000053,EVT-0025916,2026-07-04 11:04:45.944481,0.46579547622555206,lstm
USR-000098,EVT-0025917,2026-07-04 11:06:46.608599,0.32300567299982313,lstm
SVC-000016,EVT-0025918,2026-07-04 11:06:59.414431,0.3468144207583419,lstm
SVC-000013,EVT-0025919,2026-07-04 11:08:01.136862,0.7597086209965893,lstm
USR-000029,EVT-0025920,2026-07-04 11:09:08.339357,0.6124347028730426,lstm
USR-000042,EVT-0025921,2026-07-04 11:10:25.172132,0.30410225587226747,lstm
USR-000131,EVT-0025922,2026-07-04 11:11:16.677308,0.9872293190872993,lstm
USR-000119,EVT-0025923,2026-07-04 11:11:26.759026,0.7765509899287903,lstm
USR-000080,EVT-0025924,2026-07-04 11:11:55.111004,0.6013780944479932,lstm
USR-000006,EVT-0025925,2026-07-04 11:14:22.167810,0.289537021787008,lstm
SVC-000053,EVT-0025926,2026-07-04 11:14:45.026524,0.3562213510756108,lstm
USR-000079,EVT-0025927,2026-07-04 11:15:03.974919,0.2885116231286737,lstm
USR-000023,EVT-0025928,2026-07-04 11:16:36.464961,0.3262497819657167,lstm
SVC-000039,EVT-0025929,2026-07-04 11:16:47.826520,0.3362197140732698,lstm
SVC-000008,EVT-0025930,2026-07-04 11:17:17.355764,0.4755427465502577,lstm
USR-000087,EVT-0025931,2026-07-04 11:17:42.675197,0.3447332399979235,lstm
USR-000067,EVT-0025932,2026-07-04 11:18:29.018077,0.46867677005284686,lstm
USR-000167,EVT-0025933,2026-07-04 11:20:45.616482,0.6308312826030396,lstm
USR-000080,EVT-0025934,2026-07-04 11:21:01.087485,0.4828108506546279,lstm
USR-000083,EVT-0025935,2026-07-04 11:22:23.051183,0.8275520573967157,lstm
SVC-000053,EVT-0025936,2026-07-04 11:23:16.549593,0.32563273101628587,lstm
USR-000090,EVT-0025937,2026-07-04 11:24:14.106765,0.24865173544421096,lstm
SVC-000053,EVT-0025938,2026-07-04 11:24:21.622248,0.5825815740771456,lstm
SVC-000013,EVT-0025939,2026-07-04 11:26:02.071250,0.7216051529177926,lstm
USR-000038,EVT-0025940,2026-07-04 11:26:17.843402,0.37491066592644445,lstm
SVC-000053,EVT-0025941,2026-07-04 11:26:51.491849,0.5749861955577329,lstm
USR-000112,EVT-0025942,2026-07-04 11:27:33.655540,0.30960425006211795,lstm
SVC-000001,EVT-0025943,2026-07-04 11:28:46.096155,0.5248404316317383,lstm
SVC-000013,EVT-0025944,2026-07-04 11:31:35.643188,0.45856519049203387,lstm
USR-000194,EVT-0025945,2026-07-04 11:35:13.064328,0.2685759581392924,lstm
USR-000025,EVT-0025946,2026-07-04 11:35:44.437624,0.5290051730700401,lstm
USR-000067,EVT-0025947,2026-07-04 11:36:52.238191,0.4886886891348763,lstm
USR-000003,EVT-0025948,2026-07-04 11:37:17.715717,0.6229830166784045,lstm
USR-000211,EVT-0025949,2026-07-04 11:37:27.938182,0.5508221928524307,lstm
USR-000207,EVT-0025950,2026-07-04 11:38:58.345608,0.8162045542807467,lstm
SVC-000008,EVT-0025951,2026-07-04 11:39:59.097772,0.4205954339925346,lstm
USR-000022,EVT-0025952,2026-07-04 11:40:29.450733,0.24641114347856366,lstm
USR-000161,EVT-0025953,2026-07-04 11:40:34.123177,0.5550305359200645,lstm
SVC-000039,EVT-0025954,2026-07-04 11:41:06.218425,0.3781362446015106,lstm
USR-000200,EVT-0025955,2026-07-04 11:41:18.893719,0.322774800878723,lstm
USR-000013,EVT-0025956,2026-07-04 11:41:29.714364,0.574331273394066,lstm
SVC-000016,EVT-0025957,2026-07-04 11:44:14.802850,0.3696754847628492,lstm
USR-000184,EVT-0025958,2026-07-04 11:45:03.576053,0.8794672396364074,lstm
DEV-000010,EVT-0025959,2026-07-04 11:45:07.220990,0.5217624427744225,lstm
SVC-000034,EVT-0025960,2026-07-04 11:46:16.551035,0.991813001652496,lstm
USR-000194,EVT-0025961,2026-07-04 11:47:55.405705,0.289919201124545,lstm
DEV-000010,EVT-0025962,2026-07-04 11:48:08.093706,0.9536324804899878,lstm
USR-000006,EVT-0025963,2026-07-04 11:48:42.816921,0.3133758658478821,lstm
USR-000038,EVT-0025964,2026-07-04 11:50:50.678709,0.22648348851514452,lstm
SVC-000039,EVT-0025965,2026-07-04 11:51:03.153815,0.4019557267642764,lstm
SVC-000042,EVT-0025966,2026-07-04 11:54:40.547658,0.42399910130295004,lstm
USR-000120,EVT-0025967,2026-07-04 11:54:41.976865,0.36683554961676496,lstm
USR-000145,EVT-0025968,2026-07-04 11:54:54.683724,0.49822430439065474,lstm
USR-000069,EVT-0025969,2026-07-04 11:55:14.515096,0.2998361962161932,lstm
USR-000083,EVT-0025970,2026-07-04 11:55:56.475752,0.7889522197774337,lstm
SVC-000008,EVT-0025971,2026-07-04 11:55:59.607321,0.49527017737962253,lstm
USR-000213,EVT-0025972,2026-07-04 11:56:03.815207,0.4406187616157694,lstm
USR-000200,EVT-0025973,2026-07-04 11:56:06.662951,0.4924760882425291,lstm
USR-000120,EVT-0025974,2026-07-04 11:56:27.252518,0.5526474949201495,lstm
DEV-000014,EVT-0025975,2026-07-04 11:58:02.903991,0.30665474185263236,lstm
SVC-000008,EVT-0025976,2026-07-04 11:58:31.722219,0.8695815322498446,lstm
USR-000008,EVT-0025977,2026-07-04 12:00:55.046943,0.7627564412043913,lstm
USR-000043,EVT-0025978,2026-07-04 12:00:56.582916,0.3069111936265307,lstm
USR-000031,EVT-0025979,2026-07-04 12:00:56.836595,0.3166039919768863,lstm
USR-000133,EVT-0025980,2026-07-04 12:01:28.487689,0.7367903738085694,lstm
SVC-000039,EVT-0025981,2026-07-04 12:01:40.956649,0.37528193337460325,lstm
USR-000183,EVT-0025982,2026-07-04 12:07:58.655002,0.3301835950813699,lstm
USR-000154,EVT-0025983,2026-07-04 12:08:09.916108,0.5226315037160822,lstm
USR-000123,EVT-0025984,2026-07-04 12:09:47.821961,0.409179873561805,lstm
USR-000070,EVT-0025985,2026-07-04 12:12:35.973669,0.9377902678572755,lstm
SVC-000021,EVT-0025986,2026-07-04 12:13:07.259886,0.9838279518468818,lstm
SVC-000021,EVT-0025987,2026-07-04 12:13:27.384113,0.5963631965252587,lstm
USR-000099,EVT-0025988,2026-07-04 12:14:35.756690,0.266940562507383,lstm
SVC-000021,EVT-0025989,2026-07-04 12:15:02.919036,0.3901807561495062,lstm
SVC-000049,EVT-0025990,2026-07-04 12:17:24.415665,0.9742633544955663,lstm
USR-000133,EVT-0025991,2026-07-04 12:18:00.184815,0.3767057283685729,lstm
USR-000132,EVT-0025992,2026-07-04 12:18:35.519042,0.5610601084794467,lstm
USR-000171,EVT-0025993,2026-07-04 12:18:52.710060,0.34364945298308586,lstm
SVC-000053,EVT-0025994,2026-07-04 12:20:04.181502,0.4238043253651702,lstm
USR-000007,EVT-0025995,2026-07-04 12:21:14.759096,0.5828745235662803,lstm
USR-000211,EVT-0025996,2026-07-04 12:21:28.462986,0.38633609514296524,lstm
USR-000129,EVT-0025997,2026-07-04 12:21:39.169052,0.21544438809281694,lstm
USR-000060,EVT-0025998,2026-07-04 12:23:33.035083,0.2557890825728773,lstm
USR-000115,EVT-0025999,2026-07-04 12:24:46.978823,0.6006231962607875,lstm
USR-000145,EVT-0026000,2026-07-04 12:25:03.211257,0.3282866717016574,lstm
USR-000070,EVT-0026001,2026-07-04 12:25:11.360263,0.8362913306262566,lstm
SVC-000021,EVT-0026002,2026-07-04 12:25:22.812828,0.2977454706439317,lstm
USR-000098,EVT-0026003,2026-07-04 12:27:14.157759,0.2923946761200141,lstm
USR-000108,EVT-0026004,2026-07-04 12:30:28.563567,0.7225949620361223,lstm
USR-000061,EVT-0026005,2026-07-04 12:30:44.723372,0.6890118298488132,lstm
SVC-000008,EVT-0026006,2026-07-04 12:31:23.742930,0.45192788993739097,lstm
USR-000047,EVT-0026007,2026-07-04 12:31:43.064940,0.30986493485595046,lstm
SVC-000017,EVT-0026008,2026-07-04 12:32:12.708853,0.9993887523145409,lstm
USR-000080,EVT-0026009,2026-07-04 12:32:57.344569,0.38149101515738754,lstm
SVC-000043,EVT-0026010,2026-07-04 12:33:57.610927,0.9891305209648837,lstm
SVC-000001,EVT-0026011,2026-07-04 12:33:58.068120,0.45081995515757056,lstm
USR-000050,EVT-0026012,2026-07-04 12:34:12.534161,0.2663595681784571,lstm
USR-000115,EVT-0026013,2026-07-04 12:35:27.420097,0.9301936735528792,lstm
SVC-000001,EVT-0026014,2026-07-04 12:37:41.922110,0.5907263991858249,lstm
USR-000154,EVT-0026015,2026-07-04 12:39:17.007605,0.41916836764831683,lstm
DEV-000008,EVT-0026016,2026-07-04 12:40:11.893673,0.20614741236727818,lstm
USR-000133,EVT-0026017,2026-07-04 12:40:40.461644,0.32800864790111284,lstm
USR-000099,EVT-0026018,2026-07-04 12:40:46.831210,0.26969708815313925,lstm
USR-000002,EVT-0026019,2026-07-04 12:42:06.821785,0.37156388537931007,lstm
USR-000170,EVT-0026020,2026-07-04 12:42:16.456367,0.3350638434466213,lstm
USR-000031,EVT-0026021,2026-07-04 12:42:28.701001,0.2853913189512959,lstm
USR-000132,EVT-0026022,2026-07-04 12:42:36.438257,0.3759978752391667,lstm
SVC-000001,EVT-0026023,2026-07-04 12:42:37.320278,0.5842608826735203,lstm
USR-000038,EVT-0026024,2026-07-04 12:44:28.730245,0.28983036102019316,lstm
USR-000194,EVT-0026025,2026-07-04 12:45:14.988398,0.40755252748447696,lstm
USR-000090,EVT-0026026,2026-07-04 12:46:09.632998,0.29301459946361147,lstm
SVC-000034,EVT-0026027,2026-07-04 12:47:45.237419,0.5749639634899729,lstm
USR-000132,EVT-0026028,2026-07-04 12:48:22.075862,0.45369646640267647,lstm
USR-000032,EVT-0026029,2026-07-04 12:48:34.962968,0.7404466852778868,baseline_fallback
USR-000017,EVT-0026030,2026-07-04 12:49:08.752029,0.4256613533841988,lstm
USR-000081,EVT-0026031,2026-07-04 12:49:15.563789,0.46791522582351086,lstm
USR-000043,EVT-0026032,2026-07-04 12:49:34.584038,0.2875742763187402,lstm
USR-000200,EVT-0026033,2026-07-04 12:50:05.007170,0.4412531115258129,lstm
USR-000183,EVT-0026034,2026-07-04 12:50:08.052789,0.394832629733265,lstm
SVC-000043,EVT-0026035,2026-07-04 12:50:50.776845,0.5124142151684019,lstm
USR-000099,EVT-0026036,2026-07-04 12:51:08.778773,0.31097072190878644,lstm
USR-000199,EVT-0026037,2026-07-04 12:51:10.741191,0.2722497810632224,lstm
USR-000172,EVT-0026038,2026-07-04 12:51:32.914243,0.3223353849717161,lstm
USR-000098,EVT-0026039,2026-07-04 12:53:01.282820,0.47804064370451116,lstm
USR-000008,EVT-0026040,2026-07-04 12:53:49.901317,0.5325823270067018,lstm
USR-000029,EVT-0026041,2026-07-04 12:54:49.629680,0.37818093060700364,lstm
DEV-000014,EVT-0026042,2026-07-04 12:55:15.602578,0.328105527015008,lstm
USR-000060,EVT-0026043,2026-07-04 12:56:08.471413,0.3614193088408317,lstm
USR-000171,EVT-0026044,2026-07-04 12:56:33.935087,0.49194525925119137,lstm
USR-000188,EVT-0026045,2026-07-04 12:56:42.777289,0.35154611438917177,baseline_fallback
USR-000008,EVT-0026046,2026-07-04 12:59:30.096018,0.7732355207885869,lstm
USR-000052,EVT-0026047,2026-07-04 13:00:15.800987,0.9693931712284407,lstm
SVC-000034,EVT-0026048,2026-07-04 13:00:58.809955,0.44044913787216705,lstm
SVC-000027,EVT-0026049,2026-07-04 13:05:14.003695,0.9876875826566233,lstm
USR-000145,EVT-0026050,2026-07-04 13:05:24.163896,0.2977327948641665,lstm
DEV-000021,EVT-0026051,2026-07-04 13:05:33.209431,0.43204304662227005,lstm
SVC-000008,EVT-0026052,2026-07-04 13:05:49.714446,0.5942003030298056,lstm
SVC-000021,EVT-0026053,2026-07-04 13:06:18.647662,0.5571064213529986,lstm
USR-000047,EVT-0026054,2026-07-04 13:06:21.595304,0.37666529440598184,lstm
SVC-000034,EVT-0026055,2026-07-04 13:07:11.877826,0.5270456099455745,lstm
SVC-000050,EVT-0026056,2026-07-04 13:07:17.583851,0.4347092076696656,lstm
SVC-000001,EVT-0026057,2026-07-04 13:07:21.550308,0.26560007738771646,lstm
USR-000003,EVT-0026058,2026-07-04 13:07:50.759249,0.32323071568022094,lstm
USR-000173,EVT-0026059,2026-07-04 13:08:40.329083,0.28599160756883657,lstm
USR-000057,EVT-0026060,2026-07-04 13:08:42.475911,0.4226986318436366,lstm
USR-000098,EVT-0026061,2026-07-04 13:08:51.151547,0.47765099554140517,lstm
USR-000201,EVT-0026062,2026-07-04 13:13:56.132762,0.38237532261252655,lstm
DEV-000005,EVT-0026063,2026-07-04 13:15:51.476641,0.6170431073013383,lstm
SVC-000021,EVT-0026064,2026-07-04 13:15:58.818890,0.3212314498907302,lstm
USR-000097,EVT-0026065,2026-07-04 13:17:49.530296,0.4515773735984148,lstm
SVC-000050,EVT-0026066,2026-07-04 13:18:28.689855,0.36653420882767174,lstm
SVC-000043,EVT-0026067,2026-07-04 13:20:15.453004,0.32497504938252897,lstm
USR-000184,EVT-0026068,2026-07-04 13:20:19.376175,0.2858286588255256,lstm
USR-000199,EVT-0026069,2026-07-04 13:20:43.659370,0.37411708284786765,lstm
USR-000103,EVT-0026070,2026-07-04 13:20:43.877412,0.34745589436271196,lstm
USR-000083,EVT-0026071,2026-07-04 13:23:16.033746,0.5978168459296245,lstm
USR-000098,EVT-0026072,2026-07-04 13:23:32.712034,0.46089039288108674,lstm
SVC-000008,EVT-0026073,2026-07-04 13:23:55.395432,0.47500203727531376,lstm
SVC-000053,EVT-0026074,2026-07-04 13:26:27.234721,0.7213959757051257,lstm
USR-000023,EVT-0026075,2026-07-04 13:27:16.092582,0.25660088848508933,lstm
SVC-000017,EVT-0026076,2026-07-04 13:27:18.743939,0.9816711706504405,lstm
DEV-000002,EVT-0026077,2026-07-04 13:28:00.874532,0.3135150359955326,lstm
SVC-000017,EVT-0026078,2026-07-04 13:28:11.578105,0.9401983452210685,lstm
USR-000187,EVT-0026079,2026-07-04 13:29:11.105269,0.6070155945268287,lstm
USR-000102,EVT-0026080,2026-07-04 13:29:24.233691,0.4345360250437954,lstm
SVC-000053,EVT-0026081,2026-07-04 13:30:07.940854,0.5792972560960903,lstm
DEV-000012,EVT-0026082,2026-07-04 13:30:22.211370,0.6769566605284694,lstm
USR-000083,EVT-0026083,2026-07-04 13:30:25.176440,0.7577291007511361,lstm
SVC-000027,EVT-0026084,2026-07-04 13:30:30.482410,0.6321142286820031,lstm
SVC-000021,EVT-0026085,2026-07-04 13:31:23.498811,0.37839201073519224,lstm
SVC-000034,EVT-0026086,2026-07-04 13:31:28.471898,0.32592362726231255,lstm
SVC-000021,EVT-0026087,2026-07-04 13:31:57.348966,0.7530502056931226,lstm
USR-000146,EVT-0026088,2026-07-04 13:32:17.483599,0.41652475566075614,lstm
USR-000160,EVT-0026089,2026-07-04 13:32:47.016347,0.7227327786871658,lstm
SVC-000017,EVT-0026090,2026-07-04 13:32:47.586734,0.5714839296994381,lstm
SVC-000034,EVT-0026091,2026-07-04 13:32:56.989497,0.706261762200037,lstm
USR-000097,EVT-0026092,2026-07-04 13:34:04.965058,0.4678137578767155,lstm
USR-000090,EVT-0026093,2026-07-04 13:36:40.759459,0.3339899963807874,lstm
USR-000057,EVT-0026094,2026-07-04 13:36:46.374007,0.41101014580139805,lstm
SVC-000008,EVT-0026095,2026-07-04 13:37:22.290764,0.4828101114924086,lstm
USR-000197,EVT-0026096,2026-07-04 13:38:17.196338,0.3028050390455676,lstm
USR-000005,EVT-0026097,2026-07-04 13:39:42.753277,0.45188855757660407,lstm
DEV-000007,EVT-0026098,2026-07-04 13:40:55.295124,0.6800003774803933,lstm
USR-000194,EVT-0026099,2026-07-04 13:40:59.752579,0.2794217064686669,lstm
USR-000002,EVT-0026100,2026-07-04 13:41:56.863691,0.3590634164375126,lstm
USR-000016,EVT-0026101,2026-07-04 13:43:51.183281,0.38196870461841315,lstm
SVC-000022,EVT-0026102,2026-07-04 13:43:57.687749,0.9581047275298635,lstm
DEV-000014,EVT-0026103,2026-07-04 13:44:51.205841,0.28278587963011576,lstm
USR-000092,EVT-0026104,2026-07-04 13:46:12.188109,0.3165688641549445,lstm
DEV-000011,EVT-0026105,2026-07-04 13:46:36.215513,0.7141302782077581,lstm
USR-000167,EVT-0026106,2026-07-04 13:49:32.704930,0.46510959613187636,lstm
USR-000090,EVT-0026107,2026-07-04 13:51:04.373138,0.47527849376674486,lstm
DEV-000011,EVT-0026108,2026-07-04 13:51:47.180312,0.8110597775240939,lstm
USR-000127,EVT-0026109,2026-07-04 13:51:50.314276,0.7343774938342786,lstm
USR-000153,EVT-0026110,2026-07-04 13:53:08.447022,0.45852129852101714,lstm
USR-000080,EVT-0026111,2026-07-04 13:54:14.003411,0.3682936522391505,lstm
SVC-000017,EVT-0026112,2026-07-04 13:54:59.318377,0.6524562157130503,lstm
DEV-000003,EVT-0026113,2026-07-04 13:55:24.028196,0.2957555077562844,lstm
USR-000103,EVT-0026114,2026-07-04 13:56:05.442437,0.4184728700861934,lstm
USR-000108,EVT-0026115,2026-07-04 13:56:37.353251,0.6497272263154182,lstm
USR-000177,EVT-0026116,2026-07-04 13:58:07.009631,0.319599813752943,lstm
USR-000079,EVT-0026117,2026-07-04 13:58:19.820500,0.33344556109282136,lstm
USR-000128,EVT-0026118,2026-07-04 13:58:37.412912,0.519095754620658,lstm
SVC-000026,EVT-0026119,2026-07-04 13:59:02.260664,0.999391322736268,lstm
USR-000086,EVT-0026120,2026-07-04 14:00:21.948896,0.800073197294155,lstm
SVC-000017,EVT-0026121,2026-07-04 14:00:33.826567,0.728576400186464,lstm
DEV-000011,EVT-0026122,2026-07-04 14:01:44.938845,0.6000345731735618,lstm
USR-000092,EVT-0026123,2026-07-04 14:03:25.266269,0.34017262747562266,lstm
USR-000003,EVT-0026124,2026-07-04 14:03:54.274918,0.26293124785342414,lstm
USR-000176,EVT-0026125,2026-07-04 14:03:54.876574,0.39797500612131187,lstm
USR-000129,EVT-0026126,2026-07-04 14:04:43.623983,0.35541519637840685,lstm
USR-000154,EVT-0026127,2026-07-04 14:05:10.029173,0.47607780986500586,lstm
USR-000210,EVT-0026128,2026-07-04 14:05:14.158346,0.8278905801980488,lstm
SVC-000028,EVT-0026129,2026-07-04 14:05:33.010814,0.860077398649077,lstm
SVC-000043,EVT-0026130,2026-07-04 14:05:51.367060,0.2800378999715113,lstm
USR-000080,EVT-0026131,2026-07-04 14:06:58.809027,0.500660027588669,lstm
USR-000170,EVT-0026132,2026-07-04 14:07:08.446116,0.28448660740845577,lstm
SVC-000021,EVT-0026133,2026-07-04 14:08:03.782298,0.48085955872348585,lstm
USR-000135,EVT-0026134,2026-07-04 14:08:23.150187,0.3136415406840782,lstm
SVC-000021,EVT-0026135,2026-07-04 14:10:05.836807,0.5923193980340825,lstm
USR-000090,EVT-0026136,2026-07-04 14:10:06.744021,0.41275255040240466,lstm
USR-000161,EVT-0026137,2026-07-04 14:10:11.240345,0.36223117877219363,lstm
SVC-000022,EVT-0026138,2026-07-04 14:11:46.359779,0.3067910814364954,lstm
USR-000191,EVT-0026139,2026-07-04 14:12:28.335766,0.6787501953992052,lstm
DEV-000003,EVT-0026140,2026-07-04 14:14:28.157270,0.5526769399426109,lstm
SVC-000017,EVT-0026141,2026-07-04 14:14:31.574897,0.564538853365943,lstm
USR-000029,EVT-0026142,2026-07-04 14:15:07.266655,0.35099014466886896,lstm
USR-000180,EVT-0026143,2026-07-04 14:15:32.868677,0.525345571449633,lstm
USR-000112,EVT-0026144,2026-07-04 14:16:24.014145,0.45983395243222386,lstm
USR-000038,EVT-0026145,2026-07-04 14:16:24.512626,0.30766815577224227,lstm
SVC-000049,EVT-0026146,2026-07-04 14:16:55.883487,0.7776040623461418,lstm
SVC-000017,EVT-0026147,2026-07-04 14:17:49.770157,0.6052703248110697,lstm
USR-000147,EVT-0026148,2026-07-04 14:18:22.818290,0.41721528071354447,lstm
USR-000057,EVT-0026149,2026-07-04 14:21:58.481457,0.739444794836892,lstm
DEV-000006,EVT-0026150,2026-07-04 14:23:30.693310,0.699546602369383,lstm
SVC-000017,EVT-0026151,2026-07-04 14:24:55.724780,0.6555177291535512,lstm
USR-000070,EVT-0026152,2026-07-04 14:26:00.659750,0.4121125112713633,lstm
USR-000092,EVT-0026153,2026-07-04 14:26:04.157910,0.2777240518065038,lstm
USR-000152,EVT-0026154,2026-07-04 14:26:48.873205,0.3511225222525887,lstm
USR-000071,EVT-0026155,2026-07-04 14:28:07.340688,0.9795806991289414,lstm
USR-000099,EVT-0026156,2026-07-04 14:30:54.646402,0.40091282958510804,lstm
USR-000080,EVT-0026157,2026-07-04 14:32:11.086860,0.42501384350993077,lstm
SVC-000027,EVT-0026158,2026-07-04 14:33:03.851628,0.4857997702130625,lstm
SVC-000022,EVT-0026159,2026-07-04 14:33:04.755946,0.26079478067055545,lstm
USR-000131,EVT-0026160,2026-07-04 14:33:40.969881,0.7984159175092627,lstm
USR-000097,EVT-0026161,2026-07-04 14:34:25.381352,0.3304929409210267,lstm
SVC-000017,EVT-0026162,2026-07-04 14:34:36.290833,0.5031275997445076,lstm
SVC-000050,EVT-0026163,2026-07-04 14:35:08.045740,0.4149129166753286,lstm
SVC-000027,EVT-0026164,2026-07-04 14:35:52.769302,0.4980572098055632,lstm
SVC-000049,EVT-0026165,2026-07-04 14:36:13.298203,0.4948281599780145,lstm
USR-000210,EVT-0026166,2026-07-04 14:36:14.271302,0.7115267487391489,lstm
USR-000092,EVT-0026167,2026-07-04 14:39:06.179833,0.276591393593028,lstm
USR-000184,EVT-0026168,2026-07-04 14:39:51.279194,0.2749352058118061,lstm
USR-000052,EVT-0026169,2026-07-04 14:39:54.472499,0.8277167254932173,lstm
USR-000079,EVT-0026170,2026-07-04 14:40:00.801254,0.3287592823289926,lstm
USR-000081,EVT-0026171,2026-07-04 14:40:15.073420,0.3116094076880897,lstm
USR-000073,EVT-0026172,2026-07-04 14:40:16.631607,0.2764232115273806,lstm
DEV-000003,EVT-0026173,2026-07-04 14:40:18.809488,0.33735767467890704,lstm
SVC-000022,EVT-0026174,2026-07-04 14:41:39.446009,0.2970866935764564,lstm
DEV-000025,EVT-0026175,2026-07-04 14:42:48.612085,0.4377737855054576,lstm
USR-000062,EVT-0026176,2026-07-04 14:43:30.416972,0.24831116290988778,lstm
USR-000074,EVT-0026177,2026-07-04 14:45:24.281063,0.2603582120775634,lstm
SVC-000026,EVT-0026178,2026-07-04 14:45:44.751522,0.6643334229814573,lstm
USR-000094,EVT-0026179,2026-07-04 14:46:31.044535,0.7220489229539752,lstm
DEV-000022,EVT-0026180,2026-07-04 14:47:21.649785,0.37549494308213305,lstm
SVC-000049,EVT-0026181,2026-07-04 14:47:22.219040,0.303901534777786,lstm
USR-000125,EVT-0026182,2026-07-04 14:49:51.998912,0.388949984121948,lstm
USR-000057,EVT-0026183,2026-07-04 14:50:01.134898,0.3304563277115062,lstm
USR-000197,EVT-0026184,2026-07-04 14:50:19.827705,0.34582774142440104,lstm
SVC-000027,EVT-0026185,2026-07-04 14:50:48.906152,0.4906927535156069,lstm
USR-000191,EVT-0026186,2026-07-04 14:51:33.641404,0.7232704638384033,lstm
USR-000131,EVT-0026187,2026-07-04 14:52:11.922376,0.6523594547902409,lstm
SVC-000027,EVT-0026188,2026-07-04 14:52:20.839896,0.6482637788677018,lstm
SVC-000036,EVT-0026189,2026-07-04 14:52:25.555426,0.996891296426721,lstm
USR-000074,EVT-0026190,2026-07-04 14:53:30.330669,0.5374250232410912,lstm
USR-000022,EVT-0026191,2026-07-04 14:53:41.883350,0.37913938690301624,lstm
USR-000052,EVT-0026192,2026-07-04 14:53:59.157718,0.8708927622545751,lstm
USR-000185,EVT-0026193,2026-07-04 14:55:22.244569,0.4836008407150107,lstm
SVC-000017,EVT-0026194,2026-07-04 14:55:55.101343,0.6172189801510309,lstm
USR-000127,EVT-0026195,2026-07-04 14:56:03.919947,0.8072466312925867,lstm
SVC-000017,EVT-0026196,2026-07-04 14:57:28.130221,0.7868830607101449,lstm
SVC-000022,EVT-0026197,2026-07-04 14:57:54.104049,0.2620295181247084,lstm
SVC-000027,EVT-0026198,2026-07-04 14:58:47.644304,0.3832867005467464,lstm
USR-000127,EVT-0026199,2026-07-04 14:59:20.377157,0.9765201346908063,lstm
USR-000111,EVT-0026200,2026-07-04 15:01:02.769315,0.2973970681209839,lstm
DEV-000003,EVT-0026201,2026-07-04 15:02:06.120662,0.4679518075759079,lstm
SVC-000027,EVT-0026202,2026-07-04 15:02:58.609746,0.697628072955156,lstm
SVC-000027,EVT-0026203,2026-07-04 15:05:12.651058,0.4767868905050573,lstm
SVC-000028,EVT-0026204,2026-07-04 15:05:17.665468,0.3078689344282174,lstm
DEV-000010,EVT-0026205,2026-07-04 15:05:54.953079,0.6607024586769281,lstm
USR-000167,EVT-0026206,2026-07-04 15:06:29.605176,0.5993021219781286,lstm
SVC-000036,EVT-0026207,2026-07-04 15:07:59.033175,0.3549530501372021,lstm
USR-000079,EVT-0026208,2026-07-04 15:08:38.861912,0.2999249821505045,lstm
USR-000154,EVT-0026209,2026-07-04 15:10:52.415711,0.34030297415643085,lstm
SVC-000049,EVT-0026210,2026-07-04 15:10:56.239827,0.3117500080838855,lstm
USR-000187,EVT-0026211,2026-07-04 15:11:57.169532,0.3875883481044668,lstm
SVC-000010,EVT-0026212,2026-07-04 15:12:46.191127,0.9933841484012419,lstm
DEV-000022,EVT-0026213,2026-07-04 15:13:50.049859,0.5197490730251579,lstm
USR-000198,EVT-0026214,2026-07-04 15:14:56.627072,0.34312217164408704,lstm
SVC-000027,EVT-0026215,2026-07-04 15:15:28.006976,0.8858992713101137,lstm
DEV-000009,EVT-0026216,2026-07-04 15:16:05.709873,0.523810526433213,lstm
SVC-000026,EVT-0026217,2026-07-04 15:17:30.635091,0.46838305745401254,lstm
DEV-000011,EVT-0026218,2026-07-04 15:20:12.339322,0.2689591737130206,lstm
DEV-000003,EVT-0026219,2026-07-04 15:22:16.028520,0.4735474035527679,lstm
SVC-000027,EVT-0026220,2026-07-04 15:22:27.280305,0.8059594425942724,lstm
SVC-000026,EVT-0026221,2026-07-04 15:22:39.673064,0.7442654997822482,lstm
USR-000184,EVT-0026222,2026-07-04 15:23:30.072579,0.35271937654597085,lstm
USR-000125,EVT-0026223,2026-07-04 15:24:13.123767,0.27721837101164537,lstm
SVC-000050,EVT-0026224,2026-07-04 15:24:38.011096,0.47486837110555913,lstm
USR-000070,EVT-0026225,2026-07-04 15:25:15.853983,0.3225107578530459,lstm
USR-000127,EVT-0026226,2026-07-04 15:26:09.001214,0.4098272380371181,lstm
USR-000127,EVT-0026227,2026-07-04 15:27:13.564462,0.8081769382648438,lstm
USR-000052,EVT-0026228,2026-07-04 15:27:15.168674,0.9508933310839097,lstm
SVC-000036,EVT-0026229,2026-07-04 15:27:30.435468,0.393274860652701,lstm
USR-000043,EVT-0026230,2026-07-04 15:27:48.990289,0.27039922449629195,lstm
SVC-000026,EVT-0026231,2026-07-04 15:28:26.427155,0.4489662527534653,lstm
USR-000125,EVT-0026232,2026-07-04 15:28:44.082201,0.4342972452413225,lstm
SVC-000001,EVT-0026233,2026-07-04 15:30:41.404310,0.5005659725524009,lstm
SVC-000036,EVT-0026234,2026-07-04 15:30:53.603883,0.6717789947805223,lstm
DEV-000004,EVT-0026235,2026-07-04 15:33:18.288109,0.7683939580774773,lstm
SVC-000036,EVT-0026236,2026-07-04 15:33:51.855889,0.32508317967317507,lstm
USR-000211,EVT-0026237,2026-07-04 15:33:57.508136,0.44964997194124784,lstm
SVC-000028,EVT-0026238,2026-07-04 15:36:05.709230,0.7501306183354396,lstm
SVC-000010,EVT-0026239,2026-07-04 15:38:44.165280,0.37059910337957136,lstm
SVC-000010,EVT-0026240,2026-07-04 15:41:40.344268,0.4943218402315839,lstm
USR-000060,EVT-0026241,2026-07-04 15:42:12.461072,0.5133076613504484,lstm
SVC-000036,EVT-0026242,2026-07-04 15:42:15.699824,0.7651607899190243,lstm
DEV-000023,EVT-0026243,2026-07-04 15:42:16.030929,0.40053479146335047,lstm
USR-000017,EVT-0026244,2026-07-04 15:42:33.577657,0.22949257584836114,lstm
DEV-000004,EVT-0026245,2026-07-04 15:47:47.083564,0.9047798909982516,lstm
SVC-000026,EVT-0026246,2026-07-04 15:48:57.866783,0.5670951115731462,lstm
USR-000052,EVT-0026247,2026-07-04 15:51:29.734353,0.42212470787055784,lstm
SVC-000036,EVT-0026248,2026-07-04 15:52:53.073423,0.49660755584660304,lstm
USR-000131,EVT-0026249,2026-07-04 15:54:36.109151,0.683738822614269,lstm
SVC-000026,EVT-0026250,2026-07-04 15:55:26.300002,0.5718316030236474,lstm
USR-000108,EVT-0026251,2026-07-04 15:55:32.431430,0.4994652597988264,lstm
USR-000185,EVT-0026252,2026-07-04 15:56:05.129734,0.28293252938861807,lstm
USR-000092,EVT-0026253,2026-07-04 15:56:14.829381,0.209442728002924,lstm
SVC-000010,EVT-0026254,2026-07-04 15:56:32.281787,0.4016467877192941,lstm
USR-000140,EVT-0026255,2026-07-04 16:01:02.684709,0.7497796634592605,lstm
USR-000018,EVT-0026256,2026-07-04 16:01:16.357347,0.8472786518309566,lstm
USR-000197,EVT-0026257,2026-07-04 16:01:38.496923,0.2904136306086478,lstm
USR-000068,EVT-0026258,2026-07-04 16:02:49.338528,0.4014650986489087,lstm
DEV-000008,EVT-0026259,2026-07-04 16:03:12.042962,0.42578973524633684,lstm
DEV-000007,EVT-0026260,2026-07-04 16:03:12.962674,0.43373725477542485,lstm
SVC-000026,EVT-0026261,2026-07-04 16:04:47.856996,0.32879370502693456,lstm
USR-000062,EVT-0026262,2026-07-04 16:05:51.970556,0.23869227382689084,lstm
USR-000120,EVT-0026263,2026-07-04 16:06:35.860020,0.36737351722860057,lstm
SVC-000049,EVT-0026264,2026-07-04 16:07:01.049997,0.3842093129856374,lstm
USR-000097,EVT-0026265,2026-07-04 16:08:37.729624,0.2733925170257138,lstm
USR-000088,EVT-0026266,2026-07-04 16:10:00.637533,0.656035585506025,lstm
USR-000012,EVT-0026267,2026-07-04 16:12:07.751957,0.8883151641139435,lstm
USR-000210,EVT-0026268,2026-07-04 16:12:41.813671,0.6075161695376143,lstm
SVC-000010,EVT-0026269,2026-07-04 16:13:05.819042,0.267486818867618,lstm
SVC-000028,EVT-0026270,2026-07-04 16:14:37.120851,0.3335941767493316,lstm
USR-000097,EVT-0026271,2026-07-04 16:15:06.674748,0.3884686934554793,lstm
SVC-000036,EVT-0026272,2026-07-04 16:17:12.256945,0.6784128308548952,lstm
SVC-000038,EVT-0026273,2026-07-04 16:19:10.166367,0.9999150963668002,lstm
SVC-000049,EVT-0026274,2026-07-04 16:19:43.320112,0.3422041851225941,lstm
USR-000052,EVT-0026275,2026-07-04 16:19:58.066992,0.3366574771990009,lstm
USR-000012,EVT-0026276,2026-07-04 16:21:10.553644,0.5077348534267464,lstm
SVC-000049,EVT-0026277,2026-07-04 16:21:14.880150,0.5880914977352097,lstm
SVC-000036,EVT-0026278,2026-07-04 16:23:44.369746,0.39877316733913226,lstm
USR-000146,EVT-0026279,2026-07-04 16:24:03.984347,0.33053816529622343,lstm
USR-000065,EVT-0026280,2026-07-04 16:24:15.399208,0.3380610673870244,lstm
SVC-000028,EVT-0026281,2026-07-04 16:24:25.829047,0.8700794385978361,lstm
SVC-000010,EVT-0026282,2026-07-04 16:25:05.291794,0.6053030761573618,lstm
USR-000068,EVT-0026283,2026-07-04 16:25:29.383185,0.6004924374189388,lstm
SVC-000029,EVT-0026284,2026-07-04 16:26:18.888879,0.966765362615155,lstm
SVC-000036,EVT-0026285,2026-07-04 16:26:59.005613,0.4557026142599897,lstm
SVC-000038,EVT-0026286,2026-07-04 16:27:07.205432,0.9831681520498325,lstm
DEV-000023,EVT-0026287,2026-07-04 16:27:42.091093,0.39473523554274703,lstm
SVC-000029,EVT-0026288,2026-07-04 16:29:28.876684,0.6060907746541049,lstm
USR-000152,EVT-0026289,2026-07-04 16:30:45.023918,0.33771428022945904,lstm
SVC-000036,EVT-0026290,2026-07-04 16:31:46.860410,0.6159534779243829,lstm
SVC-000049,EVT-0026291,2026-07-04 16:33:05.512768,0.40647635780571206,lstm
USR-000185,EVT-0026292,2026-07-04 16:34:01.830898,0.2495564789765112,lstm
DEV-000011,EVT-0026293,2026-07-04 16:34:05.388389,0.1980810875080678,lstm
USR-000018,EVT-0026294,2026-07-04 16:36:04.223183,0.6714359824816332,lstm
USR-000210,EVT-0026295,2026-07-04 16:40:24.517781,0.45830687529243225,lstm
DEV-000008,EVT-0026296,2026-07-04 16:40:38.487755,0.5556770510991662,lstm
USR-000134,EVT-0026297,2026-07-04 16:43:01.551155,0.9917461706548323,lstm
DEV-000025,EVT-0026298,2026-07-04 16:43:07.715004,0.4759161994629896,lstm
USR-000032,EVT-0026299,2026-07-04 16:45:17.909612,0.6652105075695817,baseline_fallback
USR-000146,EVT-0026300,2026-07-04 16:45:28.189038,0.3277603813479894,lstm
SVC-000010,EVT-0026301,2026-07-04 16:46:42.884730,0.26764220750465767,lstm
SVC-000029,EVT-0026302,2026-07-04 16:48:57.050130,0.38702614815119163,lstm
SVC-000026,EVT-0026303,2026-07-04 16:50:17.594990,0.5402644113780009,lstm
SVC-000049,EVT-0026304,2026-07-04 16:52:00.931467,0.37551659121446934,lstm
USR-000074,EVT-0026305,2026-07-04 16:54:07.305047,0.240229069486822,lstm
USR-000152,EVT-0026306,2026-07-04 16:54:20.622996,0.33636051966605307,lstm
DEV-000015,EVT-0026307,2026-07-04 16:54:41.320341,0.2827855423203407,lstm
SVC-000010,EVT-0026308,2026-07-04 16:55:14.221720,0.31810771580311714,lstm
SVC-000028,EVT-0026309,2026-07-04 16:56:19.108211,0.541479743050462,lstm
USR-000025,EVT-0026310,2026-07-04 16:57:06.488896,0.7408045577145462,lstm
USR-000005,EVT-0026311,2026-07-04 16:58:01.466080,0.3860121448246568,lstm
SVC-000010,EVT-0026312,2026-07-04 16:59:30.826963,0.47105714310997504,lstm
SVC-000026,EVT-0026313,2026-07-04 17:00:10.450739,0.4680409056132967,lstm
SVC-000038,EVT-0026314,2026-07-04 17:03:09.772919,0.8589564455430897,lstm
USR-000002,EVT-0026315,2026-07-04 17:05:36.431620,0.25947332462139894,lstm
SVC-000026,EVT-0026316,2026-07-04 17:06:12.926455,0.6104346205484371,lstm
USR-000035,EVT-0026317,2026-07-04 17:06:50.191932,0.670341311376795,lstm
SVC-000010,EVT-0026318,2026-07-04 17:07:29.735690,0.4917513994106179,lstm
SVC-000038,EVT-0026319,2026-07-04 17:07:49.246087,0.8596438762347836,lstm
DEV-000025,EVT-0026320,2026-07-04 17:10:14.277210,0.7100360812817073,lstm
SVC-000038,EVT-0026321,2026-07-04 17:12:42.632853,0.8428415660128072,lstm
SVC-000028,EVT-0026322,2026-07-04 17:14:12.936555,0.6057816009453418,lstm
USR-000154,EVT-0026323,2026-07-04 17:20:36.820636,0.45028033788112914,lstm
SVC-000005,EVT-0026324,2026-07-04 17:21:31.379541,0.9886257033139788,lstm
USR-000064,EVT-0026325,2026-07-04 17:22:50.850178,0.5354253637901597,lstm
USR-000026,EVT-0026326,2026-07-04 17:23:55.183612,0.8521562883940822,lstm
SVC-000004,EVT-0026327,2026-07-04 17:24:45.293704,0.9635701152812822,lstm
USR-000185,EVT-0026328,2026-07-04 17:25:25.157672,0.2665777446598404,lstm
SVC-000038,EVT-0026329,2026-07-04 17:25:39.102302,0.6207152260339339,lstm
DEV-000014,EVT-0026330,2026-07-04 17:29:32.220433,0.31146011346171243,lstm
USR-000184,EVT-0026331,2026-07-04 17:32:06.726878,0.29033275842945944,lstm
USR-000092,EVT-0026332,2026-07-04 17:36:42.771611,0.33114484800506244,lstm
SVC-000038,EVT-0026333,2026-07-04 17:37:10.939226,0.7010867783225968,lstm
USR-000002,EVT-0026334,2026-07-04 17:37:20.725306,0.4461143214682446,lstm
DEV-000026,EVT-0026335,2026-07-04 17:38:20.481313,0.6300956597062124,lstm
USR-000185,EVT-0026336,2026-07-04 17:38:53.019933,0.284139948087825,lstm
USR-000079,EVT-0026337,2026-07-04 17:39:26.437851,0.44616494798860684,lstm
USR-000062,EVT-0026338,2026-07-04 17:40:54.444924,0.37373376862378144,lstm
DEV-000011,EVT-0026339,2026-07-04 17:42:01.986690,0.19283788061010976,lstm
DEV-000002,EVT-0026340,2026-07-04 17:42:06.300394,0.5889572187262516,lstm
USR-000147,EVT-0026341,2026-07-04 17:42:39.192911,0.277883673635365,lstm
SVC-000052,EVT-0026342,2026-07-04 17:42:48.969817,0.9525581494833844,lstm
SVC-000004,EVT-0026343,2026-07-04 17:46:48.494986,0.4788095172209832,lstm
DEV-000011,EVT-0026344,2026-07-04 17:47:22.704768,0.3739697915974481,lstm
SVC-000023,EVT-0026345,2026-07-04 17:47:43.326837,0.8331733767085816,lstm
SVC-000044,EVT-0026346,2026-07-04 17:48:52.922930,0.9711541772644514,lstm
USR-000002,EVT-0026347,2026-07-04 17:56:21.953337,0.5950756329563617,lstm
SVC-000052,EVT-0026348,2026-07-04 17:59:52.952087,0.3539400162374938,lstm
DEV-000019,EVT-0026349,2026-07-04 18:00:11.466668,0.9781150967536963,lstm
SVC-000005,EVT-0026350,2026-07-04 18:01:39.690179,0.8871999643948673,lstm
USR-000054,EVT-0026351,2026-07-04 18:02:48.581299,0.8880920733333401,lstm
SVC-000023,EVT-0026352,2026-07-04 18:05:45.481460,0.6056274949318475,lstm
SVC-000004,EVT-0026353,2026-07-04 18:09:34.290230,0.4044357935829739,lstm
USR-000185,EVT-0026354,2026-07-04 18:11:01.828698,0.28114684969165826,lstm
USR-000152,EVT-0026355,2026-07-04 18:14:59.205909,0.3378987963525867,lstm
SVC-000029,EVT-0026356,2026-07-04 18:17:19.629256,0.41527583286462755,lstm
USR-000113,EVT-0026357,2026-07-04 18:17:58.657062,0.575448772855577,lstm
USR-000185,EVT-0026358,2026-07-04 18:19:04.007715,0.3617929950762824,lstm
DEV-000023,EVT-0026359,2026-07-04 18:19:51.817266,0.35920436150932433,lstm
DEV-000002,EVT-0026360,2026-07-04 18:20:32.249832,0.5708641305478317,lstm
SVC-000026,EVT-0026361,2026-07-04 18:21:31.830840,0.6013936587706319,lstm
SVC-000026,EVT-0026362,2026-07-04 18:22:50.523697,0.7049038902043965,lstm
DEV-000014,EVT-0026363,2026-07-04 18:25:07.962793,0.4397504853186497,lstm
USR-000003,EVT-0026364,2026-07-04 18:25:15.727508,0.3939226950463612,lstm
SVC-000004,EVT-0026365,2026-07-04 18:28:46.918057,0.3140398618534904,lstm
DEV-000007,EVT-0026366,2026-07-04 18:29:04.895138,0.35148206287033645,lstm
SVC-000023,EVT-0026367,2026-07-04 18:32:52.733584,0.23688035313111783,lstm
SVC-000052,EVT-0026368,2026-07-04 18:34:39.865617,0.31384963057126375,lstm
SVC-000005,EVT-0026369,2026-07-04 18:34:40.346223,0.6361699472007295,lstm
USR-000202,EVT-0026370,2026-07-04 18:34:55.332453,0.904545823977211,lstm
SVC-000010,EVT-0026371,2026-07-04 18:38:31.232996,0.6167587780371143,lstm
SVC-000037,EVT-0026372,2026-07-04 18:40:58.512281,0.970106729747281,lstm
SVC-000052,EVT-0026373,2026-07-04 18:43:23.452694,0.28927258372732856,lstm
USR-000203,EVT-0026374,2026-07-04 18:46:07.451416,0.6438944390262908,lstm
SVC-000037,EVT-0026375,2026-07-04 18:47:12.387191,0.5576558360510279,lstm
SVC-000037,EVT-0026376,2026-07-04 18:48:54.789313,0.7282486714175519,lstm
SVC-000004,EVT-0026377,2026-07-04 18:48:57.532695,0.24788238494684775,lstm
USR-000005,EVT-0026378,2026-07-04 18:49:00.253481,0.41936330762104396,lstm
USR-000187,EVT-0026379,2026-07-04 18:49:41.310378,0.45592668749806936,lstm
DEV-000002,EVT-0026380,2026-07-04 18:53:08.780961,0.5622193501785022,lstm
USR-000152,EVT-0026381,2026-07-04 18:53:41.976160,0.3610194215449037,lstm
SVC-000044,EVT-0026382,2026-07-04 18:54:53.312461,0.3854193027447064,lstm
SVC-000052,EVT-0026383,2026-07-04 18:58:49.847488,0.23118564394409608,lstm
SVC-000004,EVT-0026384,2026-07-04 18:58:50.281347,0.27271379664881523,lstm
SVC-000004,EVT-0026385,2026-07-04 19:00:45.508930,0.5514575657390302,lstm
SVC-000052,EVT-0026386,2026-07-04 19:05:45.545534,0.5162669571607985,lstm
SVC-000044,EVT-0026387,2026-07-04 19:09:16.446876,0.5003183910254376,lstm
DEV-000009,EVT-0026388,2026-07-04 19:11:34.700326,0.8274186423072399,lstm
USR-000149,EVT-0026389,2026-07-04 19:11:38.933178,0.7519594069156338,lstm
USR-000056,EVT-0026390,2026-07-04 19:12:59.637514,0.45884784234233383,lstm
SVC-000006,EVT-0026391,2026-07-04 19:13:42.657281,0.9921092731868582,lstm
SVC-000006,EVT-0026392,2026-07-04 19:14:12.165262,0.911153839367814,lstm
SVC-000006,EVT-0026393,2026-07-04 19:14:12.295513,0.7354235038973981,lstm
SVC-000057,EVT-0026394,2026-07-04 19:15:34.747490,0.865078107963066,lstm
SVC-000052,EVT-0026395,2026-07-04 19:15:45.400105,0.3615458763454271,lstm
SVC-000057,EVT-0026396,2026-07-04 19:15:46.425314,0.9513802266352194,lstm
SVC-000004,EVT-0026397,2026-07-04 19:16:13.214570,0.31217705711357285,lstm
SVC-000037,EVT-0026398,2026-07-04 19:16:20.357776,0.36657537861381245,lstm
SVC-000006,EVT-0026399,2026-07-04 19:16:27.873060,0.7884566623782346,lstm
SVC-000006,EVT-0026400,2026-07-04 19:16:31.312569,0.6359540336002565,lstm
DEV-000018,EVT-0026401,2026-07-04 19:17:36.828262,0.5818267542623518,lstm
SVC-000058,EVT-0026402,2026-07-04 19:17:56.619180,0.9922753900534205,lstm
SVC-000048,EVT-0026403,2026-07-04 19:18:12.253991,0.9286609234680562,lstm
DEV-000020,EVT-0026404,2026-07-04 19:18:42.556992,0.4425668785662697,lstm
SVC-000006,EVT-0026405,2026-07-04 19:27:29.013465,0.3607256372692008,lstm
SVC-000052,EVT-0026406,2026-07-04 19:27:43.035627,0.3364507984250139,lstm
SVC-000004,EVT-0026407,2026-07-04 19:31:02.621744,0.34809949774684146,lstm
SVC-000037,EVT-0026408,2026-07-04 19:31:06.050589,0.7133218538333697,lstm
SVC-000006,EVT-0026409,2026-07-04 19:33:15.112949,0.43406753692098193,lstm
SVC-000006,EVT-0026410,2026-07-04 19:34:59.692396,0.39099795544864163,lstm
USR-000134,EVT-0026411,2026-07-04 19:35:48.620405,0.9951533521874613,lstm
SVC-000052,EVT-0026412,2026-07-04 19:37:22.485507,0.7832541854827293,lstm
DEV-000026,EVT-0026413,2026-07-04 19:40:42.981045,0.48144316374520546,lstm
SVC-000057,EVT-0026414,2026-07-04 19:40:57.234699,0.41479406024251836,lstm
SVC-000057,EVT-0026415,2026-07-04 19:40:59.616676,0.8740644955475602,lstm
SVC-000006,EVT-0026416,2026-07-04 19:41:10.849446,0.6179916294520984,lstm
DEV-000019,EVT-0026417,2026-07-04 19:41:21.110645,0.9313650221006268,lstm
DEV-000004,EVT-0026418,2026-07-04 19:43:23.945022,0.6683574550608398,lstm
SVC-000052,EVT-0026419,2026-07-04 19:45:04.456768,0.32668281750765626,lstm
SVC-000052,EVT-0026420,2026-07-04 19:45:42.248561,0.7485049446696334,lstm
SVC-000006,EVT-0026421,2026-07-04 19:52:04.699858,0.4793753124261593,lstm
SVC-000061,EVT-0026422,2026-07-04 19:54:49.562708,0.9817914969971114,lstm
SVC-000006,EVT-0026423,2026-07-04 19:59:01.347806,0.5215877821549275,lstm
SVC-000044,EVT-0026424,2026-07-04 20:00:13.161091,0.396615867294426,lstm
SVC-000023,EVT-0026425,2026-07-04 20:00:32.626997,0.30977988210728585,lstm
SVC-000052,EVT-0026426,2026-07-04 20:01:31.917142,0.3746022194640877,lstm
USR-000113,EVT-0026427,2026-07-04 20:08:19.850146,0.5632579591666582,lstm
DEV-000015,EVT-0026428,2026-07-04 20:08:36.409695,0.14028495681003342,lstm
SVC-000057,EVT-0026429,2026-07-04 20:10:24.222750,0.3623588128341855,lstm
SVC-000006,EVT-0026430,2026-07-04 20:11:11.553531,0.5276598472214721,lstm
USR-000073,EVT-0026431,2026-07-04 20:11:47.017756,0.36972647512232376,lstm
SVC-000006,EVT-0026432,2026-07-04 20:12:03.919520,0.46870530865751064,lstm
SVC-000044,EVT-0026433,2026-07-04 20:18:04.293046,0.4007108967073255,lstm
SVC-000006,EVT-0026434,2026-07-04 20:20:44.537744,0.42875806602350863,lstm
SVC-000048,EVT-0026435,2026-07-04 20:21:55.614165,0.4137666998839506,lstm
SVC-000052,EVT-0026436,2026-07-04 20:23:56.431635,0.38287623999729364,lstm
SVC-000004,EVT-0026437,2026-07-04 20:25:37.711851,0.4739167566284216,lstm
SVC-000061,EVT-0026438,2026-07-04 20:26:50.462313,0.42472356339219947,lstm
SVC-000052,EVT-0026439,2026-07-04 20:27:54.910398,0.7037024064247208,lstm
USR-000132,EVT-0026440,2026-07-04 20:29:00.090334,0.8167818230932725,lstm
SVC-000004,EVT-0026441,2026-07-04 20:30:12.093770,0.41615395164162017,lstm
USR-000113,EVT-0026442,2026-07-04 20:30:32.219816,0.44223109454764253,lstm
SVC-000004,EVT-0026443,2026-07-04 20:30:51.397431,0.6032985197352904,lstm
USR-000132,EVT-0026444,2026-07-04 20:31:28.012634,0.8607071902148306,lstm
USR-000132,EVT-0026445,2026-07-04 20:33:06.218903,0.8699588871167602,lstm
USR-000132,EVT-0026446,2026-07-04 20:35:24.663730,1.0,lstm
USR-000132,EVT-0026447,2026-07-04 20:36:15.279257,0.9649054620880069,lstm
USR-000132,EVT-0026448,2026-07-04 20:38:37.327361,0.9030017513886969,lstm
DEV-000010,EVT-0026449,2026-07-04 20:39:06.514271,0.6371971646012353,lstm
DEV-000023,EVT-0026450,2026-07-04 20:39:50.096817,0.3262382955798476,lstm
SVC-000061,EVT-0026451,2026-07-04 20:40:36.792098,0.2988973635635685,lstm
DEV-000010,EVT-0026452,2026-07-04 20:40:39.544220,0.9716863093539491,lstm
SVC-000048,EVT-0026453,2026-07-04 20:40:50.327740,0.5032413816401661,lstm
SVC-000052,EVT-0026454,2026-07-04 20:44:03.111307,0.3849233993853389,lstm
SVC-000035,EVT-0026455,2026-07-04 20:45:13.946088,0.972947674985438,lstm
SVC-000052,EVT-0026456,2026-07-04 20:46:40.631737,0.44631452944682387,lstm
SVC-000058,EVT-0026457,2026-07-04 20:49:41.091750,0.5861765697615536,lstm
SVC-000044,EVT-0026458,2026-07-04 20:50:07.805049,0.47888059719037446,lstm
SVC-000058,EVT-0026459,2026-07-04 20:50:50.983440,0.5808652208136867,lstm
SVC-000061,EVT-0026460,2026-07-04 20:50:53.387949,0.29248291254508474,lstm
SVC-000003,EVT-0026461,2026-07-04 20:52:03.627028,0.9998270826583708,lstm
SVC-000058,EVT-0026462,2026-07-04 20:52:16.448828,0.6706736103817262,lstm
DEV-000001,EVT-0026463,2026-07-04 20:53:52.454902,0.7534512366452812,lstm
USR-000088,EVT-0026464,2026-07-04 20:55:29.844684,0.3614525119099324,lstm
SVC-000052,EVT-0026465,2026-07-04 20:55:43.852896,0.32417341178222375,lstm
SVC-000058,EVT-0026466,2026-07-04 20:59:12.930873,0.3018109716644324,lstm
SVC-000023,EVT-0026467,2026-07-04 20:59:19.169684,0.42505772744981785,lstm
SVC-000035,EVT-0026468,2026-07-04 21:03:39.814077,0.6271876713511174,lstm
SVC-000058,EVT-0026469,2026-07-04 21:06:29.109174,0.3198980226399718,lstm
SVC-000058,EVT-0026470,2026-07-04 21:09:27.991280,0.29521428968939883,lstm
SVC-000052,EVT-0026471,2026-07-04 21:09:45.735300,0.4561818767826385,lstm
SVC-000004,EVT-0026472,2026-07-04 21:11:38.889514,0.4361893748530221,lstm
SVC-000061,EVT-0026473,2026-07-04 21:12:45.989951,0.3645808573706496,lstm
DEV-000017,EVT-0026474,2026-07-04 21:13:57.127870,0.466171145524733,lstm
DEV-000021,EVT-0026475,2026-07-04 21:13:59.863620,0.3769017222905614,lstm
SVC-000054,EVT-0026476,2026-07-04 21:14:27.074144,0.9951302826266923,lstm
SVC-000058,EVT-0026477,2026-07-04 21:19:29.306533,0.6556177178562373,lstm
SVC-000061,EVT-0026478,2026-07-04 21:22:20.411412,0.25052531414033535,lstm
SVC-000061,EVT-0026479,2026-07-04 21:23:52.449146,0.540226269700793,lstm
SVC-000002,EVT-0026480,2026-07-04 21:24:40.632556,0.9753532692188643,lstm
SVC-000061,EVT-0026481,2026-07-04 21:28:37.126929,0.5008726104604679,lstm
SVC-000003,EVT-0026482,2026-07-04 21:28:53.006883,0.8358475104138016,lstm
DEV-000003,EVT-0026483,2026-07-04 21:30:36.517996,0.6442312764718838,lstm
SVC-000045,EVT-0026484,2026-07-04 21:35:56.208115,0.9544120220091337,lstm
SVC-000035,EVT-0026485,2026-07-04 21:37:38.463812,0.5417873838581513,lstm
SVC-000058,EVT-0026486,2026-07-04 21:40:04.973082,0.2584078365555399,lstm
USR-000100,EVT-0026487,2026-07-04 21:41:56.991604,0.8658749226022168,lstm
SVC-000002,EVT-0026488,2026-07-04 21:43:14.934544,0.3356648169905873,lstm
SVC-000023,EVT-0026489,2026-07-04 21:44:02.392515,0.5274959160738238,lstm
DEV-000001,EVT-0026490,2026-07-04 21:44:18.391433,0.567897872308831,lstm
SVC-000044,EVT-0026491,2026-07-04 21:47:58.149542,0.684427936761423,lstm
SVC-000002,EVT-0026492,2026-07-04 21:49:44.763916,0.3035537560745432,lstm
SVC-000058,EVT-0026493,2026-07-04 21:52:23.324547,0.2874287514111683,lstm
SVC-000058,EVT-0026494,2026-07-04 21:55:38.795222,0.8203341564179044,lstm
DEV-000020,EVT-0026495,2026-07-04 21:56:30.450808,0.3305939801710688,lstm
SVC-000035,EVT-0026496,2026-07-04 21:56:58.191083,0.32088477914181635,lstm
SVC-000058,EVT-0026497,2026-07-04 22:00:11.669875,0.3399441177994716,lstm
SVC-000003,EVT-0026498,2026-07-04 22:04:27.084088,0.7439328592183599,lstm
SVC-000045,EVT-0026499,2026-07-04 22:05:59.499333,0.5582910585086066,lstm
SVC-000048,EVT-0026500,2026-07-04 22:10:18.402902,0.33323182289772557,lstm
DEV-000006,EVT-0026501,2026-07-04 22:10:20.262319,0.33898331769876705,lstm
SVC-000035,EVT-0026502,2026-07-04 22:10:45.759771,0.3819872207494669,lstm
SVC-000054,EVT-0026503,2026-07-04 22:11:20.286735,0.5005040425748403,lstm
SVC-000032,EVT-0026504,2026-07-04 22:12:34.043411,0.9842180536423281,lstm
SVC-000002,EVT-0026505,2026-07-04 22:15:43.623145,0.3252413152418506,lstm
SVC-000035,EVT-0026506,2026-07-04 22:15:45.098928,0.5675786770146526,lstm
SVC-000045,EVT-0026507,2026-07-04 22:19:51.608669,0.5610217148908019,lstm
SVC-000035,EVT-0026508,2026-07-04 22:24:39.196146,0.4676527631003486,lstm
SVC-000044,EVT-0026509,2026-07-04 22:24:43.308495,0.8146714469167794,lstm
DEV-000025,EVT-0026510,2026-07-04 22:24:53.808898,1.0,lstm
DEV-000025,EVT-0026511,2026-07-04 22:25:05.092378,0.9999995229884918,lstm
DEV-000025,EVT-0026512,2026-07-04 22:25:08.079314,0.9999930421801632,lstm
DEV-000025,EVT-0026513,2026-07-04 22:25:20.224614,0.9976751089277364,lstm
DEV-000025,EVT-0026514,2026-07-04 22:25:24.287337,0.9920503243075219,lstm
DEV-000025,EVT-0026515,2026-07-04 22:25:34.207745,0.9856356175416693,lstm
DEV-000025,EVT-0026516,2026-07-04 22:25:40.136860,0.9721710734817571,lstm
DEV-000025,EVT-0026517,2026-07-04 22:25:47.121945,0.9738638720132006,lstm
DEV-000025,EVT-0026518,2026-07-04 22:25:49.629119,0.9263571226832377,lstm
DEV-000025,EVT-0026519,2026-07-04 22:26:02.585664,0.6470465788088678,lstm
DEV-000025,EVT-0026520,2026-07-04 22:26:11.818233,0.9362705014758671,lstm
DEV-000025,EVT-0026521,2026-07-04 22:26:26.635023,0.7835909458299517,lstm
DEV-000025,EVT-0026522,2026-07-04 22:26:28.241807,0.6445590251123642,lstm
DEV-000025,EVT-0026523,2026-07-04 22:26:34.789550,0.41691552654501096,lstm
DEV-000025,EVT-0026524,2026-07-04 22:26:42.807744,0.6388733329727525,lstm
DEV-000025,EVT-0026525,2026-07-04 22:26:46.835810,0.16819631274591834,lstm
DEV-000025,EVT-0026526,2026-07-04 22:26:55.792640,0.15150163745214837,lstm
DEV-000025,EVT-0026527,2026-07-04 22:27:09.789215,0.20424050510816444,lstm
DEV-000025,EVT-0026528,2026-07-04 22:27:16.092790,0.11756164473139688,lstm
DEV-000025,EVT-0026529,2026-07-04 22:27:27.833857,0.4685832210089999,lstm
DEV-000025,EVT-0026530,2026-07-04 22:27:29.781388,0.21348220064607312,lstm
DEV-000025,EVT-0026531,2026-07-04 22:27:33.704423,0.1247597351466738,lstm
DEV-000025,EVT-0026532,2026-07-04 22:27:42.974130,0.39079294825368666,lstm
USR-000106,EVT-0026533,2026-07-04 22:29:36.302332,0.45192184937319163,lstm
DEV-000014,EVT-0026534,2026-07-04 22:30:12.204363,0.7806788154154473,lstm
SVC-000035,EVT-0026535,2026-07-04 22:30:40.595646,0.35639092314774806,lstm
SVC-000002,EVT-0026536,2026-07-04 22:31:31.104056,0.420512358327513,lstm
DEV-000001,EVT-0026537,2026-07-04 22:34:38.575092,0.45825811724519144,lstm
DEV-000025,EVT-0026538,2026-07-04 22:40:18.499965,0.9842389410091374,lstm
SVC-000045,EVT-0026539,2026-07-04 22:43:28.406931,0.36758048517848674,lstm
DEV-000004,EVT-0026540,2026-07-04 22:44:55.159122,0.3799221339960371,lstm
SVC-000035,EVT-0026541,2026-07-04 22:46:38.431221,0.3288488958568036,lstm
SVC-000032,EVT-0026542,2026-07-04 22:47:31.925489,0.5649732269628808,lstm
SVC-000002,EVT-0026543,2026-07-04 22:48:09.557029,0.3657314909619311,lstm
DEV-000011,EVT-0026544,2026-07-04 22:49:19.059887,0.49310298385880647,lstm
SVC-000032,EVT-0026545,2026-07-04 22:51:30.930253,0.33177739664748845,lstm
SVC-000032,EVT-0026546,2026-07-04 22:52:58.801123,0.6628222593414207,lstm
SVC-000002,EVT-0026547,2026-07-04 22:55:46.968549,0.471926382659319,lstm
SVC-000002,EVT-0026548,2026-07-04 23:00:14.210348,0.5650793375814754,lstm
DEV-000003,EVT-0026549,2026-07-04 23:00:16.892012,0.5910079592687368,lstm
SVC-000002,EVT-0026550,2026-07-04 23:02:39.236273,0.6073369538265161,lstm
SVC-000032,EVT-0026551,2026-07-04 23:02:39.702254,0.24206421652662088,lstm
SVC-000054,EVT-0026552,2026-07-04 23:03:25.621195,0.5267287436213209,lstm
SVC-000002,EVT-0026553,2026-07-04 23:03:46.187478,0.6780703705444039,lstm
DEV-000006,EVT-0026554,2026-07-04 23:03:51.176347,0.46642489191765935,lstm
SVC-000032,EVT-0026555,2026-07-04 23:04:00.915691,0.3742791104268272,lstm
SVC-000032,EVT-0026556,2026-07-04 23:05:33.293526,0.39542998565554527,lstm
DEV-000023,EVT-0026557,2026-07-04 23:05:40.404185,0.3646160028273701,lstm
USR-000106,EVT-0026558,2026-07-04 23:09:44.997113,0.3021757886818033,lstm
SVC-000045,EVT-0026559,2026-07-04 23:09:54.927456,0.7114152509603241,lstm
DEV-000026,EVT-0026560,2026-07-04 23:10:58.518924,0.3526709464989372,lstm
SVC-000056,EVT-0026561,2026-07-04 23:11:01.815588,0.9349795191971851,lstm
SVC-000032,EVT-0026562,2026-07-04 23:13:57.310610,0.31668662946797227,lstm
SVC-000002,EVT-0026563,2026-07-04 23:19:44.995027,0.8119852038399361,lstm
SVC-000056,EVT-0026564,2026-07-04 23:19:45.660854,0.6300735688165591,lstm
SVC-000041,EVT-0026565,2026-07-04 23:21:25.335547,0.9875347804811054,lstm
SVC-000041,EVT-0026566,2026-07-04 23:22:19.175472,0.8766762071588523,lstm
SVC-000032,EVT-0026567,2026-07-04 23:22:43.091753,0.30477942227905286,lstm
DEV-000017,EVT-0026568,2026-07-04 23:25:04.858838,0.3110752982110524,lstm
DEV-000003,EVT-0026569,2026-07-04 23:25:43.815528,0.6762162827654121,lstm
USR-000113,EVT-0026570,2026-07-04 23:26:11.553725,0.42175915826384,lstm
DEV-000002,EVT-0026571,2026-07-04 23:32:08.485789,0.49131486674522407,lstm
DEV-000020,EVT-0026572,2026-07-04 23:33:19.601174,0.3199440326197909,lstm
SVC-000002,EVT-0026573,2026-07-04 23:34:14.412118,0.7683625669949089,lstm
DEV-000001,EVT-0026574,2026-07-04 23:36:01.439062,0.3383418067433326,lstm
SVC-000002,EVT-0026575,2026-07-04 23:36:38.804984,0.5137170399917841,lstm
SVC-000032,EVT-0026576,2026-07-04 23:36:55.322658,0.3508233333131598,lstm
DEV-000001,EVT-0026577,2026-07-04 23:37:38.314258,0.8522136219130069,lstm
USR-000150,EVT-0026578,2026-07-04 23:38:06.254371,0.3519850475429966,lstm
SVC-000045,EVT-0026579,2026-07-04 23:38:07.165102,0.36225581501350357,lstm
DEV-000011,EVT-0026580,2026-07-04 23:39:24.016357,0.5093843090111724,lstm
DEV-000009,EVT-0026581,2026-07-04 23:44:45.698204,0.7554246088371794,lstm
SVC-000032,EVT-0026582,2026-07-04 23:47:59.517938,0.5087556641016852,lstm
SVC-000032,EVT-0026583,2026-07-04 23:48:03.606883,0.6515895469199725,lstm
DEV-000026,EVT-0026584,2026-07-04 23:51:21.997619,0.4365358300404118,lstm
SVC-000041,EVT-0026585,2026-07-04 23:57:46.101251,0.6299602786383537,lstm
SVC-000032,EVT-0026586,2026-07-04 23:58:39.442666,0.2994457421242539,lstm
SVC-000056,EVT-0026587,2026-07-05 00:02:17.152600,0.7592965060218625,lstm
SVC-000002,EVT-0026588,2026-07-05 00:05:46.995260,0.4411150444178133,lstm
DEV-000006,EVT-0026589,2026-07-05 00:06:45.456919,0.27922664914429635,lstm
SVC-000041,EVT-0026590,2026-07-05 00:10:30.067293,0.4163174186550258,lstm
SVC-000041,EVT-0026591,2026-07-05 00:13:28.677740,0.6029279930676855,lstm
SVC-000056,EVT-0026592,2026-07-05 00:14:24.363968,0.49660385198421536,lstm
SVC-000056,EVT-0026593,2026-07-05 00:16:13.955843,0.6664589061035445,lstm
SVC-000056,EVT-0026594,2026-07-05 00:17:44.249808,0.70517629765735,lstm
DEV-000001,EVT-0026595,2026-07-05 00:20:28.307771,0.1855549697562943,lstm
USR-000106,EVT-0026596,2026-07-05 00:23:14.577333,0.2839777063013697,lstm
SVC-000056,EVT-0026597,2026-07-05 00:23:59.886311,0.8187677417414777,lstm
SVC-000041,EVT-0026598,2026-07-05 00:25:27.011285,0.42757059474331266,lstm
DEV-000001,EVT-0026599,2026-07-05 00:31:35.372961,0.22346669574773326,lstm
SVC-000041,EVT-0026600,2026-07-05 00:33:07.500585,0.7566445351422546,lstm
DEV-000002,EVT-0026601,2026-07-05 00:35:06.506671,0.22206166894525825,lstm
SVC-000041,EVT-0026602,2026-07-05 00:43:27.631399,0.475460728234614,lstm
SVC-000041,EVT-0026603,2026-07-05 00:43:37.832966,0.896238584038299,lstm
DEV-000020,EVT-0026604,2026-07-05 00:44:51.441998,0.2749120508305184,lstm
SVC-000056,EVT-0026605,2026-07-05 00:54:45.451888,0.5732827267186942,lstm
SVC-000041,EVT-0026606,2026-07-05 00:57:28.348040,0.48059312635876245,lstm
SVC-000025,EVT-0026607,2026-07-05 01:07:54.001877,0.9953971487491581,lstm
DEV-000021,EVT-0026608,2026-07-05 01:11:52.031430,0.40465889037915365,lstm
SVC-000018,EVT-0026609,2026-07-05 01:16:52.045157,0.9997727957864356,lstm
SVC-000018,EVT-0026610,2026-07-05 01:17:18.265705,0.8611137290958376,lstm
SVC-000041,EVT-0026611,2026-07-05 01:34:41.482188,0.694917895839099,lstm
SVC-000018,EVT-0026612,2026-07-05 01:38:20.846013,0.628091422879331,lstm
SVC-000018,EVT-0026613,2026-07-05 01:47:58.107413,0.5114530993581861,lstm
SVC-000018,EVT-0026614,2026-07-05 01:53:35.507432,0.45887152659287234,lstm
SVC-000041,EVT-0026615,2026-07-05 01:55:03.151596,0.39160121115561586,lstm
DEV-000022,EVT-0026616,2026-07-05 01:55:35.843258,0.6729709455807488,lstm
SVC-000041,EVT-0026617,2026-07-05 02:01:41.313784,0.6717230286526054,lstm
SVC-000041,EVT-0026618,2026-07-05 02:07:59.054772,0.692918866313053,lstm
USR-000106,EVT-0026619,2026-07-05 02:08:02.876177,0.2572307766858616,lstm
DEV-000005,EVT-0026620,2026-07-05 02:12:07.461981,0.6793673448839919,lstm
SVC-000018,EVT-0026621,2026-07-05 02:19:15.749759,0.5109835813926891,lstm
SVC-000018,EVT-0026622,2026-07-05 02:20:00.007887,0.5725971560019417,lstm
DEV-000004,EVT-0026623,2026-07-05 02:21:50.357499,0.34804579320631795,lstm
SVC-000018,EVT-0026624,2026-07-05 02:23:41.236932,0.3405648728055726,lstm
SVC-000014,EVT-0026625,2026-07-05 02:24:50.417761,0.9840905395773036,lstm
SVC-000018,EVT-0026626,2026-07-05 02:28:54.114388,0.605339531594408,lstm
SVC-000041,EVT-0026627,2026-07-05 02:36:17.519290,0.6721239045555609,lstm
SVC-000018,EVT-0026628,2026-07-05 02:45:51.127542,0.5525650378132394,lstm
SVC-000018,EVT-0026629,2026-07-05 02:46:00.092432,0.742322036760794,lstm
SVC-000041,EVT-0026630,2026-07-05 02:46:37.316037,0.5847250917724975,lstm
DEV-000005,EVT-0026631,2026-07-05 02:48:16.212476,0.5272510770652198,lstm
SVC-000018,EVT-0026632,2026-07-05 02:52:33.191546,0.29299205662787714,lstm
DEV-000016,EVT-0026633,2026-07-05 02:53:21.487053,0.6192413509518263,lstm
SVC-000018,EVT-0026634,2026-07-05 02:56:34.951497,0.5511114397387032,lstm
SVC-000018,EVT-0026635,2026-07-05 02:56:35.402770,0.7585310436567084,lstm
SVC-000014,EVT-0026636,2026-07-05 02:58:52.397800,0.36731660647902603,lstm
SVC-000018,EVT-0026637,2026-07-05 02:59:48.407381,0.47926507267781215,lstm
SVC-000041,EVT-0026638,2026-07-05 03:05:41.315905,0.3886599670733656,lstm
SVC-000018,EVT-0026639,2026-07-05 03:10:33.348214,0.45261968709769684,lstm
DEV-000017,EVT-0026640,2026-07-05 03:11:49.585045,0.7126801504629278,lstm
SVC-000018,EVT-0026641,2026-07-05 03:14:50.734340,0.36931170290070364,lstm
SVC-000018,EVT-0026642,2026-07-05 03:22:26.746997,0.8010291617696158,lstm
DEV-000003,EVT-0026643,2026-07-05 03:25:24.648737,0.5551748335188789,lstm
SVC-000014,EVT-0026644,2026-07-05 03:28:17.043606,0.3651763489276398,lstm
SVC-000014,EVT-0026645,2026-07-05 03:33:04.425170,0.3247234859183463,lstm
SVC-000014,EVT-0026646,2026-07-05 03:33:44.340930,0.49309894188389664,lstm
SVC-000014,EVT-0026647,2026-07-05 03:41:19.577852,0.2915651626599669,lstm
SVC-000014,EVT-0026648,2026-07-05 03:42:37.447090,0.3632792827088444,lstm
SVC-000019,EVT-0026649,2026-07-05 03:42:54.175179,0.9657506183531226,lstm
SVC-000014,EVT-0026650,2026-07-05 03:49:16.818179,0.3429967618158854,lstm
SVC-000015,EVT-0026651,2026-07-05 03:49:30.244937,0.9106759488559524,lstm
SVC-000041,EVT-0026652,2026-07-05 03:54:21.143664,0.5919752528346836,lstm
SVC-000014,EVT-0026653,2026-07-05 03:55:21.244173,0.632902781324801,lstm
USR-000207,EVT-0026654,2026-07-05 03:56:26.268500,0.6093956496684594,lstm
SVC-000020,EVT-0026655,2026-07-05 03:59:17.808339,0.9951704025516853,lstm
SVC-000007,EVT-0026656,2026-07-05 04:00:24.332584,0.9816037502697393,lstm
SVC-000014,EVT-0026657,2026-07-05 04:05:37.100269,0.24874316688261053,lstm
DEV-000016,EVT-0026658,2026-07-05 04:06:35.935298,0.38605350057804905,lstm
SVC-000007,EVT-0026659,2026-07-05 04:08:32.886821,0.35049918369884525,lstm
SVC-000014,EVT-0026660,2026-07-05 04:08:37.664484,0.27935249992904254,lstm
SVC-000007,EVT-0026661,2026-07-05 04:14:29.202402,0.2867509378509035,lstm
DEV-000018,EVT-0026662,2026-07-05 04:16:04.060125,0.4781133165537585,lstm
SVC-000020,EVT-0026663,2026-07-05 04:20:19.051379,0.8087588744700434,lstm
SVC-000014,EVT-0026664,2026-07-05 04:22:58.666532,0.3062004629696988,lstm
SVC-000041,EVT-0026665,2026-07-05 04:23:01.617497,0.6742265594217527,lstm
SVC-000007,EVT-0026666,2026-07-05 04:24:03.444835,0.36419716416088976,lstm
SVC-000019,EVT-0026667,2026-07-05 04:28:06.905797,0.2992485167479688,lstm
SVC-000007,EVT-0026668,2026-07-05 04:29:01.200157,0.26693566382294925,lstm
DEV-000002,EVT-0026669,2026-07-05 04:29:10.346964,0.2763886602219547,lstm
SVC-000020,EVT-0026670,2026-07-05 04:31:05.007117,0.5807997850588777,lstm
SVC-000015,EVT-0026671,2026-07-05 04:31:46.374499,0.3609576979029681,lstm
SVC-000014,EVT-0026672,2026-07-05 04:32:46.129879,0.25941216026517944,lstm
SVC-000014,EVT-0026673,2026-07-05 04:34:01.405458,0.44356756497000166,lstm
DEV-000009,EVT-0026674,2026-07-05 04:35:05.236062,0.6961679837392786,lstm
SVC-000020,EVT-0026675,2026-07-05 04:35:59.701305,0.7910724856928215,lstm
DEV-000017,EVT-0026676,2026-07-05 04:39:53.357693,0.5840282357416473,lstm
SVC-000007,EVT-0026677,2026-07-05 04:41:35.418842,0.31648648849019567,lstm
USR-000156,EVT-0026678,2026-07-05 04:45:16.770960,0.594819848394164,lstm
SVC-000007,EVT-0026679,2026-07-05 04:46:06.317119,0.36179487138689354,lstm
SVC-000015,EVT-0026680,2026-07-05 04:46:20.471900,0.36265291962409196,lstm
SVC-000007,EVT-0026681,2026-07-05 04:46:36.721567,0.6988800734256425,lstm
DEV-000017,EVT-0026682,2026-07-05 04:47:10.305503,0.8349134569407627,lstm
SVC-000015,EVT-0026683,2026-07-05 04:51:18.237161,0.6453048668381999,lstm
DEV-000017,EVT-0026684,2026-07-05 04:54:38.277958,0.7645779461067574,lstm
SVC-000007,EVT-0026685,2026-07-05 04:55:41.146225,0.2500031584614342,lstm
SVC-000007,EVT-0026686,2026-07-05 04:56:04.768056,0.8616831208115798,lstm
SVC-000014,EVT-0026687,2026-07-05 04:56:31.053731,0.3158505215866284,lstm
SVC-000020,EVT-0026688,2026-07-05 05:01:57.503744,0.5863890029305423,lstm
SVC-000014,EVT-0026689,2026-07-05 05:05:44.081447,0.3078408900109093,lstm
SVC-000007,EVT-0026690,2026-07-05 05:07:41.382510,0.35825592689428953,lstm
SVC-000007,EVT-0026691,2026-07-05 05:09:00.159489,0.8708373613296109,lstm
SVC-000014,EVT-0026692,2026-07-05 05:09:30.296212,0.23814544007358113,lstm
SVC-000007,EVT-0026693,2026-07-05 05:10:50.366618,0.4481153002950155,lstm
SVC-000019,EVT-0026694,2026-07-05 05:14:36.062937,0.264283107639134,lstm
SVC-000007,EVT-0026695,2026-07-05 05:15:00.927706,0.4336443340104266,lstm
SVC-000019,EVT-0026696,2026-07-05 05:16:25.084537,0.4767047835675727,lstm
SVC-000014,EVT-0026697,2026-07-05 05:17:03.663951,0.3562471521613035,lstm
SVC-000020,EVT-0026698,2026-07-05 05:19:39.665511,0.5278434775338335,lstm
SVC-000019,EVT-0026699,2026-07-05 05:22:28.751869,0.3009994745103778,lstm
USR-000142,EVT-0026700,2026-07-05 05:23:37.359730,0.8414694795180083,lstm
DEV-000020,EVT-0026701,2026-07-05 05:24:18.589295,0.45944598908548606,lstm
SVC-000031,EVT-0026702,2026-07-05 05:24:47.637857,0.9854236914740698,lstm
DEV-000005,EVT-0026703,2026-07-05 05:27:44.212214,0.36753287684384084,lstm
SVC-000015,EVT-0026704,2026-07-05 05:27:44.910912,0.764983339270248,lstm
DEV-000007,EVT-0026705,2026-07-05 05:29:08.087482,0.5359057847042658,lstm
DEV-000002,EVT-0026706,2026-07-05 05:30:09.251427,0.2605190286472012,lstm
SVC-000009,EVT-0026707,2026-07-05 05:30:26.626847,0.9801788746414043,lstm
SVC-000009,EVT-0026708,2026-07-05 05:39:12.225369,0.8076057722491382,lstm
USR-000031,EVT-0026709,2026-07-05 05:39:41.261375,0.5192430679643041,lstm
SVC-000014,EVT-0026710,2026-07-05 05:40:15.881223,0.35779260394111184,lstm
DEV-000001,EVT-0026711,2026-07-05 05:41:23.244729,0.402527951514636,lstm
SVC-000019,EVT-0026712,2026-07-05 05:43:21.430988,0.24232832015182318,lstm
SVC-000019,EVT-0026713,2026-07-05 05:46:20.114889,0.7265544311538121,lstm
USR-000016,EVT-0026714,2026-07-05 05:52:32.096967,0.5938097755886378,lstm
USR-000162,EVT-0026715,2026-07-05 05:56:56.192278,0.8697694290213084,lstm
SVC-000007,EVT-0026716,2026-07-05 05:59:39.816048,0.5971438382423212,lstm
USR-000157,EVT-0026717,2026-07-05 06:00:22.085803,0.8490936913918053,lstm
DEV-000026,EVT-0026718,2026-07-05 06:01:21.416491,0.3485196973028251,lstm
USR-000071,EVT-0026719,2026-07-05 06:04:51.372746,0.8748824744514739,lstm
SVC-000019,EVT-0026720,2026-07-05 06:05:25.686513,0.27289037084452433,lstm
SVC-000009,EVT-0026721,2026-07-05 06:05:39.020761,0.5453407410123224,lstm
DEV-000023,EVT-0026722,2026-07-05 06:06:44.823467,0.7299010106225085,lstm
DEV-000012,EVT-0026723,2026-07-05 06:12:41.004966,0.23901377992464357,lstm
SVC-000019,EVT-0026724,2026-07-05 06:16:00.941587,0.2861374399552285,lstm
SVC-000031,EVT-0026725,2026-07-05 06:18:13.774494,0.5619172939423759,lstm
USR-000042,EVT-0026726,2026-07-05 06:21:40.540435,0.580283709680656,lstm
SVC-000055,EVT-0026727,2026-07-05 06:22:13.221624,0.9843965257027457,lstm
USR-000076,EVT-0026728,2026-07-05 06:23:12.228031,0.6227995780338269,lstm
SVC-000031,EVT-0026729,2026-07-05 06:23:26.984051,0.41043463032393734,lstm
SVC-000009,EVT-0026730,2026-07-05 06:25:01.987372,0.5178034863715836,lstm
SVC-000031,EVT-0026731,2026-07-05 06:26:28.126583,0.3831951890469067,lstm
SVC-000031,EVT-0026732,2026-07-05 06:26:53.904299,0.5023595034878816,lstm
SVC-000031,EVT-0026733,2026-07-05 06:29:04.015939,0.4256870591691573,lstm
SVC-000009,EVT-0026734,2026-07-05 06:31:55.139729,0.6661779146174057,lstm
SVC-000009,EVT-0026735,2026-07-05 06:33:15.868948,0.5316231831883166,lstm
SVC-000040,EVT-0026736,2026-07-05 06:34:29.877478,0.9642485692899494,lstm
DEV-000021,EVT-0026737,2026-07-05 06:35:00.165263,0.5213045295636256,lstm
SVC-000019,EVT-0026738,2026-07-05 06:35:17.651756,0.3130768686493343,lstm
USR-000076,EVT-0026739,2026-07-05 06:35:45.184943,0.4016571606229259,lstm
SVC-000009,EVT-0026740,2026-07-05 06:36:06.699395,0.6250103045570419,lstm
DEV-000019,EVT-0026741,2026-07-05 06:37:30.781477,0.9926729164192971,lstm
DEV-000001,EVT-0026742,2026-07-05 06:38:50.988578,0.3083514815260525,lstm
DEV-000002,EVT-0026743,2026-07-05 06:39:58.738053,0.23438672633905788,lstm
USR-000076,EVT-0026744,2026-07-05 06:41:25.160407,0.38409354449718797,lstm
SVC-000009,EVT-0026745,2026-07-05 06:43:56.032683,0.5090572912750014,lstm
SVC-000055,EVT-0026746,2026-07-05 06:48:05.747898,0.3980859142666524,lstm
SVC-000055,EVT-0026747,2026-07-05 06:51:31.715634,0.43236976883211964,lstm
USR-000157,EVT-0026748,2026-07-05 06:54:59.381470,0.5503173132029158,lstm
SVC-000055,EVT-0026749,2026-07-05 06:56:09.841459,0.3635962349859476,lstm
USR-000041,EVT-0026750,2026-07-05 06:58:10.176397,0.8625088202546174,lstm
DEV-000002,EVT-0026751,2026-07-05 06:59:33.446904,0.25920796360007625,lstm
SVC-000031,EVT-0026752,2026-07-05 07:02:14.690985,0.3973965426197689,lstm
SVC-000031,EVT-0026753,2026-07-05 07:03:49.020715,0.44123039651895923,lstm
SVC-000040,EVT-0026754,2026-07-05 07:09:10.181417,0.44642365338513623,lstm
SVC-000055,EVT-0026755,2026-07-05 07:10:56.224215,0.25810472846180904,lstm
DEV-000002,EVT-0026756,2026-07-05 07:11:25.631742,0.3267032953603218,lstm
USR-000162,EVT-0026757,2026-07-05 07:14:01.448270,0.5690286157159375,lstm
USR-000095,EVT-0026758,2026-07-05 07:15:43.310367,0.6151810510389569,lstm
DEV-000002,EVT-0026759,2026-07-05 07:15:54.353398,0.47446666226704304,lstm
USR-000168,EVT-0026760,2026-07-05 07:16:58.841688,0.9036656932685686,lstm
USR-000119,EVT-0026761,2026-07-05 07:17:42.676975,0.47481211087307806,lstm
SVC-000011,EVT-0026762,2026-07-05 07:18:29.311382,0.986050750242458,lstm
SVC-000011,EVT-0026763,2026-07-05 07:18:35.147014,0.7487687453996739,lstm
SVC-000009,EVT-0026764,2026-07-05 07:19:22.316666,0.5285088453038843,lstm
SVC-000055,EVT-0026765,2026-07-05 07:19:54.566280,0.27669792094616225,lstm
USR-000171,EVT-0026766,2026-07-05 07:21:32.584395,0.6760324150882304,lstm
USR-000180,EVT-0026767,2026-07-05 07:21:39.266029,0.7208905443519782,lstm
DEV-000017,EVT-0026768,2026-07-05 07:21:50.665901,0.2873303281594909,lstm
DEV-000003,EVT-0026769,2026-07-05 07:22:35.370043,0.3612785688461784,lstm
DEV-000024,EVT-0026770,2026-07-05 07:27:28.271730,0.37372063291644714,lstm
SVC-000031,EVT-0026771,2026-07-05 07:39:06.245480,0.7289410912897581,lstm
SVC-000031,EVT-0026772,2026-07-05 07:40:47.050610,0.4972422022465804,lstm
DEV-000009,EVT-0026773,2026-07-05 07:41:01.908810,0.3157881434101986,lstm
DEV-000026,EVT-0026774,2026-07-05 07:42:54.000588,0.3523491618738996,lstm
USR-000207,EVT-0026775,2026-07-05 07:46:58.133947,0.2996856965586842,lstm
USR-000031,EVT-0026776,2026-07-05 07:47:44.004449,0.31917467634566415,lstm
USR-000042,EVT-0026777,2026-07-05 07:51:48.921493,0.29375764314575625,lstm
USR-000060,EVT-0026778,2026-07-05 07:52:29.885546,0.4363810567059163,lstm
DEV-000023,EVT-0026779,2026-07-05 07:53:15.001539,0.565143874731182,lstm
SVC-000055,EVT-0026780,2026-07-05 07:53:36.495873,0.3254356171788666,lstm
SVC-000011,EVT-0026781,2026-07-05 07:54:29.745797,0.38302644142681475,lstm
SVC-000011,EVT-0026782,2026-07-05 07:54:46.038317,0.6286945260930686,lstm
SVC-000055,EVT-0026783,2026-07-05 07:57:13.249087,0.7144998738632667,lstm
SVC-000031,EVT-0026784,2026-07-05 07:57:41.214450,0.3326336452122742,lstm
SVC-000011,EVT-0026785,2026-07-05 07:59:42.870951,0.2666817797881613,lstm
USR-000116,EVT-0026786,2026-07-05 08:00:28.884029,0.4637290606162732,lstm
SVC-000046,EVT-0026787,2026-07-05 08:00:56.830746,0.9957050059735129,lstm
SVC-000040,EVT-0026788,2026-07-05 08:06:27.079154,0.42594980900139046,lstm
USR-000076,EVT-0026789,2026-07-05 08:09:52.157826,0.22509168640203162,lstm
USR-000207,EVT-0026790,2026-07-05 08:09:57.817049,0.4376682739225562,lstm
USR-000014,EVT-0026791,2026-07-05 08:10:34.727612,0.7048868642915985,lstm
SVC-000031,EVT-0026792,2026-07-05 08:11:55.956941,0.39372361643856935,lstm
SVC-000046,EVT-0026793,2026-07-05 08:12:20.894950,0.394605109327601,lstm
SVC-000053,EVT-0026794,2026-07-05 08:14:43.579859,0.9873465548733635,lstm
SVC-000030,EVT-0026795,2026-07-05 08:15:07.967233,0.988029426578835,lstm
USR-000179,EVT-0026796,2026-07-05 08:17:07.542299,0.48482823790900725,lstm
SVC-000040,EVT-0026797,2026-07-05 08:21:25.917417,0.298768818943208,lstm
DEV-000014,EVT-0026798,2026-07-05 08:22:38.618920,0.7223990431483939,lstm
DEV-000022,EVT-0026799,2026-07-05 08:26:55.045261,0.4221922687539142,lstm
DEV-000024,EVT-0026800,2026-07-05 08:29:19.250173,0.25528241714921907,lstm
SVC-000030,EVT-0026801,2026-07-05 08:29:48.387980,0.6450445562113002,lstm
SVC-000016,EVT-0026802,2026-07-05 08:30:06.204342,0.974851464199807,lstm
USR-000071,EVT-0026803,2026-07-05 08:30:34.741156,0.4961924751115718,lstm
SVC-000011,EVT-0026804,2026-07-05 08:30:50.783664,0.33242971179456055,lstm
SVC-000011,EVT-0026805,2026-07-05 08:32:33.937813,0.43759005013243196,lstm
USR-000179,EVT-0026806,2026-07-05 08:33:13.200287,0.5876776912364473,lstm
SVC-000046,EVT-0026807,2026-07-05 08:35:08.857889,0.4620114166039235,lstm
SVC-000046,EVT-0026808,2026-07-05 08:35:38.303238,0.6770703622521378,lstm
SVC-000046,EVT-0026809,2026-07-05 08:38:03.684776,0.3468622112279675,lstm
SVC-000039,EVT-0026810,2026-07-05 08:38:34.944440,0.9888290319486879,lstm
USR-000014,EVT-0026811,2026-07-05 08:38:35.599517,0.4858459482312097,lstm
USR-000031,EVT-0026812,2026-07-05 08:39:37.706308,0.27006931636228987,lstm
USR-000142,EVT-0026813,2026-07-05 08:41:06.736973,0.5826982340895558,lstm
USR-000173,EVT-0026814,2026-07-05 08:41:19.810672,0.4315195737770868,lstm
USR-000067,EVT-0026815,2026-07-05 08:42:23.664521,0.45717194676419576,lstm
USR-000095,EVT-0026816,2026-07-05 08:43:52.177104,0.3334102359649988,lstm
USR-000014,EVT-0026817,2026-07-05 08:44:16.562080,0.47736563700262685,lstm
DEV-000017,EVT-0026818,2026-07-05 08:45:00.752756,0.29583467979764655,lstm
SVC-000011,EVT-0026819,2026-07-05 08:46:20.451917,0.31122083545527884,lstm
USR-000157,EVT-0026820,2026-07-05 08:47:58.799218,0.31645544711658113,lstm
USR-000066,EVT-0026821,2026-07-05 08:49:12.317437,0.6719450822634806,lstm
USR-000096,EVT-0026822,2026-07-05 08:49:25.313749,0.49332063481101135,lstm
SVC-000030,EVT-0026823,2026-07-05 08:49:41.269292,0.5428130685544468,lstm
SVC-000011,EVT-0026824,2026-07-05 08:50:42.573546,0.7226174517687122,lstm
SVC-000046,EVT-0026825,2026-07-05 08:56:01.618571,0.4724688468559064,lstm
SVC-000040,EVT-0026826,2026-07-05 08:58:06.979105,0.29219283010092206,lstm
SVC-000024,EVT-0026827,2026-07-05 08:58:11.808778,0.9770265620630985,lstm
USR-000200,EVT-0026828,2026-07-05 08:59:57.615011,0.387437475948174,lstm
USR-000078,EVT-0026829,2026-07-05 09:00:52.580177,0.9252656413047411,lstm
USR-000162,EVT-0026830,2026-07-05 09:01:54.186711,0.33578901058081884,lstm
USR-000072,EVT-0026831,2026-07-05 09:04:54.881350,0.9223294510422997,lstm
SVC-000046,EVT-0026832,2026-07-05 09:05:26.356918,0.6453777903794577,lstm
SVC-000011,EVT-0026833,2026-07-05 09:06:15.810795,0.283688912101341,lstm
USR-000207,EVT-0026834,2026-07-05 09:07:45.942875,0.34334129261666396,lstm
USR-000118,EVT-0026835,2026-07-05 09:08:24.930371,0.7148752853009035,lstm
SVC-000051,EVT-0026836,2026-07-05 09:08:53.787013,0.6887303051309082,lstm
SVC-000008,EVT-0026837,2026-07-05 09:10:07.128058,0.9861003424183212,lstm
SVC-000016,EVT-0026838,2026-07-05 09:10:08.410878,0.4848035203543506,lstm
SVC-000046,EVT-0026839,2026-07-05 09:10:40.893121,0.325067761726825,lstm
USR-000162,EVT-0026840,2026-07-05 09:11:44.807452,0.45579501987528326,lstm
SVC-000046,EVT-0026841,2026-07-05 09:12:39.085017,0.4267609029272752,lstm
USR-000014,EVT-0026842,2026-07-05 09:12:59.111977,0.3508389691134264,lstm
USR-000087,EVT-0026843,2026-07-05 09:16:19.132537,0.43150134904935644,lstm
USR-000054,EVT-0026844,2026-07-05 09:16:37.174595,0.5956531505788083,lstm
USR-000101,EVT-0026845,2026-07-05 09:17:28.549093,0.8306276384119179,lstm
USR-000156,EVT-0026846,2026-07-05 09:20:12.872655,0.32826636550316596,lstm
SVC-000013,EVT-0026847,2026-07-05 09:22:02.714029,0.9947849874231725,lstm
SVC-000016,EVT-0026848,2026-07-05 09:22:11.562245,0.3424887399116668,lstm
SVC-000016,EVT-0026849,2026-07-05 09:23:06.354589,0.7190195788183771,lstm
DEV-000011,EVT-0026850,2026-07-05 09:25:31.999791,0.8873795578828574,lstm
USR-000158,EVT-0026851,2026-07-05 09:25:44.219246,0.7761754358771524,lstm
USR-000175,EVT-0026852,2026-07-05 09:26:24.883572,0.5773232261819393,lstm
USR-000162,EVT-0026853,2026-07-05 09:27:55.921709,0.42620007861988923,lstm
SVC-000053,EVT-0026854,2026-07-05 09:27:56.422402,0.6168910618014577,lstm
SVC-000030,EVT-0026855,2026-07-05 09:29:24.321028,0.8416385262035604,lstm
USR-000162,EVT-0026856,2026-07-05 09:29:29.158132,0.5072427106753362,lstm
SVC-000016,EVT-0026857,2026-07-05 09:29:47.612330,0.4308234566743985,lstm
SVC-000024,EVT-0026858,2026-07-05 09:30:35.189762,0.3424339712563737,lstm
USR-000104,EVT-0026859,2026-07-05 09:30:52.579307,0.6501157524524972,lstm
USR-000157,EVT-0026860,2026-07-05 09:32:25.576401,0.25602130638935006,lstm
SVC-000024,EVT-0026861,2026-07-05 09:32:28.753829,0.4182945491711497,lstm
DEV-000009,EVT-0026862,2026-07-05 09:34:05.820288,0.1894145591022664,lstm
SVC-000011,EVT-0026863,2026-07-05 09:34:38.714441,0.3523310390731076,lstm
DEV-000013,EVT-0026864,2026-07-05 09:35:13.567624,0.8689676549990455,lstm
SVC-000024,EVT-0026865,2026-07-05 09:36:40.816382,0.2998254745062469,lstm
SVC-000024,EVT-0026866,2026-07-05 09:38:21.174053,0.42121290573641024,lstm
USR-000072,EVT-0026867,2026-07-05 09:39:17.877751,0.9040010601081814,lstm
SVC-000046,EVT-0026868,2026-07-05 09:39:53.573916,0.46717197439961555,lstm
USR-000006,EVT-0026869,2026-07-05 09:41:04.277339,0.4146721850350566,lstm
USR-000118,EVT-0026870,2026-07-05 09:43:26.582111,0.46907022812517707,lstm
USR-000038,EVT-0026871,2026-07-05 09:44:47.472796,0.44221435635932144,lstm
SVC-000013,EVT-0026872,2026-07-05 09:45:21.373475,0.5648696629760868,lstm
USR-000196,EVT-0026873,2026-07-05 09:46:31.166654,0.6359148383274486,lstm
SVC-000016,EVT-0026874,2026-07-05 09:50:06.201414,0.3096425084131511,lstm
DEV-000002,EVT-0026875,2026-07-05 09:50:08.964170,0.23237585606517672,lstm
USR-000071,EVT-0026876,2026-07-05 09:50:25.134442,0.5367028233776572,lstm
DEV-000007,EVT-0026877,2026-07-05 09:50:33.716221,0.36881063875549736,lstm
USR-000177,EVT-0026878,2026-07-05 09:53:35.601467,0.2737584196082482,lstm
SVC-000016,EVT-0026879,2026-07-05 09:54:08.385670,0.5043455348969349,lstm
USR-000157,EVT-0026880,2026-07-05 09:55:28.265883,0.33440407324013016,lstm
USR-000080,EVT-0026881,2026-07-05 09:55:42.829327,0.6554939312381247,lstm
USR-000179,EVT-0026882,2026-07-05 09:55:48.329127,0.2824962378078944,lstm
USR-000132,EVT-0026883,2026-07-05 09:56:46.459466,0.9559350418821869,lstm
USR-000042,EVT-0026884,2026-07-05 10:05:30.031582,0.2563976830924256,lstm
USR-000031,EVT-0026885,2026-07-05 10:05:52.472514,0.2342760905025127,lstm
SVC-000024,EVT-0026886,2026-07-05 10:05:55.307535,0.5146451394243116,lstm
SVC-000053,EVT-0026887,2026-07-05 10:06:31.225375,0.45068468115173616,lstm
USR-000171,EVT-0026888,2026-07-05 10:06:48.567360,0.4195328357822214,lstm
SVC-000013,EVT-0026889,2026-07-05 10:06:52.814565,0.3749889490195586,lstm
USR-000062,EVT-0026890,2026-07-05 10:09:09.811791,0.47095640295624375,lstm
USR-000104,EVT-0026891,2026-07-05 10:10:31.113937,0.6473545949337188,lstm
USR-000132,EVT-0026892,2026-07-05 10:10:53.329822,0.7701241499077682,lstm
USR-000030,EVT-0026893,2026-07-05 10:11:02.924252,0.6445203132968388,lstm
SVC-000024,EVT-0026894,2026-07-05 10:12:23.681557,0.2898515162435258,lstm
SVC-000030,EVT-0026895,2026-07-05 10:12:29.680885,0.500855890435831,lstm
USR-000158,EVT-0026896,2026-07-05 10:15:17.173442,0.30361951001267307,lstm
SVC-000013,EVT-0026897,2026-07-05 10:15:43.165962,0.7499333175148976,lstm
USR-000164,EVT-0026898,2026-07-05 10:16:27.258805,0.47916742088806935,lstm
SVC-000008,EVT-0026899,2026-07-05 10:18:17.026939,0.6380007207454739,lstm
SVC-000039,EVT-0026900,2026-07-05 10:18:59.983271,0.5028176489134264,lstm
USR-000054,EVT-0026901,2026-07-05 10:19:50.109142,0.45422464198255097,lstm
SVC-000013,EVT-0026902,2026-07-05 10:21:03.468237,0.751599100377976,lstm
SVC-000024,EVT-0026903,2026-07-05 10:23:51.124493,0.2923196389242529,lstm
USR-000087,EVT-0026904,2026-07-05 10:23:58.678667,0.27206207151156014,lstm
USR-000001,EVT-0026905,2026-07-05 10:23:59.917721,0.8365551453468253,lstm
SVC-000024,EVT-0026906,2026-07-05 10:26:28.597581,0.31361877381949455,lstm
USR-000090,EVT-0026907,2026-07-05 10:26:56.836824,0.3929173789456853,lstm
SVC-000016,EVT-0026908,2026-07-05 10:27:59.060998,0.29321939580741146,lstm
SVC-000024,EVT-0026909,2026-07-05 10:28:26.358252,0.4299540959725853,lstm
SVC-000024,EVT-0026910,2026-07-05 10:29:13.468408,0.42591178707476446,lstm
USR-000083,EVT-0026911,2026-07-05 10:29:45.893780,0.426219722449921,lstm
USR-000144,EVT-0026912,2026-07-05 10:30:55.249970,0.7177990225860895,lstm
USR-000181,EVT-0026913,2026-07-05 10:30:57.713758,0.6765187717509966,lstm
SVC-000016,EVT-0026914,2026-07-05 10:31:32.949874,0.5347740222466099,lstm
SVC-000013,EVT-0026915,2026-07-05 10:31:41.634410,0.35151531874516073,lstm
USR-000096,EVT-0026916,2026-07-05 10:31:58.524224,0.47513929887886375,lstm
SVC-000024,EVT-0026917,2026-07-05 10:32:21.761929,0.8037093736608454,lstm
USR-000157,EVT-0026918,2026-07-05 10:33:34.962041,0.2587747346005743,lstm
USR-000010,EVT-0026919,2026-07-05 10:33:54.319063,0.8771781367806433,lstm
SVC-000013,EVT-0026920,2026-07-05 10:33:59.720305,0.491389960858298,lstm
SVC-000024,EVT-0026921,2026-07-05 10:34:16.721105,0.38242367699854485,lstm
DEV-000026,EVT-0026922,2026-07-05 10:34:24.222900,0.3328593242026956,lstm
USR-000001,EVT-0026923,2026-07-05 10:35:49.130016,0.45517078031433034,lstm
USR-000006,EVT-0026924,2026-07-05 10:37:15.955815,0.47586189024613845,lstm
SVC-000039,EVT-0026925,2026-07-05 10:38:51.764976,0.36990262915602906,lstm
USR-000110,EVT-0026926,2026-07-05 10:39:35.724851,0.8099049948454401,lstm
USR-000104,EVT-0026927,2026-07-05 10:40:28.333495,0.48847476887766494,lstm
SVC-000024,EVT-0026928,2026-07-05 10:40:59.361987,0.4103308651658012,lstm
SVC-000053,EVT-0026929,2026-07-05 10:43:33.104787,0.5791077581956176,lstm
USR-000118,EVT-0026930,2026-07-05 10:43:33.309818,0.33842785837494155,lstm
USR-000042,EVT-0026931,2026-07-05 10:44:42.870049,0.22322168545840396,lstm
USR-000021,EVT-0026932,2026-07-05 10:44:48.121969,0.7073358182432959,lstm
SVC-000053,EVT-0026933,2026-07-05 10:45:16.090007,0.7468306379534249,lstm
USR-000060,EVT-0026934,2026-07-05 10:45:54.443694,0.23031549599981269,lstm
USR-000180,EVT-0026935,2026-07-05 10:47:21.713638,0.33970722389353825,lstm
SVC-000021,EVT-0026936,2026-07-05 10:48:06.532115,0.9924310874379745,lstm
USR-000055,EVT-0026937,2026-07-05 10:48:39.293422,0.6837418781721134,baseline_fallback
USR-000148,EVT-0026938,2026-07-05 10:48:43.162665,0.7701005496874591,lstm
DEV-000002,EVT-0026939,2026-07-05 10:48:47.072196,0.22786129450354806,lstm
SVC-000013,EVT-0026940,2026-07-05 10:49:08.782791,0.5858340230543234,lstm
USR-000132,EVT-0026941,2026-07-05 10:49:54.089173,0.4831436765670842,lstm
SVC-000021,EVT-0026942,2026-07-05 10:50:10.403281,0.8092955990105217,lstm
USR-000147,EVT-0026943,2026-07-05 10:58:36.410001,0.5300227148569927,lstm
USR-000156,EVT-0026944,2026-07-05 10:59:31.564623,0.2870075689261104,lstm
USR-000090,EVT-0026945,2026-07-05 11:00:59.897866,0.26561385805761967,lstm
DEV-000022,EVT-0026946,2026-07-05 11:03:44.850702,0.22142874374776714,lstm
USR-000058,EVT-0026947,2026-07-05 11:04:05.691268,0.34355177412051197,lstm
USR-000071,EVT-0026948,2026-07-05 11:05:27.466093,0.3115356280211986,lstm
SVC-000024,EVT-0026949,2026-07-05 11:06:30.239039,0.37910598295762815,lstm
SVC-000039,EVT-0026950,2026-07-05 11:07:34.028303,0.2632647026167406,lstm
USR-000016,EVT-0026951,2026-07-05 11:08:14.139424,0.3913997799565625,lstm
USR-000169,EVT-0026952,2026-07-05 11:09:46.293258,0.6123651188858977,lstm
USR-000190,EVT-0026953,2026-07-05 11:10:26.611218,0.668953607275859,lstm
USR-000038,EVT-0026954,2026-07-05 11:13:07.243981,0.2566192222242887,lstm
USR-000162,EVT-0026955,2026-07-05 11:14:04.503463,0.3461591188067178,lstm
USR-000005,EVT-0026956,2026-07-05 11:17:05.932220,0.43525061883725913,lstm
USR-000080,EVT-0026957,2026-07-05 11:17:09.367702,0.36635555494951066,lstm
DEV-000008,EVT-0026958,2026-07-05 11:17:23.657668,0.35872222176138424,lstm
SVC-000053,EVT-0026959,2026-07-05 11:17:53.101511,0.31654806194356055,lstm
DEV-000001,EVT-0026960,2026-07-05 11:20:07.539562,0.7079501305245748,lstm
SVC-000021,EVT-0026961,2026-07-05 11:21:28.037956,0.6019332629990094,lstm
SVC-000021,EVT-0026962,2026-07-05 11:22:32.649537,0.7842409473610042,lstm
USR-000080,EVT-0026963,2026-07-05 11:23:49.323704,0.4067777226271412,lstm
SVC-000050,EVT-0026964,2026-07-05 11:24:54.982521,0.9040161197447998,lstm
USR-000132,EVT-0026965,2026-07-05 11:25:01.187542,0.5824252517038981,lstm
SVC-000039,EVT-0026966,2026-07-05 11:25:08.477184,0.31878005788465646,lstm
USR-000076,EVT-0026967,2026-07-05 11:25:29.771150,0.29310983467275575,lstm
USR-000038,EVT-0026968,2026-07-05 11:27:47.130258,0.26466069994654456,lstm
USR-000200,EVT-0026969,2026-07-05 11:28:01.107722,0.5981504572359924,lstm
DEV-000020,EVT-0026970,2026-07-05 11:32:33.566667,0.6457368599529583,lstm
USR-000204,EVT-0026971,2026-07-05 11:35:22.203094,0.8219749018854625,lstm
SVC-000039,EVT-0026972,2026-07-05 11:35:23.426242,0.34513589715286525,lstm
USR-000200,EVT-0026973,2026-07-05 11:36:48.541804,0.3419334377833799,lstm
USR-000121,EVT-0026974,2026-07-05 11:37:55.649198,0.7186860876491111,lstm
SVC-000039,EVT-0026975,2026-07-05 11:42:31.202755,0.36426247988615007,lstm
USR-000199,EVT-0026976,2026-07-05 11:42:46.361024,0.2733351954074103,lstm
SVC-000053,EVT-0026977,2026-07-05 11:43:36.670027,0.3065494830245516,lstm
USR-000112,EVT-0026978,2026-07-05 11:43:49.943045,0.2723982177759027,lstm
USR-000029,EVT-0026979,2026-07-05 11:43:54.185713,0.3782355192978193,lstm
USR-000066,EVT-0026980,2026-07-05 11:44:14.583480,0.4354731089098865,lstm
USR-000143,EVT-0026981,2026-07-05 11:44:40.131096,0.6152909022332639,lstm
DEV-000021,EVT-0026982,2026-07-05 11:45:07.465655,0.35717963945535675,lstm
SVC-000013,EVT-0026983,2026-07-05 11:47:15.004704,0.5245887583869512,lstm
USR-000104,EVT-0026984,2026-07-05 11:48:53.486239,0.5213446794595992,lstm
SVC-000021,EVT-0026985,2026-07-05 11:49:49.079666,0.4458254688035019,lstm
DEV-000018,EVT-0026986,2026-07-05 11:50:07.835434,0.7060478195945334,lstm
USR-000190,EVT-0026987,2026-07-05 11:50:45.091926,0.34524592428293244,lstm
SVC-000050,EVT-0026988,2026-07-05 11:51:13.348245,0.7660969235267884,lstm
USR-000098,EVT-0026989,2026-07-05 11:51:41.115419,0.2925452284608008,lstm
USR-000004,EVT-0026990,2026-07-05 11:51:59.742127,0.4535780118467063,lstm
USR-000011,EVT-0026991,2026-07-05 11:52:17.879358,0.613082834914431,lstm
SVC-000050,EVT-0026992,2026-07-05 11:52:28.204284,0.8534414066212103,lstm
DEV-000022,EVT-0026993,2026-07-05 11:53:15.415716,0.33428120873622635,lstm
SVC-000050,EVT-0026994,2026-07-05 11:53:45.348655,0.6419078641032973,lstm
USR-000095,EVT-0026995,2026-07-05 11:54:24.511047,0.4431339598504171,lstm
SVC-000053,EVT-0026996,2026-07-05 11:55:47.952540,0.47434019897883956,lstm
SVC-000021,EVT-0026997,2026-07-05 11:55:50.316027,0.2619024272300511,lstm
SVC-000050,EVT-0026998,2026-07-05 11:55:55.301213,0.5310497960601983,lstm
USR-000087,EVT-0026999,2026-07-05 11:55:57.672889,0.2502821766152206,lstm
USR-000196,EVT-0027000,2026-07-05 11:56:12.920290,0.29751192231800705,lstm
SVC-000021,EVT-0027001,2026-07-05 11:57:48.394550,0.4804462268726785,lstm
USR-000169,EVT-0027002,2026-07-05 11:58:21.560263,0.3322512008250519,lstm
USR-000171,EVT-0027003,2026-07-05 11:59:37.834762,0.3172927668326666,lstm
USR-000111,EVT-0027004,2026-07-05 12:00:20.049204,0.3642592126531178,lstm
SVC-000021,EVT-0027005,2026-07-05 12:00:32.862367,0.4730106512278727,lstm
USR-000055,EVT-0027006,2026-07-05 12:00:42.611731,0.6592253953856276,baseline_fallback
USR-000030,EVT-0027007,2026-07-05 12:01:37.836779,0.7392232294150705,lstm
DEV-000010,EVT-0027008,2026-07-05 12:03:03.473109,0.5197956313170166,lstm
USR-000083,EVT-0027009,2026-07-05 12:04:24.037219,0.38439914569931655,lstm
SVC-000039,EVT-0027010,2026-07-05 12:04:36.412189,0.46403952273324506,lstm
DEV-000019,EVT-0027011,2026-07-05 12:06:01.336845,0.9658151025761487,lstm
USR-000098,EVT-0027012,2026-07-05 12:06:48.263444,0.39673540315212963,lstm
USR-000038,EVT-0027013,2026-07-05 12:06:54.902059,0.26381564322955336,lstm
USR-000098,EVT-0027014,2026-07-05 12:07:57.151165,0.6896986257658586,lstm
USR-000132,EVT-0027015,2026-07-05 12:11:07.075683,0.4545210087558396,lstm
DEV-000016,EVT-0027016,2026-07-05 12:11:28.318147,0.44744925919172607,lstm
USR-000204,EVT-0027017,2026-07-05 12:11:28.717159,0.6703288703705718,lstm
DEV-000014,EVT-0027018,2026-07-05 12:12:39.620024,0.4379695223115062,lstm
USR-000173,EVT-0027019,2026-07-05 12:12:53.144783,0.20566434062105865,lstm
USR-000054,EVT-0027020,2026-07-05 12:13:44.400827,0.6058023800460965,lstm
USR-000067,EVT-0027021,2026-07-05 12:14:56.550636,0.2860588537483855,lstm
SVC-000021,EVT-0027022,2026-07-05 12:15:50.088710,0.44955320586501024,lstm
SVC-000034,EVT-0027023,2026-07-05 12:16:57.150090,0.9283669602054917,lstm
USR-000006,EVT-0027024,2026-07-05 12:18:53.240823,0.369704173115078,lstm
SVC-000039,EVT-0027025,2026-07-05 12:19:52.448123,0.3999833282779751,lstm
SVC-000021,EVT-0027026,2026-07-05 12:21:52.687846,0.6776057656764711,lstm
DEV-000015,EVT-0027027,2026-07-05 12:23:33.257608,0.7995823972980554,lstm
USR-000200,EVT-0027028,2026-07-05 12:24:26.746249,0.35847079403444565,lstm
SVC-000034,EVT-0027029,2026-07-05 12:28:18.799832,0.40189381622269504,lstm
DEV-000023,EVT-0027030,2026-07-05 12:28:23.903426,0.35557024060621284,lstm
SVC-000039,EVT-0027031,2026-07-05 12:28:31.399908,0.43602946712132423,lstm
SVC-000053,EVT-0027032,2026-07-05 12:29:00.601032,0.3742552757594399,lstm
USR-000140,EVT-0027033,2026-07-05 12:29:08.522465,0.4825259097565469,lstm
SVC-000021,EVT-0027034,2026-07-05 12:32:27.874522,0.5469733744870002,lstm
USR-000033,EVT-0027035,2026-07-05 12:32:54.460808,0.8077857909956347,lstm
USR-000081,EVT-0027036,2026-07-05 12:33:55.213017,0.4130581543491632,lstm
SVC-000008,EVT-0027037,2026-07-05 12:34:13.561226,0.642545141219651,lstm
USR-000130,EVT-0027038,2026-07-05 12:34:21.138575,0.37810334385272326,lstm
USR-000071,EVT-0027039,2026-07-05 12:35:20.568964,0.3252229969895238,lstm
USR-000127,EVT-0027040,2026-07-05 12:35:22.122215,0.4395102746656246,lstm
USR-000154,EVT-0027041,2026-07-05 12:36:26.864238,0.3717497289705141,lstm
SVC-000021,EVT-0027042,2026-07-05 12:38:25.563923,0.5334496030227591,lstm
SVC-000001,EVT-0027043,2026-07-05 12:39:48.827582,0.8350026418249059,lstm
USR-000147,EVT-0027044,2026-07-05 12:40:36.666212,0.37064916786221297,lstm
USR-000112,EVT-0027045,2026-07-05 12:41:00.277120,0.44201593824879915,lstm
USR-000148,EVT-0027046,2026-07-05 12:43:50.559982,0.552240844063089,lstm
SVC-000039,EVT-0027047,2026-07-05 12:44:48.146168,0.33544091385207453,lstm
USR-000087,EVT-0027048,2026-07-05 12:48:23.182245,0.263113784664331,lstm
SVC-000039,EVT-0027049,2026-07-05 12:49:05.158214,0.5445171191036488,lstm
USR-000092,EVT-0027050,2026-07-05 12:49:10.060457,0.4392053900371847,lstm
USR-000200,EVT-0027051,2026-07-05 12:49:37.872683,0.2731744533259757,lstm
USR-000040,EVT-0027052,2026-07-05 12:50:08.667741,0.9592891971703168,lstm
SVC-000034,EVT-0027053,2026-07-05 12:51:11.019044,0.34900714204196837,lstm
SVC-000050,EVT-0027054,2026-07-05 12:52:35.145410,0.31650538970299186,lstm
SVC-000034,EVT-0027055,2026-07-05 12:53:24.502528,0.40317796547182294,lstm
SVC-000039,EVT-0027056,2026-07-05 12:53:41.546130,0.4306379389766137,lstm
USR-000120,EVT-0027057,2026-07-05 12:54:09.988764,0.31212071528627094,lstm
DEV-000005,EVT-0027058,2026-07-05 12:55:27.510892,0.3689062415781785,lstm
USR-000148,EVT-0027059,2026-07-05 12:56:35.107882,0.43141866191858386,lstm
USR-000055,EVT-0027060,2026-07-05 12:59:41.738830,0.32253743028575793,baseline_fallback
USR-000125,EVT-0027061,2026-07-05 13:01:13.261039,0.37242973310313027,lstm
USR-000204,EVT-0027062,2026-07-05 13:01:56.526069,0.461195927431229,lstm
USR-000143,EVT-0027063,2026-07-05 13:04:23.664940,0.4209120647730486,lstm
SVC-000017,EVT-0027064,2026-07-05 13:04:29.063314,0.976652889620297,lstm
USR-000089,EVT-0027065,2026-07-05 13:04:53.660017,0.8384450384737528,lstm
USR-000074,EVT-0027066,2026-07-05 13:05:08.644864,0.4299737259909073,lstm
USR-000060,EVT-0027067,2026-07-05 13:05:45.216707,0.28361551953184766,lstm
DEV-000001,EVT-0027068,2026-07-05 13:08:42.407224,0.6032492155171348,lstm
USR-000053,EVT-0027069,2026-07-05 13:09:02.154303,0.4948904432084056,lstm
USR-000092,EVT-0027070,2026-07-05 13:14:14.841278,0.28597207500233646,lstm
USR-000079,EVT-0027071,2026-07-05 13:14:37.532985,0.35532337582162754,lstm
SVC-000053,EVT-0027072,2026-07-05 13:16:12.238332,0.6284026601167756,lstm
SVC-000049,EVT-0027073,2026-07-05 13:16:14.286053,0.9474534983181886,lstm
USR-000038,EVT-0027074,2026-07-05 13:16:52.059180,0.22622526414022576,lstm
SVC-000043,EVT-0027075,2026-07-05 13:17:45.138198,0.8405676164510929,lstm
USR-000173,EVT-0027076,2026-07-05 13:19:29.437690,0.2539709491231509,lstm
SVC-000017,EVT-0027077,2026-07-05 13:19:57.626458,0.4662322211110213,lstm
SVC-000050,EVT-0027078,2026-07-05 13:21:09.409206,0.31720692972113806,lstm
SVC-000008,EVT-0027079,2026-07-05 13:23:01.360671,0.567090216462217,lstm
DEV-000009,EVT-0027080,2026-07-05 13:23:43.098373,0.2169824822369213,lstm
USR-000087,EVT-0027081,2026-07-05 13:25:06.646343,0.325721574613537,lstm
SVC-000017,EVT-0027082,2026-07-05 13:25:36.745201,0.30884202667143357,lstm
SVC-000050,EVT-0027083,2026-07-05 13:25:52.727228,0.5243414240748203,lstm
USR-000006,EVT-0027084,2026-07-05 13:25:55.504251,0.301682417069977,lstm
SVC-000027,EVT-0027085,2026-07-05 13:28:56.912182,0.9865941060053662,lstm
SVC-000050,EVT-0027086,2026-07-05 13:29:12.198300,0.4709215212760364,lstm
USR-000130,EVT-0027087,2026-07-05 13:29:24.982773,0.30699619391910604,lstm
USR-000185,EVT-0027088,2026-07-05 13:29:44.802861,0.5598031471786591,lstm
USR-000070,EVT-0027089,2026-07-05 13:30:12.939698,0.2874794595739535,lstm
USR-000208,EVT-0027090,2026-07-05 13:32:59.446051,0.5513116987629643,lstm
USR-000164,EVT-0027091,2026-07-05 13:33:03.074815,0.38018039476844134,lstm
USR-000029,EVT-0027092,2026-07-05 13:34:12.333087,0.25270296334183406,lstm
USR-000164,EVT-0027093,2026-07-05 13:35:18.149830,0.6726219103585165,lstm
USR-000053,EVT-0027094,2026-07-05 13:36:56.320180,0.4624692118593364,lstm
SVC-000043,EVT-0027095,2026-07-05 13:41:02.560275,0.3424988272807807,lstm
USR-000054,EVT-0027096,2026-07-05 13:41:16.444160,0.4882577129601421,lstm
USR-000154,EVT-0027097,2026-07-05 13:42:13.660268,0.3413015036459209,lstm
USR-000033,EVT-0027098,2026-07-05 13:44:34.831542,0.49028178656208665,lstm
USR-000104,EVT-0027099,2026-07-05 13:44:42.863625,0.4713371761118811,lstm
USR-000060,EVT-0027100,2026-07-05 13:46:25.191914,0.29877350761606797,lstm
SVC-000017,EVT-0027101,2026-07-05 13:48:48.631541,0.3838357137858429,lstm
SVC-000021,EVT-0027102,2026-07-05 13:51:24.470429,0.7306451572279857,lstm
USR-000170,EVT-0027103,2026-07-05 13:54:39.062646,0.3575213589587207,lstm
SVC-000043,EVT-0027104,2026-07-05 13:55:38.898155,0.3332622974137337,lstm
SVC-000050,EVT-0027105,2026-07-05 13:57:22.586837,0.40801521515703837,lstm
USR-000169,EVT-0027106,2026-07-05 13:58:12.045420,0.3992923559091873,lstm
USR-000157,EVT-0027107,2026-07-05 13:58:57.908988,0.48349117904047395,lstm
USR-000183,EVT-0027108,2026-07-05 13:59:32.650703,0.31613650674507576,lstm
USR-000127,EVT-0027109,2026-07-05 13:59:37.789279,0.22703191533574027,lstm
USR-000004,EVT-0027110,2026-07-05 13:59:48.707998,0.3025362665587291,lstm
USR-000053,EVT-0027111,2026-07-05 14:00:33.771470,0.33328237956144485,lstm
DEV-000022,EVT-0027112,2026-07-05 14:00:52.142964,0.2129084327527353,lstm
DEV-000019,EVT-0027113,2026-07-05 14:01:55.990010,0.9201233664021617,lstm
USR-000127,EVT-0027114,2026-07-05 14:02:09.057674,0.579973453831244,lstm
SVC-000050,EVT-0027115,2026-07-05 14:02:18.799513,0.49603737336252524,lstm
SVC-000017,EVT-0027116,2026-07-05 14:02:51.980716,0.3730792361666409,lstm
SVC-000049,EVT-0027117,2026-07-05 14:03:45.188124,0.3383158914092879,lstm
USR-000121,EVT-0027118,2026-07-05 14:04:37.208920,0.4969909607223983,lstm
USR-000192,EVT-0027119,2026-07-05 14:05:29.199991,0.6573104576162354,lstm
USR-000127,EVT-0027120,2026-07-05 14:06:04.454321,0.42461960539290594,lstm
USR-000125,EVT-0027121,2026-07-05 14:07:26.998242,0.30523364555708316,lstm
USR-000052,EVT-0027122,2026-07-05 14:08:09.527367,0.4814861276519237,lstm
SVC-000027,EVT-0027123,2026-07-05 14:08:33.070426,0.5415279418617558,lstm
USR-000188,EVT-0027124,2026-07-05 14:08:50.649718,0.38503275773399237,baseline_fallback
USR-000062,EVT-0027125,2026-07-05 14:10:09.194821,0.24835225007311734,lstm
SVC-000017,EVT-0027126,2026-07-05 14:11:10.726058,0.38688854917022986,lstm
SVC-000017,EVT-0027127,2026-07-05 14:11:26.541725,0.8873453298598393,lstm
USR-000212,EVT-0027128,2026-07-05 14:12:42.450091,0.47976959362595867,lstm
USR-000057,EVT-0027129,2026-07-05 14:12:54.916353,0.3077788241466966,lstm
USR-000011,EVT-0027130,2026-07-05 14:14:46.649216,0.359889141706673,lstm
SVC-000028,EVT-0027131,2026-07-05 14:15:34.641929,0.7488785994092304,lstm
DEV-000013,EVT-0027132,2026-07-05 14:16:10.710359,0.7198572384661284,lstm
USR-000126,EVT-0027133,2026-07-05 14:16:19.366428,0.4023039183754102,lstm
SVC-000022,EVT-0027134,2026-07-05 14:16:24.753627,0.9750447376316863,lstm
USR-000021,EVT-0027135,2026-07-05 14:17:47.952760,0.4158277934712397,lstm
SVC-000008,EVT-0027136,2026-07-05 14:19:30.905603,0.6862767431356498,lstm
SVC-000008,EVT-0027137,2026-07-05 14:20:25.795775,0.7711189191762773,lstm
SVC-000008,EVT-0027138,2026-07-05 14:20:59.666724,0.9152147894750757,lstm
SVC-000017,EVT-0027139,2026-07-05 14:21:13.081519,0.7479597203614675,lstm
USR-000177,EVT-0027140,2026-07-05 14:21:14.642144,0.3021275427053789,lstm
USR-000074,EVT-0027141,2026-07-05 14:23:26.581881,0.8621298416062658,lstm
USR-000004,EVT-0027142,2026-07-05 14:24:06.454142,0.3961958193154754,lstm
USR-000004,EVT-0027143,2026-07-05 14:24:26.966267,0.7674351652283143,lstm
USR-000143,EVT-0027144,2026-07-05 14:25:31.792470,0.3268492956260764,lstm
USR-000073,EVT-0027145,2026-07-05 14:26:05.024432,0.264747460293818,lstm
USR-000061,EVT-0027146,2026-07-05 14:26:30.906053,0.4998336075613496,lstm
USR-000109,EVT-0027147,2026-07-05 14:27:42.089315,0.6524096114068121,lstm
USR-000169,EVT-0027148,2026-07-05 14:28:56.382482,0.5955107695320333,lstm
USR-000016,EVT-0027149,2026-07-05 14:29:18.620438,0.3376126544188843,lstm
SVC-000022,EVT-0027150,2026-07-05 14:30:28.816526,0.34169429712416566,lstm
SVC-000012,EVT-0027151,2026-07-05 14:31:59.570037,0.9986748141341807,lstm
SVC-000001,EVT-0027152,2026-07-05 14:32:07.853814,0.39511550087120423,lstm
USR-000125,EVT-0027153,2026-07-05 14:32:34.723640,0.4952818504876576,lstm
USR-000192,EVT-0027154,2026-07-05 14:32:44.859293,0.6301339841532965,lstm
USR-000121,EVT-0027155,2026-07-05 14:34:04.629145,0.5953896361272468,lstm
SVC-000017,EVT-0027156,2026-07-05 14:34:25.354161,0.7487312345864192,lstm
SVC-000012,EVT-0027157,2026-07-05 14:34:31.408153,0.8527944515512315,lstm
USR-000144,EVT-0027158,2026-07-05 14:34:46.266356,0.3053730173296735,lstm
USR-000144,EVT-0027159,2026-07-05 14:36:12.075922,0.8139980398047405,lstm
SVC-000012,EVT-0027160,2026-07-05 14:38:15.553328,0.5424371782083534,lstm
USR-000052,EVT-0027161,2026-07-05 14:38:20.084635,0.3413331909582979,lstm
USR-000012,EVT-0027162,2026-07-05 14:39:20.169274,0.5161827937857779,lstm
USR-000169,EVT-0027163,2026-07-05 14:39:41.175112,0.6324231873376115,lstm
SVC-000028,EVT-0027164,2026-07-05 14:40:55.097067,0.7630371733767312,lstm
DEV-000009,EVT-0027165,2026-07-05 14:41:30.213661,0.1769295021915267,lstm
USR-000032,EVT-0027166,2026-07-05 14:42:40.330495,0.6351690555491721,baseline_fallback
SVC-000022,EVT-0027167,2026-07-05 14:42:58.490309,0.3692582465358463,lstm
SVC-000022,EVT-0027168,2026-07-05 14:43:18.283510,0.8402910391065938,lstm
USR-000028,EVT-0027169,2026-07-05 14:44:11.074969,0.874926045803628,lstm
USR-000127,EVT-0027170,2026-07-05 14:44:32.235180,0.23331753590390095,lstm
USR-000040,EVT-0027171,2026-07-05 14:45:38.374048,0.8386531691053128,lstm
USR-000092,EVT-0027172,2026-07-05 14:46:33.543027,0.20713057991110667,lstm
USR-000104,EVT-0027173,2026-07-05 14:48:04.018413,0.4344839784820071,lstm
USR-000197,EVT-0027174,2026-07-05 14:48:45.611414,0.32742517728357384,lstm
USR-000030,EVT-0027175,2026-07-05 14:48:53.170795,0.5194336919824604,lstm
USR-000170,EVT-0027176,2026-07-05 14:52:32.861694,0.2188345042880571,lstm
SVC-000017,EVT-0027177,2026-07-05 14:52:35.130917,0.6083437270129026,lstm
SVC-000010,EVT-0027178,2026-07-05 14:52:37.175949,0.9592549748302119,lstm
USR-000052,EVT-0027179,2026-07-05 14:52:39.550065,0.31135010522833045,lstm
SVC-000017,EVT-0027180,2026-07-05 14:52:41.811266,0.761228598627819,lstm
SVC-000022,EVT-0027181,2026-07-05 14:53:10.120683,0.30107583921811526,lstm
SVC-000027,EVT-0027182,2026-07-05 14:54:52.138551,0.5540179090408036,lstm
SVC-000017,EVT-0027183,2026-07-05 14:55:29.491797,0.524178657623478,lstm
USR-000125,EVT-0027184,2026-07-05 14:55:48.184799,0.37265744578933263,lstm
SVC-000033,EVT-0027185,2026-07-05 14:56:57.622499,0.9999971736492739,lstm
USR-000173,EVT-0027186,2026-07-05 14:57:33.162894,0.32408620554893347,lstm
SVC-000001,EVT-0027187,2026-07-05 14:58:03.992852,0.4194655605751015,lstm
SVC-000012,EVT-0027188,2026-07-05 15:00:09.662699,0.41219402971912567,lstm
USR-000074,EVT-0027189,2026-07-05 15:01:40.655891,0.42422789417390355,lstm
DEV-000001,EVT-0027190,2026-07-05 15:03:18.386878,0.5599952698238563,lstm
USR-000073,EVT-0027191,2026-07-05 15:03:28.092253,0.39681206366715466,lstm
USR-000101,EVT-0027192,2026-07-05 15:03:47.689610,0.35461940426674665,lstm
DEV-000021,EVT-0027193,2026-07-05 15:05:02.863199,0.4020577901448248,lstm
DEV-000013,EVT-0027194,2026-07-05 15:05:12.041320,0.7098216328245872,lstm
SVC-000027,EVT-0027195,2026-07-05 15:05:13.471230,0.511002092606037,lstm
USR-000185,EVT-0027196,2026-07-05 15:09:15.444745,0.26037379682710815,lstm
SVC-000033,EVT-0027197,2026-07-05 15:09:53.011438,0.9748245913050726,lstm
SVC-000017,EVT-0027198,2026-07-05 15:10:15.123859,0.6364571593064349,lstm
SVC-000028,EVT-0027199,2026-07-05 15:11:55.988579,0.36045645307731855,lstm
SVC-000012,EVT-0027200,2026-07-05 15:14:49.243714,0.3916097061354108,lstm
SVC-000005,EVT-0027201,2026-07-05 15:15:19.404017,0.9467926773989743,lstm
SVC-000049,EVT-0027202,2026-07-05 15:16:02.772829,0.45549170698894914,lstm
SVC-000017,EVT-0027203,2026-07-05 15:20:30.791808,0.2975197025062412,lstm
USR-000057,EVT-0027204,2026-07-05 15:20:45.580933,0.29100462443894487,lstm
USR-000092,EVT-0027205,2026-07-05 15:21:11.453876,0.38246331431962677,lstm
SVC-000010,EVT-0027206,2026-07-05 15:23:14.411386,0.36841382082299234,lstm
USR-000144,EVT-0027207,2026-07-05 15:30:48.088284,0.5465505529887116,lstm
SVC-000012,EVT-0027208,2026-07-05 15:30:53.948167,0.288947868689675,lstm
USR-000110,EVT-0027209,2026-07-05 15:31:36.541436,0.43971236762227955,lstm
SVC-000027,EVT-0027210,2026-07-05 15:31:58.843512,0.3894798678027778,lstm
DEV-000023,EVT-0027211,2026-07-05 15:34:02.817270,0.3740099267735755,lstm
USR-000027,EVT-0027212,2026-07-05 15:35:16.821719,0.9044147423966442,lstm
USR-000003,EVT-0027213,2026-07-05 15:35:43.738289,0.41802442604605833,lstm
SVC-000028,EVT-0027214,2026-07-05 15:36:07.487472,0.37316350984532415,lstm
SVC-000049,EVT-0027215,2026-07-05 15:37:45.793270,0.42839545822999,lstm
USR-000033,EVT-0027216,2026-07-05 15:39:29.468451,0.42462780901172015,lstm
DEV-000010,EVT-0027217,2026-07-05 15:39:45.826892,0.4122114306417646,lstm
USR-000166,EVT-0027218,2026-07-05 15:41:00.944339,0.5975359950608484,lstm
USR-000104,EVT-0027219,2026-07-05 15:41:18.511972,0.452044736429099,lstm
USR-000032,EVT-0027220,2026-07-05 15:42:00.988629,0.7017677289369285,baseline_fallback
SVC-000010,EVT-0027221,2026-07-05 15:43:54.852292,0.4106346277266676,lstm
USR-000053,EVT-0027222,2026-07-05 15:43:55.030895,0.23840151631105358,lstm
SVC-000027,EVT-0027223,2026-07-05 15:44:43.588755,0.45544826365140395,lstm
USR-000073,EVT-0027224,2026-07-05 15:44:47.262025,0.39032077123356484,lstm
DEV-000026,EVT-0027225,2026-07-05 15:44:57.958869,0.49850972457636716,lstm
USR-000074,EVT-0027226,2026-07-05 15:45:19.337615,0.27671031053839157,lstm
SVC-000017,EVT-0027227,2026-07-05 15:46:10.124795,0.6271848869105098,lstm
SVC-000033,EVT-0027228,2026-07-05 15:46:21.490104,0.9338792718742076,lstm
USR-000170,EVT-0027229,2026-07-05 15:46:27.281735,0.2995717110813689,lstm
USR-000170,EVT-0027230,2026-07-05 15:46:34.830160,0.6606829378753415,lstm
USR-000181,EVT-0027231,2026-07-05 15:47:06.308133,0.4001250860576981,lstm
SVC-000017,EVT-0027232,2026-07-05 15:47:35.001714,0.4300406733031446,lstm
SVC-000033,EVT-0027233,2026-07-05 15:48:18.829802,0.9521512747934441,lstm
USR-000104,EVT-0027234,2026-07-05 15:50:32.910894,0.513506721579889,lstm
DEV-000009,EVT-0027235,2026-07-05 15:50:52.000567,0.2129415787775912,lstm
SVC-000023,EVT-0027236,2026-07-05 15:51:29.959783,0.9030527381657611,lstm
SVC-000027,EVT-0027237,2026-07-05 15:51:31.005868,0.42577663519307324,lstm
USR-000166,EVT-0027238,2026-07-05 15:53:19.941663,0.5715789306534084,lstm
USR-000144,EVT-0027239,2026-07-05 15:55:46.040412,0.30236247560151286,lstm
USR-000110,EVT-0027240,2026-07-05 15:57:06.411171,0.46792145815448594,lstm
USR-000181,EVT-0027241,2026-07-05 15:59:26.181213,0.5616727779652697,lstm
USR-000185,EVT-0027242,2026-07-05 15:59:26.674906,0.2362934805880627,lstm
USR-000147,EVT-0027243,2026-07-05 15:59:53.299655,0.248760957855914,lstm
USR-000130,EVT-0027244,2026-07-05 16:01:30.334876,0.6960763068879067,lstm
USR-000200,EVT-0027245,2026-07-05 16:04:10.774928,0.48629193709912316,lstm
USR-000045,EVT-0027246,2026-07-05 16:04:23.225538,0.5191539274771115,lstm
USR-000005,EVT-0027247,2026-07-05 16:04:48.765970,0.2594577555465847,lstm
SVC-000026,EVT-0027248,2026-07-05 16:05:43.622327,0.9394648574967491,lstm
DEV-000021,EVT-0027249,2026-07-05 16:06:59.779726,0.3823992952439517,lstm
USR-000198,EVT-0027250,2026-07-05 16:07:21.461429,0.352204431170258,lstm
DEV-000020,EVT-0027251,2026-07-05 16:07:32.915340,0.4299153588805006,lstm
USR-000126,EVT-0027252,2026-07-05 16:09:43.444475,0.27259690650942575,lstm
USR-000147,EVT-0027253,2026-07-05 16:10:55.348750,0.5538648368365561,lstm
DEV-000002,EVT-0027254,2026-07-05 16:11:21.046861,0.5908154161765603,lstm
SVC-000010,EVT-0027255,2026-07-05 16:12:05.249327,0.6233691777996538,lstm
USR-000100,EVT-0027256,2026-07-05 16:12:35.248807,0.6939856035574604,lstm
SVC-000010,EVT-0027257,2026-07-05 16:12:36.036066,0.8831248076616324,lstm
USR-000087,EVT-0027258,2026-07-05 16:13:49.460515,0.4340116980300373,lstm
USR-000109,EVT-0027259,2026-07-05 16:15:02.873736,0.340859633878946,lstm
USR-000027,EVT-0027260,2026-07-05 16:16:16.874264,0.36879497449402776,lstm
USR-000033,EVT-0027261,2026-07-05 16:16:18.768835,0.420610718395522,lstm
USR-000045,EVT-0027262,2026-07-05 16:16:18.948788,0.3581056157801662,lstm
SVC-000010,EVT-0027263,2026-07-05 16:16:59.864979,0.2937767466628478,lstm
USR-000204,EVT-0027264,2026-07-05 16:19:38.024963,0.4746796473557805,lstm
SVC-000028,EVT-0027265,2026-07-05 16:20:23.463748,0.4226313033565133,lstm
USR-000065,EVT-0027266,2026-07-05 16:20:41.881557,0.3364490996005516,lstm
SVC-000033,EVT-0027267,2026-07-05 16:21:23.396714,0.7437094808643046,lstm
DEV-000026,EVT-0027268,2026-07-05 16:23:17.482451,0.5233634417965358,lstm
SVC-000026,EVT-0027269,2026-07-05 16:25:04.795849,0.4568656178546241,lstm
SVC-000026,EVT-0027270,2026-07-05 16:26:27.998420,0.5342423208561385,lstm
SVC-000038,EVT-0027271,2026-07-05 16:27:12.929035,0.9728896953130894,lstm
USR-000126,EVT-0027272,2026-07-05 16:27:44.022106,0.4971950833319242,lstm
SVC-000010,EVT-0027273,2026-07-05 16:28:17.199767,0.32644282581285805,lstm
SVC-000010,EVT-0027274,2026-07-05 16:28:31.063619,0.8681848520970672,lstm
SVC-000010,EVT-0027275,2026-07-05 16:28:39.177572,0.6596642460714448,lstm
USR-000208,EVT-0027276,2026-07-05 16:29:24.320585,0.3863981371377538,lstm
DEV-000011,EVT-0027277,2026-07-05 16:29:25.350987,0.17300857797542418,lstm
USR-000154,EVT-0027278,2026-07-05 16:29:36.484843,0.3250037172477118,lstm
USR-000052,EVT-0027279,2026-07-05 16:30:41.953064,0.3498268066717222,lstm
USR-000126,EVT-0027280,2026-07-05 16:30:44.367187,0.596700946045248,lstm
SVC-000028,EVT-0027281,2026-07-05 16:30:51.256423,0.4498065039245365,lstm
DEV-000010,EVT-0027282,2026-07-05 16:31:04.787432,0.25940785319632137,lstm
DEV-000025,EVT-0027283,2026-07-05 16:32:37.707836,0.9999967689867262,lstm
USR-000140,EVT-0027284,2026-07-05 16:33:38.008939,0.6490884007426733,lstm
DEV-000002,EVT-0027285,2026-07-05 16:35:59.686127,0.6040047115030623,lstm
DEV-000011,EVT-0027286,2026-07-05 16:39:05.194900,0.25258448460345634,lstm
USR-000152,EVT-0027287,2026-07-05 16:40:03.471440,0.6577036043091624,lstm
USR-000178,EVT-0027288,2026-07-05 16:40:27.930931,0.6833219391042668,lstm
DEV-000016,EVT-0027289,2026-07-05 16:40:38.254869,0.2914885041456695,lstm
SVC-000029,EVT-0027290,2026-07-05 16:40:49.239476,0.9392979174074356,lstm
DEV-000022,EVT-0027291,2026-07-05 16:40:58.477411,0.2519087879175408,lstm
SVC-000038,EVT-0027292,2026-07-05 16:41:08.420885,0.5066473611235451,lstm
USR-000089,EVT-0027293,2026-07-05 16:45:24.509474,0.5447244082911202,lstm
SVC-000010,EVT-0027294,2026-07-05 16:48:54.979474,0.28031706285139196,lstm
SVC-000038,EVT-0027295,2026-07-05 16:49:50.280557,0.49871859775120186,lstm
DEV-000010,EVT-0027296,2026-07-05 16:49:54.476843,0.3621309249602162,lstm
USR-000200,EVT-0027297,2026-07-05 16:49:54.582158,0.5812594620003969,lstm
SVC-000029,EVT-0027298,2026-07-05 16:50:17.069557,0.8733523478437151,lstm
USR-000092,EVT-0027299,2026-07-05 16:50:21.830071,0.22794615262735757,lstm
SVC-000028,EVT-0027300,2026-07-05 16:50:38.097056,0.38653312223314673,lstm
SVC-000038,EVT-0027301,2026-07-05 16:51:08.740704,0.9337197678106152,lstm
USR-000079,EVT-0027302,2026-07-05 16:53:00.203298,0.33951433631900846,lstm
USR-000061,EVT-0027303,2026-07-05 16:53:20.881083,0.4074677906960374,lstm
USR-000032,EVT-0027304,2026-07-05 16:54:17.163613,0.8985039258606017,baseline_fallback
USR-000032,EVT-0027305,2026-07-05 16:54:25.614256,0.789394681407307,baseline_fallback
SVC-000052,EVT-0027306,2026-07-05 16:54:32.940811,0.993736643919105,lstm
SVC-000029,EVT-0027307,2026-07-05 16:54:58.860532,0.5886264985142483,lstm
SVC-000010,EVT-0027308,2026-07-05 16:55:50.385759,0.30977958603907413,lstm
USR-000021,EVT-0027309,2026-07-05 16:56:22.049111,0.4651774003255091,lstm
DEV-000022,EVT-0027310,2026-07-05 16:56:33.128792,0.4974562221128227,lstm
USR-000004,EVT-0027311,2026-07-05 16:56:48.205350,0.33441774519594714,lstm
SVC-000038,EVT-0027312,2026-07-05 17:03:26.781775,0.5168661442341494,lstm
SVC-000005,EVT-0027313,2026-07-05 17:03:47.767221,0.5748215966270382,lstm
DEV-000017,EVT-0027314,2026-07-05 17:06:14.127246,0.5513444566052977,lstm
SVC-000029,EVT-0027315,2026-07-05 17:08:21.998436,0.39584803693207465,lstm
USR-000079,EVT-0027316,2026-07-05 17:08:44.536170,0.4304914628124642,lstm
SVC-000038,EVT-0027317,2026-07-05 17:10:20.936195,0.9108706877300294,lstm
USR-000176,EVT-0027318,2026-07-05 17:13:58.282983,0.5490946871170906,lstm
USR-000040,EVT-0027319,2026-07-05 17:14:12.752665,0.6886048104644122,lstm
SVC-000026,EVT-0027320,2026-07-05 17:16:10.927425,0.45395313173998614,lstm
SVC-000005,EVT-0027321,2026-07-05 17:17:43.725899,0.8372677173929085,lstm
USR-000100,EVT-0027322,2026-07-05 17:18:46.240537,0.7907886444228477,lstm
USR-000192,EVT-0027323,2026-07-05 17:19:08.385496,0.29612080901567717,lstm
USR-000147,EVT-0027324,2026-07-05 17:19:50.591055,0.29454413737602486,lstm
SVC-000029,EVT-0027325,2026-07-05 17:20:34.917708,0.3950501588933424,lstm
SVC-000028,EVT-0027326,2026-07-05 17:20:45.532206,0.47996455866988813,lstm
USR-000152,EVT-0027327,2026-07-05 17:21:16.191083,0.3487973848703689,lstm
SVC-000028,EVT-0027328,2026-07-05 17:24:18.872432,0.5855060450536643,lstm
USR-000040,EVT-0027329,2026-07-05 17:24:42.636398,0.8387758063883656,lstm
USR-000178,EVT-0027330,2026-07-05 17:24:53.966430,0.41447725915298567,lstm
DEV-000014,EVT-0027331,2026-07-05 17:24:55.606963,0.252320332220767,lstm
SVC-000023,EVT-0027332,2026-07-05 17:25:54.985219,0.28071646309696774,lstm
SVC-000026,EVT-0027333,2026-07-05 17:27:55.058934,0.26066847073096766,lstm
DEV-000009,EVT-0027334,2026-07-05 17:30:03.121190,0.24635182851700607,lstm
USR-000109,EVT-0027335,2026-07-05 17:32:22.438849,0.5598962433952509,lstm
USR-000033,EVT-0027336,2026-07-05 17:33:18.409368,0.35789165651186255,lstm
USR-000198,EVT-0027337,2026-07-05 17:36:09.650271,0.2990239549461041,lstm
SVC-000026,EVT-0027338,2026-07-05 17:37:48.078225,0.2976268066837445,lstm
DEV-000002,EVT-0027339,2026-07-05 17:38:17.579828,0.6196370233250498,lstm
USR-000052,EVT-0027340,2026-07-05 17:38:37.890864,0.3739491412860691,lstm
SVC-000033,EVT-0027341,2026-07-05 17:39:51.337326,0.6211110646318032,lstm
USR-000101,EVT-0027342,2026-07-05 17:41:48.750668,0.25947245536425356,lstm
DEV-000009,EVT-0027343,2026-07-05 17:42:45.733980,0.5999780787014494,lstm
DEV-000013,EVT-0027344,2026-07-05 17:45:39.891872,0.456735551944105,lstm
SVC-000037,EVT-0027345,2026-07-05 17:45:41.330628,0.981644772561406,lstm
SVC-000010,EVT-0027346,2026-07-05 17:46:30.667640,0.6808748979242257,lstm
USR-000062,EVT-0027347,2026-07-05 17:47:24.077672,0.3699595081149147,lstm
SVC-000052,EVT-0027348,2026-07-05 17:47:52.394629,0.7888809852613744,lstm
SVC-000033,EVT-0027349,2026-07-05 17:49:23.215489,0.6442092845806403,lstm
USR-000011,EVT-0027350,2026-07-05 17:49:54.191557,0.5417202291419017,lstm
SVC-000037,EVT-0027351,2026-07-05 17:50:52.756110,0.4198983052740395,lstm
SVC-000005,EVT-0027352,2026-07-05 17:50:58.301752,0.6029032959271041,lstm
USR-000101,EVT-0027353,2026-07-05 17:54:02.357640,0.41955166253678094,lstm
SVC-000037,EVT-0027354,2026-07-05 17:54:12.868786,0.7134679418800043,lstm
SVC-000010,EVT-0027355,2026-07-05 17:55:55.688408,0.3439864647758242,lstm
USR-000073,EVT-0027356,2026-07-05 17:56:02.636692,0.3630695474542651,lstm
SVC-000038,EVT-0027357,2026-07-05 17:57:01.033561,0.7871239479663189,lstm
SVC-000037,EVT-0027358,2026-07-05 17:58:03.227038,0.8749536374690327,lstm
USR-000027,EVT-0027359,2026-07-05 17:58:39.354366,0.29595611505919417,lstm
USR-000100,EVT-0027360,2026-07-05 18:00:39.672553,0.6341625190780985,lstm
USR-000029,EVT-0027361,2026-07-05 18:01:00.997676,0.48739516058137056,lstm
SVC-000044,EVT-0027362,2026-07-05 18:02:57.340367,0.9632136025287097,lstm
USR-000146,EVT-0027363,2026-07-05 18:03:22.380164,0.38550783269704175,lstm
DEV-000010,EVT-0027364,2026-07-05 18:05:49.216671,0.2600080979940589,lstm
USR-000208,EVT-0027365,2026-07-05 18:05:56.841023,0.4324347467055986,lstm
SVC-000044,EVT-0027366,2026-07-05 18:10:18.432004,0.8470566452062083,lstm
SVC-000026,EVT-0027367,2026-07-05 18:10:45.356022,0.2847585940448549,lstm
DEV-000012,EVT-0027368,2026-07-05 18:14:24.934155,0.7623636899994372,lstm
DEV-000026,EVT-0027369,2026-07-05 18:16:16.447566,0.3995583155578898,lstm
USR-000040,EVT-0027370,2026-07-05 18:16:38.268026,0.8863591284924964,lstm
DEV-000001,EVT-0027371,2026-07-05 18:18:19.587257,0.35721242093471267,lstm
DEV-000015,EVT-0027372,2026-07-05 18:19:31.518556,0.13204574707464967,lstm
USR-000173,EVT-0027373,2026-07-05 18:23:08.003254,0.5614851600877233,lstm
SVC-000010,EVT-0027374,2026-07-05 18:27:22.125013,0.4832557087289621,lstm
USR-000149,EVT-0027375,2026-07-05 18:28:51.544255,0.7335210904286146,lstm
SVC-000010,EVT-0027376,2026-07-05 18:29:07.132622,0.5519048353102566,lstm
USR-000109,EVT-0027377,2026-07-05 18:29:20.648702,0.7632169390300618,lstm
USR-000152,EVT-0027378,2026-07-05 18:35:36.314401,0.4404517369851388,lstm
SVC-000023,EVT-0027379,2026-07-05 18:40:32.061923,0.24782348485664196,lstm
DEV-000008,EVT-0027380,2026-07-05 18:43:10.721756,0.4742036891210531,lstm
SVC-000026,EVT-0027381,2026-07-05 18:44:41.754635,0.3429831570530967,lstm
SVC-000052,EVT-0027382,2026-07-05 18:45:20.318307,0.3044572186958636,lstm
USR-000146,EVT-0027383,2026-07-05 18:50:11.563948,0.5284430518926968,lstm
SVC-000049,EVT-0027384,2026-07-05 18:51:00.325801,0.8234644150494109,lstm
SVC-000052,EVT-0027385,2026-07-05 18:51:31.355823,0.4665121785909886,lstm
SVC-000037,EVT-0027386,2026-07-05 18:53:28.067080,0.5125665738777921,lstm
USR-000146,EVT-0027387,2026-07-05 18:54:46.518723,0.48645877106262725,lstm
SVC-000023,EVT-0027388,2026-07-05 18:55:29.508768,0.27929575540637147,lstm
SVC-000037,EVT-0027389,2026-07-05 18:56:48.685617,0.426299665302344,lstm
SVC-000006,EVT-0027390,2026-07-05 19:03:15.198557,0.9958171797466383,lstm
SVC-000057,EVT-0027391,2026-07-05 19:06:06.155438,0.9718956391623083,lstm
DEV-000006,EVT-0027392,2026-07-05 19:09:24.626864,0.4343177593223068,lstm
SVC-000006,EVT-0027393,2026-07-05 19:10:04.025470,0.3233390389027093,lstm
DEV-000005,EVT-0027394,2026-07-05 19:12:12.559854,0.28773366630006547,lstm
DEV-000021,EVT-0027395,2026-07-05 19:13:22.387748,0.3339975118301886,lstm
SVC-000052,EVT-0027396,2026-07-05 19:17:18.527091,0.3406182533825304,lstm
SVC-000006,EVT-0027397,2026-07-05 19:18:03.712928,0.48796558452911337,lstm
SVC-000037,EVT-0027398,2026-07-05 19:20:12.067922,0.4229391783018047,lstm
USR-000027,EVT-0027399,2026-07-05 19:20:24.612080,0.3045525567461036,lstm
DEV-000011,EVT-0027400,2026-07-05 19:22:00.593616,0.16616741275162386,lstm
SVC-000033,EVT-0027401,2026-07-05 19:22:13.283156,0.8470553177279972,lstm
SVC-000004,EVT-0027402,2026-07-05 19:22:58.375471,0.9568100242066986,lstm
DEV-000003,EVT-0027403,2026-07-05 19:23:36.115003,0.6088302913400865,lstm
SVC-000004,EVT-0027404,2026-07-05 19:24:03.120209,0.6397447512313984,lstm
SVC-000004,EVT-0027405,2026-07-05 19:27:17.543902,0.35355072022276646,lstm
SVC-000061,EVT-0027406,2026-07-05 19:27:44.735173,0.9311714985094106,lstm
SVC-000044,EVT-0027407,2026-07-05 19:28:58.795685,0.3574212272034973,lstm
SVC-000061,EVT-0027408,2026-07-05 19:30:58.724104,0.623524301184262,lstm
SVC-000004,EVT-0027409,2026-07-05 19:32:16.341218,0.2753261925848399,lstm
DEV-000022,EVT-0027410,2026-07-05 19:33:10.360475,0.3576052563108821,lstm
SVC-000044,EVT-0027411,2026-07-05 19:33:17.038302,0.700927851347962,lstm
SVC-000044,EVT-0027412,2026-07-05 19:38:06.507231,0.6311768316950384,lstm
DEV-000003,EVT-0027413,2026-07-05 19:38:07.381277,0.4465150411071161,lstm
SVC-000006,EVT-0027414,2026-07-05 19:39:38.052441,0.5415747304066583,lstm
SVC-000057,EVT-0027415,2026-07-05 19:39:44.179474,0.32121848259571434,lstm
SVC-000037,EVT-0027416,2026-07-05 19:41:26.790958,0.9395718189283728,lstm
SVC-000052,EVT-0027417,2026-07-05 19:41:38.613126,0.22719780523731659,lstm
SVC-000057,EVT-0027418,2026-07-05 19:43:33.335153,0.5143482011781438,lstm
SVC-000061,EVT-0027419,2026-07-05 19:46:40.837243,0.395322803188529,lstm
SVC-000006,EVT-0027420,2026-07-05 19:47:29.467085,0.2767810940618575,lstm
SVC-000057,EVT-0027421,2026-07-05 19:50:29.955059,0.5656853263051829,lstm
SVC-000006,EVT-0027422,2026-07-05 19:50:41.234075,0.49903437362133385,lstm
SVC-000057,EVT-0027423,2026-07-05 19:50:55.550793,0.7820982689170308,lstm
SVC-000023,EVT-0027424,2026-07-05 19:55:19.677166,0.2384517262041401,lstm
SVC-000057,EVT-0027425,2026-07-05 19:56:44.593751,0.38496665805047015,lstm
SVC-000061,EVT-0027426,2026-07-05 19:57:12.660024,0.2824843286378874,lstm
SVC-000061,EVT-0027427,2026-07-05 19:58:05.619604,0.5088613174037276,lstm
SVC-000006,EVT-0027428,2026-07-05 19:58:19.379842,0.505135080533647,lstm
SVC-000006,EVT-0027429,2026-07-05 19:59:19.401078,0.7485648918357986,lstm
USR-000028,EVT-0027430,2026-07-05 19:59:26.541117,0.8454420509263899,lstm
SVC-000052,EVT-0027431,2026-07-05 20:00:26.010613,0.4888459089878684,lstm
USR-000198,EVT-0027432,2026-07-05 20:00:46.286342,0.39551209866489223,lstm
SVC-000023,EVT-0027433,2026-07-05 20:01:53.917229,0.3965080109266503,lstm
SVC-000061,EVT-0027434,2026-07-05 20:03:40.530647,0.36936914586300035,lstm
SVC-000061,EVT-0027435,2026-07-05 20:04:21.218600,0.49624624069469553,lstm
SVC-000033,EVT-0027436,2026-07-05 20:04:44.234177,0.6462067601768361,lstm
SVC-000035,EVT-0027437,2026-07-05 20:09:01.829712,0.9701960663537667,lstm
SVC-000052,EVT-0027438,2026-07-05 20:10:03.464598,0.3521712977742006,lstm
SVC-000058,EVT-0027439,2026-07-05 20:11:14.801013,0.9690978543950964,lstm
SVC-000061,EVT-0027440,2026-07-05 20:13:03.847817,0.28973404496410765,lstm
SVC-000057,EVT-0027441,2026-07-05 20:13:17.586458,0.4479708619178634,lstm
SVC-000048,EVT-0027442,2026-07-05 20:14:25.050566,0.898397137828062,lstm
USR-000101,EVT-0027443,2026-07-05 20:14:41.851971,0.36389259942852,lstm
SVC-000004,EVT-0027444,2026-07-05 20:14:51.504401,0.34518409497884556,lstm
DEV-000006,EVT-0027445,2026-07-05 20:16:33.583472,0.25820661264758826,lstm
SVC-000061,EVT-0027446,2026-07-05 20:17:00.395965,0.38900353740239263,lstm
DEV-000018,EVT-0027447,2026-07-05 20:22:46.686344,0.42169213898801594,lstm
USR-000052,EVT-0027448,2026-07-05 20:23:13.199463,0.7453360541634764,lstm
SVC-000004,EVT-0027449,2026-07-05 20:23:35.527278,0.38640151388714855,lstm
SVC-000061,EVT-0027450,2026-07-05 20:23:40.340666,0.39744976468376697,lstm
DEV-000017,EVT-0027451,2026-07-05 20:25:04.169878,0.41844737019401373,lstm
SVC-000061,EVT-0027452,2026-07-05 20:26:16.860895,0.41833117363654604,lstm
SVC-000044,EVT-0027453,2026-07-05 20:30:09.369318,0.5744381562792283,lstm
SVC-000035,EVT-0027454,2026-07-05 20:30:42.786633,0.5578878508329328,lstm
SVC-000052,EVT-0027455,2026-07-05 20:31:49.351441,0.3538689199517111,lstm
SVC-000052,EVT-0027456,2026-07-05 20:32:21.512851,0.8839626777873197,lstm
SVC-000058,EVT-0027457,2026-07-05 20:32:46.801877,0.33574766676499584,lstm
SVC-000025,EVT-0027458,2026-07-05 20:35:12.462786,0.9770398357672403,lstm
SVC-000044,EVT-0027459,2026-07-05 20:37:15.526134,0.8459343715578233,lstm
SVC-000044,EVT-0027460,2026-07-05 20:39:39.580886,0.9204399565913887,lstm
USR-000109,EVT-0027461,2026-07-05 20:39:45.668248,0.8015853855141689,lstm
USR-000185,EVT-0027462,2026-07-05 20:41:19.972637,0.4783133681942323,lstm
DEV-000002,EVT-0027463,2026-07-05 20:42:55.776464,0.6744415972088357,lstm
SVC-000044,EVT-0027464,2026-07-05 20:43:22.215881,0.6202065111851981,lstm
SVC-000061,EVT-0027465,2026-07-05 20:46:42.897393,0.365974744007413,lstm
SVC-000052,EVT-0027466,2026-07-05 20:49:22.854699,0.37949833934702254,lstm
SVC-000035,EVT-0027467,2026-07-05 20:52:04.477341,0.6805027566057161,lstm
SVC-000004,EVT-0027468,2026-07-05 20:53:01.430772,0.3505133373393599,lstm
DEV-000016,EVT-0027469,2026-07-05 20:54:25.239517,0.21728648056084515,lstm
SVC-000048,EVT-0027470,2026-07-05 20:54:55.603112,0.8150292617646112,lstm
SVC-000048,EVT-0027471,2026-07-05 20:57:47.845427,0.9017876547296976,lstm
SVC-000048,EVT-0027472,2026-07-05 20:59:19.539779,0.9100117163366487,lstm
SVC-000048,EVT-0027473,2026-07-05 20:59:25.120997,0.8933195386044214,lstm
SVC-000052,EVT-0027474,2026-07-05 21:00:41.710547,0.41934778451270177,lstm
SVC-000035,EVT-0027475,2026-07-05 21:03:03.253792,0.33951432054064756,lstm
DEV-000016,EVT-0027476,2026-07-05 21:06:55.265807,0.39289748982593065,lstm
USR-000011,EVT-0027477,2026-07-05 21:07:33.131279,0.6627182224623501,lstm
SVC-000061,EVT-0027478,2026-07-05 21:10:05.513042,0.3575796656659567,lstm
SVC-000054,EVT-0027479,2026-07-05 21:12:49.383956,0.9935252514554397,lstm
SVC-000054,EVT-0027480,2026-07-05 21:15:30.259682,0.47463474884153944,lstm
SVC-000058,EVT-0027481,2026-07-05 21:15:56.512901,0.31433221235822845,lstm
SVC-000058,EVT-0027482,2026-07-05 21:22:25.985584,0.263868163294344,lstm
SVC-000058,EVT-0027483,2026-07-05 21:22:58.224573,0.4955169765741301,lstm
SVC-000054,EVT-0027484,2026-07-05 21:31:41.194312,0.3536576639205974,lstm
SVC-000035,EVT-0027485,2026-07-05 21:34:35.420515,0.3976494436459377,lstm
SVC-000054,EVT-0027486,2026-07-05 21:41:36.530417,0.37866108757520783,lstm
SVC-000002,EVT-0027487,2026-07-05 21:41:52.281585,0.9761803502244484,lstm
SVC-000045,EVT-0027488,2026-07-05 21:47:20.599020,0.9645615083718865,lstm
SVC-000058,EVT-0027489,2026-07-05 21:49:53.534719,0.25852005639509,lstm
DEV-000009,EVT-0027490,2026-07-05 21:53:07.643266,0.5549220709414662,lstm
SVC-000045,EVT-0027491,2026-07-05 21:56:07.257965,0.5792324278293871,lstm
SVC-000054,EVT-0027492,2026-07-05 21:56:52.523291,0.27017098489481356,lstm
SVC-000003,EVT-0027493,2026-07-05 21:57:19.156683,0.9826127830259703,lstm
SVC-000002,EVT-0027494,2026-07-05 21:57:58.408413,0.3869163368632022,lstm
SVC-000003,EVT-0027495,2026-07-05 21:58:44.073997,0.7080716244538084,lstm
SVC-000054,EVT-0027496,2026-07-05 21:58:49.209856,0.4651966956359181,lstm
SVC-000058,EVT-0027497,2026-07-05 21:59:17.309499,0.2767302349586147,lstm
SVC-000035,EVT-0027498,2026-07-05 21:59:34.024986,0.439905785740733,lstm
SVC-000058,EVT-0027499,2026-07-05 22:00:02.746802,0.476628549940383,lstm
SVC-000003,EVT-0027500,2026-07-05 22:02:13.156362,0.8111384236806793,lstm
SVC-000058,EVT-0027501,2026-07-05 22:02:50.435162,0.6800945965266342,lstm
SVC-000003,EVT-0027502,2026-07-05 22:05:38.964575,0.5401847569881982,lstm
SVC-000003,EVT-0027503,2026-07-05 22:08:21.920205,0.8007349469148527,lstm
USR-000149,EVT-0027504,2026-07-05 22:08:35.560429,0.6210798628886711,lstm
SVC-000054,EVT-0027505,2026-07-05 22:09:41.011243,0.31442015369172593,lstm
SVC-000003,EVT-0027506,2026-07-05 22:10:15.349592,0.8537821341971276,lstm
SVC-000035,EVT-0027507,2026-07-05 22:12:10.141847,0.7640587496559754,lstm
SVC-000002,EVT-0027508,2026-07-05 22:18:51.881643,0.3009375400830127,lstm
SVC-000003,EVT-0027509,2026-07-05 22:18:59.965020,0.5610754922763703,lstm
SVC-000054,EVT-0027510,2026-07-05 22:19:13.727842,0.3590790741454471,lstm
SVC-000002,EVT-0027511,2026-07-05 22:22:09.563652,0.561820009326423,lstm
SVC-000035,EVT-0027512,2026-07-05 22:22:52.463731,0.31865616836366273,lstm
SVC-000045,EVT-0027513,2026-07-05 22:23:06.449157,0.42448648261128696,lstm
SVC-000041,EVT-0027514,2026-07-05 22:24:20.052374,0.9891742082621099,lstm
SVC-000045,EVT-0027515,2026-07-05 22:25:06.365598,0.8009448435673424,lstm
SVC-000048,EVT-0027516,2026-07-05 22:27:23.894994,0.4818951797615081,lstm
SVC-000002,EVT-0027517,2026-07-05 22:36:06.407885,0.39607989897223034,lstm
DEV-000014,EVT-0027518,2026-07-05 22:36:19.805948,0.5914024214417412,lstm
SVC-000056,EVT-0027519,2026-07-05 22:36:36.544713,0.9637367585280152,lstm
SVC-000045,EVT-0027520,2026-07-05 22:38:38.261763,0.400558611849341,lstm
SVC-000003,EVT-0027521,2026-07-05 22:38:59.331703,0.9014702065017962,lstm
SVC-000054,EVT-0027522,2026-07-05 22:41:19.287801,0.26392073560833507,lstm
SVC-000032,EVT-0027523,2026-07-05 22:42:10.514433,0.9643839644961938,lstm
SVC-000002,EVT-0027524,2026-07-05 22:42:24.245108,0.4391833138711398,lstm
SVC-000032,EVT-0027525,2026-07-05 22:43:08.803474,0.7473843816086477,lstm
DEV-000013,EVT-0027526,2026-07-05 22:43:25.525043,0.35982681210195383,lstm
SVC-000045,EVT-0027527,2026-07-05 22:44:35.906556,0.5174758281480994,lstm
SVC-000002,EVT-0027528,2026-07-05 22:45:11.838373,0.44301422062642315,lstm
SVC-000058,EVT-0027529,2026-07-05 22:45:47.640010,0.4621468170734469,lstm
DEV-000002,EVT-0027530,2026-07-05 22:46:41.758823,0.6725524187116256,lstm
SVC-000032,EVT-0027531,2026-07-05 22:47:02.190136,0.37872290713811846,lstm
DEV-000011,EVT-0027532,2026-07-05 22:52:35.025999,0.4154856974196536,lstm
SVC-000059,EVT-0027533,2026-07-05 22:55:54.913878,0.9999273305986469,lstm
SVC-000002,EVT-0027534,2026-07-05 22:56:03.793648,0.6150832228492408,lstm
SVC-000032,EVT-0027535,2026-07-05 22:56:15.030432,0.22016454556828258,lstm
SVC-000054,EVT-0027536,2026-07-05 23:03:19.117753,0.3281092249712557,lstm
SVC-000054,EVT-0027537,2026-07-05 23:05:57.632685,0.5075376035841148,lstm
SVC-000032,EVT-0027538,2026-07-05 23:06:16.284691,0.22114619823207712,lstm
DEV-000016,EVT-0027539,2026-07-05 23:07:40.593278,0.1913209897688333,lstm
SVC-000032,EVT-0027540,2026-07-05 23:11:18.212932,0.2399566605492352,lstm
SVC-000025,EVT-0027541,2026-07-05 23:13:41.239434,0.3904980672858604,lstm
DEV-000007,EVT-0027542,2026-07-05 23:14:36.047953,0.36097072056585017,lstm
SVC-000002,EVT-0027543,2026-07-05 23:15:10.016491,0.3928965678804289,lstm
SVC-000059,EVT-0027544,2026-07-05 23:15:43.666056,0.6178803159587481,lstm
SVC-000059,EVT-0027545,2026-07-05 23:15:56.300180,0.663508456592313,lstm
SVC-000035,EVT-0027546,2026-07-05 23:16:01.351935,0.5238677881220893,lstm
SVC-000002,EVT-0027547,2026-07-05 23:16:41.427398,0.48636182800652306,lstm
SVC-000025,EVT-0027548,2026-07-05 23:17:54.720821,0.472111556445378,lstm
SVC-000035,EVT-0027549,2026-07-05 23:18:55.167915,0.7647533366596695,lstm
SVC-000032,EVT-0027550,2026-07-05 23:20:54.990860,0.6188512836080466,lstm
SVC-000002,EVT-0027551,2026-07-05 23:21:04.445816,0.4463917950941662,lstm
SVC-000032,EVT-0027552,2026-07-05 23:22:01.320480,0.3585825093628939,lstm
SVC-000059,EVT-0027553,2026-07-05 23:22:26.246962,0.331221111688584,lstm
SVC-000035,EVT-0027554,2026-07-05 23:23:41.271521,0.46132954365425555,lstm
SVC-000002,EVT-0027555,2026-07-05 23:28:39.454045,0.4166569444205713,lstm
SVC-000045,EVT-0027556,2026-07-05 23:28:52.057396,0.358178603105098,lstm
SVC-000032,EVT-0027557,2026-07-05 23:30:42.430193,0.32973098427186004,lstm
SVC-000059,EVT-0027558,2026-07-05 23:32:20.944683,0.27445256187012157,lstm
SVC-000058,EVT-0027559,2026-07-05 23:33:17.312162,0.43234438311288376,lstm
SVC-000032,EVT-0027560,2026-07-05 23:33:41.133939,0.3484557840237483,lstm
SVC-000056,EVT-0027561,2026-07-05 23:34:41.303117,0.641448255138614,lstm
SVC-000032,EVT-0027562,2026-07-05 23:42:52.284543,0.2915913621939845,lstm
SVC-000002,EVT-0027563,2026-07-05 23:43:51.828217,0.39289466872955064,lstm
DEV-000009,EVT-0027564,2026-07-05 23:44:59.862147,0.610271437648911,lstm
SVC-000025,EVT-0027565,2026-07-05 23:45:15.794148,0.28946767321899836,lstm
USR-000106,EVT-0027566,2026-07-05 23:46:12.799674,0.39626202991102105,lstm
SVC-000025,EVT-0027567,2026-07-05 23:46:22.043319,0.6295964914461354,lstm
DEV-000015,EVT-0027568,2026-07-05 23:47:08.665352,0.45065802068305977,lstm
SVC-000041,EVT-0027569,2026-07-05 23:48:52.392678,0.4804420791714404,lstm
SVC-000056,EVT-0027570,2026-07-05 23:55:00.815872,0.5234147303794192,lstm
SVC-000059,EVT-0027571,2026-07-05 23:55:21.361091,0.28393125083507553,lstm
DEV-000018,EVT-0027572,2026-07-05 23:55:54.267466,0.19736741704373406,lstm
DEV-000004,EVT-0027573,2026-07-05 23:56:40.067224,0.506344702694361,lstm
SVC-000002,EVT-0027574,2026-07-05 23:59:44.971350,0.5317440635106453,lstm
DEV-000013,EVT-0027575,2026-07-05 23:59:47.891591,0.3906555946727265,lstm
SVC-000059,EVT-0027576,2026-07-05 23:59:58.835266,0.41948188068485937,lstm
SVC-000059,EVT-0027577,2026-07-06 00:03:05.562710,0.7310669029191631,lstm
SVC-000032,EVT-0027578,2026-07-06 00:04:57.120805,0.31851885399085594,lstm
SVC-000032,EVT-0027579,2026-07-06 00:05:31.473215,0.4811960021500458,lstm
SVC-000059,EVT-0027580,2026-07-06 00:07:42.397976,0.3306155296288898,lstm
SVC-000025,EVT-0027581,2026-07-06 00:08:36.527759,0.5038485009185357,lstm
USR-000150,EVT-0027582,2026-07-06 00:12:56.466444,0.5501423124381947,lstm
SVC-000025,EVT-0027583,2026-07-06 00:22:25.142530,0.29437199028813865,lstm
SVC-000045,EVT-0027584,2026-07-06 00:23:27.630495,0.6263482348402396,lstm
DEV-000010,EVT-0027585,2026-07-06 00:28:29.036634,0.6149820225662139,lstm
SVC-000041,EVT-0027586,2026-07-06 00:33:59.469195,0.8224645117674916,lstm
USR-000150,EVT-0027587,2026-07-06 00:35:06.039263,0.5174073933461759,lstm
SVC-000056,EVT-0027588,2026-07-06 00:38:02.421892,0.4291669859248187,lstm
DEV-000004,EVT-0027589,2026-07-06 00:48:37.398037,0.6116855611252602,lstm
USR-000106,EVT-0027590,2026-07-06 00:51:25.185984,0.3575226752096816,lstm
USR-000122,EVT-0027591,2026-07-06 00:51:58.674966,0.8444828224783248,lstm
SVC-000018,EVT-0027592,2026-07-06 00:54:30.350523,0.9990103407648816,lstm
USR-000106,EVT-0027593,2026-07-06 00:55:06.292613,0.40944704659003434,lstm
USR-000165,EVT-0027594,2026-07-06 00:57:00.039886,0.6659129888176339,lstm
SVC-000041,EVT-0027595,2026-07-06 01:01:49.514437,0.4343200488152373,lstm
USR-000122,EVT-0027596,2026-07-06 01:03:47.721194,0.540425532411908,lstm
SVC-000056,EVT-0027597,2026-07-06 01:11:08.348587,0.6187705092311608,lstm
SVC-000041,EVT-0027598,2026-07-06 01:18:42.157452,0.6683581085270736,lstm
DEV-000025,EVT-0027599,2026-07-06 01:19:19.629933,0.9999334840329166,lstm
DEV-000009,EVT-0027600,2026-07-06 01:19:54.207228,0.5360549445818541,lstm
DEV-000016,EVT-0027601,2026-07-06 01:22:43.909671,0.22327425899792827,lstm
SVC-000041,EVT-0027602,2026-07-06 01:24:40.504905,0.6874695544058546,lstm
USR-000106,EVT-0027603,2026-07-06 01:28:26.033732,0.22261388000860494,lstm
DEV-000003,EVT-0027604,2026-07-06 01:34:28.977379,0.7767689791822789,lstm
SVC-000018,EVT-0027605,2026-07-06 01:36:20.585988,0.3916563719623154,lstm
USR-000106,EVT-0027606,2026-07-06 01:41:16.192945,0.29236124124014073,lstm
SVC-000018,EVT-0027607,2026-07-06 01:44:58.237384,0.4089487761750238,lstm
USR-000165,EVT-0027608,2026-07-06 01:45:00.684442,0.3598800169655128,lstm
DEV-000003,EVT-0027609,2026-07-06 01:45:17.337403,0.7518878910006407,lstm
SVC-000041,EVT-0027610,2026-07-06 01:48:23.900032,0.41102793984181657,lstm
SVC-000056,EVT-0027611,2026-07-06 01:57:19.764130,0.568832415021531,lstm
SVC-000014,EVT-0027612,2026-07-06 02:07:04.215134,0.9956117575305753,lstm
USR-000165,EVT-0027613,2026-07-06 02:13:19.886559,0.5728513440753856,lstm
DEV-000026,EVT-0027614,2026-07-06 02:14:12.618063,0.5174540875231393,lstm
SVC-000018,EVT-0027615,2026-07-06 02:15:49.621051,0.39198854993076765,lstm
SVC-000041,EVT-0027616,2026-07-06 02:16:14.503075,0.31692988288440443,lstm
SVC-000018,EVT-0027617,2026-07-06 02:20:52.663539,0.53309852005824,lstm
USR-000088,EVT-0027618,2026-07-06 02:21:25.764465,0.47709531623976303,lstm
DEV-000017,EVT-0027619,2026-07-06 02:24:55.707570,0.35445819170690596,lstm
SVC-000018,EVT-0027620,2026-07-06 02:34:40.548421,0.33224184621561775,lstm
SVC-000018,EVT-0027621,2026-07-06 02:37:08.978131,0.37916075764620144,lstm
DEV-000002,EVT-0027622,2026-07-06 02:39:28.405836,0.36165989192979997,lstm
DEV-000002,EVT-0027623,2026-07-06 02:41:00.461520,0.849333672053972,lstm
SVC-000018,EVT-0027624,2026-07-06 02:41:41.979140,0.34119717808190725,lstm
SVC-000018,EVT-0027625,2026-07-06 02:42:26.712191,0.6188934156315795,lstm
SVC-000041,EVT-0027626,2026-07-06 02:44:39.861450,0.4662215387617532,lstm
SVC-000018,EVT-0027627,2026-07-06 02:49:49.684177,0.4083967501266836,lstm
SVC-000014,EVT-0027628,2026-07-06 02:49:59.580946,0.5008707411410395,lstm
SVC-000018,EVT-0027629,2026-07-06 02:50:42.756669,0.42742409150321836,lstm
DEV-000002,EVT-0027630,2026-07-06 02:54:02.879171,0.4505588274068506,lstm
DEV-000005,EVT-0027631,2026-07-06 02:55:03.296665,0.4412129628980214,lstm
DEV-000009,EVT-0027632,2026-07-06 02:57:46.574329,0.5063750816278221,lstm
SVC-000018,EVT-0027633,2026-07-06 02:59:54.797343,0.46336560134727717,lstm
DEV-000026,EVT-0027634,2026-07-06 03:00:56.967799,0.48449871566874014,lstm
SVC-000014,EVT-0027635,2026-07-06 03:03:10.126644,0.34051152736911344,lstm
SVC-000018,EVT-0027636,2026-07-06 03:09:03.538826,0.38890319594968203,lstm
DEV-000007,EVT-0027637,2026-07-06 03:15:16.275482,0.5144053768936656,lstm
DEV-000026,EVT-0027638,2026-07-06 03:21:15.959533,0.5163314243760583,lstm
SVC-000018,EVT-0027639,2026-07-06 03:35:04.961908,0.46589756820846184,lstm
SVC-000018,EVT-0027640,2026-07-06 03:35:29.436919,0.7114685222704435,lstm
SVC-000007,EVT-0027641,2026-07-06 03:38:27.341194,0.9845892394062601,lstm
DEV-000005,EVT-0027642,2026-07-06 03:43:36.045569,0.5441285664389511,lstm
SVC-000014,EVT-0027643,2026-07-06 03:45:52.066474,0.2950909684063698,lstm
DEV-000006,EVT-0027644,2026-07-06 03:47:17.467867,0.3833549851572246,lstm
SVC-000014,EVT-0027645,2026-07-06 03:47:23.055686,0.43005859341073527,lstm
DEV-000005,EVT-0027646,2026-07-06 03:51:26.300259,0.778284405463507,lstm
SVC-000014,EVT-0027647,2026-07-06 03:53:41.459339,0.2985588580030241,lstm
SVC-000007,EVT-0027648,2026-07-06 03:54:11.544760,0.37048643699294403,lstm
SVC-000014,EVT-0027649,2026-07-06 04:09:44.448784,0.23902077329267726,lstm
SVC-000019,EVT-0027650,2026-07-06 04:10:53.493602,0.9390489822498652,lstm
SVC-000014,EVT-0027651,2026-07-06 04:11:36.408693,0.34103392975674557,lstm
SVC-000019,EVT-0027652,2026-07-06 04:13:42.147434,0.7466962016991358,lstm
SVC-000020,EVT-0027653,2026-07-06 04:14:59.509882,0.9830608431401764,lstm
DEV-000001,EVT-0027654,2026-07-06 04:15:11.321454,0.4866201009249859,lstm
DEV-000001,EVT-0027655,2026-07-06 04:21:37.125364,0.5466571674645172,lstm
SVC-000019,EVT-0027656,2026-07-06 04:23:24.153998,0.2869553828306688,lstm
DEV-000011,EVT-0027657,2026-07-06 04:24:48.510115,0.9227459221417778,lstm
SVC-000014,EVT-0027658,2026-07-06 04:27:04.483852,0.2853955915028543,lstm
DEV-000008,EVT-0027659,2026-07-06 04:29:43.953128,0.7838500359961742,lstm
SVC-000015,EVT-0027660,2026-07-06 04:37:46.399355,0.8828482869343653,lstm
SVC-000020,EVT-0027661,2026-07-06 04:38:36.712636,0.33469098862033436,lstm
SVC-000014,EVT-0027662,2026-07-06 04:38:57.440126,0.23808529539554502,lstm
SVC-000019,EVT-0027663,2026-07-06 04:40:46.506112,0.29873300734401215,lstm
SVC-000014,EVT-0027664,2026-07-06 04:42:27.969842,0.33054345817061154,lstm
SVC-000015,EVT-0027665,2026-07-06 04:45:32.439723,0.8811115897176732,lstm
DEV-000005,EVT-0027666,2026-07-06 04:46:37.260866,0.2760514853811926,lstm
SVC-000015,EVT-0027667,2026-07-06 04:47:39.847326,0.8461853035349566,lstm
SVC-000014,EVT-0027668,2026-07-06 04:51:50.211502,0.30031146677543963,lstm
SVC-000007,EVT-0027669,2026-07-06 04:52:07.386409,0.3749586382410622,lstm
SVC-000020,EVT-0027670,2026-07-06 04:54:33.169450,0.4260352684233032,lstm
SVC-000015,EVT-0027671,2026-07-06 04:54:39.794566,0.4797753370789841,lstm
DEV-000005,EVT-0027672,2026-07-06 04:55:02.767263,0.6113809160560643,lstm
SVC-000007,EVT-0027673,2026-07-06 04:57:26.478753,0.49351766490516114,lstm
USR-000157,EVT-0027674,2026-07-06 04:59:45.353797,0.5532775650041207,lstm
SVC-000015,EVT-0027675,2026-07-06 04:59:54.092516,0.5665735388459187,lstm
SVC-000014,EVT-0027676,2026-07-06 05:01:25.611460,0.27042072330150085,lstm
SVC-000007,EVT-0027677,2026-07-06 05:02:11.530917,0.49034670666211744,lstm
SVC-000019,EVT-0027678,2026-07-06 05:02:52.303729,0.28883584813145213,lstm
DEV-000015,EVT-0027679,2026-07-06 05:09:07.966803,0.9557622381926153,lstm
SVC-000014,EVT-0027680,2026-07-06 05:11:21.544413,0.3207595668285901,lstm
SVC-000015,EVT-0027681,2026-07-06 05:12:19.468049,0.4747474841881574,lstm
SVC-000014,EVT-0027682,2026-07-06 05:13:07.256503,0.4513887612160936,lstm
DEV-000014,EVT-0027683,2026-07-06 05:15:06.545956,0.8113241006915952,lstm
SVC-000019,EVT-0027684,2026-07-06 05:15:37.201246,0.3048628861760863,lstm
SVC-000014,EVT-0027685,2026-07-06 05:15:43.167814,0.37073954833707284,lstm
SVC-000007,EVT-0027686,2026-07-06 05:16:25.963494,0.29996452862331613,lstm
SVC-000007,EVT-0027687,2026-07-06 05:18:31.862164,0.49196351153946166,lstm
SVC-000051,EVT-0027688,2026-07-06 05:21:59.064108,0.9033208035340919,lstm
USR-000059,EVT-0027689,2026-07-06 05:22:02.448619,0.8919607570997933,lstm
SVC-000007,EVT-0027690,2026-07-06 05:22:24.192086,0.5357049373663897,lstm
DEV-000016,EVT-0027691,2026-07-06 05:22:38.787190,0.43025922734925287,lstm
SVC-000015,EVT-0027692,2026-07-06 05:23:06.123194,0.46054956279722603,lstm
SVC-000007,EVT-0027693,2026-07-06 05:29:05.087116,0.31492341961412584,lstm
SVC-000019,EVT-0027694,2026-07-06 05:30:20.903131,0.2303335658211325,lstm
SVC-000014,EVT-0027695,2026-07-06 05:32:51.903965,0.302468252368145,lstm
SVC-000019,EVT-0027696,2026-07-06 05:34:39.979043,0.577288143349287,lstm
SVC-000015,EVT-0027697,2026-07-06 05:36:17.304614,0.47482769531511254,lstm
DEV-000026,EVT-0027698,2026-07-06 05:36:22.535088,0.26685544502395875,lstm
USR-000059,EVT-0027699,2026-07-06 05:40:22.886368,0.6425493228698099,lstm
DEV-000005,EVT-0027700,2026-07-06 05:46:05.722747,0.29426478915384435,lstm
USR-000106,EVT-0027701,2026-07-06 05:46:11.410237,0.3812365924497902,lstm
SVC-000009,EVT-0027702,2026-07-06 05:50:58.128790,0.9951674334359323,lstm
SVC-000007,EVT-0027703,2026-07-06 05:51:37.336457,0.4784278010890601,lstm
SVC-000007,EVT-0027704,2026-07-06 05:53:45.104330,0.41627357666653597,lstm
SVC-000031,EVT-0027705,2026-07-06 05:56:07.890279,0.9920617786835266,lstm
SVC-000019,EVT-0027706,2026-07-06 05:56:51.053259,0.7316114700433872,lstm
DEV-000015,EVT-0027707,2026-07-06 06:01:16.686380,0.9283443312248073,lstm
DEV-000025,EVT-0027708,2026-07-06 06:01:19.548042,0.999940579353137,lstm
DEV-000004,EVT-0027709,2026-07-06 06:07:26.195702,0.5303493090432653,lstm
SVC-000031,EVT-0027710,2026-07-06 06:09:29.338919,0.4466400344830671,lstm
SVC-000007,EVT-0027711,2026-07-06 06:13:51.621390,0.3024047005338637,lstm
USR-000067,EVT-0027712,2026-07-06 06:14:14.912364,0.36114048782468694,lstm
SVC-000031,EVT-0027713,2026-07-06 06:14:53.624042,0.40556655030733213,lstm
DEV-000023,EVT-0027714,2026-07-06 06:17:08.228134,0.6875980209300258,lstm
SVC-000031,EVT-0027715,2026-07-06 06:20:20.359949,0.3379557188321921,lstm
USR-000026,EVT-0027716,2026-07-06 06:24:05.209137,0.5932216223728729,lstm
SVC-000031,EVT-0027717,2026-07-06 06:29:20.149956,0.4034019730093982,lstm
USR-000059,EVT-0027718,2026-07-06 06:30:05.839546,0.43069340887093116,lstm
USR-000019,EVT-0027719,2026-07-06 06:32:29.327408,0.6918428627056875,lstm
SVC-000009,EVT-0027720,2026-07-06 06:34:57.137476,0.39910793607658934,lstm
USR-000168,EVT-0027721,2026-07-06 06:38:42.087961,0.7787314536215074,lstm
USR-000102,EVT-0027722,2026-07-06 06:40:03.330316,0.7723145434348095,lstm
USR-000082,EVT-0027723,2026-07-06 06:40:30.206677,0.8523569504353601,lstm
DEV-000026,EVT-0027724,2026-07-06 06:43:16.127802,0.26617675592523643,lstm
SVC-000009,EVT-0027725,2026-07-06 06:43:46.166797,0.40953289141932225,lstm
USR-000157,EVT-0027726,2026-07-06 06:44:01.756855,0.3111846507226302,lstm
SVC-000019,EVT-0027727,2026-07-06 06:45:02.268831,0.36647227294938195,lstm
DEV-000010,EVT-0027728,2026-07-06 06:46:07.056992,0.6126762075432013,lstm
SVC-000031,EVT-0027729,2026-07-06 06:49:02.009979,0.29861028899992104,lstm
USR-000059,EVT-0027730,2026-07-06 06:51:42.308790,0.5253861318415692,lstm
SVC-000031,EVT-0027731,2026-07-06 06:52:00.844539,0.49267427567435806,lstm
SVC-000055,EVT-0027732,2026-07-06 06:52:45.879599,0.99571892072841,lstm
SVC-000014,EVT-0027733,2026-07-06 06:53:06.239909,0.8919067907124371,lstm
SVC-000031,EVT-0027734,2026-07-06 06:54:48.259488,0.3439347375869779,lstm
SVC-000009,EVT-0027735,2026-07-06 06:55:45.809390,0.6655771142510969,lstm
DEV-000012,EVT-0027736,2026-07-06 06:57:52.089769,0.3096726699591575,lstm
SVC-000031,EVT-0027737,2026-07-06 07:00:42.469546,0.29353481172954393,lstm
SVC-000031,EVT-0027738,2026-07-06 07:00:54.798003,0.6855798463082741,lstm
SVC-000031,EVT-0027739,2026-07-06 07:03:31.656903,0.37649453526969595,lstm
DEV-000025,EVT-0027740,2026-07-06 07:03:43.400485,0.9982264517611273,lstm
DEV-000020,EVT-0027741,2026-07-06 07:03:46.687772,0.6521442066948206,lstm
USR-000070,EVT-0027742,2026-07-06 07:05:16.485801,0.6236058024246744,lstm
SVC-000031,EVT-0027743,2026-07-06 07:12:26.373372,0.390631270355448,lstm
USR-000121,EVT-0027744,2026-07-06 07:12:47.701992,0.667232327443507,lstm
USR-000007,EVT-0027745,2026-07-06 07:13:48.358193,0.5626266324942376,lstm
SVC-000031,EVT-0027746,2026-07-06 07:19:01.503559,0.3658313442895068,lstm
SVC-000009,EVT-0027747,2026-07-06 07:21:00.692911,0.6624817669801676,lstm
SVC-000011,EVT-0027748,2026-07-06 07:22:57.546357,0.9854603538447206,lstm
SVC-000011,EVT-0027749,2026-07-06 07:27:27.144314,0.45189431325530977,lstm
USR-000205,EVT-0027750,2026-07-06 07:31:01.604537,0.9172903470767292,lstm
USR-000105,EVT-0027751,2026-07-06 07:31:21.179839,0.8488221294353759,lstm
USR-000042,EVT-0027752,2026-07-06 07:34:36.313249,0.3646115900697855,lstm
USR-000207,EVT-0027753,2026-07-06 07:35:02.212645,0.37302608872206805,lstm
DEV-000016,EVT-0027754,2026-07-06 07:36:49.933248,0.319774900428634,lstm
DEV-000023,EVT-0027755,2026-07-06 07:37:43.124755,0.4959188680231465,lstm
USR-000135,EVT-0027756,2026-07-06 07:38:07.026651,0.6233694259740145,lstm
SVC-000055,EVT-0027757,2026-07-06 07:38:57.540091,0.3400679110522823,lstm
SVC-000055,EVT-0027758,2026-07-06 07:39:49.316820,0.825492831484191,lstm
DEV-000019,EVT-0027759,2026-07-06 07:40:29.354110,0.9454695373372178,lstm
SVC-000055,EVT-0027760,2026-07-06 07:41:36.756731,0.5068082670293353,lstm
SVC-000039,EVT-0027761,2026-07-06 07:43:08.017106,0.9944553832629205,lstm
DEV-000001,EVT-0027762,2026-07-06 07:45:30.483180,0.36756945547864256,lstm
DEV-000007,EVT-0027763,2026-07-06 07:46:30.710095,0.5165083552072238,lstm
SVC-000055,EVT-0027764,2026-07-06 07:48:41.893137,0.2525758177621626,lstm
SVC-000011,EVT-0027765,2026-07-06 07:49:21.025451,0.36780414739800027,lstm
USR-000157,EVT-0027766,2026-07-06 07:50:10.421676,0.26854171522321635,lstm
SVC-000055,EVT-0027767,2026-07-06 07:50:35.268202,0.45117037807120836,lstm
USR-000041,EVT-0027768,2026-07-06 07:50:41.886101,0.4597780185182298,lstm
USR-000084,EVT-0027769,2026-07-06 07:51:33.691766,0.9001108908315142,lstm
DEV-000002,EVT-0027770,2026-07-06 07:53:39.361801,0.2815908465932255,lstm
SVC-000055,EVT-0027771,2026-07-06 07:54:25.967359,0.3357772672445667,lstm
SVC-000046,EVT-0027772,2026-07-06 07:54:59.792434,0.9834808221833932,lstm
USR-000158,EVT-0027773,2026-07-06 07:55:48.313129,0.5174597568640765,lstm
USR-000094,EVT-0027774,2026-07-06 07:56:55.709971,0.5981755879949175,lstm
SVC-000031,EVT-0027775,2026-07-06 07:59:34.688485,0.44775832952200667,lstm
SVC-000011,EVT-0027776,2026-07-06 08:01:31.092748,0.36269023831752956,lstm
USR-000168,EVT-0027777,2026-07-06 08:01:39.790721,0.41773387687274355,lstm
USR-000041,EVT-0027778,2026-07-06 08:02:36.905992,0.5958915301255273,lstm
USR-000031,EVT-0027779,2026-07-06 08:02:56.083365,0.37749274961065393,lstm
USR-000015,EVT-0027780,2026-07-06 08:03:14.582562,0.849223156114852,lstm
SVC-000011,EVT-0027781,2026-07-06 08:03:56.456911,0.33677933152942763,lstm
SVC-000011,EVT-0027782,2026-07-06 08:04:01.943102,0.5589927915878722,lstm
USR-000120,EVT-0027783,2026-07-06 08:04:05.509976,0.6681177156008022,lstm
DEV-000010,EVT-0027784,2026-07-06 08:11:11.455014,0.37600868057633197,lstm
USR-000172,EVT-0027785,2026-07-06 08:14:49.381428,0.6872023683532742,lstm
SVC-000055,EVT-0027786,2026-07-06 08:15:15.647399,0.299512396201821,lstm
SVC-000046,EVT-0027787,2026-07-06 08:15:30.039757,0.41006351486361403,lstm
USR-000047,EVT-0027788,2026-07-06 08:15:46.708570,0.6984005664205477,lstm
USR-000168,EVT-0027789,2026-07-06 08:17:12.720813,0.38213221025282457,lstm
SVC-000030,EVT-0027790,2026-07-06 08:17:28.765824,0.9152643094048967,lstm
DEV-000016,EVT-0027791,2026-07-06 08:18:37.775250,0.34077702449970804,lstm
SVC-000011,EVT-0027792,2026-07-06 08:21:45.561401,0.33914340881437016,lstm
SVC-000046,EVT-0027793,2026-07-06 08:21:46.165987,0.3906772352142521,lstm
SVC-000046,EVT-0027794,2026-07-06 08:21:47.759654,0.7581757958963777,lstm
SVC-000011,EVT-0027795,2026-07-06 08:22:38.773226,0.3761996633040293,lstm
SVC-000051,EVT-0027796,2026-07-06 08:22:52.764083,0.4017512341697809,lstm
USR-000009,EVT-0027797,2026-07-06 08:23:06.673774,0.3348206667702096,lstm
USR-000187,EVT-0027798,2026-07-06 08:24:11.265077,0.7775277355508917,lstm
USR-000103,EVT-0027799,2026-07-06 08:24:33.243168,0.5968737192578283,lstm
DEV-000003,EVT-0027800,2026-07-06 08:25:56.068485,0.7264294235470643,lstm
USR-000103,EVT-0027801,2026-07-06 08:27:21.125193,0.7712933394645395,lstm
SVC-000051,EVT-0027802,2026-07-06 08:27:34.143188,0.7073569276678686,lstm
SVC-000055,EVT-0027803,2026-07-06 08:28:59.235593,0.5145668331173096,lstm
USR-000015,EVT-0027804,2026-07-06 08:29:27.344711,0.5090539083847455,lstm
SVC-000046,EVT-0027805,2026-07-06 08:29:31.951012,0.2554073441831438,lstm
USR-000007,EVT-0027806,2026-07-06 08:32:47.756586,0.3248012697890327,lstm
USR-000095,EVT-0027807,2026-07-06 08:33:15.577766,0.3752630933966765,lstm
USR-000042,EVT-0027808,2026-07-06 08:33:48.126995,0.22601463507849764,lstm
SVC-000011,EVT-0027809,2026-07-06 08:35:09.358501,0.29957927668433815,lstm
SVC-000031,EVT-0027810,2026-07-06 08:35:32.515329,0.5245912793254457,lstm
SVC-000030,EVT-0027811,2026-07-06 08:36:00.230345,0.46334098305999144,lstm
SVC-000046,EVT-0027812,2026-07-06 08:37:06.055925,0.3048373570970791,lstm
USR-000099,EVT-0027813,2026-07-06 08:38:13.262278,0.7008474144059924,lstm
USR-000015,EVT-0027814,2026-07-06 08:43:29.513653,0.41886364705642715,lstm
SVC-000055,EVT-0027815,2026-07-06 08:44:06.154868,0.24856180367196826,lstm
DEV-000006,EVT-0027816,2026-07-06 08:45:09.677439,0.3788460024526282,lstm
SVC-000011,EVT-0027817,2026-07-06 08:45:29.109757,0.343458196912269,lstm
USR-000182,EVT-0027818,2026-07-06 08:47:08.118834,0.7002678835909181,lstm
USR-000059,EVT-0027819,2026-07-06 08:48:35.619732,0.6677919113739127,lstm
USR-000203,EVT-0027820,2026-07-06 08:49:23.717753,0.3861500866290116,lstm
DEV-000011,EVT-0027821,2026-07-06 08:49:43.836923,0.6378648196442184,lstm
SVC-000024,EVT-0027822,2026-07-06 08:49:54.776483,0.9931137502476014,lstm
SVC-000055,EVT-0027823,2026-07-06 08:50:28.788550,0.5485436867397411,lstm
USR-000054,EVT-0027824,2026-07-06 08:50:28.977206,0.5238242949305979,lstm
SVC-000011,EVT-0027825,2026-07-06 08:50:40.924814,0.32882840502213917,lstm
SVC-000053,EVT-0027826,2026-07-06 08:51:21.897836,0.9506618526996102,lstm
SVC-000039,EVT-0027827,2026-07-06 08:51:37.552131,0.6031663515081378,lstm
USR-000054,EVT-0027828,2026-07-06 08:53:40.749662,0.636764585396541,lstm
USR-000053,EVT-0027829,2026-07-06 08:54:40.074794,0.5686605444766031,lstm
USR-000095,EVT-0027830,2026-07-06 08:55:57.737343,0.33194497115820504,lstm
SVC-000013,EVT-0027831,2026-07-06 08:56:07.345916,0.9965596101784282,lstm
SVC-000030,EVT-0027832,2026-07-06 08:56:22.073047,0.417584475932901,lstm
USR-000042,EVT-0027833,2026-07-06 08:56:51.209452,0.3179282757660096,lstm
DEV-000010,EVT-0027834,2026-07-06 08:57:43.700635,0.3400496256057835,lstm
USR-000071,EVT-0027835,2026-07-06 08:58:27.544349,0.47478232883404803,lstm
DEV-000012,EVT-0027836,2026-07-06 08:58:36.356280,0.20378054883140329,lstm
USR-000164,EVT-0027837,2026-07-06 09:00:16.760684,0.3266663326888626,lstm
USR-000023,EVT-0027838,2026-07-06 09:01:31.519852,0.7264940457526136,lstm
SVC-000055,EVT-0027839,2026-07-06 09:04:28.751697,0.7748675528380534,lstm
SVC-000046,EVT-0027840,2026-07-06 09:05:51.689776,0.426247988107055,lstm
SVC-000024,EVT-0027841,2026-07-06 09:06:53.568753,0.41701402053712755,lstm
USR-000069,EVT-0027842,2026-07-06 09:07:00.341532,0.5296799217934071,lstm
DEV-000008,EVT-0027843,2026-07-06 09:08:26.367434,0.3598059480850563,lstm
SVC-000046,EVT-0027844,2026-07-06 09:12:34.759838,0.24611517696155594,lstm
SVC-000046,EVT-0027845,2026-07-06 09:12:44.936960,0.603933366214757,lstm
SVC-000046,EVT-0027846,2026-07-06 09:12:46.497479,0.5555073993847826,lstm
SVC-000030,EVT-0027847,2026-07-06 09:13:40.142491,0.5248459566991084,lstm
SVC-000024,EVT-0027848,2026-07-06 09:14:29.449495,0.3912695789378574,lstm
DEV-000024,EVT-0027849,2026-07-06 09:14:45.248501,0.43435032220527364,lstm
USR-000014,EVT-0027850,2026-07-06 09:14:58.670074,0.4138823508954368,lstm
DEV-000006,EVT-0027851,2026-07-06 09:15:16.479983,0.4752247824820843,lstm
SVC-000046,EVT-0027852,2026-07-06 09:15:30.925500,0.4696233805923063,lstm
USR-000053,EVT-0027853,2026-07-06 09:15:54.260024,0.5891330686193026,lstm
SVC-000053,EVT-0027854,2026-07-06 09:16:09.274972,0.7539464588810433,lstm
SVC-000039,EVT-0027855,2026-07-06 09:16:51.566105,0.5811758753769262,lstm
USR-000164,EVT-0027856,2026-07-06 09:17:04.453256,0.31903509823033815,lstm
USR-000060,EVT-0027857,2026-07-06 09:17:25.861194,0.34248485997750383,lstm
USR-000099,EVT-0027858,2026-07-06 09:18:16.120910,0.34653733571392104,lstm
SVC-000046,EVT-0027859,2026-07-06 09:18:26.189568,0.3675816761758479,lstm
USR-000196,EVT-0027860,2026-07-06 09:18:49.626669,0.5412824349736287,lstm
USR-000043,EVT-0027861,2026-07-06 09:19:42.354801,0.6009590229781903,lstm
SVC-000046,EVT-0027862,2026-07-06 09:20:03.189884,0.7157743777030035,lstm
SVC-000024,EVT-0027863,2026-07-06 09:20:40.530941,0.40218780260459647,lstm
SVC-000011,EVT-0027864,2026-07-06 09:23:15.118350,0.38900618675483006,lstm
USR-000009,EVT-0027865,2026-07-06 09:23:24.256862,0.8318506714682682,lstm
USR-000102,EVT-0027866,2026-07-06 09:23:51.672692,0.3678648483780409,lstm
USR-000135,EVT-0027867,2026-07-06 09:24:06.485857,0.2870347558787035,lstm
USR-000142,EVT-0027868,2026-07-06 09:24:28.778617,0.6990918833300835,lstm
SVC-000016,EVT-0027869,2026-07-06 09:25:00.367374,0.9509402479774159,lstm
USR-000095,EVT-0027870,2026-07-06 09:26:39.660322,0.35755174873942064,lstm
SVC-000016,EVT-0027871,2026-07-06 09:27:02.724442,0.5657210126305731,lstm
USR-000042,EVT-0027872,2026-07-06 09:28:52.856663,0.22234663109361247,lstm
SVC-000024,EVT-0027873,2026-07-06 09:30:42.578268,0.71165040795816,lstm
SVC-000053,EVT-0027874,2026-07-06 09:30:46.605077,0.3326956782465205,lstm
SVC-000024,EVT-0027875,2026-07-06 09:31:32.207974,0.37213141438745745,lstm
USR-000164,EVT-0027876,2026-07-06 09:32:45.824731,0.295754389701882,lstm
USR-000024,EVT-0027877,2026-07-06 09:33:06.258048,0.8936813254374116,lstm
USR-000162,EVT-0027878,2026-07-06 09:33:11.218355,0.3112673180705071,lstm
DEV-000019,EVT-0027879,2026-07-06 09:34:29.516522,0.5683425965590798,lstm
USR-000009,EVT-0027880,2026-07-06 09:37:23.650140,0.47400853563784323,lstm
USR-000102,EVT-0027881,2026-07-06 09:37:36.520659,0.2867169920465051,lstm
DEV-000007,EVT-0027882,2026-07-06 09:38:30.809886,0.43305616699719246,lstm
DEV-000021,EVT-0027883,2026-07-06 09:39:05.531237,0.5490078858016364,lstm
USR-000034,EVT-0027884,2026-07-06 09:39:53.729129,0.6833490636539863,baseline_fallback
USR-000179,EVT-0027885,2026-07-06 09:41:15.433007,0.5329449391806065,lstm
USR-000069,EVT-0027886,2026-07-06 09:41:24.384799,0.3583702085744854,lstm
USR-000207,EVT-0027887,2026-07-06 09:42:12.722241,0.2442599899131691,lstm
USR-000102,EVT-0027888,2026-07-06 09:43:05.976615,0.3591781098401534,lstm
DEV-000007,EVT-0027889,2026-07-06 09:43:28.207445,0.8610701885009706,lstm
USR-000111,EVT-0027890,2026-07-06 09:44:59.863390,0.5317207292559513,lstm
DEV-000025,EVT-0027891,2026-07-06 09:45:19.208339,0.9981909151928685,lstm
USR-000138,EVT-0027892,2026-07-06 09:45:58.845864,0.7813353567689117,lstm
SVC-000053,EVT-0027893,2026-07-06 09:46:42.687974,0.7292489939048173,lstm
SVC-000030,EVT-0027894,2026-07-06 09:50:05.765134,0.5389646833073756,lstm
USR-000001,EVT-0027895,2026-07-06 09:50:06.766454,0.43618493984816753,lstm
SVC-000024,EVT-0027896,2026-07-06 09:52:39.510907,0.4163265876189537,lstm
USR-000179,EVT-0027897,2026-07-06 09:53:07.385208,0.5774963133816918,lstm
SVC-000024,EVT-0027898,2026-07-06 09:53:19.903857,0.5059369225245212,lstm
SVC-000039,EVT-0027899,2026-07-06 09:53:54.801751,0.5105598567740413,lstm
SVC-000013,EVT-0027900,2026-07-06 09:54:20.250294,0.4090667937567171,lstm
USR-000093,EVT-0027901,2026-07-06 09:54:52.650632,0.47998804640883447,lstm
SVC-000039,EVT-0027902,2026-07-06 09:55:29.379951,0.582007206138659,lstm
USR-000016,EVT-0027903,2026-07-06 09:55:31.542857,0.3389995615671268,lstm
SVC-000024,EVT-0027904,2026-07-06 09:55:40.410081,0.38490246736866834,lstm
USR-000182,EVT-0027905,2026-07-06 09:55:57.763559,0.3337050268045031,lstm
USR-000049,EVT-0027906,2026-07-06 09:57:39.242245,0.821850442066584,lstm
SVC-000046,EVT-0027907,2026-07-06 09:58:33.985953,0.49749766960398795,lstm
USR-000054,EVT-0027908,2026-07-06 09:58:59.327023,0.2190906456760726,lstm
USR-000093,EVT-0027909,2026-07-06 09:59:10.150550,0.5440689733503141,lstm
USR-000095,EVT-0027910,2026-07-06 10:00:45.938309,0.3117142013822206,lstm
DEV-000017,EVT-0027911,2026-07-06 10:01:05.178729,0.5908005088511262,lstm
USR-000095,EVT-0027912,2026-07-06 10:01:30.478122,0.6560006493653706,lstm
USR-000038,EVT-0027913,2026-07-06 10:05:19.937485,0.46534933011201546,lstm
SVC-000053,EVT-0027914,2026-07-06 10:05:25.677222,0.3678712330123215,lstm
SVC-000013,EVT-0027915,2026-07-06 10:06:17.408629,0.4783947342554933,lstm
USR-000016,EVT-0027916,2026-07-06 10:06:58.280604,0.45953346938619627,lstm
USR-000043,EVT-0027917,2026-07-06 10:07:06.096896,0.32778200059291157,lstm
USR-000054,EVT-0027918,2026-07-06 10:07:22.317667,0.4786191701261811,lstm
USR-000133,EVT-0027919,2026-07-06 10:08:24.563365,0.6394350686249453,lstm
USR-000099,EVT-0027920,2026-07-06 10:10:13.513700,0.2392386180228313,lstm
USR-000177,EVT-0027921,2026-07-06 10:10:24.494968,0.3209443276684524,lstm
USR-000017,EVT-0027922,2026-07-06 10:10:31.016822,0.7306196364709328,lstm
SVC-000039,EVT-0027923,2026-07-06 10:11:05.974946,0.3856303872296659,lstm
USR-000200,EVT-0027924,2026-07-06 10:12:38.139613,0.399041844918074,lstm
USR-000168,EVT-0027925,2026-07-06 10:12:53.944753,0.28558842186986005,lstm
SVC-000024,EVT-0027926,2026-07-06 10:14:08.273069,0.4121357721475342,lstm
USR-000172,EVT-0027927,2026-07-06 10:14:30.222387,0.37397484249829793,lstm
SVC-000024,EVT-0027928,2026-07-06 10:18:29.284404,0.30017144815463065,lstm
USR-000041,EVT-0027929,2026-07-06 10:20:15.413743,0.2895063751415377,lstm
SVC-000024,EVT-0027930,2026-07-06 10:23:50.150390,0.3384744143563155,lstm
USR-000157,EVT-0027931,2026-07-06 10:24:08.482249,0.3617120101041304,lstm
SVC-000024,EVT-0027932,2026-07-06 10:25:21.425857,0.45908549898089557,lstm
SVC-000024,EVT-0027933,2026-07-06 10:27:27.133889,0.8070963853798437,lstm
SVC-000013,EVT-0027934,2026-07-06 10:27:40.314091,0.45221761414393746,lstm
USR-000148,EVT-0027935,2026-07-06 10:28:35.624902,0.6069378914681359,lstm
SVC-000013,EVT-0027936,2026-07-06 10:29:11.764251,0.642183039862117,lstm
SVC-000039,EVT-0027937,2026-07-06 10:29:25.012348,0.34397313814830055,lstm
USR-000094,EVT-0027938,2026-07-06 10:30:24.022251,0.7608252422027896,lstm
SVC-000039,EVT-0027939,2026-07-06 10:31:42.751332,0.5101946995597118,lstm
SVC-000013,EVT-0027940,2026-07-06 10:31:59.965852,0.3959638461916175,lstm
SVC-000013,EVT-0027941,2026-07-06 10:32:24.947790,0.6488054486702785,lstm
USR-000173,EVT-0027942,2026-07-06 10:34:19.141615,0.4341640980439616,lstm
SVC-000039,EVT-0027943,2026-07-06 10:36:00.789351,0.3764898383105125,lstm
USR-000103,EVT-0027944,2026-07-06 10:36:41.966113,0.2886398024091646,lstm
USR-000013,EVT-0027945,2026-07-06 10:38:28.667839,0.8397790585108603,lstm
USR-000195,EVT-0027946,2026-07-06 10:39:30.583769,0.7622174608397464,lstm
SVC-000039,EVT-0027947,2026-07-06 10:39:37.844934,0.4207871460522431,lstm
USR-000047,EVT-0027948,2026-07-06 10:39:55.522598,0.4017771965706738,lstm
SVC-000013,EVT-0027949,2026-07-06 10:40:07.060296,0.4590944391813842,lstm
SVC-000051,EVT-0027950,2026-07-06 10:41:12.310196,0.5190219120062733,lstm
DEV-000006,EVT-0027951,2026-07-06 10:42:38.887730,0.2891437962024665,lstm
USR-000001,EVT-0027952,2026-07-06 10:43:14.455693,0.37422337128088684,lstm
SVC-000016,EVT-0027953,2026-07-06 10:43:59.869436,0.4816026399046167,lstm
SVC-000039,EVT-0027954,2026-07-06 10:44:16.357447,0.6664982730324948,lstm
SVC-000024,EVT-0027955,2026-07-06 10:44:18.877696,0.34202853640707115,lstm
USR-000013,EVT-0027956,2026-07-06 10:45:45.952799,0.6411941858308181,lstm
USR-000121,EVT-0027957,2026-07-06 10:46:55.519909,0.8215056371015995,lstm
USR-000047,EVT-0027958,2026-07-06 10:47:16.840141,0.4052599403773438,lstm
SVC-000053,EVT-0027959,2026-07-06 10:47:40.594636,0.2637900434849529,lstm
SVC-000013,EVT-0027960,2026-07-06 10:47:51.553024,0.40119384617918963,lstm
SVC-000024,EVT-0027961,2026-07-06 10:48:05.465520,0.3674162074133811,lstm
DEV-000005,EVT-0027962,2026-07-06 10:52:40.788471,0.6560077687229939,lstm
SVC-000039,EVT-0027963,2026-07-06 10:53:38.964826,0.3792867951275714,lstm
USR-000168,EVT-0027964,2026-07-06 10:53:55.486910,0.32944163148680217,lstm
USR-000093,EVT-0027965,2026-07-06 10:54:32.255013,0.3121895625042021,lstm
SVC-000053,EVT-0027966,2026-07-06 10:54:53.934807,0.3944941181407836,lstm
USR-000133,EVT-0027967,2026-07-06 10:56:01.190438,0.32753893694389175,lstm
SVC-000016,EVT-0027968,2026-07-06 10:57:54.414219,0.3246702312705986,lstm
USR-000081,EVT-0027969,2026-07-06 10:58:26.128225,0.3343119122726741,lstm
USR-000054,EVT-0027970,2026-07-06 10:58:34.308494,0.3433776266018909,lstm
USR-000054,EVT-0027971,2026-07-06 10:59:59.644140,0.5282804641185246,lstm
SVC-000024,EVT-0027972,2026-07-06 11:00:17.497670,0.3496039267876141,lstm
DEV-000002,EVT-0027973,2026-07-06 11:00:46.170124,0.19227290869829136,lstm
DEV-000016,EVT-0027974,2026-07-06 11:01:38.502847,0.2811623893714771,lstm
SVC-000013,EVT-0027975,2026-07-06 11:01:43.088695,0.692076742997821,lstm
USR-000135,EVT-0027976,2026-07-06 11:01:50.678389,0.2668747242667037,lstm
USR-000207,EVT-0027977,2026-07-06 11:02:59.227537,0.3062766035069054,lstm
DEV-000004,EVT-0027978,2026-07-06 11:03:31.430128,0.5611365700026193,lstm
USR-000104,EVT-0027979,2026-07-06 11:04:11.708222,0.5839816884761766,lstm
USR-000138,EVT-0027980,2026-07-06 11:04:42.149169,0.3835439402304324,lstm
USR-000060,EVT-0027981,2026-07-06 11:05:18.211447,0.22754227470155017,lstm
USR-000172,EVT-0027982,2026-07-06 11:06:25.208268,0.25202051033723455,lstm
DEV-000008,EVT-0027983,2026-07-06 11:07:11.298315,0.2998606165814921,lstm
USR-000049,EVT-0027984,2026-07-06 11:08:13.648399,0.7748795588278636,lstm
USR-000001,EVT-0027985,2026-07-06 11:09:56.391753,0.3433953296010874,lstm
SVC-000039,EVT-0027986,2026-07-06 11:10:16.160977,0.35659056859086935,lstm
USR-000168,EVT-0027987,2026-07-06 11:10:22.774159,0.2559270582694492,lstm
USR-000172,EVT-0027988,2026-07-06 11:10:42.907505,0.3541404520438477,lstm
DEV-000011,EVT-0027989,2026-07-06 11:11:33.271393,0.3562292657210082,lstm
DEV-000017,EVT-0027990,2026-07-06 11:12:27.713785,0.515745779284177,lstm
USR-000019,EVT-0027991,2026-07-06 11:13:15.366267,0.4884229724721354,lstm
USR-000098,EVT-0027992,2026-07-06 11:13:58.499817,0.7255649943546179,lstm
USR-000067,EVT-0027993,2026-07-06 11:13:59.122802,0.2761803264890176,lstm
USR-000086,EVT-0027994,2026-07-06 11:16:50.615725,0.647838734955002,lstm
SVC-000021,EVT-0027995,2026-07-06 11:17:02.811605,0.9920580571410403,lstm
USR-000166,EVT-0027996,2026-07-06 11:18:50.138256,0.3849712988724983,lstm
SVC-000039,EVT-0027997,2026-07-06 11:19:59.030272,0.3219643303739997,lstm
USR-000126,EVT-0027998,2026-07-06 11:20:41.437116,0.42913636643974207,lstm
USR-000064,EVT-0027999,2026-07-06 11:20:45.932137,0.6150782809933191,lstm
SVC-000039,EVT-0028000,2026-07-06 11:20:57.686173,0.5949092424269974,lstm
USR-000170,EVT-0028001,2026-07-06 11:21:38.815555,0.3640243208871152,lstm
USR-000129,EVT-0028002,2026-07-06 11:22:03.484316,0.5097532856809317,lstm
DEV-000023,EVT-0028003,2026-07-06 11:24:20.440231,0.1952482383521468,lstm
USR-000199,EVT-0028004,2026-07-06 11:24:31.233503,0.3686708106676539,lstm
SVC-000008,EVT-0028005,2026-07-06 11:25:08.822446,0.9630203148305372,lstm
SVC-000053,EVT-0028006,2026-07-06 11:27:13.885743,0.2798101632305916,lstm
USR-000013,EVT-0028007,2026-07-06 11:27:35.953220,0.5183274133670717,lstm
SVC-000008,EVT-0028008,2026-07-06 11:28:33.777774,0.7765897319288732,lstm
USR-000188,EVT-0028009,2026-07-06 11:32:25.693042,0.35333174219650787,baseline_fallback
SVC-000053,EVT-0028010,2026-07-06 11:33:07.758544,0.47270636587458764,lstm
USR-000085,EVT-0028011,2026-07-06 11:33:10.375788,0.4735917229409275,lstm
SVC-000021,EVT-0028012,2026-07-06 11:33:12.194502,0.4823922008991844,lstm
USR-000024,EVT-0028013,2026-07-06 11:33:32.126540,0.5535600644489393,lstm
SVC-000008,EVT-0028014,2026-07-06 11:35:44.329228,0.44167660487363153,lstm
SVC-000039,EVT-0028015,2026-07-06 11:37:28.834061,0.38132221139039085,lstm
DEV-000013,EVT-0028016,2026-07-06 11:37:59.997264,0.7212641679376601,lstm
SVC-000008,EVT-0028017,2026-07-06 11:38:17.446287,0.8120000009233385,lstm
USR-000194,EVT-0028018,2026-07-06 11:38:18.594726,0.5665469703713073,lstm
SVC-000039,EVT-0028019,2026-07-06 11:38:28.842438,0.5132482843687934,lstm
SVC-000034,EVT-0028020,2026-07-06 11:38:57.460127,0.9732789598352823,lstm
SVC-000008,EVT-0028021,2026-07-06 11:40:09.904351,0.6631307543058472,lstm
USR-000204,EVT-0028022,2026-07-06 11:40:29.026631,0.41574293421078357,lstm
SVC-000039,EVT-0028023,2026-07-06 11:40:47.467996,0.4903332110201093,lstm
USR-000026,EVT-0028024,2026-07-06 11:41:13.471106,0.405952953383588,lstm
SVC-000034,EVT-0028025,2026-07-06 11:41:16.044730,0.5529711269061407,lstm
USR-000040,EVT-0028026,2026-07-06 11:41:26.160436,0.6292526615247163,lstm
SVC-000008,EVT-0028027,2026-07-06 11:41:34.185380,0.6360162554166282,lstm
USR-000104,EVT-0028028,2026-07-06 11:42:07.867520,0.2711767446116538,lstm
USR-000043,EVT-0028029,2026-07-06 11:42:21.553247,0.34936812217111385,lstm
USR-000166,EVT-0028030,2026-07-06 11:42:42.492607,0.35093193327151473,lstm
SVC-000053,EVT-0028031,2026-07-06 11:43:15.459234,0.7769651466865162,lstm
USR-000042,EVT-0028032,2026-07-06 11:46:17.744898,0.2677392512055672,lstm
USR-000162,EVT-0028033,2026-07-06 11:47:43.389443,0.35188824138479413,lstm
USR-000053,EVT-0028034,2026-07-06 11:49:49.609494,0.27798528696305,lstm
SVC-000008,EVT-0028035,2026-07-06 11:49:51.002586,0.4073201676013633,lstm
USR-000026,EVT-0028036,2026-07-06 11:51:47.768155,0.4814413772578555,lstm
USR-000129,EVT-0028037,2026-07-06 11:52:31.242056,0.3159883296862379,lstm
USR-000098,EVT-0028038,2026-07-06 11:54:23.377714,0.4511733739961176,lstm
USR-000002,EVT-0028039,2026-07-06 11:55:08.050664,0.5270852495544309,lstm
DEV-000018,EVT-0028040,2026-07-06 11:55:21.997873,0.85822739019548,lstm
USR-000096,EVT-0028041,2026-07-06 11:56:36.984573,0.482656994724949,lstm
USR-000200,EVT-0028042,2026-07-06 11:57:54.094234,0.3016587182796985,lstm
USR-000164,EVT-0028043,2026-07-06 11:58:00.319889,0.30544680615737113,lstm
USR-000179,EVT-0028044,2026-07-06 11:58:17.366182,0.3361710775746724,lstm
USR-000023,EVT-0028045,2026-07-06 11:59:46.593841,0.3240782777177074,lstm
USR-000064,EVT-0028046,2026-07-06 12:00:06.951663,0.34552222521734194,lstm
SVC-000008,EVT-0028047,2026-07-06 12:00:33.059458,0.47050219380800495,lstm
SVC-000053,EVT-0028048,2026-07-06 12:01:14.687372,0.6903567515966201,lstm
USR-000123,EVT-0028049,2026-07-06 12:06:11.831256,0.5818959142601369,lstm
USR-000197,EVT-0028050,2026-07-06 12:11:28.781166,0.35407154175343064,lstm
USR-000098,EVT-0028051,2026-07-06 12:12:33.048598,0.5245211561328889,lstm
USR-000059,EVT-0028052,2026-07-06 12:14:15.316786,0.7032080301446678,lstm
SVC-000008,EVT-0028053,2026-07-06 12:14:28.872690,0.46388741312711135,lstm
USR-000170,EVT-0028054,2026-07-06 12:14:36.534740,0.273499631989113,lstm
SVC-000053,EVT-0028055,2026-07-06 12:15:45.559785,0.5917258910070831,lstm
SVC-000008,EVT-0028056,2026-07-06 12:17:14.163837,0.48747445619094126,lstm
USR-000193,EVT-0028057,2026-07-06 12:18:34.102513,0.821102104156532,lstm
SVC-000050,EVT-0028058,2026-07-06 12:19:29.454069,0.9909715503910796,lstm
USR-000205,EVT-0028059,2026-07-06 12:20:01.508641,0.3988631198958014,lstm
USR-000003,EVT-0028060,2026-07-06 12:20:04.070959,0.4706625235761295,lstm
DEV-000019,EVT-0028061,2026-07-06 12:20:19.462202,0.28521857209767326,lstm
USR-000107,EVT-0028062,2026-07-06 12:21:04.877746,0.9180767973813186,lstm
DEV-000002,EVT-0028063,2026-07-06 12:23:31.303236,0.20370435871200063,lstm
USR-000037,EVT-0028064,2026-07-06 12:23:39.323954,0.6963507628194593,lstm
SVC-000021,EVT-0028065,2026-07-06 12:23:53.780518,0.6247529802663996,lstm
USR-000044,EVT-0028066,2026-07-06 12:25:06.056219,0.4964993315691279,lstm
USR-000200,EVT-0028067,2026-07-06 12:29:00.236657,0.29950942300972777,lstm
SVC-000039,EVT-0028068,2026-07-06 12:29:34.461564,0.6664967033244881,lstm
USR-000172,EVT-0028069,2026-07-06 12:32:19.195804,0.32231625840606454,lstm
USR-000083,EVT-0028070,2026-07-06 12:32:29.275099,0.3112517900867625,lstm
USR-000003,EVT-0028071,2026-07-06 12:32:36.259196,0.41923271659281175,lstm
USR-000035,EVT-0028072,2026-07-06 12:33:16.298997,0.665057946195189,lstm
SVC-000008,EVT-0028073,2026-07-06 12:33:54.100032,0.4031906434379025,lstm
USR-000026,EVT-0028074,2026-07-06 12:34:05.913372,0.2786342819335454,lstm
USR-000148,EVT-0028075,2026-07-06 12:34:16.898350,0.29213336147768854,lstm
SVC-000039,EVT-0028076,2026-07-06 12:34:56.069463,0.450510302943067,lstm
USR-000172,EVT-0028077,2026-07-06 12:34:57.280374,0.4904302165653969,lstm
SVC-000008,EVT-0028078,2026-07-06 12:35:01.476472,0.5760780679640797,lstm
USR-000166,EVT-0028079,2026-07-06 12:36:29.473213,0.29562327540965544,lstm
DEV-000021,EVT-0028080,2026-07-06 12:36:35.034916,0.24870053923871485,lstm
DEV-000009,EVT-0028081,2026-07-06 12:37:10.252147,0.3443179217792931,lstm
USR-000033,EVT-0028082,2026-07-06 12:37:45.764800,0.3134656112705545,lstm
USR-000086,EVT-0028083,2026-07-06 12:38:26.451446,0.4106453134261933,lstm
USR-000062,EVT-0028084,2026-07-06 12:38:46.739596,0.3653722814139211,lstm
USR-000035,EVT-0028085,2026-07-06 12:38:51.836371,0.6162566378553843,lstm
SVC-000001,EVT-0028086,2026-07-06 12:39:18.948678,0.8751730536213882,lstm
USR-000064,EVT-0028087,2026-07-06 12:39:47.923889,0.43156206598014074,lstm
USR-000173,EVT-0028088,2026-07-06 12:39:55.021801,0.24188110896675635,lstm
SVC-000021,EVT-0028089,2026-07-06 12:40:56.772642,0.3283985534231184,lstm
SVC-000050,EVT-0028090,2026-07-06 12:41:01.542358,0.28639512689277113,lstm
USR-000111,EVT-0028091,2026-07-06 12:41:02.798798,0.28079435918723117,lstm
USR-000154,EVT-0028092,2026-07-06 12:41:05.628636,0.37341369666895025,lstm
USR-000057,EVT-0028093,2026-07-06 12:41:29.882788,0.3070052732258077,lstm
USR-000060,EVT-0028094,2026-07-06 12:41:46.907563,0.2814683074577194,lstm
SVC-000034,EVT-0028095,2026-07-06 12:42:34.882616,0.3391016689579475,lstm
USR-000014,EVT-0028096,2026-07-06 12:42:49.027504,0.32845925596259906,lstm
USR-000196,EVT-0028097,2026-07-06 12:48:00.803351,0.23935892396619,lstm
USR-000053,EVT-0028098,2026-07-06 12:48:07.329120,0.3023680316251045,lstm
SVC-000050,EVT-0028099,2026-07-06 12:48:33.399383,0.299606821608994,lstm
SVC-000021,EVT-0028100,2026-07-06 12:52:19.481449,0.527285419790647,lstm
SVC-000034,EVT-0028101,2026-07-06 12:52:38.647863,0.665324982784076,lstm
SVC-000050,EVT-0028102,2026-07-06 12:53:48.935959,0.2908818764394388,lstm
USR-000093,EVT-0028103,2026-07-06 12:54:00.486277,0.3577463305081262,lstm
DEV-000025,EVT-0028104,2026-07-06 12:54:15.961999,0.9859700578111616,lstm
USR-000002,EVT-0028105,2026-07-06 12:56:23.261063,0.29239327212192123,lstm
USR-000024,EVT-0028106,2026-07-06 12:56:48.479758,0.3073959853627327,lstm
SVC-000053,EVT-0028107,2026-07-06 12:58:04.529557,0.5398523256861791,lstm
USR-000059,EVT-0028108,2026-07-06 12:59:45.946908,0.46672646264099193,lstm
SVC-000053,EVT-0028109,2026-07-06 13:00:15.049976,0.7069020616011138,lstm
SVC-000050,EVT-0028110,2026-07-06 13:01:12.776028,0.23901489240695695,lstm
USR-000105,EVT-0028111,2026-07-06 13:03:54.281943,0.5379086850552237,lstm
USR-000133,EVT-0028112,2026-07-06 13:05:05.794657,0.44020619240265835,lstm
USR-000044,EVT-0028113,2026-07-06 13:05:28.198752,0.3326583291308975,lstm
USR-000121,EVT-0028114,2026-07-06 13:06:52.679144,0.4159126088783057,lstm
SVC-000017,EVT-0028115,2026-07-06 13:10:41.563229,0.9967597288920625,lstm
SVC-000027,EVT-0028116,2026-07-06 13:10:52.850340,0.9944903543357597,lstm
USR-000016,EVT-0028117,2026-07-06 13:11:10.809828,0.2327370755900272,lstm
USR-000081,EVT-0028118,2026-07-06 13:11:32.982429,0.29195259165805987,lstm
SVC-000017,EVT-0028119,2026-07-06 13:13:19.417203,0.4620247361273875,lstm
USR-000101,EVT-0028120,2026-07-06 13:15:23.541323,0.33329008644322233,lstm
USR-000168,EVT-0028121,2026-07-06 13:15:46.264823,0.45995818427364193,lstm
USR-000154,EVT-0028122,2026-07-06 13:17:33.665468,0.2902314901834445,lstm
USR-000024,EVT-0028123,2026-07-06 13:17:52.692765,0.4261951123818427,lstm
DEV-000009,EVT-0028124,2026-07-06 13:18:34.651354,0.3145336147503123,lstm
USR-000094,EVT-0028125,2026-07-06 13:18:39.353967,0.3903163693068431,lstm
USR-000054,EVT-0028126,2026-07-06 13:19:29.315094,0.4228637420785072,lstm
USR-000052,EVT-0028127,2026-07-06 13:20:41.954158,0.32758167401175714,lstm
USR-000033,EVT-0028128,2026-07-06 13:21:43.829815,0.2521243561510416,lstm
SVC-000039,EVT-0028129,2026-07-06 13:22:42.049388,0.6688320725723529,lstm
SVC-000017,EVT-0028130,2026-07-06 13:23:24.705812,0.5712204660610016,lstm
USR-000012,EVT-0028131,2026-07-06 13:23:45.723025,0.9640993068507603,lstm
SVC-000049,EVT-0028132,2026-07-06 13:24:04.665987,0.8574042701976644,lstm
SVC-000034,EVT-0028133,2026-07-06 13:24:08.567722,0.2972780219643796,lstm
USR-000129,EVT-0028134,2026-07-06 13:25:57.476634,0.3447718241533861,lstm
DEV-000017,EVT-0028135,2026-07-06 13:26:37.504818,0.42448419265489845,lstm
SVC-000049,EVT-0028136,2026-07-06 13:26:42.100331,0.6987753330143952,lstm
USR-000061,EVT-0028137,2026-07-06 13:27:04.797172,0.3564803947252942,lstm
USR-000177,EVT-0028138,2026-07-06 13:27:39.096457,0.32986906256905213,lstm
USR-000045,EVT-0028139,2026-07-06 13:27:39.596411,0.46863461255565575,lstm
USR-000125,EVT-0028140,2026-07-06 13:28:36.892400,0.3790309152570684,lstm
USR-000041,EVT-0028141,2026-07-06 13:29:06.899236,0.6261553978872906,lstm
USR-000200,EVT-0028142,2026-07-06 13:29:33.980428,0.5512132683266936,lstm
SVC-000017,EVT-0028143,2026-07-06 13:30:26.786921,0.4969334625327837,lstm
DEV-000015,EVT-0028144,2026-07-06 13:31:38.333021,0.6287027480597343,lstm
USR-000212,EVT-0028145,2026-07-06 13:33:30.994076,0.4001815035769065,lstm
USR-000194,EVT-0028146,2026-07-06 13:35:04.008971,0.29633853744756816,lstm
SVC-000001,EVT-0028147,2026-07-06 13:35:28.365813,0.3385309377119863,lstm
SVC-000022,EVT-0028148,2026-07-06 13:36:07.812545,0.919513229035373,lstm
SVC-000034,EVT-0028149,2026-07-06 13:37:30.979724,0.3091798505034554,lstm
SVC-000027,EVT-0028150,2026-07-06 13:37:47.626674,0.4581264384155952,lstm
SVC-000012,EVT-0028151,2026-07-06 13:39:46.803864,0.9609089046759369,lstm
USR-000172,EVT-0028152,2026-07-06 13:40:16.440404,0.39284366641335206,lstm
DEV-000017,EVT-0028153,2026-07-06 13:41:17.999036,0.5632005783734785,lstm
SVC-000022,EVT-0028154,2026-07-06 13:41:18.941014,0.49692761245800926,lstm
USR-000037,EVT-0028155,2026-07-06 13:41:40.101066,0.37486882455127957,lstm
SVC-000021,EVT-0028156,2026-07-06 13:42:44.427176,0.6041522445460379,lstm
USR-000054,EVT-0028157,2026-07-06 13:43:01.353118,0.3800643462410905,lstm
SVC-000027,EVT-0028158,2026-07-06 13:43:01.658023,0.5479869831533193,lstm
SVC-000039,EVT-0028159,2026-07-06 13:43:07.130626,0.5495396053127881,lstm
SVC-000017,EVT-0028160,2026-07-06 13:43:39.987057,0.4964285247262995,lstm
USR-000003,EVT-0028161,2026-07-06 13:44:27.656206,0.3401096066715175,lstm
USR-000148,EVT-0028162,2026-07-06 13:47:29.908995,0.4410701495717371,lstm
USR-000148,EVT-0028163,2026-07-06 13:48:44.509229,0.8049500338867956,lstm
DEV-000014,EVT-0028164,2026-07-06 13:49:37.467860,0.22187031729163909,lstm
SVC-000049,EVT-0028165,2026-07-06 13:50:27.605994,0.28326861834672523,lstm
SVC-000017,EVT-0028166,2026-07-06 13:50:54.945784,0.38478296469749984,lstm
SVC-000039,EVT-0028167,2026-07-06 13:52:59.090922,0.4049352135989227,lstm
USR-000151,EVT-0028168,2026-07-06 13:53:09.144809,0.5536181998905383,lstm
USR-000003,EVT-0028169,2026-07-06 13:54:49.021765,0.44677401908962383,lstm
SVC-000043,EVT-0028170,2026-07-06 13:55:01.672165,0.817115156937358,lstm
USR-000157,EVT-0028171,2026-07-06 13:55:16.550518,0.42285250520356094,lstm
SVC-000050,EVT-0028172,2026-07-06 13:55:49.294791,0.39644464378965333,lstm
USR-000203,EVT-0028173,2026-07-06 13:56:02.427541,0.2874535756195214,lstm
USR-000138,EVT-0028174,2026-07-06 13:56:11.347294,0.36775577497961964,lstm
SVC-000027,EVT-0028175,2026-07-06 13:57:40.085863,0.3313873786338405,lstm
SVC-000017,EVT-0028176,2026-07-06 13:57:48.850253,0.7739623171512222,lstm
USR-000044,EVT-0028177,2026-07-06 13:58:07.035606,0.3715315380131618,lstm
USR-000075,EVT-0028178,2026-07-06 13:58:18.005636,0.6760907592477523,lstm
SVC-000017,EVT-0028179,2026-07-06 13:58:31.797464,0.6926046354027198,lstm
USR-000149,EVT-0028180,2026-07-06 13:59:16.625880,0.6722525544081559,lstm
USR-000035,EVT-0028181,2026-07-06 13:59:22.556419,0.35845673767556113,lstm
SVC-000021,EVT-0028182,2026-07-06 14:00:26.437139,0.8039894049742699,lstm
DEV-000006,EVT-0028183,2026-07-06 14:00:59.979595,0.2889517746439048,lstm
USR-000033,EVT-0028184,2026-07-06 14:01:24.992908,0.24620192576536515,lstm
SVC-000043,EVT-0028185,2026-07-06 14:03:24.074790,0.4973416197318938,lstm
SVC-000027,EVT-0028186,2026-07-06 14:04:33.004137,0.4637712261622326,lstm
USR-000003,EVT-0028187,2026-07-06 14:05:07.473894,0.33117234776771226,lstm
USR-000017,EVT-0028188,2026-07-06 14:05:36.188816,0.3308010091360594,lstm
USR-000184,EVT-0028189,2026-07-06 14:05:44.003484,0.5412276188398978,lstm
USR-000212,EVT-0028190,2026-07-06 14:06:24.669933,0.518637230116338,lstm
USR-000047,EVT-0028191,2026-07-06 14:08:47.568229,0.26719262143685996,lstm
USR-000052,EVT-0028192,2026-07-06 14:10:43.944659,0.34812135366419317,lstm
USR-000111,EVT-0028193,2026-07-06 14:11:00.619028,0.2747413557885948,lstm
USR-000105,EVT-0028194,2026-07-06 14:12:06.679536,0.6421928256380758,lstm
USR-000032,EVT-0028195,2026-07-06 14:12:55.118546,0.8712488597866771,lstm
USR-000196,EVT-0028196,2026-07-06 14:12:57.610383,0.2893346798948496,lstm
USR-000035,EVT-0028197,2026-07-06 14:13:00.619413,0.47963680942401465,lstm
USR-000053,EVT-0028198,2026-07-06 14:13:29.228155,0.2603858004003049,lstm
USR-000004,EVT-0028199,2026-07-06 14:13:57.824662,0.4191015739535049,lstm
USR-000154,EVT-0028200,2026-07-06 14:13:57.997782,0.27735074243385044,lstm
USR-000052,EVT-0028201,2026-07-06 14:15:07.415327,0.9089307690365792,lstm
SVC-000049,EVT-0028202,2026-07-06 14:15:49.838096,0.31971472072562956,lstm
USR-000003,EVT-0028203,2026-07-06 14:16:08.525740,0.29588621841451956,lstm
USR-000154,EVT-0028204,2026-07-06 14:17:10.799599,0.8034298625791171,lstm
USR-000173,EVT-0028205,2026-07-06 14:18:32.143553,0.23316200876291437,lstm
USR-000045,EVT-0028206,2026-07-06 14:18:34.296435,0.37346187094701333,lstm
USR-000052,EVT-0028207,2026-07-06 14:19:25.696599,0.3177670409573627,lstm
USR-000149,EVT-0028208,2026-07-06 14:20:04.435257,0.4180752737268974,lstm
SVC-000022,EVT-0028209,2026-07-06 14:20:07.935625,0.30784403221330164,lstm
SVC-000017,EVT-0028210,2026-07-06 14:21:30.098855,0.5801178506771781,lstm
USR-000086,EVT-0028211,2026-07-06 14:22:36.190370,0.3817497737847795,lstm
SVC-000028,EVT-0028212,2026-07-06 14:23:46.516757,0.92655890243643,lstm
SVC-000027,EVT-0028213,2026-07-06 14:23:50.986394,0.3564047236025527,lstm
SVC-000008,EVT-0028214,2026-07-06 14:23:54.475597,0.7907795816987956,lstm
SVC-000050,EVT-0028215,2026-07-06 14:24:04.460468,0.31336159656978557,lstm
USR-000024,EVT-0028216,2026-07-06 14:25:50.949323,0.5536981461493364,lstm
USR-000173,EVT-0028217,2026-07-06 14:26:41.532165,0.5385868007925907,lstm
DEV-000006,EVT-0028218,2026-07-06 14:27:42.134144,0.399751386054476,lstm
SVC-000017,EVT-0028219,2026-07-06 14:28:05.567108,0.6038898770282352,lstm
USR-000045,EVT-0028220,2026-07-06 14:29:35.836199,0.45351911044320004,lstm
SVC-000028,EVT-0028221,2026-07-06 14:30:11.388109,0.5223905553868644,lstm
USR-000037,EVT-0028222,2026-07-06 14:30:23.286957,0.31244538109507897,lstm
USR-000161,EVT-0028223,2026-07-06 14:31:04.263222,0.6537073963055979,lstm
SVC-000017,EVT-0028224,2026-07-06 14:31:29.747048,0.7412157494752315,lstm
SVC-000022,EVT-0028225,2026-07-06 14:31:51.905109,0.3266106673262235,lstm
USR-000101,EVT-0028226,2026-07-06 14:32:49.890195,0.3152558722683676,lstm
SVC-000027,EVT-0028227,2026-07-06 14:32:54.500895,0.36578572866310727,lstm
DEV-000026,EVT-0028228,2026-07-06 14:33:23.673772,0.5861669114373953,lstm
USR-000192,EVT-0028229,2026-07-06 14:34:10.422414,0.31607764217588236,lstm
USR-000001,EVT-0028230,2026-07-06 14:34:53.172317,0.21398834679991788,lstm
SVC-000027,EVT-0028231,2026-07-06 14:35:35.813350,0.8782344891096646,lstm
USR-000136,EVT-0028232,2026-07-06 14:35:42.323135,0.751257800738402,lstm
USR-000107,EVT-0028233,2026-07-06 14:35:56.064482,1.0,lstm
USR-000125,EVT-0028234,2026-07-06 14:36:17.299805,0.21319035243532447,lstm
SVC-000021,EVT-0028235,2026-07-06 14:37:06.661287,0.5489704003431274,lstm
USR-000070,EVT-0028236,2026-07-06 14:39:26.535916,0.29627123996355875,lstm
DEV-000011,EVT-0028237,2026-07-06 14:42:46.904627,0.21436602313321154,lstm
SVC-000026,EVT-0028238,2026-07-06 14:45:06.431668,0.9575593214498623,lstm
SVC-000027,EVT-0028239,2026-07-06 14:45:13.151922,0.6963435574159235,lstm
SVC-000017,EVT-0028240,2026-07-06 14:45:29.324263,0.5330176288064975,lstm
USR-000042,EVT-0028241,2026-07-06 14:45:35.288850,0.44414900921975387,lstm
USR-000120,EVT-0028242,2026-07-06 14:46:02.579796,0.3330863866701657,lstm
DEV-000025,EVT-0028243,2026-07-06 14:47:01.726156,0.8854088593715957,lstm
SVC-000027,EVT-0028244,2026-07-06 14:47:04.844729,0.8028750048687907,lstm
SVC-000022,EVT-0028245,2026-07-06 14:47:12.407031,0.37127363554548076,lstm
USR-000136,EVT-0028246,2026-07-06 14:48:14.453030,0.5031566643900977,lstm
SVC-000010,EVT-0028247,2026-07-06 14:48:20.144300,0.9900211349357139,lstm
USR-000070,EVT-0028248,2026-07-06 14:49:30.961159,0.4868584263259991,lstm
USR-000012,EVT-0028249,2026-07-06 14:51:51.772154,0.8672535823493066,lstm
USR-000186,EVT-0028250,2026-07-06 14:52:12.408106,0.6294150851852486,lstm
USR-000188,EVT-0028251,2026-07-06 14:52:21.661691,0.3640749540329203,baseline_fallback
USR-000064,EVT-0028252,2026-07-06 14:52:28.335052,0.3096043682493502,lstm
USR-000131,EVT-0028253,2026-07-06 14:53:25.352437,0.7590046063844741,lstm
USR-000101,EVT-0028254,2026-07-06 14:54:09.304342,0.2796260503170194,lstm
SVC-000012,EVT-0028255,2026-07-06 14:58:13.731714,0.4708977853084377,lstm
DEV-000002,EVT-0028256,2026-07-06 14:59:04.108501,0.26241539537013553,lstm
SVC-000010,EVT-0028257,2026-07-06 14:59:08.377475,0.7234324269098774,lstm
SVC-000026,EVT-0028258,2026-07-06 14:59:13.184433,0.7525218921921478,lstm
SVC-000012,EVT-0028259,2026-07-06 14:59:40.494912,0.5397189992328738,lstm
USR-000154,EVT-0028260,2026-07-06 15:00:54.903900,0.5386329694639149,lstm
USR-000193,EVT-0028261,2026-07-06 15:01:29.106641,0.35385080292127885,lstm
USR-000101,EVT-0028262,2026-07-06 15:01:38.646116,0.49701084014063956,lstm
USR-000033,EVT-0028263,2026-07-06 15:03:04.972845,0.2278085407614451,lstm
SVC-000027,EVT-0028264,2026-07-06 15:03:16.322814,0.46406731436759907,lstm
USR-000075,EVT-0028265,2026-07-06 15:03:57.615187,0.5333747233825199,lstm
SVC-000012,EVT-0028266,2026-07-06 15:04:26.327466,0.30397695327830876,lstm
USR-000053,EVT-0028267,2026-07-06 15:04:38.741902,0.652188668969266,lstm
USR-000016,EVT-0028268,2026-07-06 15:04:49.751524,0.31366318259024406,lstm
USR-000061,EVT-0028269,2026-07-06 15:04:50.625035,0.3640479910203562,lstm
SVC-000028,EVT-0028270,2026-07-06 15:05:46.954251,0.4972643565422511,lstm
SVC-000027,EVT-0028271,2026-07-06 15:06:08.492904,0.5553023153215465,lstm
SVC-000027,EVT-0028272,2026-07-06 15:06:13.067346,0.7144128677089203,lstm
SVC-000017,EVT-0028273,2026-07-06 15:06:50.231875,0.3116601273393458,lstm
DEV-000002,EVT-0028274,2026-07-06 15:07:15.239448,0.43540489732826837,lstm
USR-000104,EVT-0028275,2026-07-06 15:08:00.603162,0.2901872468957374,lstm
SVC-000027,EVT-0028276,2026-07-06 15:08:10.313228,0.494845639765427,lstm
USR-000166,EVT-0028277,2026-07-06 15:08:30.507484,0.2733013211673628,lstm
DEV-000012,EVT-0028278,2026-07-06 15:08:50.079516,0.4846648052147634,lstm
USR-000075,EVT-0028279,2026-07-06 15:09:08.494223,0.5109110659497221,lstm
USR-000043,EVT-0028280,2026-07-06 15:11:01.007065,0.2577781590196377,lstm
SVC-000012,EVT-0028281,2026-07-06 15:11:36.173263,0.24687579516274544,lstm
DEV-000018,EVT-0028282,2026-07-06 15:12:01.492895,0.6316273940706364,lstm
USR-000038,EVT-0028283,2026-07-06 15:12:48.663527,0.48513428145528215,lstm
SVC-000012,EVT-0028284,2026-07-06 15:13:22.421862,0.47795285940220583,lstm
SVC-000001,EVT-0028285,2026-07-06 15:14:22.656954,0.37594216005981895,lstm
USR-000117,EVT-0028286,2026-07-06 15:15:09.440878,0.9370633449487071,lstm
USR-000204,EVT-0028287,2026-07-06 15:17:34.148927,0.28138641776147455,lstm
SVC-000038,EVT-0028288,2026-07-06 15:17:58.686351,0.9558625190767345,lstm
SVC-000001,EVT-0028289,2026-07-06 15:18:38.295257,0.9196331090437796,lstm
USR-000154,EVT-0028290,2026-07-06 15:19:20.492815,0.2907326916558518,lstm
DEV-000011,EVT-0028291,2026-07-06 15:22:01.442146,0.23066590240109744,lstm
USR-000211,EVT-0028292,2026-07-06 15:22:14.335109,0.718292954677795,lstm
USR-000101,EVT-0028293,2026-07-06 15:22:46.573170,0.40151732685017,lstm
SVC-000012,EVT-0028294,2026-07-06 15:23:10.787881,0.37133463042241033,lstm
USR-000212,EVT-0028295,2026-07-06 15:23:23.433840,0.30038509841616695,lstm
USR-000211,EVT-0028296,2026-07-06 15:23:55.229341,0.6736200919352949,lstm
SVC-000027,EVT-0028297,2026-07-06 15:24:14.794317,0.2892076234106092,lstm
USR-000107,EVT-0028298,2026-07-06 15:24:31.747059,0.8867291002000847,lstm
SVC-000027,EVT-0028299,2026-07-06 15:25:32.944593,0.45262809215090655,lstm
SVC-000028,EVT-0028300,2026-07-06 15:26:14.175256,0.5001205887758108,lstm
SVC-000036,EVT-0028301,2026-07-06 15:26:53.351549,0.9982814408617448,lstm
USR-000117,EVT-0028302,2026-07-06 15:29:35.791500,0.7572232919743666,lstm
SVC-000036,EVT-0028303,2026-07-06 15:29:46.767312,0.7516474917578738,lstm
USR-000193,EVT-0028304,2026-07-06 15:31:33.620100,0.37358885794943825,lstm
SVC-000010,EVT-0028305,2026-07-06 15:31:36.999875,0.4332361197616238,lstm
DEV-000014,EVT-0028306,2026-07-06 15:31:40.988646,0.34495121167992987,lstm
SVC-000027,EVT-0028307,2026-07-06 15:33:31.097968,0.41786374877365834,lstm
USR-000083,EVT-0028308,2026-07-06 15:34:06.587441,0.2964166937047,lstm
USR-000136,EVT-0028309,2026-07-06 15:34:16.676615,0.3370903503415332,lstm
SVC-000026,EVT-0028310,2026-07-06 15:34:28.950995,0.5573388713401788,lstm
SVC-000036,EVT-0028311,2026-07-06 15:34:46.151052,0.8836852595631551,lstm
USR-000161,EVT-0028312,2026-07-06 15:35:02.678207,0.8572086620756018,lstm
DEV-000004,EVT-0028313,2026-07-06 15:35:23.948231,0.6112660741194228,lstm
SVC-000036,EVT-0028314,2026-07-06 15:35:27.215516,0.6771088716161249,lstm
SVC-000028,EVT-0028315,2026-07-06 15:37:27.121672,0.468725790733958,lstm
USR-000003,EVT-0028316,2026-07-06 15:37:40.376575,0.22902284773832185,lstm
DEV-000009,EVT-0028317,2026-07-06 15:37:51.593454,0.1822372383256302,lstm
SVC-000036,EVT-0028318,2026-07-06 15:38:03.181931,0.4252930639129662,lstm
USR-000084,EVT-0028319,2026-07-06 15:38:58.187152,0.4038034555958,lstm
DEV-000003,EVT-0028320,2026-07-06 15:42:35.031552,0.42925490499539615,lstm
SVC-000005,EVT-0028321,2026-07-06 15:43:53.343462,0.9578779823754888,lstm
SVC-000036,EVT-0028322,2026-07-06 15:46:03.760664,0.6241726386797004,lstm
USR-000053,EVT-0028323,2026-07-06 15:48:07.989848,0.38654027797554774,lstm
SVC-000028,EVT-0028324,2026-07-06 15:49:51.986895,0.716323095688692,lstm
DEV-000010,EVT-0028325,2026-07-06 15:50:50.485486,0.19863846158691537,lstm
USR-000135,EVT-0028326,2026-07-06 15:51:02.220246,0.3752208356490484,lstm
USR-000052,EVT-0028327,2026-07-06 15:51:31.672834,0.24271337803820062,lstm
USR-000149,EVT-0028328,2026-07-06 15:53:21.756588,0.3298994199921898,lstm
USR-000149,EVT-0028329,2026-07-06 15:53:51.844238,0.7960662481312029,lstm
SVC-000028,EVT-0028330,2026-07-06 15:56:18.319120,0.3521980717246417,lstm
SVC-000033,EVT-0028331,2026-07-06 15:56:25.741591,0.9000309043570189,lstm
USR-000211,EVT-0028332,2026-07-06 15:58:22.410100,0.5756572791983553,lstm
USR-000075,EVT-0028333,2026-07-06 15:59:55.358653,0.2555849027387308,lstm
DEV-000013,EVT-0028334,2026-07-06 16:00:56.639538,0.4700585852318263,lstm
USR-000085,EVT-0028335,2026-07-06 16:01:02.551504,0.6856969225300122,lstm
SVC-000036,EVT-0028336,2026-07-06 16:01:18.541495,0.8272255382320713,lstm
SVC-000010,EVT-0028337,2026-07-06 16:02:44.160361,0.5743500426989095,lstm
SVC-000033,EVT-0028338,2026-07-06 16:02:50.709822,0.617290360735739,lstm
SVC-000036,EVT-0028339,2026-07-06 16:03:33.319016,0.7196742843375927,lstm
USR-000040,EVT-0028340,2026-07-06 16:03:38.850712,0.3221666701133546,lstm
USR-000195,EVT-0028341,2026-07-06 16:12:03.554722,0.5649368328429872,lstm
USR-000086,EVT-0028342,2026-07-06 16:12:59.228837,0.3131575260216514,lstm
USR-000092,EVT-0028343,2026-07-06 16:13:59.247436,0.42455395337709045,lstm
DEV-000011,EVT-0028344,2026-07-06 16:15:16.582508,0.20575032766036006,lstm
USR-000012,EVT-0028345,2026-07-06 16:15:39.284754,0.8167136918260081,lstm
SVC-000029,EVT-0028346,2026-07-06 16:16:44.839332,0.9188949922106447,lstm
USR-000193,EVT-0028347,2026-07-06 16:17:18.113064,0.8988783265879544,lstm
USR-000052,EVT-0028348,2026-07-06 16:17:56.813636,0.26992375810923075,lstm
USR-000070,EVT-0028349,2026-07-06 16:18:03.101265,0.26656472319301955,lstm
USR-000126,EVT-0028350,2026-07-06 16:18:28.165956,0.2422175954833961,lstm
USR-000196,EVT-0028351,2026-07-06 16:22:00.183312,0.2526277718899646,lstm
SVC-000029,EVT-0028352,2026-07-06 16:25:09.030656,0.6426848104020174,lstm
DEV-000013,EVT-0028353,2026-07-06 16:25:56.880841,0.5481487579920072,lstm
USR-000125,EVT-0028354,2026-07-06 16:28:21.694078,0.23118799073178417,lstm
USR-000154,EVT-0028355,2026-07-06 16:29:11.708082,0.4397452839213721,lstm
SVC-000029,EVT-0028356,2026-07-06 16:30:33.320326,0.8956884867186058,lstm
SVC-000038,EVT-0028357,2026-07-06 16:31:55.953982,0.7981518705282408,lstm
USR-000136,EVT-0028358,2026-07-06 16:32:05.572825,0.3348609251656901,lstm
USR-000040,EVT-0028359,2026-07-06 16:32:48.534359,0.44762780700350313,lstm
DEV-000003,EVT-0028360,2026-07-06 16:32:57.478089,0.31121610085160656,lstm
SVC-000026,EVT-0028361,2026-07-06 16:32:58.696998,0.30526461352285866,lstm
USR-000045,EVT-0028362,2026-07-06 16:35:01.545609,0.18579956952954754,lstm
SVC-000033,EVT-0028363,2026-07-06 16:35:06.642846,0.42635049745589376,lstm
SVC-000005,EVT-0028364,2026-07-06 16:35:30.796957,0.7702837006880952,lstm
SVC-000038,EVT-0028365,2026-07-06 16:36:22.945931,0.7516976859732404,lstm
USR-000211,EVT-0028366,2026-07-06 16:36:43.962744,0.25798645706756174,lstm
USR-000170,EVT-0028367,2026-07-06 16:37:08.207067,0.3431945473770517,lstm
DEV-000003,EVT-0028368,2026-07-06 16:38:28.909287,0.6472034569807202,lstm
SVC-000038,EVT-0028369,2026-07-06 16:38:28.991620,0.5422176630897111,lstm
SVC-000012,EVT-0028370,2026-07-06 16:39:58.079732,0.49195866639380503,lstm
USR-000117,EVT-0028371,2026-07-06 16:43:06.565481,0.48849303081201156,lstm
SVC-000026,EVT-0028372,2026-07-06 16:44:46.505471,0.544456881324662,lstm
SVC-000026,EVT-0028373,2026-07-06 16:46:30.109559,0.46284507469553104,lstm
SVC-000033,EVT-0028374,2026-07-06 16:47:35.386435,0.4483724893771526,lstm
USR-000184,EVT-0028375,2026-07-06 16:49:35.351835,0.28399432556622706,lstm
SVC-000029,EVT-0028376,2026-07-06 16:50:52.764729,0.4382967112148274,lstm
SVC-000049,EVT-0028377,2026-07-06 16:51:44.231641,0.5283513980253353,lstm
SVC-000029,EVT-0028378,2026-07-06 16:53:40.186712,0.4531887871190043,lstm
SVC-000038,EVT-0028379,2026-07-06 16:55:12.992505,0.7706952636897344,lstm
USR-000012,EVT-0028380,2026-07-06 16:56:19.187725,0.8023835690841711,lstm
SVC-000029,EVT-0028381,2026-07-06 16:56:30.405933,0.4487039649631527,lstm
USR-000101,EVT-0028382,2026-07-06 16:58:17.649431,0.2647105350256732,lstm
USR-000012,EVT-0028383,2026-07-06 16:58:21.750160,0.8731811718036114,lstm
SVC-000005,EVT-0028384,2026-07-06 17:00:34.885803,0.5573010196416842,lstm
USR-000100,EVT-0028385,2026-07-06 17:01:29.550759,1.0,lstm
USR-000125,EVT-0028386,2026-07-06 17:02:21.851625,0.3814306233044437,lstm
USR-000193,EVT-0028387,2026-07-06 17:02:23.719840,0.2887393063075009,lstm
DEV-000010,EVT-0028388,2026-07-06 17:04:37.237332,0.15231475456124424,lstm
DEV-000019,EVT-0028389,2026-07-06 17:05:56.165151,0.45971320827510276,lstm
SVC-000010,EVT-0028390,2026-07-06 17:06:15.631384,0.3415074707652004,lstm
SVC-000029,EVT-0028391,2026-07-06 17:09:35.840203,0.26982264420841656,lstm
SVC-000026,EVT-0028392,2026-07-06 17:13:41.133825,0.39170077974199696,lstm
SVC-000010,EVT-0028393,2026-07-06 17:13:48.568412,0.26631672766098213,lstm
USR-000092,EVT-0028394,2026-07-06 17:14:43.057155,0.3617825262415145,lstm
SVC-000049,EVT-0028395,2026-07-06 17:17:29.644028,0.5765312355899275,lstm
DEV-000026,EVT-0028396,2026-07-06 17:19:40.334577,0.49332989344392675,lstm
DEV-000001,EVT-0028397,2026-07-06 17:25:12.191879,0.7053909313516217,lstm
SVC-000005,EVT-0028398,2026-07-06 17:29:08.471880,0.5970670553568216,lstm
DEV-000001,EVT-0028399,2026-07-06 17:29:48.566634,0.7877011588364498,lstm
USR-000012,EVT-0028400,2026-07-06 17:30:06.523967,0.5862779379917227,lstm
SVC-000026,EVT-0028401,2026-07-06 17:34:39.689924,0.25952511598807215,lstm
USR-000057,EVT-0028402,2026-07-06 17:35:16.960688,0.33318637492411496,lstm
SVC-000010,EVT-0028403,2026-07-06 17:35:54.323579,0.32176864955115286,lstm
DEV-000002,EVT-0028404,2026-07-06 17:36:44.576764,0.25649725103079357,lstm
SVC-000026,EVT-0028405,2026-07-06 17:43:04.217835,0.6199469161821086,lstm
SVC-000037,EVT-0028406,2026-07-06 17:43:09.372131,0.949544917030068,lstm
DEV-000018,EVT-0028407,2026-07-06 17:43:15.438891,0.5834089335804711,lstm
USR-000204,EVT-0028408,2026-07-06 17:44:43.188346,0.2855588045633288,lstm
DEV-000016,EVT-0028409,2026-07-06 17:46:33.244929,0.6549683054023023,lstm
SVC-000004,EVT-0028410,2026-07-06 17:46:42.336207,0.9767769667381092,lstm
DEV-000024,EVT-0028411,2026-07-06 17:47:14.790976,0.8236227626824266,lstm
SVC-000033,EVT-0028412,2026-07-06 17:47:33.186350,0.7898945542988327,lstm
SVC-000026,EVT-0028413,2026-07-06 17:51:09.589414,0.3263206114579892,lstm
USR-000117,EVT-0028414,2026-07-06 17:54:11.323657,0.4430051118711831,lstm
SVC-000004,EVT-0028415,2026-07-06 17:56:36.220765,0.36588168489038564,lstm
DEV-000011,EVT-0028416,2026-07-06 17:58:15.559943,0.16526436297253982,lstm
USR-000052,EVT-0028417,2026-07-06 17:59:37.907627,0.31963540481666475,lstm
USR-000152,EVT-0028418,2026-07-06 17:59:51.190304,0.7900180670756137,lstm
USR-000107,EVT-0028419,2026-07-06 18:01:43.330565,0.8769012898972972,lstm
SVC-000033,EVT-0028420,2026-07-06 18:02:17.342803,0.5715660906019986,lstm
SVC-000026,EVT-0028421,2026-07-06 18:04:43.779593,0.3709343921462687,lstm
USR-000204,EVT-0028422,2026-07-06 18:05:19.074228,0.4609761474349905,lstm
SVC-000010,EVT-0028423,2026-07-06 18:09:35.633062,0.5250115332331772,lstm
USR-000176,EVT-0028424,2026-07-06 18:13:31.745735,0.8873800007493898,lstm
USR-000092,EVT-0028425,2026-07-06 18:14:25.902690,0.3484771988388796,lstm
USR-000052,EVT-0028426,2026-07-06 18:14:28.370953,0.3091323981556566,lstm
SVC-000037,EVT-0028427,2026-07-06 18:15:42.481715,0.46340564518060834,lstm
SVC-000038,EVT-0028428,2026-07-06 18:15:54.162181,0.7811673181439136,lstm
SVC-000026,EVT-0028429,2026-07-06 18:19:05.720170,0.32041073776272144,lstm
SVC-000023,EVT-0028430,2026-07-06 18:22:32.985199,0.8739359796534653,lstm
DEV-000022,EVT-0028431,2026-07-06 18:23:54.709626,0.3384935565213186,lstm
DEV-000018,EVT-0028432,2026-07-06 18:27:37.729659,0.5338226781706418,lstm
SVC-000026,EVT-0028433,2026-07-06 18:32:43.380357,0.3650520020142297,lstm
SVC-000033,EVT-0028434,2026-07-06 18:33:10.031433,0.5217595751263145,lstm
DEV-000003,EVT-0028435,2026-07-06 18:34:22.451750,0.23473737494331207,lstm
SVC-000010,EVT-0028436,2026-07-06 18:34:47.145459,0.5360947486926327,lstm
SVC-000044,EVT-0028437,2026-07-06 18:34:50.167107,0.9618802383874507,lstm
USR-000187,EVT-0028438,2026-07-06 18:35:50.893970,0.42662344356116655,lstm
SVC-000023,EVT-0028439,2026-07-06 18:36:13.803970,0.4536777681340491,lstm
USR-000026,EVT-0028440,2026-07-06 18:38:55.514638,0.4713405078056658,lstm
SVC-000005,EVT-0028441,2026-07-06 18:38:58.866003,0.36574319907890857,lstm
SVC-000044,EVT-0028442,2026-07-06 18:39:34.739889,0.5060037240626742,lstm
SVC-000057,EVT-0028443,2026-07-06 18:44:01.571103,0.97191508825774,lstm
SVC-000044,EVT-0028444,2026-07-06 18:45:08.563890,0.4630309457020554,lstm
USR-000052,EVT-0028445,2026-07-06 18:45:09.600640,0.3369133951171314,lstm
DEV-000024,EVT-0028446,2026-07-06 18:47:25.434067,0.7242942486620495,lstm
DEV-000022,EVT-0028447,2026-07-06 18:49:19.812436,0.38221138356663187,lstm
SVC-000006,EVT-0028448,2026-07-06 18:50:10.404532,0.9905835937704998,lstm
SVC-000060,EVT-0028449,2026-07-06 18:51:50.436356,0.9997986182201622,lstm
SVC-000010,EVT-0028450,2026-07-06 18:51:59.758915,0.40429358627207995,lstm
DEV-000006,EVT-0028451,2026-07-06 18:54:20.049428,0.39777422181461763,lstm
DEV-000004,EVT-0028452,2026-07-06 18:55:07.273904,0.42230075322917904,lstm
USR-000084,EVT-0028453,2026-07-06 18:55:07.414952,0.33321328967258773,lstm
SVC-000023,EVT-0028454,2026-07-06 18:55:57.544270,0.4802877520423795,lstm
DEV-000001,EVT-0028455,2026-07-06 18:58:03.430670,0.37623557014178266,lstm
SVC-000006,EVT-0028456,2026-07-06 18:59:12.336016,0.42675927695728494,lstm
SVC-000052,EVT-0028457,2026-07-06 18:59:22.636470,0.9227988959533561,lstm
SVC-000033,EVT-0028458,2026-07-06 19:00:20.997659,0.528569365936764,lstm
SVC-000006,EVT-0028459,2026-07-06 19:02:19.817072,0.7586756797086633,lstm
SVC-000044,EVT-0028460,2026-07-06 19:03:11.822383,0.313507663951496,lstm
SVC-000023,EVT-0028461,2026-07-06 19:04:32.827552,0.36528957354456143,lstm
SVC-000010,EVT-0028462,2026-07-06 19:04:42.372254,0.44988196382224216,lstm
SVC-000006,EVT-0028463,2026-07-06 19:04:56.389069,0.7350513127718842,lstm
SVC-000006,EVT-0028464,2026-07-06 19:06:10.455550,0.7399781908332176,lstm
USR-000152,EVT-0028465,2026-07-06 19:13:25.370664,0.2886390283404658,lstm
USR-000195,EVT-0028466,2026-07-06 19:13:46.897447,0.7722601614306062,lstm
USR-000185,EVT-0028467,2026-07-06 19:14:58.492753,0.39647187021096003,lstm
SVC-000052,EVT-0028468,2026-07-06 19:16:18.073352,0.374703631684938,lstm
SVC-000006,EVT-0028469,2026-07-06 19:17:31.045350,0.7079191014178488,lstm
SVC-000044,EVT-0028470,2026-07-06 19:18:42.118452,0.4664520431525461,lstm
SVC-000052,EVT-0028471,2026-07-06 19:19:04.751704,0.5583582580218253,lstm
USR-000192,EVT-0028472,2026-07-06 19:21:04.019433,0.32492602490163225,lstm
SVC-000052,EVT-0028473,2026-07-06 19:21:49.322152,0.5140698275016694,lstm
SVC-000006,EVT-0028474,2026-07-06 19:22:30.131629,0.2897425081095374,lstm
SVC-000044,EVT-0028475,2026-07-06 19:23:22.209784,0.4553341808993038,lstm
SVC-000052,EVT-0028476,2026-07-06 19:24:17.510154,0.5144259560593007,lstm
SVC-000004,EVT-0028477,2026-07-06 19:26:45.938800,0.3462990542847658,lstm
DEV-000022,EVT-0028478,2026-07-06 19:27:29.978465,0.3067908432705392,lstm
SVC-000037,EVT-0028479,2026-07-06 19:29:04.694790,0.564422772156175,lstm
SVC-000004,EVT-0028480,2026-07-06 19:30:10.677104,0.3851128395622599,lstm
SVC-000006,EVT-0028481,2026-07-06 19:31:15.273000,0.3724546791770244,lstm
SVC-000006,EVT-0028482,2026-07-06 19:31:23.422598,0.573799014391375,lstm
SVC-000060,EVT-0028483,2026-07-06 19:31:59.041379,0.960563624279457,lstm
DEV-000018,EVT-0028484,2026-07-06 19:33:17.626133,0.41875355508389694,lstm
SVC-000006,EVT-0028485,2026-07-06 19:34:01.832962,0.39294579830409954,lstm
SVC-000004,EVT-0028486,2026-07-06 19:36:33.321108,0.8019537027133736,lstm
SVC-000023,EVT-0028487,2026-07-06 19:37:29.339717,0.3560640063441067,lstm
SVC-000052,EVT-0028488,2026-07-06 19:39:33.106334,0.3261108821673263,lstm
DEV-000008,EVT-0028489,2026-07-06 19:40:53.195681,0.49592136253099406,lstm
SVC-000006,EVT-0028490,2026-07-06 19:43:01.043213,0.547063269349093,lstm
SVC-000006,EVT-0028491,2026-07-06 19:43:52.891396,0.561843904832193,lstm
SVC-000052,EVT-0028492,2026-07-06 19:44:24.397763,0.354577432019138,lstm
SVC-000052,EVT-0028493,2026-07-06 19:47:12.533466,0.27929402732832387,lstm
SVC-000033,EVT-0028494,2026-07-06 19:47:59.647206,0.8305319983142142,lstm
SVC-000023,EVT-0028495,2026-07-06 19:48:01.887195,0.32300213693141216,lstm
DEV-000002,EVT-0028496,2026-07-06 19:48:38.743824,0.22411464741740364,lstm
SVC-000061,EVT-0028497,2026-07-06 19:50:02.173763,0.9737939334459728,lstm
DEV-000026,EVT-0028498,2026-07-06 19:51:51.860935,0.5255794643277184,lstm
DEV-000011,EVT-0028499,2026-07-06 19:53:25.934041,0.2802857625644924,lstm
SVC-000058,EVT-0028500,2026-07-06 19:54:04.552527,0.9855568014567099,lstm
SVC-000057,EVT-0028501,2026-07-06 19:54:54.684826,0.5493348928666923,lstm
SVC-000006,EVT-0028502,2026-07-06 19:55:41.955803,0.3504058361561559,lstm
SVC-000004,EVT-0028503,2026-07-06 19:56:02.772141,0.38629670858359755,lstm
DEV-000003,EVT-0028504,2026-07-06 19:56:45.538644,0.18206573245442928,lstm
DEV-000010,EVT-0028505,2026-07-06 19:56:45.574105,0.2855607001697527,lstm
USR-000083,EVT-0028506,2026-07-06 19:56:58.155744,0.44800126572556515,lstm
USR-000086,EVT-0028507,2026-07-06 19:57:36.632977,0.4686498833313391,lstm
SVC-000061,EVT-0028508,2026-07-06 19:57:39.925521,0.33816258014054873,lstm
USR-000017,EVT-0028509,2026-07-06 20:01:21.787010,0.4982055554771787,lstm
SVC-000061,EVT-0028510,2026-07-06 20:01:39.708570,0.31554794349006404,lstm
SVC-000006,EVT-0028511,2026-07-06 20:01:45.479034,0.3406388727715388,lstm
SVC-000044,EVT-0028512,2026-07-06 20:02:20.264309,0.49809379957163935,lstm
DEV-000019,EVT-0028513,2026-07-06 20:05:22.317512,0.5462843597970323,lstm
SVC-000057,EVT-0028514,2026-07-06 20:06:03.868390,0.39632499292134316,lstm
SVC-000044,EVT-0028515,2026-07-06 20:08:36.503875,0.47768748844112197,lstm
SVC-000061,EVT-0028516,2026-07-06 20:08:37.224183,0.27910849216013767,lstm
SVC-000061,EVT-0028517,2026-07-06 20:10:53.491602,0.330846490682569,lstm
USR-000084,EVT-0028518,2026-07-06 20:11:16.795152,0.2936654649498681,lstm
SVC-000052,EVT-0028519,2026-07-06 20:11:59.941947,0.31223725335243885,lstm
SVC-000006,EVT-0028520,2026-07-06 20:12:16.574747,0.6392340805301894,lstm
SVC-000058,EVT-0028521,2026-07-06 20:12:32.099053,0.44146071002949167,lstm
SVC-000052,EVT-0028522,2026-07-06 20:13:26.461209,0.3391097839832259,lstm
SVC-000052,EVT-0028523,2026-07-06 20:14:43.054297,0.37938838018754545,lstm
SVC-000048,EVT-0028524,2026-07-06 20:15:35.330653,0.8743341234724422,lstm
DEV-000009,EVT-0028525,2026-07-06 20:15:39.713709,0.37146211555107467,lstm
SVC-000048,EVT-0028526,2026-07-06 20:16:43.064923,0.8325285487213162,lstm
SVC-000060,EVT-0028527,2026-07-06 20:24:29.371553,0.5926081947625916,lstm
SVC-000035,EVT-0028528,2026-07-06 20:25:18.116965,0.9448592954706236,lstm
SVC-000048,EVT-0028529,2026-07-06 20:25:56.837716,0.41627884234575113,lstm
SVC-000035,EVT-0028530,2026-07-06 20:26:10.407024,0.8426236563277276,lstm
SVC-000004,EVT-0028531,2026-07-06 20:28:50.737717,0.4430224550028022,lstm
SVC-000048,EVT-0028532,2026-07-06 20:28:52.347908,0.5843206154540598,lstm
SVC-000052,EVT-0028533,2026-07-06 20:29:34.271101,0.48853956566300855,lstm
DEV-000019,EVT-0028534,2026-07-06 20:29:46.178603,0.781869136353924,lstm
SVC-000044,EVT-0028535,2026-07-06 20:30:30.552723,0.49813495875577857,lstm
SVC-000006,EVT-0028536,2026-07-06 20:30:59.909283,0.3934165779327579,lstm
SVC-000058,EVT-0028537,2026-07-06 20:34:34.060881,0.284809268777732,lstm
DEV-000006,EVT-0028538,2026-07-06 20:36:03.338527,0.30862597331210057,lstm
SVC-000048,EVT-0028539,2026-07-06 20:38:50.228566,0.4914315237645096,lstm
SVC-000004,EVT-0028540,2026-07-06 20:39:18.930184,0.31033657330184977,lstm
SVC-000058,EVT-0028541,2026-07-06 20:40:06.614844,0.4656902173265003,lstm
SVC-000047,EVT-0028542,2026-07-06 20:43:32.953639,0.9999532920752108,lstm
SVC-000052,EVT-0028543,2026-07-06 20:46:51.855757,0.27814448585874574,lstm
DEV-000001,EVT-0028544,2026-07-06 20:47:18.854750,0.304666214331572,lstm
SVC-000044,EVT-0028545,2026-07-06 20:53:14.404482,0.7001737115689652,lstm
SVC-000048,EVT-0028546,2026-07-06 20:54:24.808786,0.5070315393681499,lstm
SVC-000058,EVT-0028547,2026-07-06 20:54:59.460165,0.546236430458601,lstm
DEV-000020,EVT-0028548,2026-07-06 20:55:27.910277,0.27616074583563915,lstm
USR-000106,EVT-0028549,2026-07-06 20:56:30.375853,0.5583789335298536,lstm
SVC-000054,EVT-0028550,2026-07-06 21:00:21.047504,0.9369856277609824,lstm
SVC-000061,EVT-0028551,2026-07-06 21:01:04.788770,0.36776143872835415,lstm
SVC-000048,EVT-0028552,2026-07-06 21:03:02.237536,0.5871253340373019,lstm
SVC-000035,EVT-0028553,2026-07-06 21:09:23.960314,0.3412457972918642,lstm
SVC-000057,EVT-0028554,2026-07-06 21:10:46.297329,0.6111687716079957,lstm
SVC-000035,EVT-0028555,2026-07-06 21:10:50.461908,0.6227244235751032,lstm
DEV-000010,EVT-0028556,2026-07-06 21:11:20.783605,0.32238648203788856,lstm
SVC-000045,EVT-0028557,2026-07-06 21:13:28.767000,0.8978989010290059,lstm
SVC-000035,EVT-0028558,2026-07-06 21:15:52.997890,0.2817096925170952,lstm
SVC-000048,EVT-0028559,2026-07-06 21:15:53.020640,0.3102553910147511,lstm
SVC-000054,EVT-0028560,2026-07-06 21:18:36.914141,0.31352392077904706,lstm
SVC-000035,EVT-0028561,2026-07-06 21:20:49.654333,0.3642129234864577,lstm
DEV-000006,EVT-0028562,2026-07-06 21:22:18.884468,0.3254482151929919,lstm
SVC-000047,EVT-0028563,2026-07-06 21:25:02.268340,0.8245758498643536,lstm
DEV-000022,EVT-0028564,2026-07-06 21:25:38.492783,0.4083835459533855,lstm
SVC-000054,EVT-0028565,2026-07-06 21:26:30.467256,0.3390506535271702,lstm
SVC-000052,EVT-0028566,2026-07-06 21:27:05.701864,0.33900331864721706,lstm
USR-000088,EVT-0028567,2026-07-06 21:27:15.500308,0.43360617383049804,lstm
SVC-000058,EVT-0028568,2026-07-06 21:29:30.949730,0.34413435526157815,lstm
USR-000141,EVT-0028569,2026-07-06 21:29:36.221955,0.6325061001774326,lstm
DEV-000012,EVT-0028570,2026-07-06 21:34:14.273650,0.38226896176444664,lstm
SVC-000058,EVT-0028571,2026-07-06 21:34:22.404213,0.3769829830216802,lstm
SVC-000045,EVT-0028572,2026-07-06 21:35:05.350083,0.297008323121236,lstm
SVC-000054,EVT-0028573,2026-07-06 21:37:05.584440,0.33126635544198363,lstm
SVC-000048,EVT-0028574,2026-07-06 21:37:17.725228,0.48930526660663265,lstm
SVC-000047,EVT-0028575,2026-07-06 21:37:38.884481,0.7122577520844697,lstm
SVC-000054,EVT-0028576,2026-07-06 21:38:14.880630,0.457173770322135,lstm
SVC-000003,EVT-0028577,2026-07-06 21:42:00.364017,0.9183092912193166,lstm
SVC-000058,EVT-0028578,2026-07-06 21:42:02.352784,0.2906737473455337,lstm
SVC-000054,EVT-0028579,2026-07-06 21:42:08.192446,0.4141132138930907,lstm
SVC-000035,EVT-0028580,2026-07-06 21:46:34.028833,0.2560037402793184,lstm
SVC-000058,EVT-0028581,2026-07-06 21:47:37.727858,0.3281234349257617,lstm
SVC-000058,EVT-0028582,2026-07-06 21:48:11.933246,0.5744263764814718,lstm
SVC-000045,EVT-0028583,2026-07-06 21:51:01.866633,0.3463884740455758,lstm
DEV-000014,EVT-0028584,2026-07-06 21:53:13.439606,0.5576549838417424,lstm
SVC-000048,EVT-0028585,2026-07-06 21:54:13.334138,0.4533240552050058,lstm
SVC-000054,EVT-0028586,2026-07-06 21:55:05.063753,0.22898803401640222,lstm
SVC-000054,EVT-0028587,2026-07-06 21:55:42.038013,0.49963137954026887,lstm
SVC-000054,EVT-0028588,2026-07-06 21:59:32.103792,0.27939032888631576,lstm
SVC-000045,EVT-0028589,2026-07-06 22:00:17.807230,0.6900703317972406,lstm
SVC-000047,EVT-0028590,2026-07-06 22:03:53.440331,0.4241983991097601,lstm
SVC-000045,EVT-0028591,2026-07-06 22:04:14.491905,0.4806934001481651,lstm
SVC-000025,EVT-0028592,2026-07-06 22:06:15.004801,0.9370646076293913,lstm
DEV-000004,EVT-0028593,2026-07-06 22:06:22.252939,0.3604513861189838,lstm
SVC-000054,EVT-0028594,2026-07-06 22:06:26.489443,0.28346507746743393,lstm
SVC-000002,EVT-0028595,2026-07-06 22:07:12.162616,0.9848263035314445,lstm
SVC-000002,EVT-0028596,2026-07-06 22:08:41.370071,0.4939529415824984,lstm
SVC-000054,EVT-0028597,2026-07-06 22:09:12.700737,0.4414727965520067,lstm
SVC-000003,EVT-0028598,2026-07-06 22:09:41.018235,0.7881202418993482,lstm
SVC-000032,EVT-0028599,2026-07-06 22:10:01.261130,0.9768229062953591,lstm
SVC-000035,EVT-0028600,2026-07-06 22:11:27.929329,0.24248585389266925,lstm
SVC-000054,EVT-0028601,2026-07-06 22:15:58.785728,0.5305493729720581,lstm
SVC-000002,EVT-0028602,2026-07-06 22:16:07.685507,0.4650453281431846,lstm
DEV-000010,EVT-0028603,2026-07-06 22:18:04.948496,0.4112918078540716,lstm
USR-000106,EVT-0028604,2026-07-06 22:22:52.732341,0.27420086830519835,lstm
SVC-000002,EVT-0028605,2026-07-06 22:27:08.700752,0.33903000327055927,lstm
SVC-000003,EVT-0028606,2026-07-06 22:27:28.736296,0.42685406010020827,lstm
SVC-000047,EVT-0028607,2026-07-06 22:28:26.429301,0.3754494102699806,lstm
SVC-000054,EVT-0028608,2026-07-06 22:31:03.398868,0.31949722834145683,lstm
SVC-000025,EVT-0028609,2026-07-06 22:31:57.369151,0.4057169297940562,lstm
SVC-000054,EVT-0028610,2026-07-06 22:35:48.847837,0.2649429770332837,lstm
SVC-000002,EVT-0028611,2026-07-06 22:38:30.511911,0.4650459137583282,lstm
USR-000165,EVT-0028612,2026-07-06 22:40:31.992077,0.38960662538093943,lstm
SVC-000045,EVT-0028613,2026-07-06 22:41:56.604974,0.4006980781046793,lstm
DEV-000018,EVT-0028614,2026-07-06 22:43:02.532035,0.2339856474158738,lstm
SVC-000045,EVT-0028615,2026-07-06 22:44:04.053076,0.6500715495137627,lstm
SVC-000003,EVT-0028616,2026-07-06 22:44:17.364788,0.6289568279034089,lstm
SVC-000054,EVT-0028617,2026-07-06 22:44:35.765731,0.25929016779955766,lstm
SVC-000047,EVT-0028618,2026-07-06 22:45:48.998591,0.44930336008465,lstm
SVC-000002,EVT-0028619,2026-07-06 22:47:32.472927,0.2877989092351142,lstm
SVC-000025,EVT-0028620,2026-07-06 22:47:58.407364,0.2961768675167244,lstm
SVC-000041,EVT-0028621,2026-07-06 22:48:06.559711,0.9891712778507259,lstm
SVC-000002,EVT-0028622,2026-07-06 22:48:40.937507,0.38007781384024253,lstm
DEV-000016,EVT-0028623,2026-07-06 22:50:28.053336,0.3437411694009534,lstm
SVC-000002,EVT-0028624,2026-07-06 22:51:29.353527,0.5120983506731667,lstm
SVC-000047,EVT-0028625,2026-07-06 22:51:41.346747,0.5599521117073456,lstm
SVC-000045,EVT-0028626,2026-07-06 22:52:18.762561,0.5570415741359562,lstm
SVC-000035,EVT-0028627,2026-07-06 22:52:31.344821,0.30451805166664797,lstm
SVC-000032,EVT-0028628,2026-07-06 22:58:48.299742,0.3300583321932331,lstm
SVC-000002,EVT-0028629,2026-07-06 22:58:56.837302,0.37379655312352145,lstm
SVC-000054,EVT-0028630,2026-07-06 23:00:30.776520,0.28446863202105166,lstm
SVC-000032,EVT-0028631,2026-07-06 23:00:47.738626,0.3836896490606408,lstm
SVC-000025,EVT-0028632,2026-07-06 23:00:48.093690,0.2999804772851383,lstm
SVC-000045,EVT-0028633,2026-07-06 23:01:49.610927,0.43486213056826295,lstm
SVC-000056,EVT-0028634,2026-07-06 23:02:14.779635,0.8994271592461947,lstm
SVC-000025,EVT-0028635,2026-07-06 23:02:25.239123,0.5609453942388577,lstm
SVC-000041,EVT-0028636,2026-07-06 23:03:33.726678,0.8033398452843624,lstm
SVC-000032,EVT-0028637,2026-07-06 23:08:28.421682,0.2170712040424951,lstm
SVC-000056,EVT-0028638,2026-07-06 23:10:19.425651,0.49890494071639735,lstm
SVC-000002,EVT-0028639,2026-07-06 23:10:25.421393,0.25909370578048857,lstm
DEV-000007,EVT-0028640,2026-07-06 23:13:34.752101,0.47992987976137097,lstm
SVC-000032,EVT-0028641,2026-07-06 23:15:55.093840,0.215998490699027,lstm
SVC-000035,EVT-0028642,2026-07-06 23:16:01.153389,0.3102006636494303,lstm
DEV-000018,EVT-0028643,2026-07-06 23:20:17.314182,0.5112166026278223,lstm
DEV-000020,EVT-0028644,2026-07-06 23:20:47.285483,0.16997010439994015,lstm
SVC-000002,EVT-0028645,2026-07-06 23:21:42.716942,0.2955368640294238,lstm
USR-000150,EVT-0028646,2026-07-06 23:24:34.479084,0.3076602004942803,lstm
SVC-000047,EVT-0028647,2026-07-06 23:27:29.806015,0.6510333146994918,lstm
SVC-000045,EVT-0028648,2026-07-06 23:27:45.858865,0.4503806326700065,lstm
SVC-000002,EVT-0028649,2026-07-06 23:28:46.901822,0.31819775529282657,lstm
USR-000122,EVT-0028650,2026-07-06 23:28:52.668141,0.4352816813651397,lstm
SVC-000045,EVT-0028651,2026-07-06 23:31:10.164164,0.5208673505810857,lstm
SVC-000025,EVT-0028652,2026-07-06 23:32:11.904683,0.3157064970679409,lstm
SVC-000032,EVT-0028653,2026-07-06 23:32:12.993413,0.28170859977679025,lstm
SVC-000032,EVT-0028654,2026-07-06 23:38:38.898095,0.2951304158600592,lstm
SVC-000025,EVT-0028655,2026-07-06 23:39:56.510595,0.3490327668189057,lstm
SVC-000054,EVT-0028656,2026-07-06 23:39:59.806363,0.3873269643798028,lstm
USR-000141,EVT-0028657,2026-07-06 23:43:06.416155,0.23631368210970694,lstm
DEV-000015,EVT-0028658,2026-07-06 23:48:16.449475,0.5063663836643046,lstm
DEV-000026,EVT-0028659,2026-07-06 23:51:28.730896,0.41604362231987,lstm
USR-000141,EVT-0028660,2026-07-06 23:52:49.266748,0.48266650864477273,lstm
SVC-000032,EVT-0028661,2026-07-06 23:58:36.804119,0.2947961242096582,lstm
DEV-000017,EVT-0028662,2026-07-06 23:59:03.731139,0.5532463012292631,lstm
SVC-000041,EVT-0028663,2026-07-07 00:00:35.026633,0.6116972077001429,lstm
SVC-000032,EVT-0028664,2026-07-07 00:01:00.281986,0.381882671478199,lstm
USR-000106,EVT-0028665,2026-07-07 00:03:27.557675,0.2089826515249936,lstm
SVC-000045,EVT-0028666,2026-07-07 00:06:21.099552,0.4924285139806038,lstm
DEV-000001,EVT-0028667,2026-07-07 00:11:07.782013,0.4755957174878612,lstm
SVC-000032,EVT-0028668,2026-07-07 00:16:23.460216,0.34935064001907246,lstm
SVC-000025,EVT-0028669,2026-07-07 00:23:13.068834,0.4046572573828233,lstm
SVC-000041,EVT-0028670,2026-07-07 00:23:50.525299,0.34987304644453565,lstm
SVC-000056,EVT-0028671,2026-07-07 00:24:47.456842,0.5763642922530322,lstm
SVC-000047,EVT-0028672,2026-07-07 00:26:15.329978,0.5661505217269346,lstm
SVC-000025,EVT-0028673,2026-07-07 00:28:31.014732,0.4839525283390885,lstm
SVC-000032,EVT-0028674,2026-07-07 00:37:29.422991,0.2838150581652237,lstm
USR-000183,EVT-0028675,2026-07-07 00:39:31.953172,0.9999999371787223,lstm
SVC-000056,EVT-0028676,2026-07-07 00:42:24.320310,0.5201899640886243,lstm
SVC-000025,EVT-0028677,2026-07-07 00:47:46.232475,0.3078841005430467,lstm
USR-000088,EVT-0028678,2026-07-07 00:49:23.391911,0.28085359482286376,lstm
USR-000165,EVT-0028679,2026-07-07 00:49:51.758415,0.5707524095884646,lstm
SVC-000041,EVT-0028680,2026-07-07 00:53:00.360688,0.570802551499505,lstm
SVC-000041,EVT-0028681,2026-07-07 01:01:27.867547,0.6279411346014198,lstm
DEV-000025,EVT-0028682,2026-07-07 01:05:11.690236,0.9151627841244488,lstm
DEV-000019,EVT-0028683,2026-07-07 01:21:26.103272,0.6422350279695731,lstm
DEV-000002,EVT-0028684,2026-07-07 01:23:32.569083,0.5945746900169329,lstm
SVC-000056,EVT-0028685,2026-07-07 01:24:09.913883,0.4156255565355418,lstm
USR-000106,EVT-0028686,2026-07-07 01:25:12.211425,0.22138566422870976,lstm
DEV-000008,EVT-0028687,2026-07-07 01:27:54.919837,0.7221146413549391,lstm
USR-000165,EVT-0028688,2026-07-07 01:31:11.548157,0.5423611791887896,lstm
SVC-000056,EVT-0028689,2026-07-07 01:32:48.938509,0.5465140395326117,lstm
SVC-000041,EVT-0028690,2026-07-07 01:34:55.413623,0.5392439518735773,lstm
SVC-000018,EVT-0028691,2026-07-07 01:38:32.378394,0.9958404487140223,lstm
SVC-000041,EVT-0028692,2026-07-07 01:41:43.414631,0.6035360730886095,lstm
DEV-000009,EVT-0028693,2026-07-07 01:45:02.121222,0.7986428248037493,lstm
DEV-000007,EVT-0028694,2026-07-07 01:45:08.268292,0.3100299031434599,lstm
USR-000165,EVT-0028695,2026-07-07 01:45:26.060944,0.39917946271158683,lstm
USR-000106,EVT-0028696,2026-07-07 01:50:47.188117,0.27996424938317205,lstm
SVC-000018,EVT-0028697,2026-07-07 01:51:09.088942,0.4458557797233743,lstm
USR-000106,EVT-0028698,2026-07-07 01:59:23.222108,0.2977547086360372,lstm
USR-000088,EVT-0028699,2026-07-07 02:01:11.657453,0.27110187452501383,lstm
SVC-000018,EVT-0028700,2026-07-07 02:02:58.435874,0.4437743063343946,lstm
USR-000122,EVT-0028701,2026-07-07 02:03:54.055363,0.41445303253344584,lstm
SVC-000018,EVT-0028702,2026-07-07 02:09:14.815580,0.47741960817753487,lstm
USR-000106,EVT-0028703,2026-07-07 02:11:42.462336,0.28208406173433626,lstm
DEV-000005,EVT-0028704,2026-07-07 02:13:57.303738,0.215294559559211,lstm
DEV-000017,EVT-0028705,2026-07-07 02:15:45.190449,0.4687220550606637,lstm
DEV-000024,EVT-0028706,2026-07-07 02:15:48.545514,0.45984171051620354,lstm
DEV-000023,EVT-0028707,2026-07-07 02:21:10.936806,0.8997744296289838,lstm
DEV-000014,EVT-0028708,2026-07-07 02:24:02.142799,0.8108992817834892,lstm
DEV-000010,EVT-0028709,2026-07-07 02:24:28.195125,0.6400106190296395,lstm
SVC-000018,EVT-0028710,2026-07-07 02:30:08.467656,0.3441538574982604,lstm
SVC-000018,EVT-0028711,2026-07-07 02:34:16.833653,0.7744067660155911,lstm
SVC-000018,EVT-0028712,2026-07-07 02:36:29.491247,0.384284681564863,lstm
SVC-000018,EVT-0028713,2026-07-07 02:38:53.068472,0.46676910052894055,lstm
USR-000088,EVT-0028714,2026-07-07 02:39:19.897962,0.3205456129141761,lstm
DEV-000007,EVT-0028715,2026-07-07 02:40:26.755424,0.3119102313151178,lstm
SVC-000018,EVT-0028716,2026-07-07 02:44:39.564424,0.33854361966825486,lstm
SVC-000014,EVT-0028717,2026-07-07 02:45:38.089830,0.989892414878168,lstm
DEV-000014,EVT-0028718,2026-07-07 02:47:16.189986,0.7675902542646007,lstm
USR-000165,EVT-0028719,2026-07-07 02:48:03.562259,0.29606493785313076,lstm
SVC-000018,EVT-0028720,2026-07-07 02:51:16.888310,0.5193620772703432,lstm
USR-000165,EVT-0028721,2026-07-07 02:55:11.145319,0.36928962584339836,lstm
SVC-000014,EVT-0028722,2026-07-07 02:56:18.744549,0.41387577937035736,lstm
SVC-000018,EVT-0028723,2026-07-07 03:02:29.813727,0.28200458831810493,lstm
DEV-000017,EVT-0028724,2026-07-07 03:02:34.830870,0.48955190764770556,lstm
SVC-000014,EVT-0028725,2026-07-07 03:03:14.781672,0.29351673626907177,lstm
DEV-000023,EVT-0028726,2026-07-07 03:07:44.537896,0.8432166807370344,lstm
SVC-000041,EVT-0028727,2026-07-07 03:12:00.813790,0.6636449025278661,lstm
SVC-000041,EVT-0028728,2026-07-07 03:12:37.838135,0.7643786640647465,lstm
DEV-000006,EVT-0028729,2026-07-07 03:14:38.374584,0.5541871924273865,lstm
USR-000093,EVT-0028730,2026-07-07 03:14:52.762780,0.5464761555665165,lstm
SVC-000041,EVT-0028731,2026-07-07 03:15:04.995803,0.7707785513997033,lstm
USR-000106,EVT-0028732,2026-07-07 03:15:43.378892,0.2682836887891086,lstm
SVC-000018,EVT-0028733,2026-07-07 03:17:38.368909,0.3498110012474956,lstm
SVC-000018,EVT-0028734,2026-07-07 03:18:21.823319,0.5766324478925551,lstm
SVC-000018,EVT-0028735,2026-07-07 03:27:38.328261,0.3920484001227364,lstm
SVC-000014,EVT-0028736,2026-07-07 03:29:10.445161,0.33719539568154433,lstm
SVC-000014,EVT-0028737,2026-07-07 03:31:38.901977,0.3810969824366873,lstm
SVC-000041,EVT-0028738,2026-07-07 03:31:50.265073,0.5967171916924224,lstm
SVC-000014,EVT-0028739,2026-07-07 03:34:01.072399,0.6550020593464637,lstm
SVC-000014,EVT-0028740,2026-07-07 03:34:30.895659,0.4704397553382348,lstm
SVC-000014,EVT-0028741,2026-07-07 03:35:38.321839,0.3880583029896099,lstm
SVC-000041,EVT-0028742,2026-07-07 03:38:51.887428,0.6807473755468294,lstm
SVC-000014,EVT-0028743,2026-07-07 03:40:46.325841,0.33022419646543033,lstm
SVC-000014,EVT-0028744,2026-07-07 03:41:34.444278,0.49949069562655024,lstm
SVC-000020,EVT-0028745,2026-07-07 03:42:44.428747,0.9485058943871367,lstm
SVC-000014,EVT-0028746,2026-07-07 03:52:22.421759,0.29511049732123007,lstm
SVC-000014,EVT-0028747,2026-07-07 04:07:58.498539,0.24929012609899168,lstm
DEV-000021,EVT-0028748,2026-07-07 04:09:01.387841,0.8391220014466609,lstm
SVC-000014,EVT-0028749,2026-07-07 04:09:04.884486,0.37194779654497906,lstm
SVC-000007,EVT-0028750,2026-07-07 04:10:57.213327,0.9573576557256478,lstm
SVC-000019,EVT-0028751,2026-07-07 04:11:51.143904,0.9434190668659184,lstm
SVC-000014,EVT-0028752,2026-07-07 04:12:49.064561,0.3700087184526928,lstm
SVC-000015,EVT-0028753,2026-07-07 04:15:16.942116,0.9354593167692947,lstm
SVC-000014,EVT-0028754,2026-07-07 04:15:51.911631,0.2788564005838196,lstm
SVC-000007,EVT-0028755,2026-07-07 04:18:27.932545,0.3299603003066471,lstm
SVC-000014,EVT-0028756,2026-07-07 04:18:31.711296,0.228260192027323,lstm
SVC-000007,EVT-0028757,2026-07-07 04:18:33.892634,0.7514605089522988,lstm
USR-000156,EVT-0028758,2026-07-07 04:20:28.446378,0.8630251700435618,lstm
USR-000207,EVT-0028759,2026-07-07 04:21:29.525418,0.38918225067896484,lstm
DEV-000009,EVT-0028760,2026-07-07 04:22:14.441358,0.7942641809188307,lstm
DEV-000011,EVT-0028761,2026-07-07 04:26:34.792235,0.7223008752402474,lstm
SVC-000014,EVT-0028762,2026-07-07 04:34:05.306537,0.2810234415212773,lstm
DEV-000003,EVT-0028763,2026-07-07 04:34:42.077486,0.6323350760260162,lstm
SVC-000007,EVT-0028764,2026-07-07 04:36:30.991983,0.30329325597747514,lstm
DEV-000026,EVT-0028765,2026-07-07 04:38:40.996178,0.38380055276595276,lstm
DEV-000006,EVT-0028766,2026-07-07 04:38:43.814760,0.40880397788347206,lstm
SVC-000020,EVT-0028767,2026-07-07 04:46:46.967921,0.3082504851676565,lstm
SVC-000019,EVT-0028768,2026-07-07 04:47:28.266032,0.2646221461588231,lstm
SVC-000007,EVT-0028769,2026-07-07 04:50:07.071282,0.3464248093118689,lstm
SVC-000015,EVT-0028770,2026-07-07 04:51:32.806258,0.2911947992726151,lstm
DEV-000024,EVT-0028771,2026-07-07 04:53:21.867433,0.2872877601747868,lstm
SVC-000007,EVT-0028772,2026-07-07 04:55:04.995895,0.48296975162732914,lstm
SVC-000007,EVT-0028773,2026-07-07 04:57:25.383657,0.40750839613432627,lstm
SVC-000019,EVT-0028774,2026-07-07 04:59:40.567357,0.31513426446859566,lstm
SVC-000014,EVT-0028775,2026-07-07 05:02:09.538413,0.44655711394906683,lstm
SVC-000007,EVT-0028776,2026-07-07 05:03:12.734125,0.27309125994142425,lstm
DEV-000017,EVT-0028777,2026-07-07 05:10:03.469093,0.2623883069788181,lstm
SVC-000019,EVT-0028778,2026-07-07 05:11:59.959142,0.2375367955221244,lstm
SVC-000014,EVT-0028779,2026-07-07 05:17:44.389316,0.3972591049690349,lstm
DEV-000009,EVT-0028780,2026-07-07 05:17:53.634510,0.6240135311452554,lstm
SVC-000007,EVT-0028781,2026-07-07 05:18:07.571569,0.2597403802907155,lstm
SVC-000007,EVT-0028782,2026-07-07 05:18:47.808619,0.4001093339613502,lstm
SVC-000007,EVT-0028783,2026-07-07 05:22:15.389316,0.2762857824140165,lstm
DEV-000020,EVT-0028784,2026-07-07 05:22:24.241804,0.4731525788916984,lstm
SVC-000009,EVT-0028785,2026-07-07 05:22:41.580789,0.9626169956730094,lstm
SVC-000007,EVT-0028786,2026-07-07 05:23:15.128256,0.5150382164590708,lstm
USR-000203,EVT-0028787,2026-07-07 05:23:48.118641,0.586688367755808,lstm
SVC-000015,EVT-0028788,2026-07-07 05:24:11.381757,0.5824554976607816,lstm
SVC-000014,EVT-0028789,2026-07-07 05:27:54.426039,0.25159584007802566,lstm
SVC-000019,EVT-0028790,2026-07-07 05:28:12.780012,0.25675028262701566,lstm
SVC-000019,EVT-0028791,2026-07-07 05:32:44.280791,0.292929889138053,lstm
SVC-000009,EVT-0028792,2026-07-07 05:33:15.089338,0.5364896119689827,lstm
SVC-000019,EVT-0028793,2026-07-07 05:35:54.286272,0.3224485039744369,lstm
DEV-000025,EVT-0028794,2026-07-07 05:35:59.166799,0.8110092710741134,lstm
SVC-000007,EVT-0028795,2026-07-07 05:38:15.189539,0.26588354099644945,lstm
SVC-000015,EVT-0028796,2026-07-07 05:38:36.131841,0.7761669127023799,lstm
USR-000153,EVT-0028797,2026-07-07 05:42:43.800906,0.8430486349817555,lstm
SVC-000007,EVT-0028798,2026-07-07 05:43:08.023533,0.28157547285708995,lstm
USR-000158,EVT-0028799,2026-07-07 05:45:30.169942,0.5612327640445366,lstm
SVC-000009,EVT-0028800,2026-07-07 05:47:10.640951,0.4901671465744956,lstm
SVC-000007,EVT-0028801,2026-07-07 05:48:38.152469,0.2776938360242124,lstm
SVC-000007,EVT-0028802,2026-07-07 05:49:11.129006,0.39956795064204537,lstm
USR-000051,EVT-0028803,2026-07-07 05:49:51.000359,0.8087205818494096,lstm
USR-000088,EVT-0028804,2026-07-07 05:53:24.850031,0.8378754810089156,lstm
SVC-000019,EVT-0028805,2026-07-07 05:54:36.300952,0.2487300287716425,lstm
SVC-000009,EVT-0028806,2026-07-07 05:56:14.775928,0.7123603584128518,lstm
DEV-000013,EVT-0028807,2026-07-07 05:57:53.516290,0.8249508722930738,lstm
DEV-000006,EVT-0028808,2026-07-07 05:59:30.591376,0.4173248581388075,lstm
USR-000153,EVT-0028809,2026-07-07 06:06:31.500616,0.6828274734045293,lstm
SVC-000009,EVT-0028810,2026-07-07 06:14:09.861784,0.44607672632171497,lstm
USR-000182,EVT-0028811,2026-07-07 06:18:53.580089,0.5138174086910495,lstm
SVC-000009,EVT-0028812,2026-07-07 06:20:57.298814,0.6127298970068817,lstm
USR-000014,EVT-0028813,2026-07-07 06:22:13.195722,0.8703479455317893,lstm
SVC-000009,EVT-0028814,2026-07-07 06:27:06.816839,0.5818629223917565,lstm
USR-000093,EVT-0028815,2026-07-07 06:30:28.817302,0.331714383694103,lstm
SVC-000030,EVT-0028816,2026-07-07 06:31:46.654043,0.9507318834883469,lstm
SVC-000009,EVT-0028817,2026-07-07 06:31:58.269037,0.610246418325111,lstm
DEV-000003,EVT-0028818,2026-07-07 06:35:09.262919,0.5842826317904157,lstm
SVC-000009,EVT-0028819,2026-07-07 06:38:07.409824,0.6210989425304982,lstm
SVC-000031,EVT-0028820,2026-07-07 06:42:22.436331,0.9893631285336629,lstm
SVC-000040,EVT-0028821,2026-07-07 06:43:24.670442,0.9939280374666339,lstm
SVC-000009,EVT-0028822,2026-07-07 06:47:01.279243,0.41467450793682803,lstm
DEV-000018,EVT-0028823,2026-07-07 06:47:10.046530,0.7806944547847389,lstm
SVC-000031,EVT-0028824,2026-07-07 06:49:49.852218,0.4022061468384462,lstm
DEV-000014,EVT-0028825,2026-07-07 06:54:32.272711,0.6279791568361882,lstm
SVC-000009,EVT-0028826,2026-07-07 06:56:10.040503,0.37550905787819777,lstm
SVC-000009,EVT-0028827,2026-07-07 06:56:25.816651,0.8842117945073673,lstm
SVC-000019,EVT-0028828,2026-07-07 06:56:34.566566,0.37835672244563884,lstm
USR-000060,EVT-0028829,2026-07-07 07:04:25.549318,0.5329326274518331,lstm
DEV-000021,EVT-0028830,2026-07-07 07:05:06.170841,0.5458074784706313,lstm
SVC-000055,EVT-0028831,2026-07-07 07:05:59.358201,0.978964635629971,lstm
USR-000014,EVT-0028832,2026-07-07 07:12:22.246976,0.2747828035035962,lstm
SVC-000040,EVT-0028833,2026-07-07 07:17:11.245053,0.5392075867657433,lstm
SVC-000040,EVT-0028834,2026-07-07 07:19:16.504026,0.8124856087009739,lstm
USR-000153,EVT-0028835,2026-07-07 07:19:51.549325,0.5585670338662878,lstm
SVC-000014,EVT-0028836,2026-07-07 07:22:03.395310,0.7690737919587192,lstm
SVC-000051,EVT-0028837,2026-07-07 07:22:30.015998,0.7102318878472468,lstm
DEV-000003,EVT-0028838,2026-07-07 07:23:33.077134,0.5226189200631091,lstm
SVC-000055,EVT-0028839,2026-07-07 07:25:14.686408,0.43189327676066575,lstm
USR-000059,EVT-0028840,2026-07-07 07:30:10.735400,0.6343818709887605,lstm
USR-000009,EVT-0028841,2026-07-07 07:30:11.846251,0.25516030822392066,lstm
DEV-000004,EVT-0028842,2026-07-07 07:31:32.618088,0.6606423446520947,lstm
DEV-000020,EVT-0028843,2026-07-07 07:31:34.807736,0.36426681813210504,lstm
USR-000103,EVT-0028844,2026-07-07 07:33:16.345265,0.44061700234838785,lstm
DEV-000012,EVT-0028845,2026-07-07 07:33:33.048276,0.3356118263481858,lstm
DEV-000021,EVT-0028846,2026-07-07 07:35:53.308364,0.5013139865194882,lstm
DEV-000016,EVT-0028847,2026-07-07 07:37:16.122951,0.4275738152014159,lstm
SVC-000031,EVT-0028848,2026-07-07 07:37:36.783799,0.4334450271225691,lstm
SVC-000040,EVT-0028849,2026-07-07 07:39:53.668633,0.3052645254244275,lstm
DEV-000021,EVT-0028850,2026-07-07 07:40:33.558748,0.8225299490771067,lstm
SVC-000011,EVT-0028851,2026-07-07 07:42:44.408273,0.9862535760773701,lstm
SVC-000011,EVT-0028852,2026-07-07 07:46:05.411601,0.4649477384493361,lstm
SVC-000040,EVT-0028853,2026-07-07 07:46:09.747163,0.37974908270688795,lstm
SVC-000051,EVT-0028854,2026-07-07 07:47:07.843773,0.3983273655308251,lstm
USR-000169,EVT-0028855,2026-07-07 07:48:47.975560,0.6681473626682006,lstm
SVC-000039,EVT-0028856,2026-07-07 07:50:04.462175,0.9963832272407764,lstm
USR-000095,EVT-0028857,2026-07-07 07:50:43.768348,0.3717068566790103,lstm
SVC-000024,EVT-0028858,2026-07-07 07:53:59.408751,0.9993145026044387,lstm
USR-000093,EVT-0028859,2026-07-07 07:54:01.048916,0.33523700260232914,lstm
USR-000060,EVT-0028860,2026-07-07 07:54:07.995859,0.6341875680302106,lstm
SVC-000011,EVT-0028861,2026-07-07 07:55:00.800182,0.3388271327399068,lstm
SVC-000011,EVT-0028862,2026-07-07 07:55:24.350910,0.5411216655842529,lstm
USR-000050,EVT-0028863,2026-07-07 07:55:50.778746,0.7886863124164657,lstm
SVC-000011,EVT-0028864,2026-07-07 07:56:58.482770,0.4104075072113547,lstm
SVC-000051,EVT-0028865,2026-07-07 08:00:24.501131,0.45954014143274735,lstm
DEV-000022,EVT-0028866,2026-07-07 08:00:46.836790,0.8664982597514501,lstm
SVC-000042,EVT-0028867,2026-07-07 08:03:55.142870,0.9999342569696839,lstm
SVC-000042,EVT-0028868,2026-07-07 08:04:24.877083,0.9747699034142916,lstm
USR-000082,EVT-0028869,2026-07-07 08:05:20.587336,0.5529044739092628,lstm
SVC-000030,EVT-0028870,2026-07-07 08:06:24.958682,0.588391738270526,lstm
USR-000158,EVT-0028871,2026-07-07 08:06:40.578072,0.3967597289623226,lstm
SVC-000024,EVT-0028872,2026-07-07 08:07:21.360056,0.5067209786037435,lstm
DEV-000006,EVT-0028873,2026-07-07 08:07:57.604420,0.29213393723415415,lstm
SVC-000011,EVT-0028874,2026-07-07 08:08:05.858366,0.3209542151991719,lstm
USR-000103,EVT-0028875,2026-07-07 08:08:08.302227,0.43985899659707517,lstm
SVC-000011,EVT-0028876,2026-07-07 08:09:47.048448,0.3921094087447193,lstm
USR-000191,EVT-0028877,2026-07-07 08:10:02.900517,0.9170635976217366,lstm
USR-000177,EVT-0028878,2026-07-07 08:11:17.471643,0.44366816253152935,lstm
SVC-000011,EVT-0028879,2026-07-07 08:14:24.453185,0.27896315844950875,lstm
SVC-000046,EVT-0028880,2026-07-07 08:15:31.721082,0.988506894055497,lstm
SVC-000030,EVT-0028881,2026-07-07 08:15:39.322229,0.647654109879239,lstm
DEV-000026,EVT-0028882,2026-07-07 08:16:11.894135,0.3254177154863133,lstm
SVC-000024,EVT-0028883,2026-07-07 08:16:44.249539,0.39114971927266934,lstm
SVC-000011,EVT-0028884,2026-07-07 08:17:10.499035,0.3030769124688787,lstm
USR-000009,EVT-0028885,2026-07-07 08:17:33.584366,0.3730313319360254,lstm
USR-000060,EVT-0028886,2026-07-07 08:18:31.902069,0.41836669701815554,lstm
SVC-000016,EVT-0028887,2026-07-07 08:18:41.053849,0.9779268204541651,lstm
SVC-000046,EVT-0028888,2026-07-07 08:18:59.375188,0.393666419375406,lstm
SVC-000031,EVT-0028889,2026-07-07 08:20:35.485699,0.3888643486622064,lstm
SVC-000011,EVT-0028890,2026-07-07 08:20:50.271830,0.27787244437737385,lstm
SVC-000011,EVT-0028891,2026-07-07 08:22:38.380667,0.8103226901721511,lstm
USR-000169,EVT-0028892,2026-07-07 08:23:32.485717,0.5234280815796011,lstm
SVC-000039,EVT-0028893,2026-07-07 08:24:37.439570,0.7068645917032903,lstm
DEV-000007,EVT-0028894,2026-07-07 08:24:50.430168,0.3183881243287753,lstm
SVC-000046,EVT-0028895,2026-07-07 08:25:39.797305,0.3514702463638448,lstm
SVC-000011,EVT-0028896,2026-07-07 08:26:16.458709,0.6109212908478475,lstm
DEV-000010,EVT-0028897,2026-07-07 08:26:31.372982,0.6323580964820141,lstm
SVC-000016,EVT-0028898,2026-07-07 08:28:52.045480,0.465352548154527,lstm
SVC-000031,EVT-0028899,2026-07-07 08:29:59.037214,0.31200072710406496,lstm
SVC-000030,EVT-0028900,2026-07-07 08:34:42.911202,0.48043177905835993,lstm
SVC-000040,EVT-0028901,2026-07-07 08:36:26.004523,0.3005280992044769,lstm
SVC-000011,EVT-0028902,2026-07-07 08:36:54.486999,0.32911535123419916,lstm
USR-000082,EVT-0028903,2026-07-07 08:36:55.729822,0.5697890246315861,lstm
DEV-000020,EVT-0028904,2026-07-07 08:37:39.536941,0.40674669072416003,lstm
DEV-000006,EVT-0028905,2026-07-07 08:37:52.059117,0.21545843278021617,lstm
SVC-000011,EVT-0028906,2026-07-07 08:38:04.329609,0.4253276531749877,lstm
DEV-000011,EVT-0028907,2026-07-07 08:38:52.668746,0.3856108337418521,lstm
USR-000009,EVT-0028908,2026-07-07 08:39:32.288069,0.3337223504552283,lstm
USR-000014,EVT-0028909,2026-07-07 08:44:33.461451,0.30658821811521386,lstm
USR-000060,EVT-0028910,2026-07-07 08:44:57.620300,0.40034809307156494,lstm
SVC-000039,EVT-0028911,2026-07-07 08:45:18.830649,0.6726652515136308,lstm
USR-000087,EVT-0028912,2026-07-07 08:46:34.084472,0.6408027537441036,lstm
USR-000023,EVT-0028913,2026-07-07 08:46:56.654494,0.6753107857581089,lstm
SVC-000011,EVT-0028914,2026-07-07 08:47:04.081481,0.6128759383212824,lstm
SVC-000024,EVT-0028915,2026-07-07 08:48:06.003138,0.42139078475450764,lstm
SVC-000046,EVT-0028916,2026-07-07 08:48:47.665343,0.3894632733375551,lstm
SVC-000024,EVT-0028917,2026-07-07 08:49:26.219512,0.4317606778368762,lstm
SVC-000042,EVT-0028918,2026-07-07 08:50:36.212285,0.8315104788555556,lstm
SVC-000016,EVT-0028919,2026-07-07 08:51:23.241830,0.41815894204661425,lstm
SVC-000030,EVT-0028920,2026-07-07 08:51:52.423365,0.5444985739740165,lstm
USR-000179,EVT-0028921,2026-07-07 08:52:28.554987,0.5289777701043222,lstm
SVC-000046,EVT-0028922,2026-07-07 08:55:17.986304,0.59589677093674,lstm
USR-000003,EVT-0028923,2026-07-07 08:55:56.340996,0.613963670812661,lstm
USR-000169,EVT-0028924,2026-07-07 08:56:35.561471,0.376087156565726,lstm
SVC-000042,EVT-0028925,2026-07-07 08:57:20.386406,0.6616091840099928,lstm
USR-000009,EVT-0028926,2026-07-07 08:57:36.442053,0.47070622974417675,lstm
USR-000116,EVT-0028927,2026-07-07 08:57:59.138163,0.35852526472201873,lstm
SVC-000046,EVT-0028928,2026-07-07 08:59:17.509170,0.2554678493568289,lstm
SVC-000011,EVT-0028929,2026-07-07 09:00:33.071193,0.3973098339889674,lstm
SVC-000011,EVT-0028930,2026-07-07 09:00:55.553566,0.7493277358132635,lstm
SVC-000030,EVT-0028931,2026-07-07 09:02:43.397308,0.6451971330082106,lstm
USR-000072,EVT-0028932,2026-07-07 09:02:56.546684,0.8555908644752007,lstm
USR-000008,EVT-0028933,2026-07-07 09:03:55.067541,0.8098953675037044,lstm
SVC-000016,EVT-0028934,2026-07-07 09:04:45.960841,0.47966301650120197,lstm
USR-000129,EVT-0028935,2026-07-07 09:05:29.157048,0.44114110677452856,lstm
USR-000094,EVT-0028936,2026-07-07 09:07:14.144678,0.5926230567562297,lstm
SVC-000046,EVT-0028937,2026-07-07 09:10:29.316880,0.24507503970120426,lstm
DEV-000014,EVT-0028938,2026-07-07 09:14:42.904133,0.5211662929751193,lstm
SVC-000024,EVT-0028939,2026-07-07 09:15:21.963828,0.29316890692252473,lstm
USR-000001,EVT-0028940,2026-07-07 09:15:22.429946,0.40871281430515344,lstm
USR-000205,EVT-0028941,2026-07-07 09:15:33.035183,0.4252003961963368,lstm
SVC-000046,EVT-0028942,2026-07-07 09:15:40.919882,0.5955125255574532,lstm
USR-000105,EVT-0028943,2026-07-07 09:16:01.656753,0.520436406334779,lstm
SVC-000011,EVT-0028944,2026-07-07 09:16:04.119175,0.36553902842242836,lstm
USR-000179,EVT-0028945,2026-07-07 09:16:11.988716,0.3616471627985062,lstm
USR-000025,EVT-0028946,2026-07-07 09:16:28.232651,0.520377743469625,lstm
SVC-000024,EVT-0028947,2026-07-07 09:16:53.336895,0.456264698901131,lstm
DEV-000004,EVT-0028948,2026-07-07 09:18:32.159231,0.6267470772821223,lstm
SVC-000030,EVT-0028949,2026-07-07 09:18:52.521292,0.5712818846125391,lstm
SVC-000024,EVT-0028950,2026-07-07 09:19:37.656146,0.553266364071147,lstm
USR-000153,EVT-0028951,2026-07-07 09:20:21.493174,0.32130270169261604,lstm
SVC-000024,EVT-0028952,2026-07-07 09:20:40.942499,0.41311144416585605,lstm
SVC-000042,EVT-0028953,2026-07-07 09:21:53.314665,0.5187989508951383,lstm
USR-000022,EVT-0028954,2026-07-07 09:24:26.001000,0.713751818588846,lstm
USR-000093,EVT-0028955,2026-07-07 09:25:16.653486,0.3545560884573629,lstm
USR-000051,EVT-0028956,2026-07-07 09:25:21.596254,0.3896164754244887,lstm
SVC-000046,EVT-0028957,2026-07-07 09:28:57.818434,0.5111738475400391,lstm
SVC-000024,EVT-0028958,2026-07-07 09:30:44.987439,0.3761912634120446,lstm
DEV-000001,EVT-0028959,2026-07-07 09:31:19.502095,0.45787918003955186,lstm
USR-000060,EVT-0028960,2026-07-07 09:32:23.207355,0.33371148679725654,lstm
DEV-000019,EVT-0028961,2026-07-07 09:32:39.166746,0.3443682943002303,lstm
USR-000173,EVT-0028962,2026-07-07 09:33:24.435588,0.9177373883566008,lstm
SVC-000042,EVT-0028963,2026-07-07 09:37:01.581092,0.40813627680134335,lstm
USR-000156,EVT-0028964,2026-07-07 09:37:01.926148,0.5440125138944094,lstm
USR-000009,EVT-0028965,2026-07-07 09:37:52.714436,0.3091529135943381,lstm
SVC-000016,EVT-0028966,2026-07-07 09:38:17.013582,0.8114866118852956,lstm
USR-000111,EVT-0028967,2026-07-07 09:40:48.881228,0.4658637177995824,lstm
SVC-000024,EVT-0028968,2026-07-07 09:42:32.035031,0.31623385159074463,lstm
USR-000072,EVT-0028969,2026-07-07 09:42:35.217369,0.7679107029710648,lstm
SVC-000042,EVT-0028970,2026-07-07 09:44:37.069653,0.4057224719225308,lstm
DEV-000009,EVT-0028971,2026-07-07 09:45:53.374454,0.4923831983238111,lstm
SVC-000051,EVT-0028972,2026-07-07 09:47:55.621506,0.5969609172541984,lstm
SVC-000030,EVT-0028973,2026-07-07 09:49:01.116498,0.41947574376341734,lstm
DEV-000004,EVT-0028974,2026-07-07 09:49:07.042739,0.736285026973048,lstm
DEV-000009,EVT-0028975,2026-07-07 09:49:58.041453,0.8179010777392682,lstm
USR-000042,EVT-0028976,2026-07-07 09:50:01.139058,0.4339983133060559,lstm
SVC-000042,EVT-0028977,2026-07-07 09:50:24.444890,0.3463870476329241,lstm
USR-000105,EVT-0028978,2026-07-07 09:51:57.684741,0.34934677884250154,lstm
SVC-000024,EVT-0028979,2026-07-07 09:52:20.150977,0.35565671514401337,lstm
DEV-000013,EVT-0028980,2026-07-07 09:54:45.087716,0.43234719974249464,lstm
SVC-000001,EVT-0028981,2026-07-07 09:55:01.974354,0.9434748754986096,lstm
SVC-000024,EVT-0028982,2026-07-07 09:56:54.663769,0.328311536608563,lstm
SVC-000042,EVT-0028983,2026-07-07 09:57:00.612643,0.3570548056713195,lstm
SVC-000013,EVT-0028984,2026-07-07 09:57:23.731417,0.9880623324593641,lstm
SVC-000016,EVT-0028985,2026-07-07 09:57:59.949063,0.3141544005743272,lstm
SVC-000024,EVT-0028986,2026-07-07 09:59:14.808108,0.7492372645023675,lstm
SVC-000013,EVT-0028987,2026-07-07 09:59:51.771153,0.8031788761362975,lstm
SVC-000013,EVT-0028988,2026-07-07 10:00:42.855633,0.6390483387639112,lstm
USR-000008,EVT-0028989,2026-07-07 10:01:23.352241,0.34370927307963084,lstm
SVC-000039,EVT-0028990,2026-07-07 10:01:37.386701,0.5746217815591258,lstm
SVC-000013,EVT-0028991,2026-07-07 10:01:45.363622,0.5412271507304578,lstm
DEV-000024,EVT-0028992,2026-07-07 10:04:03.866594,0.35666506345296534,lstm
USR-000023,EVT-0028993,2026-07-07 10:05:06.167437,0.34018767839346076,lstm
USR-000014,EVT-0028994,2026-07-07 10:05:31.792026,0.3220380353240102,lstm
SVC-000039,EVT-0028995,2026-07-07 10:05:36.381176,0.4888949025593137,lstm
USR-000072,EVT-0028996,2026-07-07 10:06:13.140951,0.7238112830371812,lstm
SVC-000042,EVT-0028997,2026-07-07 10:09:02.776781,0.3143315856393635,lstm
SVC-000013,EVT-0028998,2026-07-07 10:09:58.726507,0.325641853225039,lstm
SVC-000024,EVT-0028999,2026-07-07 10:10:54.136918,0.34770384078766037,lstm
USR-000179,EVT-0029000,2026-07-07 10:11:28.336064,0.45101973757387065,lstm
SVC-000024,EVT-0029001,2026-07-07 10:11:53.991505,0.4146786418522855,lstm
USR-000123,EVT-0029002,2026-07-07 10:13:37.244207,0.5560012666517921,lstm
USR-000188,EVT-0029003,2026-07-07 10:13:55.986022,0.833529785665959,lstm
SVC-000013,EVT-0029004,2026-07-07 10:14:01.266279,0.41674265021148615,lstm
USR-000118,EVT-0029005,2026-07-07 10:15:13.477030,0.5482757536616116,lstm
DEV-000005,EVT-0029006,2026-07-07 10:15:59.539298,0.44109500333773644,lstm
USR-000196,EVT-0029007,2026-07-07 10:16:19.572562,0.4812199136358659,lstm
SVC-000053,EVT-0029008,2026-07-07 10:17:14.627503,0.9442388841532962,lstm
DEV-000018,EVT-0029009,2026-07-07 10:17:28.046617,0.6460225008807777,lstm
USR-000020,EVT-0029010,2026-07-07 10:18:17.224756,0.8390344057232196,lstm
USR-000118,EVT-0029011,2026-07-07 10:18:18.211758,0.5421842106423008,lstm
SVC-000024,EVT-0029012,2026-07-07 10:18:43.766186,0.6708472714168264,lstm
USR-000098,EVT-0029013,2026-07-07 10:21:32.785084,0.49491597559380673,lstm
SVC-000008,EVT-0029014,2026-07-07 10:21:54.283489,0.9950856454113344,lstm
SVC-000013,EVT-0029015,2026-07-07 10:22:54.719053,0.4518505853422837,lstm
SVC-000039,EVT-0029016,2026-07-07 10:23:19.440503,0.32836668609779535,lstm
USR-000008,EVT-0029017,2026-07-07 10:24:08.423967,0.32164582197435776,lstm
SVC-000050,EVT-0029018,2026-07-07 10:26:43.853691,0.990972164849455,lstm
DEV-000001,EVT-0029019,2026-07-07 10:27:49.976471,0.27314363763393906,lstm
USR-000042,EVT-0029020,2026-07-07 10:28:32.213918,0.24555648690413154,lstm
SVC-000013,EVT-0029021,2026-07-07 10:29:16.032474,0.3775145184256848,lstm
SVC-000016,EVT-0029022,2026-07-07 10:29:39.638291,0.5000673822463746,lstm
SVC-000053,EVT-0029023,2026-07-07 10:31:23.869807,0.5728281841334959,lstm
USR-000173,EVT-0029024,2026-07-07 10:32:02.798935,0.3157765113193025,lstm
SVC-000024,EVT-0029025,2026-07-07 10:33:23.080826,0.37011317396674015,lstm
SVC-000050,EVT-0029026,2026-07-07 10:36:27.328910,0.5500181048081189,lstm
DEV-000017,EVT-0029027,2026-07-07 10:38:05.039746,0.328461038428592,lstm
DEV-000008,EVT-0029028,2026-07-07 10:38:36.998383,0.3576797902993893,lstm
DEV-000007,EVT-0029029,2026-07-07 10:40:48.046277,0.24890581095926853,lstm
SVC-000042,EVT-0029030,2026-07-07 10:40:55.195588,0.3575213468935937,lstm
USR-000086,EVT-0029031,2026-07-07 10:41:37.091697,0.3387703869308252,lstm
SVC-000039,EVT-0029032,2026-07-07 10:42:10.132622,0.26715659898340416,lstm
SVC-000001,EVT-0029033,2026-07-07 10:42:37.804481,0.4490611451098556,lstm
USR-000050,EVT-0029034,2026-07-07 10:43:32.027215,0.4178334509781155,lstm
SVC-000013,EVT-0029035,2026-07-07 10:43:49.304773,0.3679892851987852,lstm
SVC-000039,EVT-0029036,2026-07-07 10:44:18.969030,0.38287360623201183,lstm
SVC-000024,EVT-0029037,2026-07-07 10:44:52.895714,0.3124774918338343,lstm
SVC-000039,EVT-0029038,2026-07-07 10:46:05.984460,0.4422130398804377,lstm
SVC-000053,EVT-0029039,2026-07-07 10:47:01.131969,0.5167112689128114,lstm
USR-000069,EVT-0029040,2026-07-07 10:48:07.166317,0.453878170028342,lstm
SVC-000050,EVT-0029041,2026-07-07 10:49:15.495994,0.5567707528092546,lstm
SVC-000013,EVT-0029042,2026-07-07 10:50:14.588125,0.6347920158107583,lstm
SVC-000039,EVT-0029043,2026-07-07 10:52:36.643524,0.3550492616214425,lstm
USR-000103,EVT-0029044,2026-07-07 10:54:34.835606,0.28470819847888074,lstm
SVC-000039,EVT-0029045,2026-07-07 10:56:18.802488,0.5251057661003944,lstm
USR-000188,EVT-0029046,2026-07-07 10:56:26.272705,0.7681282175228656,lstm
SVC-000024,EVT-0029047,2026-07-07 10:58:05.546737,0.3367107362353918,lstm
USR-000063,EVT-0029048,2026-07-07 10:58:17.747252,0.8396669728391736,lstm
SVC-000013,EVT-0029049,2026-07-07 10:59:06.739668,0.3247732530539134,lstm
USR-000006,EVT-0029050,2026-07-07 10:59:12.529081,0.6878222777787092,lstm
SVC-000050,EVT-0029051,2026-07-07 11:00:40.223355,0.36368627437797924,lstm
SVC-000050,EVT-0029052,2026-07-07 11:01:42.193234,0.9161678463213674,lstm
USR-000021,EVT-0029053,2026-07-07 11:02:04.011845,0.6537482680992727,lstm
SVC-000039,EVT-0029054,2026-07-07 11:03:11.149359,0.44136931221738307,lstm
USR-000029,EVT-0029055,2026-07-07 11:03:49.633073,0.55180095610701,lstm
USR-000144,EVT-0029056,2026-07-07 11:04:48.853403,0.815609095672723,lstm
SVC-000042,EVT-0029057,2026-07-07 11:05:30.488127,0.3456855408784922,lstm
USR-000086,EVT-0029058,2026-07-07 11:06:16.553042,0.5757870356338054,lstm
SVC-000042,EVT-0029059,2026-07-07 11:06:32.158449,0.4611548485093648,lstm
USR-000022,EVT-0029060,2026-07-07 11:07:48.199207,0.5392188640088573,lstm
USR-000205,EVT-0029061,2026-07-07 11:08:08.035233,0.29807165298346655,lstm
USR-000118,EVT-0029062,2026-07-07 11:08:32.785444,0.24397833614479095,lstm
SVC-000013,EVT-0029063,2026-07-07 11:10:06.510462,0.4291509067860892,lstm
SVC-000016,EVT-0029064,2026-07-07 11:11:53.666405,0.4155587157446202,lstm
USR-000153,EVT-0029065,2026-07-07 11:14:49.975193,0.4365302840122303,lstm
SVC-000016,EVT-0029066,2026-07-07 11:15:14.325292,0.5788700682217095,lstm
USR-000058,EVT-0029067,2026-07-07 11:17:38.039738,0.49188681537895956,lstm
USR-000021,EVT-0029068,2026-07-07 11:18:13.283884,0.6948207693673242,lstm
SVC-000053,EVT-0029069,2026-07-07 11:18:26.894233,0.4217534591252803,lstm
SVC-000021,EVT-0029070,2026-07-07 11:19:04.315607,0.974795690114719,lstm
SVC-000008,EVT-0029071,2026-07-07 11:21:33.928849,0.6681663150063248,lstm
USR-000207,EVT-0029072,2026-07-07 11:21:49.347107,0.4171670780598373,lstm
SVC-000021,EVT-0029073,2026-07-07 11:22:17.506199,0.655066764890781,lstm
SVC-000001,EVT-0029074,2026-07-07 11:22:55.838986,0.40538761696275055,lstm
USR-000159,EVT-0029075,2026-07-07 11:24:17.555364,0.8664411888152596,lstm
DEV-000017,EVT-0029076,2026-07-07 11:24:21.601788,0.25564935962128166,lstm
DEV-000009,EVT-0029077,2026-07-07 11:25:32.487284,0.381854871219693,lstm
USR-000213,EVT-0029078,2026-07-07 11:31:21.772881,0.7331753703963609,lstm
SVC-000039,EVT-0029079,2026-07-07 11:33:01.772638,0.46177986519928016,lstm
USR-000196,EVT-0029080,2026-07-07 11:33:05.731864,0.2623034569358703,lstm
DEV-000011,EVT-0029081,2026-07-07 11:33:29.850756,0.19813041205842027,lstm
USR-000051,EVT-0029082,2026-07-07 11:34:35.006011,0.4853045336905426,lstm
SVC-000008,EVT-0029083,2026-07-07 11:35:06.361028,0.4975408014882198,lstm
USR-000003,EVT-0029084,2026-07-07 11:36:34.709074,0.29107104409766626,lstm
USR-000033,EVT-0029085,2026-07-07 11:38:16.897219,0.37910959385728543,lstm
USR-000130,EVT-0029086,2026-07-07 11:40:00.557174,0.5225005771447645,lstm
USR-000051,EVT-0029087,2026-07-07 11:42:54.087374,0.44897440222425633,lstm
SVC-000021,EVT-0029088,2026-07-07 11:42:57.896456,0.556665982432282,lstm
SVC-000001,EVT-0029089,2026-07-07 11:44:53.797654,0.35969318084735863,lstm
USR-000135,EVT-0029090,2026-07-07 11:45:02.091152,0.44470711703986376,lstm
DEV-000022,EVT-0029091,2026-07-07 11:45:21.614208,0.38255835280048534,lstm
USR-000042,EVT-0029092,2026-07-07 11:46:29.015919,0.254438377314798,lstm
DEV-000003,EVT-0029093,2026-07-07 11:46:47.625333,0.3885079014941128,lstm
DEV-000017,EVT-0029094,2026-07-07 11:47:12.420771,0.531860709378647,lstm
SVC-000008,EVT-0029095,2026-07-07 11:50:02.137759,0.6041428729435446,lstm
SVC-000008,EVT-0029096,2026-07-07 11:51:04.352877,0.6098771963621793,lstm
USR-000022,EVT-0029097,2026-07-07 11:51:57.472443,0.3431306007532314,lstm
USR-000156,EVT-0029098,2026-07-07 11:53:00.423005,0.3152348219719508,lstm
SVC-000021,EVT-0029099,2026-07-07 11:53:40.189918,0.49028351949575805,lstm
USR-000205,EVT-0029100,2026-07-07 11:55:46.886140,0.2435410436586561,lstm
DEV-000009,EVT-0029101,2026-07-07 11:56:32.756233,0.3957333895299989,lstm
USR-000191,EVT-0029102,2026-07-07 11:56:59.261978,0.6923825825934616,lstm
USR-000140,EVT-0029103,2026-07-07 11:57:04.340158,0.6781254850816594,lstm
SVC-000053,EVT-0029104,2026-07-07 11:57:58.299504,0.427439036081125,lstm
USR-000006,EVT-0029105,2026-07-07 11:58:45.545530,0.3055884297691256,lstm
DEV-000011,EVT-0029106,2026-07-07 11:58:46.243246,0.30232901990439354,lstm
DEV-000004,EVT-0029107,2026-07-07 11:58:51.308996,0.446631774135418,lstm
SVC-000021,EVT-0029108,2026-07-07 11:59:50.485782,0.421032616901285,lstm
SVC-000050,EVT-0029109,2026-07-07 12:00:12.578957,0.3301923462673221,lstm
USR-000177,EVT-0029110,2026-07-07 12:01:53.501286,0.2508578703029431,lstm
USR-000094,EVT-0029111,2026-07-07 12:02:14.735678,0.3562735999242367,lstm
USR-000042,EVT-0029112,2026-07-07 12:02:51.382864,0.3118772748852792,lstm
SVC-000001,EVT-0029113,2026-07-07 12:03:59.338820,0.2833770343093427,lstm
USR-000212,EVT-0029114,2026-07-07 12:06:40.255490,0.4308073942247188,lstm
USR-000086,EVT-0029115,2026-07-07 12:07:34.686539,0.31599732551181536,lstm
USR-000025,EVT-0029116,2026-07-07 12:07:48.284397,0.5623452848234152,lstm
USR-000111,EVT-0029117,2026-07-07 12:08:05.178672,0.3024630231272068,lstm
DEV-000022,EVT-0029118,2026-07-07 12:08:06.281746,0.4474173134068017,lstm
DEV-000004,EVT-0029119,2026-07-07 12:09:22.556203,0.7516817265895525,lstm
USR-000081,EVT-0029120,2026-07-07 12:09:35.521025,0.32607783911324706,lstm
SVC-000021,EVT-0029121,2026-07-07 12:09:36.172531,0.44596224745334145,lstm
SVC-000039,EVT-0029122,2026-07-07 12:10:12.003357,0.4585396467046059,lstm
DEV-000026,EVT-0029123,2026-07-07 12:11:02.837358,0.3721602497769066,lstm
USR-000179,EVT-0029124,2026-07-07 12:11:23.070930,0.35131627453515035,lstm
USR-000003,EVT-0029125,2026-07-07 12:11:55.546430,0.38304430965227804,lstm
USR-000056,EVT-0029126,2026-07-07 12:12:48.623864,0.5296269776952283,lstm
USR-000107,EVT-0029127,2026-07-07 12:14:44.484430,0.6346132890713646,lstm
USR-000140,EVT-0029128,2026-07-07 12:16:41.441004,0.4644321756533739,lstm
USR-000042,EVT-0029129,2026-07-07 12:17:25.985341,0.3192058510376093,lstm
USR-000059,EVT-0029130,2026-07-07 12:18:30.723362,0.3829038871985351,lstm
DEV-000023,EVT-0029131,2026-07-07 12:19:29.896737,0.4758994792814091,lstm
USR-000205,EVT-0029132,2026-07-07 12:19:30.846615,0.32853409974500314,lstm
USR-000026,EVT-0029133,2026-07-07 12:24:22.974213,0.3186742896802248,lstm
SVC-000034,EVT-0029134,2026-07-07 12:24:39.255197,0.9430952399153955,lstm
USR-000044,EVT-0029135,2026-07-07 12:25:13.292631,0.47040693292424335,lstm
SVC-000008,EVT-0029136,2026-07-07 12:25:39.743588,0.5114725785599167,lstm
USR-000145,EVT-0029137,2026-07-07 12:26:29.339210,0.8585138750957002,lstm
USR-000040,EVT-0029138,2026-07-07 12:27:12.535370,0.5263410832099749,lstm
USR-000084,EVT-0029139,2026-07-07 12:27:24.304245,0.506646371535264,lstm
USR-000111,EVT-0029140,2026-07-07 12:27:50.836895,0.3723966266500683,lstm
USR-000104,EVT-0029141,2026-07-07 12:28:16.892032,0.36694733422135223,lstm
USR-000092,EVT-0029142,2026-07-07 12:28:17.087035,0.5547838267398036,lstm
USR-000208,EVT-0029143,2026-07-07 12:28:19.818182,0.832999837951855,lstm
DEV-000022,EVT-0029144,2026-07-07 12:29:16.355118,0.3402043606991278,lstm
USR-000008,EVT-0029145,2026-07-07 12:29:24.992173,0.4707593289595338,lstm
USR-000101,EVT-0029146,2026-07-07 12:30:30.976488,0.46365000945852763,lstm
USR-000006,EVT-0029147,2026-07-07 12:31:14.015838,0.3685368848763476,lstm
SVC-000021,EVT-0029148,2026-07-07 12:32:07.140206,0.5488170728642575,lstm
USR-000101,EVT-0029149,2026-07-07 12:32:22.094159,0.5127510440406557,lstm
USR-000111,EVT-0029150,2026-07-07 12:32:37.679065,0.3862385944188187,lstm
USR-000187,EVT-0029151,2026-07-07 12:35:14.687367,0.4105054217682311,lstm
SVC-000021,EVT-0029152,2026-07-07 12:37:26.967268,0.33374526048662617,lstm
DEV-000010,EVT-0029153,2026-07-07 12:37:56.608442,0.2606587215160673,lstm
USR-000023,EVT-0029154,2026-07-07 12:39:39.974977,0.29727125577186453,lstm
USR-000023,EVT-0029155,2026-07-07 12:40:40.984023,0.5733772941878035,lstm
USR-000173,EVT-0029156,2026-07-07 12:40:46.014744,0.25694942415910393,lstm
USR-000058,EVT-0029157,2026-07-07 12:41:01.651061,0.48539393003763126,lstm
USR-000056,EVT-0029158,2026-07-07 12:41:10.698010,0.7342345485074184,lstm
SVC-000008,EVT-0029159,2026-07-07 12:41:58.212868,0.49734463133731055,lstm
SVC-000008,EVT-0029160,2026-07-07 12:42:55.347833,0.698630399204057,lstm
USR-000105,EVT-0029161,2026-07-07 12:42:57.726629,0.3930159177275592,lstm
USR-000042,EVT-0029162,2026-07-07 12:43:17.338919,0.29710638099740844,lstm
SVC-000021,EVT-0029163,2026-07-07 12:43:36.599490,0.5754523222047938,lstm
USR-000004,EVT-0029164,2026-07-07 12:45:08.308460,0.42811814914609647,lstm
SVC-000001,EVT-0029165,2026-07-07 12:48:33.311658,0.3016539283969582,lstm
SVC-000050,EVT-0029166,2026-07-07 12:49:31.875013,0.3827275493618587,lstm
SVC-000008,EVT-0029167,2026-07-07 12:49:32.619476,0.4980116197477585,lstm
SVC-000017,EVT-0029168,2026-07-07 12:50:09.555982,0.9949183010931275,lstm
USR-000109,EVT-0029169,2026-07-07 12:50:51.856714,0.6512303129090992,lstm
SVC-000027,EVT-0029170,2026-07-07 12:52:31.194519,0.9966189372586632,lstm
SVC-000008,EVT-0029171,2026-07-07 12:53:41.383661,0.5677167518529291,lstm
SVC-000053,EVT-0029172,2026-07-07 12:54:11.483611,0.3506225246518098,lstm
SVC-000043,EVT-0029173,2026-07-07 12:54:16.370373,0.9586041907159238,lstm
USR-000051,EVT-0029174,2026-07-07 12:56:06.929568,0.33054461664294593,lstm
DEV-000025,EVT-0029175,2026-07-07 12:56:39.334374,0.8535229311246341,lstm
DEV-000022,EVT-0029176,2026-07-07 12:59:01.703719,0.2737578379075423,lstm
USR-000003,EVT-0029177,2026-07-07 13:02:23.712694,0.2292636448161259,lstm
SVC-000039,EVT-0029178,2026-07-07 13:02:57.163194,0.7634940393250191,lstm
SVC-000050,EVT-0029179,2026-07-07 13:04:54.006336,0.33377548133180723,lstm
USR-000201,EVT-0029180,2026-07-07 13:05:43.805229,0.8187386462072255,lstm
USR-000098,EVT-0029181,2026-07-07 13:05:59.552369,0.3236159957036409,lstm
SVC-000008,EVT-0029182,2026-07-07 13:06:03.027081,0.4378089098733307,lstm
USR-000144,EVT-0029183,2026-07-07 13:08:52.358283,0.3688382229690578,lstm
SVC-000021,EVT-0029184,2026-07-07 13:09:44.942367,0.5533290278338813,lstm
SVC-000043,EVT-0029185,2026-07-07 13:10:13.148182,0.3465257831015091,lstm
USR-000139,EVT-0029186,2026-07-07 13:10:28.194044,0.7420386757351091,lstm
DEV-000002,EVT-0029187,2026-07-07 13:10:31.517249,0.5485842824526833,lstm
USR-000028,EVT-0029188,2026-07-07 13:12:51.673811,0.5904922778434618,lstm
USR-000144,EVT-0029189,2026-07-07 13:12:55.511286,0.44104615899757826,lstm
USR-000044,EVT-0029190,2026-07-07 13:16:41.962191,0.4916841229038646,lstm
USR-000028,EVT-0029191,2026-07-07 13:16:43.482882,0.5703968193607984,lstm
SVC-000039,EVT-0029192,2026-07-07 13:17:05.235400,0.5354359114292679,lstm
SVC-000034,EVT-0029193,2026-07-07 13:17:10.488605,0.3894665164817617,lstm
USR-000211,EVT-0029194,2026-07-07 13:17:28.319504,0.38093287429080747,lstm
USR-000023,EVT-0029195,2026-07-07 13:18:07.713638,0.36688199441592256,lstm
SVC-000027,EVT-0029196,2026-07-07 13:18:18.835964,0.641209975027099,lstm
USR-000108,EVT-0029197,2026-07-07 13:19:12.817689,0.46507558197215004,lstm
SVC-000043,EVT-0029198,2026-07-07 13:19:16.729997,0.386704860178727,lstm
USR-000005,EVT-0029199,2026-07-07 13:19:37.530765,0.5633959017115088,lstm
SVC-000021,EVT-0029200,2026-07-07 13:20:44.489020,0.46270551469737925,lstm
SVC-000043,EVT-0029201,2026-07-07 13:20:47.260999,0.9145819434032441,lstm
DEV-000024,EVT-0029202,2026-07-07 13:23:23.227613,0.5356844511785931,lstm
USR-000207,EVT-0029203,2026-07-07 13:24:15.054857,0.48809516883043824,lstm
SVC-000017,EVT-0029204,2026-07-07 13:24:19.293896,0.8311954672307742,lstm
SVC-000017,EVT-0029205,2026-07-07 13:24:26.494523,0.7823413236529514,lstm
USR-000140,EVT-0029206,2026-07-07 13:24:54.384345,0.47934595887030795,lstm
USR-000062,EVT-0029207,2026-07-07 13:25:26.918580,0.40323825885008846,lstm
SVC-000034,EVT-0029208,2026-07-07 13:26:29.526233,0.31999640601432977,lstm
USR-000205,EVT-0029209,2026-07-07 13:26:34.437909,0.29637036036360487,lstm
USR-000160,EVT-0029210,2026-07-07 13:28:02.742627,0.5169063813325389,lstm
SVC-000043,EVT-0029211,2026-07-07 13:28:55.811403,0.3887724930300902,lstm
USR-000056,EVT-0029212,2026-07-07 13:30:09.543959,0.38754124446971966,lstm
SVC-000022,EVT-0029213,2026-07-07 13:31:12.158116,0.9414014503877072,lstm
USR-000064,EVT-0029214,2026-07-07 13:32:19.931258,0.5633778000932158,lstm
USR-000044,EVT-0029215,2026-07-07 13:32:39.258528,0.46605679457065036,lstm
USR-000111,EVT-0029216,2026-07-07 13:33:20.371082,0.26520713937709595,lstm
USR-000087,EVT-0029217,2026-07-07 13:33:31.046260,0.330672277429947,lstm
USR-000211,EVT-0029218,2026-07-07 13:33:50.761750,0.34680143780367345,lstm
SVC-000027,EVT-0029219,2026-07-07 13:34:06.377513,0.5005866043354612,lstm
USR-000160,EVT-0029220,2026-07-07 13:35:51.459459,0.8802862971921894,lstm
USR-000060,EVT-0029221,2026-07-07 13:36:05.889720,0.3281464922170959,lstm
USR-000129,EVT-0029222,2026-07-07 13:37:05.996666,0.3030489968205316,lstm
USR-000178,EVT-0029223,2026-07-07 13:38:33.690582,0.6679982221821359,lstm
USR-000126,EVT-0029224,2026-07-07 13:38:34.602762,0.5059625635695804,lstm
USR-000021,EVT-0029225,2026-07-07 13:40:43.702635,0.26247106851770546,lstm
SVC-000017,EVT-0029226,2026-07-07 13:40:54.509521,0.6402446767199007,lstm
USR-000145,EVT-0029227,2026-07-07 13:41:22.274964,0.5373001603438177,lstm
USR-000203,EVT-0029228,2026-07-07 13:42:15.798438,0.30602164476954075,lstm
USR-000121,EVT-0029229,2026-07-07 13:43:13.557982,0.6183896373028058,lstm
SVC-000001,EVT-0029230,2026-07-07 13:43:13.841988,0.29162917662731824,lstm
USR-000129,EVT-0029231,2026-07-07 13:45:19.728894,0.3949463028584557,lstm
USR-000201,EVT-0029232,2026-07-07 13:50:20.675243,0.6685791669183664,lstm
SVC-000001,EVT-0029233,2026-07-07 13:50:58.778548,0.39174322614910445,lstm
USR-000140,EVT-0029234,2026-07-07 13:51:02.834791,0.5850039042218563,lstm
USR-000144,EVT-0029235,2026-07-07 13:51:58.059444,0.2827340671626467,lstm
USR-000159,EVT-0029236,2026-07-07 13:53:56.813231,0.640580997828264,lstm
SVC-000026,EVT-0029237,2026-07-07 13:54:00.676846,0.997328648942148,lstm
DEV-000025,EVT-0029238,2026-07-07 13:54:28.995128,0.5517159488540355,lstm
USR-000003,EVT-0029239,2026-07-07 13:55:23.192169,0.2664981382330677,lstm
SVC-000027,EVT-0029240,2026-07-07 13:56:44.675530,0.7036853720000307,lstm
USR-000084,EVT-0029241,2026-07-07 13:57:02.624333,0.32101810234686134,lstm
DEV-000001,EVT-0029242,2026-07-07 13:57:22.031602,0.16238419428395262,lstm
SVC-000017,EVT-0029243,2026-07-07 13:59:37.755786,0.5430944904886477,lstm
USR-000159,EVT-0029244,2026-07-07 14:00:05.799975,0.8508689905985615,lstm
SVC-000026,EVT-0029245,2026-07-07 14:00:16.767729,0.6920690707226748,lstm
USR-000186,EVT-0029246,2026-07-07 14:00:27.829131,0.5218834252056367,lstm
SVC-000026,EVT-0029247,2026-07-07 14:01:53.196563,0.817288289147783,lstm
USR-000109,EVT-0029248,2026-07-07 14:01:55.131993,0.4156533673231212,lstm
SVC-000022,EVT-0029249,2026-07-07 14:01:56.737725,0.36423152082720667,lstm
USR-000191,EVT-0029250,2026-07-07 14:02:33.057597,0.5533043505117436,lstm
SVC-000034,EVT-0029251,2026-07-07 14:02:52.525043,0.34296694712776876,lstm
USR-000186,EVT-0029252,2026-07-07 14:03:30.895801,0.671617508074695,lstm
SVC-000027,EVT-0029253,2026-07-07 14:03:56.302217,0.5164029610235614,lstm
USR-000139,EVT-0029254,2026-07-07 14:04:06.683686,0.603193422564455,lstm
USR-000170,EVT-0029255,2026-07-07 14:05:50.759777,0.42112666207435445,lstm
USR-000212,EVT-0029256,2026-07-07 14:06:11.644720,0.3108037414065658,lstm
USR-000078,EVT-0029257,2026-07-07 14:06:54.960194,0.7074949988652892,lstm
USR-000058,EVT-0029258,2026-07-07 14:07:02.248046,0.6749044420821554,lstm
SVC-000033,EVT-0029259,2026-07-07 14:09:09.504172,0.9537285911729424,lstm
USR-000094,EVT-0029260,2026-07-07 14:09:56.922557,0.42951693667047625,lstm
SVC-000022,EVT-0029261,2026-07-07 14:11:26.553602,0.4055636961226635,lstm
USR-000044,EVT-0029262,2026-07-07 14:12:09.399412,0.31146109256291965,lstm
USR-000046,EVT-0029263,2026-07-07 14:12:50.722348,0.7560263645650012,lstm
USR-000072,EVT-0029264,2026-07-07 14:13:04.749003,1.0,lstm
SVC-000043,EVT-0029265,2026-07-07 14:13:05.540544,0.3546902365195565,lstm
SVC-000043,EVT-0029266,2026-07-07 14:15:14.548878,0.5967905309599385,lstm
USR-000097,EVT-0029267,2026-07-07 14:16:07.704926,0.8584125882478041,lstm
DEV-000018,EVT-0029268,2026-07-07 14:16:26.709388,0.3854526933344778,lstm
SVC-000001,EVT-0029269,2026-07-07 14:18:58.930528,0.40810961853458666,lstm
USR-000062,EVT-0029270,2026-07-07 14:20:12.475749,0.3322644272208751,lstm
USR-000046,EVT-0029271,2026-07-07 14:20:20.164128,0.5604585458774289,lstm
USR-000144,EVT-0029272,2026-07-07 14:20:29.184872,0.4799604445534136,lstm
SVC-000027,EVT-0029273,2026-07-07 14:20:32.046952,0.69927023386726,lstm
SVC-000027,EVT-0029274,2026-07-07 14:20:46.686287,0.8294826951413603,lstm
USR-000109,EVT-0029275,2026-07-07 14:21:24.829523,0.4511024541455707,lstm
SVC-000012,EVT-0029276,2026-07-07 14:21:30.341871,0.9742248289444484,lstm
USR-000003,EVT-0029277,2026-07-07 14:22:15.269019,0.26123044307120247,lstm
SVC-000027,EVT-0029278,2026-07-07 14:24:14.979153,0.615488736972584,lstm
DEV-000004,EVT-0029279,2026-07-07 14:24:28.738978,0.4860443258332026,lstm
DEV-000019,EVT-0029280,2026-07-07 14:24:34.999139,0.2476896351404864,lstm
SVC-000028,EVT-0029281,2026-07-07 14:26:44.653052,0.9547198552968064,lstm
USR-000109,EVT-0029282,2026-07-07 14:26:53.025012,0.5955562944734462,lstm
USR-000196,EVT-0029283,2026-07-07 14:27:43.171878,0.26063025754514946,lstm
USR-000144,EVT-0029284,2026-07-07 14:29:50.213765,0.31822642551969305,lstm
USR-000001,EVT-0029285,2026-07-07 14:30:02.400686,0.24787984921245657,lstm
USR-000208,EVT-0029286,2026-07-07 14:30:55.639754,0.6427953331489076,lstm
USR-000091,EVT-0029287,2026-07-07 14:30:56.461563,0.5701936204544081,lstm
SVC-000022,EVT-0029288,2026-07-07 14:31:00.094897,0.27550217300211216,lstm
USR-000077,EVT-0029289,2026-07-07 14:31:50.618186,0.8215628559212109,lstm
USR-000128,EVT-0029290,2026-07-07 14:31:58.644882,0.8613067193172376,lstm
SVC-000017,EVT-0029291,2026-07-07 14:33:23.314770,0.5882741921323081,lstm
SVC-000017,EVT-0029292,2026-07-07 14:34:36.384597,0.8213740496622405,lstm
USR-000028,EVT-0029293,2026-07-07 14:35:25.068458,0.35808886206888246,lstm
SVC-000027,EVT-0029294,2026-07-07 14:35:35.120202,0.5758693439456187,lstm
USR-000147,EVT-0029295,2026-07-07 14:36:58.137581,0.6911515629633382,lstm
USR-000042,EVT-0029296,2026-07-07 14:37:16.524769,0.33805929016199615,lstm
USR-000154,EVT-0029297,2026-07-07 14:37:35.022726,0.41642141029616464,lstm
USR-000084,EVT-0029298,2026-07-07 14:37:51.340758,0.4008980765510646,lstm
USR-000173,EVT-0029299,2026-07-07 14:38:04.907044,0.2527860119579161,lstm
USR-000160,EVT-0029300,2026-07-07 14:38:21.348925,0.5364727887153039,lstm
SVC-000012,EVT-0029301,2026-07-07 14:39:13.511640,0.35619618589769697,lstm
SVC-000017,EVT-0029302,2026-07-07 14:39:19.606560,0.558798518912967,lstm
SVC-000050,EVT-0029303,2026-07-07 14:40:08.195387,0.6252515306142353,lstm
USR-000116,EVT-0029304,2026-07-07 14:40:34.541043,0.3815290881023867,lstm
USR-000052,EVT-0029305,2026-07-07 14:42:14.918903,0.4554446096714141,lstm
USR-000045,EVT-0029306,2026-07-07 14:42:43.249583,0.2955890813246012,lstm
USR-000101,EVT-0029307,2026-07-07 14:43:07.935907,0.23812306675660688,lstm
USR-000144,EVT-0029308,2026-07-07 14:44:26.059505,0.36096536489144826,lstm
USR-000196,EVT-0029309,2026-07-07 14:44:58.730905,0.2905144183654593,lstm
SVC-000001,EVT-0029310,2026-07-07 14:45:01.947990,0.3597575717857736,lstm
USR-000109,EVT-0029311,2026-07-07 14:47:53.466615,0.7079836673072648,lstm
USR-000003,EVT-0029312,2026-07-07 14:50:25.181040,0.4025137370588951,lstm
SVC-000012,EVT-0029313,2026-07-07 14:51:02.994823,0.40165537339000656,lstm
USR-000188,EVT-0029314,2026-07-07 14:51:29.122932,0.6662749000724799,lstm
SVC-000001,EVT-0029315,2026-07-07 14:51:42.876565,0.7599193226560117,lstm
SVC-000027,EVT-0029316,2026-07-07 14:52:44.148867,0.46465305662815753,lstm
SVC-000027,EVT-0029317,2026-07-07 14:53:18.803367,0.6456388462423241,lstm
USR-000170,EVT-0029318,2026-07-07 14:53:43.056037,0.28021600711956424,lstm
USR-000086,EVT-0029319,2026-07-07 14:54:53.055699,0.23686191811263366,lstm
USR-000058,EVT-0029320,2026-07-07 14:55:26.866341,0.4899544828909233,lstm
SVC-000017,EVT-0029321,2026-07-07 14:55:35.598504,0.654987822104138,lstm
USR-000056,EVT-0029322,2026-07-07 14:56:00.583274,0.33898061660365414,lstm
SVC-000017,EVT-0029323,2026-07-07 14:56:59.412326,0.788606744457983,lstm
SVC-000027,EVT-0029324,2026-07-07 14:59:18.067125,0.40479436792380885,lstm
USR-000186,EVT-0029325,2026-07-07 15:01:02.202510,0.3410468813658593,lstm
USR-000208,EVT-0029326,2026-07-07 15:01:28.976676,0.609428768019784,lstm
USR-000029,EVT-0029327,2026-07-07 15:01:44.017117,0.4330922294361711,lstm
USR-000140,EVT-0029328,2026-07-07 15:01:46.132084,0.6647921217040245,lstm
USR-000111,EVT-0029329,2026-07-07 15:02:17.572300,0.31135112909712653,lstm
SVC-000001,EVT-0029330,2026-07-07 15:02:24.399373,0.44601616745022166,lstm
USR-000032,EVT-0029331,2026-07-07 15:03:35.459446,0.8256487619247723,lstm
SVC-000017,EVT-0029332,2026-07-07 15:04:46.252571,0.8135658551754947,lstm
USR-000077,EVT-0029333,2026-07-07 15:04:46.657619,0.5168027254572699,lstm
SVC-000022,EVT-0029334,2026-07-07 15:05:49.286616,0.27842488359367046,lstm
SVC-000001,EVT-0029335,2026-07-07 15:08:58.640991,0.5317218598740981,lstm
SVC-000027,EVT-0029336,2026-07-07 15:09:04.904369,0.7736610667817053,lstm
USR-000052,EVT-0029337,2026-07-07 15:09:35.231662,0.39701593887134834,lstm
DEV-000005,EVT-0029338,2026-07-07 15:10:08.967494,0.828509515649866,lstm
DEV-000020,EVT-0029339,2026-07-07 15:11:10.724916,0.4692288179777477,lstm
SVC-000050,EVT-0029340,2026-07-07 15:11:18.838952,0.5070027089770386,lstm
USR-000003,EVT-0029341,2026-07-07 15:11:32.346872,0.3892355930684066,lstm
USR-000185,EVT-0029342,2026-07-07 15:11:42.741308,0.4823238648925288,lstm
USR-000160,EVT-0029343,2026-07-07 15:11:52.897728,0.38552790901894396,lstm
SVC-000027,EVT-0029344,2026-07-07 15:13:09.148464,0.4244638521428148,lstm
SVC-000049,EVT-0029345,2026-07-07 15:14:25.082126,0.9083802131629611,lstm
USR-000003,EVT-0029346,2026-07-07 15:16:08.600289,0.3317240112520789,lstm
USR-000012,EVT-0029347,2026-07-07 15:17:47.106717,0.5914611518000581,lstm
DEV-000022,EVT-0029348,2026-07-07 15:19:51.922716,0.23936823149296838,lstm
USR-000052,EVT-0029349,2026-07-07 15:20:29.455844,0.2890997448041841,lstm
USR-000012,EVT-0029350,2026-07-07 15:20:47.860874,0.6913272035623439,lstm
USR-000092,EVT-0029351,2026-07-07 15:22:34.428080,0.2657165095530159,lstm
SVC-000027,EVT-0029352,2026-07-07 15:23:31.640896,0.4684085028272995,lstm
SVC-000012,EVT-0029353,2026-07-07 15:24:38.488337,0.358733068376288,lstm
USR-000005,EVT-0029354,2026-07-07 15:25:39.441201,0.3045677598993545,lstm
USR-000101,EVT-0029355,2026-07-07 15:25:55.585466,0.23850905316316778,lstm
USR-000040,EVT-0029356,2026-07-07 15:26:17.104730,0.2858445838449814,lstm
USR-000212,EVT-0029357,2026-07-07 15:26:40.419505,0.2958686043782065,lstm
SVC-000028,EVT-0029358,2026-07-07 15:26:44.073273,0.5082803012188505,lstm
SVC-000012,EVT-0029359,2026-07-07 15:27:15.650297,0.5110533356390947,lstm
SVC-000028,EVT-0029360,2026-07-07 15:27:55.417389,0.9557948087145536,lstm
USR-000105,EVT-0029361,2026-07-07 15:28:30.106656,0.37379659617279765,lstm
SVC-000036,EVT-0029362,2026-07-07 15:30:21.849298,0.9895012107367582,lstm
USR-000029,EVT-0029363,2026-07-07 15:30:28.776343,0.5707554144044269,lstm
USR-000212,EVT-0029364,2026-07-07 15:30:53.400516,0.5034290682028181,lstm
DEV-000016,EVT-0029365,2026-07-07 15:31:40.961504,0.4251534670241491,lstm
USR-000029,EVT-0029366,2026-07-07 15:33:34.596018,0.5734264767158016,lstm
USR-000186,EVT-0029367,2026-07-07 15:34:05.024821,0.37059579530065684,lstm
SVC-000012,EVT-0029368,2026-07-07 15:34:18.269730,0.29261144325599153,lstm
USR-000077,EVT-0029369,2026-07-07 15:37:18.537283,0.46714962693524675,lstm
SVC-000036,EVT-0029370,2026-07-07 15:38:50.945133,0.3721299099686486,lstm
USR-000196,EVT-0029371,2026-07-07 15:40:21.254659,0.3284221588518388,lstm
USR-000092,EVT-0029372,2026-07-07 15:40:44.686202,0.28079166914636006,lstm
USR-000086,EVT-0029373,2026-07-07 15:41:48.377118,0.37120491296886815,lstm
SVC-000036,EVT-0029374,2026-07-07 15:42:49.498885,0.671439734109916,lstm
SVC-000001,EVT-0029375,2026-07-07 15:43:20.070469,0.4176774263011315,lstm
USR-000073,EVT-0029376,2026-07-07 15:43:40.915477,0.49103636485322444,lstm
SVC-000028,EVT-0029377,2026-07-07 15:44:37.794991,0.3877973507623573,lstm
SVC-000036,EVT-0029378,2026-07-07 15:44:49.713305,0.37694423424838114,lstm
DEV-000022,EVT-0029379,2026-07-07 15:45:12.314190,0.18377383470819914,lstm
SVC-000027,EVT-0029380,2026-07-07 15:45:25.679935,0.8237257422378509,lstm
SVC-000033,EVT-0029381,2026-07-07 15:46:28.962348,0.4903547348455777,lstm
USR-000144,EVT-0029382,2026-07-07 15:46:30.153671,0.3580128623439746,lstm
USR-000185,EVT-0029383,2026-07-07 15:46:59.432293,0.37894824451033904,lstm
SVC-000033,EVT-0029384,2026-07-07 15:49:04.069098,0.8931758808675544,lstm
USR-000021,EVT-0029385,2026-07-07 15:50:25.942453,0.32172047126201375,lstm
SVC-000026,EVT-0029386,2026-07-07 15:53:06.866268,0.5058197251183665,lstm
USR-000154,EVT-0029387,2026-07-07 15:56:01.137764,0.47431416284957084,lstm
USR-000192,EVT-0029388,2026-07-07 15:58:23.759241,0.48472076879011,lstm
USR-000212,EVT-0029389,2026-07-07 15:58:30.384367,0.6509327766758226,lstm
USR-000092,EVT-0029390,2026-07-07 15:58:40.214572,0.32333287491446416,lstm
SVC-000028,EVT-0029391,2026-07-07 15:58:55.063838,0.45982318792759364,lstm
USR-000043,EVT-0029392,2026-07-07 16:00:28.916426,0.4153621669680063,lstm
USR-000092,EVT-0029393,2026-07-07 16:02:44.802170,0.4339616910202093,lstm
SVC-000012,EVT-0029394,2026-07-07 16:03:55.160439,0.295958914002609,lstm
USR-000077,EVT-0029395,2026-07-07 16:04:29.587066,0.3592482943156673,lstm
SVC-000036,EVT-0029396,2026-07-07 16:04:47.926383,0.2810731951295628,lstm
USR-000029,EVT-0029397,2026-07-07 16:04:53.123797,0.3264949619882786,lstm
USR-000028,EVT-0029398,2026-07-07 16:04:59.074276,0.37515892547180385,lstm
USR-000198,EVT-0029399,2026-07-07 16:06:57.044777,0.6417754806874724,lstm
USR-000126,EVT-0029400,2026-07-07 16:07:29.523053,0.24801014302656674,lstm
DEV-000021,EVT-0029401,2026-07-07 16:07:42.881021,0.538451989605797,lstm
SVC-000038,EVT-0029402,2026-07-07 16:07:59.743177,0.9873808101435095,lstm
SVC-000036,EVT-0029403,2026-07-07 16:08:52.396891,0.3253492330824301,lstm
USR-000170,EVT-0029404,2026-07-07 16:08:52.418289,0.28094177713391616,lstm
DEV-000006,EVT-0029405,2026-07-07 16:08:58.710288,0.5335453068615456,lstm
USR-000110,EVT-0029406,2026-07-07 16:10:47.530523,0.5354782276599823,lstm
USR-000052,EVT-0029407,2026-07-07 16:12:01.153247,0.38543812825578044,lstm
USR-000008,EVT-0029408,2026-07-07 16:12:16.456080,0.4201183372156895,lstm
SVC-000036,EVT-0029409,2026-07-07 16:12:17.790100,0.29619720304110214,lstm
SVC-000036,EVT-0029410,2026-07-07 16:12:44.405187,0.8565845528191864,lstm
SVC-000027,EVT-0029411,2026-07-07 16:13:34.753519,0.42260048875465295,lstm
DEV-000002,EVT-0029412,2026-07-07 16:13:51.332770,0.3274852790918465,lstm
SVC-000012,EVT-0029413,2026-07-07 16:14:04.405705,0.3676973393723698,lstm
USR-000003,EVT-0029414,2026-07-07 16:14:14.143994,0.3290571179581578,lstm
SVC-000010,EVT-0029415,2026-07-07 16:14:14.413070,0.926473715837718,lstm
SVC-000036,EVT-0029416,2026-07-07 16:14:37.845856,0.6488994964666202,lstm
SVC-000028,EVT-0029417,2026-07-07 16:15:12.842848,0.39343518193005306,lstm
SVC-000026,EVT-0029418,2026-07-07 16:15:24.716195,0.3133682108166217,lstm
USR-000198,EVT-0029419,2026-07-07 16:17:30.567011,0.8223825896754916,lstm
SVC-000023,EVT-0029420,2026-07-07 16:17:41.046051,0.9440634606401607,lstm
USR-000192,EVT-0029421,2026-07-07 16:18:42.307367,0.2862344508609317,lstm
USR-000086,EVT-0029422,2026-07-07 16:19:36.815198,0.28456664739548465,lstm
USR-000045,EVT-0029423,2026-07-07 16:19:56.572836,0.21267563122169872,lstm
USR-000077,EVT-0029424,2026-07-07 16:20:01.848038,0.3369675909430186,lstm
SVC-000026,EVT-0029425,2026-07-07 16:21:08.489537,0.35314252892905906,lstm
SVC-000049,EVT-0029426,2026-07-07 16:21:34.679386,0.3724190950430003,lstm
SVC-000005,EVT-0029427,2026-07-07 16:21:35.615835,0.7739525788229553,lstm
SVC-000026,EVT-0029428,2026-07-07 16:22:16.751903,0.8148314516884221,lstm
SVC-000026,EVT-0029429,2026-07-07 16:23:48.915701,0.44190887948724106,lstm
USR-000208,EVT-0029430,2026-07-07 16:26:13.300270,0.5310447639702344,lstm
SVC-000010,EVT-0029431,2026-07-07 16:27:00.415234,0.6139735698648385,lstm
SVC-000038,EVT-0029432,2026-07-07 16:28:00.825467,0.5360080703522065,lstm
DEV-000024,EVT-0029433,2026-07-07 16:31:07.972210,0.6619904485951763,lstm
USR-000077,EVT-0029434,2026-07-07 16:32:46.201165,0.2752536044256536,lstm
USR-000061,EVT-0029435,2026-07-07 16:33:08.603707,0.47404954214871853,lstm
USR-000056,EVT-0029436,2026-07-07 16:34:13.337579,0.40436067517450897,lstm
SVC-000028,EVT-0029437,2026-07-07 16:34:53.570983,0.35388831208550825,lstm
USR-000154,EVT-0029438,2026-07-07 16:36:28.788197,0.277617537563835,lstm
DEV-000016,EVT-0029439,2026-07-07 16:38:59.240307,0.3143509650785999,lstm
USR-000073,EVT-0029440,2026-07-07 16:39:58.934191,0.3841757633547788,lstm
USR-000174,EVT-0029441,2026-07-07 16:40:03.567706,0.6124955015869132,lstm
USR-000045,EVT-0029442,2026-07-07 16:43:44.121766,0.29959111829382234,lstm
SVC-000023,EVT-0029443,2026-07-07 16:45:43.809469,0.4666718437589277,lstm
SVC-000033,EVT-0029444,2026-07-07 16:46:02.739823,0.3174880367739193,lstm
DEV-000023,EVT-0029445,2026-07-07 16:46:36.246584,0.5857759017491136,lstm
SVC-000037,EVT-0029446,2026-07-07 16:47:08.272859,0.980255507456473,lstm
SVC-000038,EVT-0029447,2026-07-07 16:48:36.733032,0.8400161574656551,lstm
USR-000196,EVT-0029448,2026-07-07 16:50:21.456110,0.37375758141095855,lstm
SVC-000038,EVT-0029449,2026-07-07 16:51:20.311385,0.6959120749217235,lstm
SVC-000029,EVT-0029450,2026-07-07 16:51:56.407086,0.9689668810445582,lstm
USR-000084,EVT-0029451,2026-07-07 16:52:02.516592,0.20982486484563653,lstm
USR-000073,EVT-0029452,2026-07-07 16:53:07.948494,0.8708746753616816,lstm
USR-000086,EVT-0029453,2026-07-07 16:53:41.027892,0.31912067608197076,lstm
SVC-000010,EVT-0029454,2026-07-07 16:54:18.411311,0.3965553935915516,lstm
DEV-000009,EVT-0029455,2026-07-07 16:57:12.003642,0.4090256239781546,lstm
USR-000185,EVT-0029456,2026-07-07 16:57:31.005346,0.28676767454199903,lstm
SVC-000010,EVT-0029457,2026-07-07 16:57:49.320816,0.5683941274383812,lstm
SVC-000033,EVT-0029458,2026-07-07 16:58:39.588592,0.43226622315681157,lstm
SVC-000026,EVT-0029459,2026-07-07 17:00:29.919806,0.31411578093961356,lstm
USR-000201,EVT-0029460,2026-07-07 17:01:21.739636,0.4012414993230204,lstm
SVC-000005,EVT-0029461,2026-07-07 17:02:36.752577,0.5193057357138212,lstm
USR-000139,EVT-0029462,2026-07-07 17:04:41.014658,0.5310426108717639,lstm
SVC-000026,EVT-0029463,2026-07-07 17:07:57.985748,0.2588408214224541,lstm
USR-000198,EVT-0029464,2026-07-07 17:08:21.603463,0.30798976024808994,lstm
USR-000052,EVT-0029465,2026-07-07 17:08:33.287399,0.27934499737934493,lstm
USR-000126,EVT-0029466,2026-07-07 17:09:56.323605,0.24474665370770157,lstm
USR-000144,EVT-0029467,2026-07-07 17:10:45.395196,0.28859473302436023,lstm
SVC-000010,EVT-0029468,2026-07-07 17:12:14.494005,0.36806041074568335,lstm
DEV-000001,EVT-0029469,2026-07-07 17:13:46.237523,0.21910602749785432,lstm
SVC-000023,EVT-0029470,2026-07-07 17:15:12.215976,0.40656988127231614,lstm
SVC-000026,EVT-0029471,2026-07-07 17:17:18.593988,0.6773527084482217,lstm
SVC-000044,EVT-0029472,2026-07-07 17:17:34.890720,0.9830913358181945,lstm
USR-000085,EVT-0029473,2026-07-07 17:17:36.220456,0.5233513933208833,lstm
USR-000063,EVT-0029474,2026-07-07 17:20:03.661130,0.7999117630491567,lstm
SVC-000029,EVT-0029475,2026-07-07 17:23:03.268923,0.46841953610256043,lstm
USR-000044,EVT-0029476,2026-07-07 17:23:39.162085,0.3565816440788712,lstm
USR-000052,EVT-0029477,2026-07-07 17:24:19.875164,0.3071544775948049,lstm
DEV-000008,EVT-0029478,2026-07-07 17:25:35.893611,0.47599686552436005,lstm
USR-000092,EVT-0029479,2026-07-07 17:25:54.883407,0.2749335123872365,lstm
SVC-000033,EVT-0029480,2026-07-07 17:27:21.606961,0.3804035708515867,lstm
SVC-000038,EVT-0029481,2026-07-07 17:31:46.255048,0.7794950634817706,lstm
SVC-000038,EVT-0029482,2026-07-07 17:33:35.079735,0.7566582521077609,lstm
DEV-000010,EVT-0029483,2026-07-07 17:33:54.812105,0.2862606980793319,lstm
USR-000073,EVT-0029484,2026-07-07 17:34:46.992582,0.25559546113947224,lstm
DEV-000022,EVT-0029485,2026-07-07 17:36:11.157993,0.1845058094973918,lstm
USR-000111,EVT-0029486,2026-07-07 17:39:40.103570,0.45344369163756953,lstm
USR-000130,EVT-0029487,2026-07-07 17:39:41.057232,0.44836518524727015,lstm
SVC-000029,EVT-0029488,2026-07-07 17:42:30.307957,0.3184013592025523,lstm
DEV-000001,EVT-0029489,2026-07-07 17:43:41.894556,0.2280074972476039,lstm
SVC-000029,EVT-0029490,2026-07-07 17:44:15.280982,0.8768589706553371,lstm
DEV-000019,EVT-0029491,2026-07-07 17:46:15.802167,0.3904421371521876,lstm
DEV-000014,EVT-0029492,2026-07-07 17:47:45.012135,0.5465122105146348,lstm
DEV-000025,EVT-0029493,2026-07-07 17:49:38.799097,0.5150152120638904,lstm
SVC-000033,EVT-0029494,2026-07-07 17:50:33.765677,0.46487540048552367,lstm
USR-000198,EVT-0029495,2026-07-07 17:50:46.749375,0.5666218713558859,lstm
SVC-000037,EVT-0029496,2026-07-07 17:50:52.491580,0.7404915879334356,lstm
USR-000176,EVT-0029497,2026-07-07 17:51:01.079813,0.4281216442617213,lstm
SVC-000010,EVT-0029498,2026-07-07 17:53:35.880182,0.35649701332393846,lstm
SVC-000004,EVT-0029499,2026-07-07 17:55:48.416027,0.960282250028028,lstm
USR-000192,EVT-0029500,2026-07-07 17:56:11.092097,0.2498027561324762,lstm
USR-000073,EVT-0029501,2026-07-07 17:57:46.195141,0.2923024886451812,lstm
SVC-000004,EVT-0029502,2026-07-07 17:58:26.884184,0.6371800615577378,lstm
SVC-000033,EVT-0029503,2026-07-07 18:00:57.571276,0.4430686500930677,lstm
DEV-000010,EVT-0029504,2026-07-07 18:01:54.694451,0.3687514952506805,lstm
SVC-000037,EVT-0029505,2026-07-07 18:05:32.553774,0.5378600322457174,lstm
DEV-000003,EVT-0029506,2026-07-07 18:06:03.480634,0.36734364394583613,lstm
SVC-000029,EVT-0029507,2026-07-07 18:07:47.087344,0.3285822450640481,lstm
USR-000045,EVT-0029508,2026-07-07 18:08:21.706633,0.2649240407097631,lstm
USR-000198,EVT-0029509,2026-07-07 18:11:59.256492,0.36284363088261157,lstm
SVC-000026,EVT-0029510,2026-07-07 18:13:04.336945,0.5295450318380036,lstm
SVC-000029,EVT-0029511,2026-07-07 18:13:59.940341,0.34889365789827714,lstm
USR-000174,EVT-0029512,2026-07-07 18:15:58.524590,0.49318732898367307,lstm
SVC-000005,EVT-0029513,2026-07-07 18:16:21.428294,0.38556676212806995,lstm
USR-000185,EVT-0029514,2026-07-07 18:16:44.213033,0.3570740737299113,lstm
SVC-000037,EVT-0029515,2026-07-07 18:18:11.094278,0.5715272316653528,lstm
SVC-000044,EVT-0029516,2026-07-07 18:20:23.733343,0.5416092798902886,lstm
USR-000185,EVT-0029517,2026-07-07 18:23:08.854886,0.3216008130536153,lstm
SVC-000010,EVT-0029518,2026-07-07 18:24:12.702233,0.27912232527169323,lstm
USR-000045,EVT-0029519,2026-07-07 18:24:47.158225,0.3024593007709592,lstm
SVC-000010,EVT-0029520,2026-07-07 18:25:38.403112,0.5821227106094465,lstm
USR-000202,EVT-0029521,2026-07-07 18:26:31.700997,0.5981171098557735,lstm
DEV-000004,EVT-0029522,2026-07-07 18:26:42.004733,0.555530674808262,lstm
USR-000097,EVT-0029523,2026-07-07 18:30:56.773486,0.6980371941151452,lstm
SVC-000006,EVT-0029524,2026-07-07 18:32:32.889474,0.9953851401761292,lstm
SVC-000057,EVT-0029525,2026-07-07 18:34:10.977342,0.9647500680436485,lstm
SVC-000057,EVT-0029526,2026-07-07 18:36:17.426271,0.6569677116873156,lstm
SVC-000006,EVT-0029527,2026-07-07 18:37:24.251013,0.4515314798710081,lstm
SVC-000052,EVT-0029528,2026-07-07 18:40:46.788567,0.981814494007676,lstm
USR-000185,EVT-0029529,2026-07-07 18:40:49.215451,0.3529887676430147,lstm
SVC-000052,EVT-0029530,2026-07-07 18:41:52.285935,0.7765918940840375,lstm
SVC-000033,EVT-0029531,2026-07-07 18:42:04.298087,0.48088669340612694,lstm
DEV-000003,EVT-0029532,2026-07-07 18:43:54.676223,0.27889488495804604,lstm
USR-000208,EVT-0029533,2026-07-07 18:46:26.836060,0.5813982442536054,lstm
DEV-000025,EVT-0029534,2026-07-07 18:47:29.868763,0.4367333315514449,lstm
USR-000092,EVT-0029535,2026-07-07 18:47:44.894732,0.30238224004013176,lstm
SVC-000037,EVT-0029536,2026-07-07 18:49:03.933866,0.9099977454133491,lstm
SVC-000044,EVT-0029537,2026-07-07 18:49:37.132170,0.3715898545542818,lstm
SVC-000033,EVT-0029538,2026-07-07 18:51:39.881705,0.559781336819607,lstm
SVC-000006,EVT-0029539,2026-07-07 19:01:16.559760,0.44350259705137135,lstm
SVC-000037,EVT-0029540,2026-07-07 19:02:06.327050,0.4799033504698105,lstm
USR-000109,EVT-0029541,2026-07-07 19:07:54.644202,0.34024009962527263,lstm
SVC-000037,EVT-0029542,2026-07-07 19:09:16.644909,0.4529553612806499,lstm
USR-000144,EVT-0029543,2026-07-07 19:10:55.936635,0.47816855067269043,lstm
SVC-000006,EVT-0029544,2026-07-07 19:13:48.797423,0.3809821420487203,lstm
SVC-000058,EVT-0029545,2026-07-07 19:13:53.688247,0.9706343191119146,lstm
SVC-000057,EVT-0029546,2026-07-07 19:15:46.318733,0.5338725334914806,lstm
SVC-000006,EVT-0029547,2026-07-07 19:16:28.759720,0.4333797410274463,lstm
SVC-000006,EVT-0029548,2026-07-07 19:18:23.388183,0.3718459265795821,lstm
SVC-000057,EVT-0029549,2026-07-07 19:18:35.142452,0.5223172792078048,lstm
SVC-000004,EVT-0029550,2026-07-07 19:18:59.190696,0.31580101851837517,lstm
SVC-000006,EVT-0029551,2026-07-07 19:23:16.657671,0.3832314031773311,lstm
SVC-000052,EVT-0029552,2026-07-07 19:24:21.013675,0.5107549048883924,lstm
SVC-000006,EVT-0029553,2026-07-07 19:24:39.427497,0.864290129934652,lstm
DEV-000026,EVT-0029554,2026-07-07 19:24:40.033563,0.4609602595202286,lstm
DEV-000017,EVT-0029555,2026-07-07 19:24:40.171148,0.6812212832033707,lstm
DEV-000016,EVT-0029556,2026-07-07 19:26:40.662878,0.23836259988415823,lstm
SVC-000006,EVT-0029557,2026-07-07 19:30:45.974095,0.3448425694067667,lstm
SVC-000037,EVT-0029558,2026-07-07 19:31:51.133827,0.4534963930221833,lstm
SVC-000006,EVT-0029559,2026-07-07 19:33:14.545534,0.46750939570396266,lstm
USR-000109,EVT-0029560,2026-07-07 19:34:02.274954,0.47317780395331144,lstm
SVC-000033,EVT-0029561,2026-07-07 19:34:31.307283,0.7907951137360061,lstm
SVC-000033,EVT-0029562,2026-07-07 19:34:35.016368,0.9885825853779316,lstm
SVC-000052,EVT-0029563,2026-07-07 19:35:54.005749,0.34731449909249645,lstm
SVC-000061,EVT-0029564,2026-07-07 19:36:57.807753,0.979220203592287,lstm
USR-000208,EVT-0029565,2026-07-07 19:37:18.611734,0.7174662772439092,lstm
SVC-000004,EVT-0029566,2026-07-07 19:39:57.572313,0.614082127558756,lstm
SVC-000004,EVT-0029567,2026-07-07 19:40:11.861394,0.8417276090897968,lstm
SVC-000004,EVT-0029568,2026-07-07 19:42:49.036654,0.5706557944302921,lstm
SVC-000004,EVT-0029569,2026-07-07 19:44:51.607529,0.4613353245504173,lstm
DEV-000005,EVT-0029570,2026-07-07 19:51:20.841499,0.7098884011541363,lstm
USR-000045,EVT-0029571,2026-07-07 19:53:21.821959,0.3681103947945444,lstm
SVC-000044,EVT-0029572,2026-07-07 19:53:55.881716,0.6651411962488414,lstm
SVC-000052,EVT-0029573,2026-07-07 19:57:41.922573,0.34420058374348905,lstm
SVC-000004,EVT-0029574,2026-07-07 19:59:01.592342,0.3031876110606722,lstm
USR-000198,EVT-0029575,2026-07-07 19:59:58.084196,0.3326897978353955,lstm
SVC-000048,EVT-0029576,2026-07-07 20:01:53.056272,0.9754382338881402,lstm
SVC-000004,EVT-0029577,2026-07-07 20:02:34.760971,0.46202446078785225,lstm
SVC-000052,EVT-0029578,2026-07-07 20:04:27.094807,0.39805366478816645,lstm
DEV-000006,EVT-0029579,2026-07-07 20:04:48.701074,0.5519931697959044,lstm
SVC-000006,EVT-0029580,2026-07-07 20:04:52.981740,0.4689569282543739,lstm
SVC-000061,EVT-0029581,2026-07-07 20:08:10.969394,0.4371140409305574,lstm
SVC-000061,EVT-0029582,2026-07-07 20:10:02.797504,0.45018266114324823,lstm
SVC-000052,EVT-0029583,2026-07-07 20:12:11.182084,0.26976749271327605,lstm
SVC-000004,EVT-0029584,2026-07-07 20:12:24.506840,0.26346140915014393,lstm
SVC-000004,EVT-0029585,2026-07-07 20:13:40.391700,0.47726256188889893,lstm
USR-000126,EVT-0029586,2026-07-07 20:14:26.667898,0.3487642298582813,lstm
USR-000003,EVT-0029587,2026-07-07 20:14:47.521531,0.5574021202731574,lstm
DEV-000017,EVT-0029588,2026-07-07 20:14:48.373922,0.7838829374555022,lstm
DEV-000005,EVT-0029589,2026-07-07 20:15:38.881027,0.7365619545754106,lstm
SVC-000035,EVT-0029590,2026-07-07 20:17:07.475817,0.9698255731110941,lstm
SVC-000061,EVT-0029591,2026-07-07 20:19:09.461605,0.2384448365847065,lstm
DEV-000003,EVT-0029592,2026-07-07 20:21:05.711316,0.25308093162013273,lstm
DEV-000008,EVT-0029593,2026-07-07 20:21:09.149288,0.5268677036051456,lstm
SVC-000061,EVT-0029594,2026-07-07 20:24:18.170767,0.30038588410707856,lstm
SVC-000058,EVT-0029595,2026-07-07 20:25:22.170523,0.3743898442357008,lstm
SVC-000061,EVT-0029596,2026-07-07 20:26:59.709840,0.4014822739698755,lstm
SVC-000052,EVT-0029597,2026-07-07 20:28:24.356262,0.23227116944544798,lstm
SVC-000044,EVT-0029598,2026-07-07 20:30:02.018489,0.46199396707772633,lstm
SVC-000044,EVT-0029599,2026-07-07 20:31:17.817678,0.6441533611450099,lstm
SVC-000048,EVT-0029600,2026-07-07 20:33:11.661548,0.38595805518703824,lstm
SVC-000048,EVT-0029601,2026-07-07 20:36:26.404365,0.4871178531669839,lstm
SVC-000058,EVT-0029602,2026-07-07 20:37:09.361634,0.2960592577469011,lstm
SVC-000057,EVT-0029603,2026-07-07 20:41:16.407884,0.5728949656119334,lstm
SVC-000060,EVT-0029604,2026-07-07 20:42:07.797286,0.8967820132240082,lstm
SVC-000048,EVT-0029605,2026-07-07 20:42:23.008953,0.7095680242615562,lstm
DEV-000003,EVT-0029606,2026-07-07 20:42:46.435288,0.3880377688912722,lstm
SVC-000052,EVT-0029607,2026-07-07 20:44:57.152902,0.23560211495552583,lstm
SVC-000061,EVT-0029608,2026-07-07 20:47:39.830601,0.23167394018455653,lstm
SVC-000048,EVT-0029609,2026-07-07 20:48:43.010977,0.467248045832947,lstm
SVC-000060,EVT-0029610,2026-07-07 20:50:20.326667,0.840608770861083,lstm
SVC-000052,EVT-0029611,2026-07-07 20:51:35.451130,0.8750851996547602,lstm
SVC-000060,EVT-0029612,2026-07-07 20:51:44.259192,0.9823476737430228,lstm
SVC-000048,EVT-0029613,2026-07-07 20:55:05.434265,0.2909234213984797,lstm
SVC-000057,EVT-0029614,2026-07-07 20:55:38.439751,0.37515015781074895,lstm
SVC-000004,EVT-0029615,2026-07-07 20:57:57.564296,0.4482481036639063,lstm
USR-000165,EVT-0029616,2026-07-07 20:59:08.415175,0.609468872418837,lstm
SVC-000061,EVT-0029617,2026-07-07 21:04:57.141424,0.5025178384801499,lstm
SVC-000058,EVT-0029618,2026-07-07 21:07:52.526923,0.3835108175318342,lstm
SVC-000045,EVT-0029619,2026-07-07 21:11:37.935097,0.9571263777197148,lstm
DEV-000018,EVT-0029620,2026-07-07 21:12:10.390341,0.25823851759057415,lstm
USR-000212,EVT-0029621,2026-07-07 21:12:14.528299,0.4781228209052924,lstm
SVC-000048,EVT-0029622,2026-07-07 21:12:27.586144,0.33058384417309705,lstm
DEV-000001,EVT-0029623,2026-07-07 21:12:53.689908,0.26628956939612697,lstm
DEV-000025,EVT-0029624,2026-07-07 21:16:28.887609,0.6319801159142211,lstm
SVC-000058,EVT-0029625,2026-07-07 21:16:31.727379,0.2726790835546418,lstm
SVC-000048,EVT-0029626,2026-07-07 21:18:15.473684,0.42193011662677865,lstm
SVC-000054,EVT-0029627,2026-07-07 21:18:30.631358,0.9859127994141423,lstm
DEV-000006,EVT-0029628,2026-07-07 21:19:17.425237,0.3638541087944565,lstm
SVC-000048,EVT-0029629,2026-07-07 21:22:15.458565,0.3907268115361805,lstm
SVC-000045,EVT-0029630,2026-07-07 21:22:20.867117,0.482668212094856,lstm
SVC-000058,EVT-0029631,2026-07-07 21:24:24.312119,0.2762799197192632,lstm
DEV-000001,EVT-0029632,2026-07-07 21:26:20.429116,0.4475212495009771,lstm
SVC-000044,EVT-0029633,2026-07-07 21:28:58.622545,0.6771686895736918,lstm
SVC-000058,EVT-0029634,2026-07-07 21:29:22.594283,0.31092537909046963,lstm
USR-000165,EVT-0029635,2026-07-07 21:31:37.845397,0.3794802140869101,lstm
SVC-000045,EVT-0029636,2026-07-07 21:33:27.718179,0.369163984094425,lstm
SVC-000045,EVT-0029637,2026-07-07 21:36:18.646651,0.41732062647950224,lstm
SVC-000045,EVT-0029638,2026-07-07 21:39:02.256318,0.5895417139905788,lstm
SVC-000054,EVT-0029639,2026-07-07 21:41:15.653760,0.3651150559118253,lstm
SVC-000054,EVT-0029640,2026-07-07 21:43:11.060595,0.40581185040691553,lstm
SVC-000054,EVT-0029641,2026-07-07 21:43:22.713590,0.5158947929642541,lstm
SVC-000004,EVT-0029642,2026-07-07 21:43:23.371291,0.47895496081547445,lstm
DEV-000009,EVT-0029643,2026-07-07 21:48:06.441125,0.4599497531304192,lstm
SVC-000045,EVT-0029644,2026-07-07 21:48:26.546216,0.4096300148944859,lstm
SVC-000054,EVT-0029645,2026-07-07 21:49:34.619837,0.2604056956115638,lstm
SVC-000058,EVT-0029646,2026-07-07 21:50:31.895433,0.4176011459486721,lstm
DEV-000005,EVT-0029647,2026-07-07 21:51:00.611918,0.3853566328734635,lstm
SVC-000054,EVT-0029648,2026-07-07 21:52:10.761065,0.3334650707184572,lstm
SVC-000054,EVT-0029649,2026-07-07 21:59:22.803124,0.32809939571327756,lstm
SVC-000035,EVT-0029650,2026-07-07 22:01:58.559359,0.42776883320115366,lstm
SVC-000052,EVT-0029651,2026-07-07 22:02:05.887037,0.4779686486944271,lstm
SVC-000025,EVT-0029652,2026-07-07 22:03:06.015774,0.9878564210686844,lstm
SVC-000004,EVT-0029653,2026-07-07 22:06:08.396344,0.5459715956960525,lstm
USR-000165,EVT-0029654,2026-07-07 22:07:32.604384,0.45703962287756084,lstm
SVC-000045,EVT-0029655,2026-07-07 22:07:40.455190,0.5013126959252241,lstm
DEV-000021,EVT-0029656,2026-07-07 22:08:13.992555,0.6266287351973391,lstm
SVC-000054,EVT-0029657,2026-07-07 22:09:52.871390,0.22566273505838913,lstm
DEV-000007,EVT-0029658,2026-07-07 22:10:40.262851,0.560941230591718,lstm
SVC-000002,EVT-0029659,2026-07-07 22:11:11.804845,0.9804554239535846,lstm
SVC-000048,EVT-0029660,2026-07-07 22:11:35.090231,0.44599067846080054,lstm
SVC-000054,EVT-0029661,2026-07-07 22:11:37.658247,0.35081926521900003,lstm
SVC-000002,EVT-0029662,2026-07-07 22:12:55.962113,0.5916593865386507,lstm
SVC-000045,EVT-0029663,2026-07-07 22:14:45.373176,0.3734325116206984,lstm
SVC-000045,EVT-0029664,2026-07-07 22:17:21.457393,0.4451549346196064,lstm
USR-000106,EVT-0029665,2026-07-07 22:21:32.078864,0.4392082375942878,lstm
SVC-000032,EVT-0029666,2026-07-07 22:22:38.915872,0.9597372885134449,lstm
SVC-000035,EVT-0029667,2026-07-07 22:22:49.888701,0.35080523203732583,lstm
DEV-000012,EVT-0029668,2026-07-07 22:26:20.228190,0.4761236107723959,lstm
SVC-000002,EVT-0029669,2026-07-07 22:27:04.676229,0.2905852509503773,lstm
SVC-000054,EVT-0029670,2026-07-07 22:27:28.571118,0.23007666106168687,lstm
SVC-000045,EVT-0029671,2026-07-07 22:27:47.140994,0.39894073081671105,lstm
SVC-000032,EVT-0029672,2026-07-07 22:29:38.968846,0.2887621015985307,lstm
DEV-000011,EVT-0029673,2026-07-07 22:30:13.548061,0.5728616148292426,lstm
SVC-000054,EVT-0029674,2026-07-07 22:30:17.350584,0.3498185125402508,lstm
SVC-000054,EVT-0029675,2026-07-07 22:31:35.904019,0.5725951905342365,lstm
SVC-000054,EVT-0029676,2026-07-07 22:33:37.689051,0.2960322041137173,lstm
SVC-000054,EVT-0029677,2026-07-07 22:34:10.832860,0.3759936031237091,lstm
DEV-000026,EVT-0029678,2026-07-07 22:35:16.520896,0.2982664956765092,lstm
SVC-000002,EVT-0029679,2026-07-07 22:35:30.312384,0.300469552516161,lstm
SVC-000045,EVT-0029680,2026-07-07 22:37:03.829770,0.4330658560524715,lstm
DEV-000025,EVT-0029681,2026-07-07 22:37:52.628740,0.6510246424874154,lstm
SVC-000002,EVT-0029682,2026-07-07 22:39:16.219223,0.2681173642695434,lstm
SVC-000002,EVT-0029683,2026-07-07 22:39:18.937266,0.5060417281582968,lstm
USR-000088,EVT-0029684,2026-07-07 22:39:46.701204,0.3591785726260573,lstm
DEV-000013,EVT-0029685,2026-07-07 22:40:38.037756,0.7332649525928969,lstm
SVC-000035,EVT-0029686,2026-07-07 22:42:01.032717,0.2802114404706945,lstm
USR-000088,EVT-0029687,2026-07-07 22:43:13.685257,0.65318528515314,lstm
SVC-000041,EVT-0029688,2026-07-07 22:43:15.030540,0.9843628427748506,lstm
SVC-000002,EVT-0029689,2026-07-07 22:44:38.897848,0.25958269698325953,lstm
SVC-000002,EVT-0029690,2026-07-07 22:46:03.895305,0.306157707762515,lstm
SVC-000032,EVT-0029691,2026-07-07 22:47:28.102795,0.2956246109181754,lstm
USR-000141,EVT-0029692,2026-07-07 22:48:17.869211,0.41785492191142654,lstm
SVC-000002,EVT-0029693,2026-07-07 22:50:54.781190,0.3257093920873616,lstm
SVC-000002,EVT-0029694,2026-07-07 22:51:11.524114,0.4429856568083969,lstm
SVC-000002,EVT-0029695,2026-07-07 22:53:49.849847,0.3883690832770332,lstm
SVC-000045,EVT-0029696,2026-07-07 22:57:27.514465,0.3231123628901111,lstm
DEV-000014,EVT-0029697,2026-07-07 22:59:38.769154,0.4465877614242525,lstm
SVC-000035,EVT-0029698,2026-07-07 23:01:28.072590,0.33242318192213677,lstm
DEV-000019,EVT-0029699,2026-07-07 23:09:04.886883,0.8536486012843539,lstm
USR-000106,EVT-0029700,2026-07-07 23:10:57.079549,0.24583794423696653,lstm
SVC-000045,EVT-0029701,2026-07-07 23:11:20.032903,0.41523888146735943,lstm
SVC-000045,EVT-0029702,2026-07-07 23:11:22.924333,0.6858793861531105,lstm
SVC-000041,EVT-0029703,2026-07-07 23:13:08.320278,0.6810118084011495,lstm
DEV-000001,EVT-0029704,2026-07-07 23:13:53.890006,0.2851176218909818,lstm
USR-000106,EVT-0029705,2026-07-07 23:16:41.608576,0.2916066686007263,lstm
SVC-000002,EVT-0029706,2026-07-07 23:20:27.202946,0.9325399554839516,lstm
SVC-000032,EVT-0029707,2026-07-07 23:22:55.727742,0.36954056139812463,lstm
SVC-000059,EVT-0029708,2026-07-07 23:22:55.808650,0.9994646528687011,lstm
USR-000190,EVT-0029709,2026-07-07 23:23:01.926054,0.9999982478074103,lstm
SVC-000025,EVT-0029710,2026-07-07 23:23:37.160899,0.3544680655993867,lstm
USR-000190,EVT-0029711,2026-07-07 23:24:58.812902,1.0,lstm
SVC-000059,EVT-0029712,2026-07-07 23:26:02.293560,0.4675000885563837,lstm
SVC-000002,EVT-0029713,2026-07-07 23:26:20.533946,0.3218108813376795,lstm
USR-000190,EVT-0029714,2026-07-07 23:26:20.640843,1.0,lstm
USR-000122,EVT-0029715,2026-07-07 23:27:43.473659,0.43007024328513466,lstm
SVC-000025,EVT-0029716,2026-07-07 23:28:00.568784,0.35598655988797845,lstm
DEV-000013,EVT-0029717,2026-07-07 23:30:15.093603,0.7116052213837009,lstm
SVC-000059,EVT-0029718,2026-07-07 23:32:51.497625,0.33461764044990355,lstm
DEV-000006,EVT-0029719,2026-07-07 23:33:51.261504,0.31131658975665205,lstm
SVC-000059,EVT-0029720,2026-07-07 23:35:18.213204,0.36433368517531023,lstm
SVC-000059,EVT-0029721,2026-07-07 23:36:20.736083,0.6056566973205936,lstm
USR-000141,EVT-0029722,2026-07-07 23:36:33.977078,0.33196048771951236,lstm
SVC-000025,EVT-0029723,2026-07-07 23:37:14.161203,0.35083865981608553,lstm
DEV-000009,EVT-0029724,2026-07-07 23:40:45.796708,0.4637595054647329,lstm
SVC-000059,EVT-0029725,2026-07-07 23:42:06.761484,0.27148833014151263,lstm
DEV-000023,EVT-0029726,2026-07-07 23:43:43.043690,0.6823204217211566,lstm
SVC-000025,EVT-0029727,2026-07-07 23:44:32.419915,0.4299466636220617,lstm
SVC-000059,EVT-0029728,2026-07-07 23:44:42.093839,0.2881362617494922,lstm
DEV-000012,EVT-0029729,2026-07-07 23:50:01.498835,0.24516583914097612,lstm
SVC-000002,EVT-0029730,2026-07-07 23:51:36.817590,0.3659583740018618,lstm
SVC-000002,EVT-0029731,2026-07-07 23:51:59.321927,0.6180121908541513,lstm
SVC-000059,EVT-0029732,2026-07-07 23:52:08.375873,0.24345610809506035,lstm
SVC-000059,EVT-0029733,2026-07-07 23:52:40.615077,0.39045136850261386,lstm
DEV-000017,EVT-0029734,2026-07-07 23:53:58.603388,0.5778971098224465,lstm
SVC-000041,EVT-0029735,2026-07-07 23:59:43.162361,0.45400235213890083,lstm
DEV-000020,EVT-0029736,2026-07-08 00:01:41.353752,0.34903935625547555,lstm
SVC-000032,EVT-0029737,2026-07-08 00:03:24.655953,0.36585725521961887,lstm
SVC-000059,EVT-0029738,2026-07-08 00:06:57.821097,0.3052794203281769,lstm
SVC-000025,EVT-0029739,2026-07-08 00:06:58.731943,0.46267016934512145,lstm
SVC-000025,EVT-0029740,2026-07-08 00:07:09.705000,0.7045996022062926,lstm
SVC-000041,EVT-0029741,2026-07-08 00:09:30.949421,0.5186462598239069,lstm
SVC-000041,EVT-0029742,2026-07-08 00:10:38.366777,0.7968689252847991,lstm
SVC-000032,EVT-0029743,2026-07-08 00:10:54.174831,0.2829959855494368,lstm
SVC-000059,EVT-0029744,2026-07-08 00:15:08.096255,0.24210304123269485,lstm
USR-000122,EVT-0029745,2026-07-08 00:28:58.863706,0.6894004424937374,lstm
SVC-000032,EVT-0029746,2026-07-08 00:30:31.886239,0.3161218262108162,lstm
DEV-000023,EVT-0029747,2026-07-08 00:32:49.613303,0.7981932286242284,lstm
SVC-000056,EVT-0029748,2026-07-08 00:34:00.618584,0.9318696937174025,lstm
DEV-000019,EVT-0029749,2026-07-08 00:35:43.046415,0.8565558372267461,lstm
DEV-000017,EVT-0029750,2026-07-08 00:39:04.513023,0.6542930048420151,lstm
USR-000106,EVT-0029751,2026-07-08 00:41:55.576948,0.8026933125525608,lstm
SVC-000025,EVT-0029752,2026-07-08 00:45:08.270691,0.4638403919720096,lstm
SVC-000041,EVT-0029753,2026-07-08 00:47:05.449764,0.864311404315016,lstm
DEV-000026,EVT-0029754,2026-07-08 00:49:23.755242,0.23359172597429048,lstm
SVC-000025,EVT-0029755,2026-07-08 00:55:10.442075,0.39518817795693745,lstm
DEV-000008,EVT-0029756,2026-07-08 00:55:17.786012,0.7845952140719791,lstm
DEV-000002,EVT-0029757,2026-07-08 00:58:50.351310,0.8125301929163594,lstm
DEV-000020,EVT-0029758,2026-07-08 01:03:43.545309,0.31387562836625643,lstm
DEV-000001,EVT-0029759,2026-07-08 01:05:39.269320,0.5845797130622598,lstm
SVC-000060,EVT-0029760,2026-07-08 01:08:21.774353,0.9612870345991948,lstm
SVC-000041,EVT-0029761,2026-07-08 01:12:49.645846,0.9233111081779242,lstm
DEV-000011,EVT-0029762,2026-07-08 01:18:38.725441,0.6343076175615835,lstm
SVC-000056,EVT-0029763,2026-07-08 01:19:08.166968,0.7910013065581362,lstm
SVC-000056,EVT-0029764,2026-07-08 01:20:13.377359,0.8773118540471685,lstm
USR-000106,EVT-0029765,2026-07-08 01:23:29.446615,0.662648104019169,lstm
SVC-000056,EVT-0029766,2026-07-08 01:25:21.030505,0.7953135087230946,lstm
USR-000122,EVT-0029767,2026-07-08 01:29:17.885172,0.3053745544343995,lstm
SVC-000056,EVT-0029768,2026-07-08 01:30:36.218123,0.6802826172360285,lstm
SVC-000018,EVT-0029769,2026-07-08 01:38:23.895205,0.9912831831960297,lstm
USR-000113,EVT-0029770,2026-07-08 01:44:04.966451,0.953979249929868,lstm
DEV-000004,EVT-0029771,2026-07-08 01:44:34.037075,0.7749771613328301,lstm
SVC-000041,EVT-0029772,2026-07-08 01:44:42.772577,0.3233813365458834,lstm
USR-000106,EVT-0029773,2026-07-08 01:56:21.051526,0.5523571442537913,lstm
DEV-000015,EVT-0029774,2026-07-08 02:00:50.452594,0.892822030444012,lstm
SVC-000041,EVT-0029775,2026-07-08 02:02:21.388860,0.24499088848711645,lstm
SVC-000018,EVT-0029776,2026-07-08 02:02:24.523319,0.457349452055846,lstm
SVC-000014,EVT-0029777,2026-07-08 02:03:46.694255,0.9932032267218255,lstm
DEV-000025,EVT-0029778,2026-07-08 02:04:03.220193,0.5999692919881489,lstm
DEV-000020,EVT-0029779,2026-07-08 02:06:24.807546,0.23182942790959216,lstm
SVC-000041,EVT-0029780,2026-07-08 02:07:03.984349,0.5428455785855151,lstm
DEV-000014,EVT-0029781,2026-07-08 02:11:23.303892,0.5846363220560521,lstm
DEV-000024,EVT-0029782,2026-07-08 02:20:15.572780,0.34674008365860715,lstm
DEV-000003,EVT-0029783,2026-07-08 02:24:57.549074,0.766857558560512,lstm
SVC-000018,EVT-0029784,2026-07-08 02:27:22.579257,0.5718153980955798,lstm
SVC-000018,EVT-0029785,2026-07-08 02:30:51.436170,0.4884317746092131,lstm
USR-000122,EVT-0029786,2026-07-08 02:31:45.944720,0.35293058099596086,lstm
DEV-000011,EVT-0029787,2026-07-08 02:32:01.847883,0.5309659996796852,lstm
SVC-000018,EVT-0029788,2026-07-08 02:32:19.934999,0.3712895845858899,lstm
SVC-000018,EVT-0029789,2026-07-08 02:33:23.848945,0.4640076784274537,lstm
SVC-000018,EVT-0029790,2026-07-08 02:35:34.118560,0.4492961324132347,lstm
DEV-000017,EVT-0029791,2026-07-08 02:36:43.351123,0.3986388994506271,lstm
SVC-000018,EVT-0029792,2026-07-08 02:36:48.967610,0.4907146522927878,lstm
SVC-000018,EVT-0029793,2026-07-08 02:44:22.411441,0.3571629790634339,lstm
DEV-000002,EVT-0029794,2026-07-08 02:45:24.507987,0.5721285692918842,lstm
SVC-000018,EVT-0029795,2026-07-08 02:46:48.284875,0.45945585299606173,lstm
SVC-000018,EVT-0029796,2026-07-08 02:48:06.150539,0.3717695364595069,lstm
SVC-000041,EVT-0029797,2026-07-08 02:48:36.787301,0.6336237537632616,lstm
SVC-000018,EVT-0029798,2026-07-08 02:48:42.809262,0.39493712918727614,lstm
SVC-000041,EVT-0029799,2026-07-08 03:01:51.039638,0.6432432754977887,lstm
SVC-000041,EVT-0029800,2026-07-08 03:05:45.572559,0.5143535943740228,lstm
SVC-000019,EVT-0029801,2026-07-08 03:06:01.689672,0.9756318641909936,lstm
SVC-000018,EVT-0029802,2026-07-08 03:06:58.023032,0.3543722760703822,lstm
SVC-000018,EVT-0029803,2026-07-08 03:07:29.414035,0.5766456519501825,lstm
SVC-000041,EVT-0029804,2026-07-08 03:09:30.881654,0.8710804470488115,lstm
SVC-000056,EVT-0029805,2026-07-08 03:11:04.386644,0.624430063338732,lstm
DEV-000009,EVT-0029806,2026-07-08 03:15:06.115998,0.5147991509881289,lstm
DEV-000017,EVT-0029807,2026-07-08 03:17:11.859885,0.36062742913578394,lstm
SVC-000014,EVT-0029808,2026-07-08 03:21:04.354943,0.579197869230094,lstm
DEV-000006,EVT-0029809,2026-07-08 03:21:41.397404,0.41609976858039116,lstm
DEV-000014,EVT-0029810,2026-07-08 03:22:02.222770,0.5585646465074093,lstm
DEV-000020,EVT-0029811,2026-07-08 03:27:08.934634,0.26458999749078815,lstm
SVC-000014,EVT-0029812,2026-07-08 03:28:33.845551,0.27757978569907205,lstm
DEV-000026,EVT-0029813,2026-07-08 03:35:05.340107,0.2518730325597087,lstm
DEV-000018,EVT-0029814,2026-07-08 03:40:45.800668,0.9111220012788965,lstm
SVC-000018,EVT-0029815,2026-07-08 03:41:13.303437,0.5938852930342389,lstm
DEV-000010,EVT-0029816,2026-07-08 03:41:49.956812,0.6173076934235375,lstm
DEV-000003,EVT-0029817,2026-07-08 03:46:04.349280,0.6591469321958229,lstm
DEV-000002,EVT-0029818,2026-07-08 03:49:38.740108,0.5246860657590129,lstm
SVC-000014,EVT-0029819,2026-07-08 03:51:40.478130,0.29178524131344846,lstm
SVC-000019,EVT-0029820,2026-07-08 03:51:41.680826,0.34252783751931887,lstm
SVC-000018,EVT-0029821,2026-07-08 03:52:55.705790,0.762428273284902,lstm
SVC-000014,EVT-0029822,2026-07-08 03:53:55.001112,0.3102649310547079,lstm
DEV-000006,EVT-0029823,2026-07-08 03:54:14.492773,0.4329465743575272,lstm
USR-000113,EVT-0029824,2026-07-08 03:54:16.745768,0.8601387567273557,lstm
SVC-000020,EVT-0029825,2026-07-08 03:55:02.515970,0.9600038011212849,lstm
SVC-000019,EVT-0029826,2026-07-08 03:55:38.605369,0.41836608582036994,lstm
SVC-000015,EVT-0029827,2026-07-08 03:56:28.776859,0.9843472843837677,lstm
DEV-000007,EVT-0029828,2026-07-08 03:58:46.158337,0.2782741873715899,lstm
SVC-000014,EVT-0029829,2026-07-08 04:09:49.743728,0.29659024716844756,lstm
DEV-000009,EVT-0029830,2026-07-08 04:10:41.150435,0.3786493126236111,lstm
SVC-000014,EVT-0029831,2026-07-08 04:14:30.586534,0.288153171495635,lstm
SVC-000018,EVT-0029832,2026-07-08 04:15:04.228896,0.3903764562641874,lstm
USR-000150,EVT-0029833,2026-07-08 04:15:23.940207,0.7930595578607081,lstm
SVC-000020,EVT-0029834,2026-07-08 04:15:51.605049,0.48649766829028956,lstm
SVC-000014,EVT-0029835,2026-07-08 04:17:21.507043,0.44721601930396016,lstm
SVC-000015,EVT-0029836,2026-07-08 04:17:59.547048,0.39035492576491976,lstm
SVC-000007,EVT-0029837,2026-07-08 04:18:45.840904,0.9995921730478634,lstm
SVC-000014,EVT-0029838,2026-07-08 04:20:15.195388,0.39368100326030014,lstm
SVC-000020,EVT-0029839,2026-07-08 04:21:52.936433,0.7365700945487955,lstm
DEV-000013,EVT-0029840,2026-07-08 04:23:51.605733,0.8045307956213327,lstm
SVC-000020,EVT-0029841,2026-07-08 04:24:31.702623,0.7163604865249856,lstm
DEV-000003,EVT-0029842,2026-07-08 04:24:40.217553,0.5684657411195735,lstm
SVC-000015,EVT-0029843,2026-07-08 04:26:51.696443,0.33258841005224576,lstm
SVC-000015,EVT-0029844,2026-07-08 04:26:52.969683,0.7221767588626907,lstm
SVC-000019,EVT-0029845,2026-07-08 04:27:00.516218,0.2557642589178179,lstm
SVC-000015,EVT-0029846,2026-07-08 04:33:06.850650,0.3483067280214595,lstm
SVC-000007,EVT-0029847,2026-07-08 04:35:27.822221,0.3321171777529124,lstm
USR-000155,EVT-0029848,2026-07-08 04:35:33.613851,0.960128478719765,lstm
DEV-000018,EVT-0029849,2026-07-08 04:36:31.633834,0.793130608246644,lstm
SVC-000007,EVT-0029850,2026-07-08 04:37:47.789533,0.3818249485073852,lstm
SVC-000019,EVT-0029851,2026-07-08 04:37:48.968531,0.2451451646285728,lstm
SVC-000014,EVT-0029852,2026-07-08 04:37:53.597400,0.25322917738017187,lstm
SVC-000014,EVT-0029853,2026-07-08 04:38:19.069787,0.6458989035969562,lstm
SVC-000015,EVT-0029854,2026-07-08 04:39:34.266014,0.32058921752060937,lstm
SVC-000015,EVT-0029855,2026-07-08 04:40:45.126115,0.7140767691603334,lstm
USR-000199,EVT-0029856,2026-07-08 04:44:44.825617,0.853443722849105,lstm
SVC-000007,EVT-0029857,2026-07-08 04:45:29.843207,0.3029852301601441,lstm
USR-000059,EVT-0029858,2026-07-08 04:45:46.323790,0.5274395483316525,lstm
DEV-000007,EVT-0029859,2026-07-08 04:46:34.047300,0.19073545809163142,lstm
SVC-000014,EVT-0029860,2026-07-08 04:46:39.586346,0.3312462815675697,lstm
SVC-000007,EVT-0029861,2026-07-08 04:46:44.672054,0.30456721130883635,lstm
SVC-000015,EVT-0029862,2026-07-08 04:46:53.651783,0.33860888630846153,lstm
SVC-000014,EVT-0029863,2026-07-08 04:49:32.182588,0.36994187065474166,lstm
SVC-000019,EVT-0029864,2026-07-08 04:52:01.317273,0.23469012565868122,lstm
SVC-000007,EVT-0029865,2026-07-08 04:56:21.954574,0.2242260188001929,lstm
DEV-000020,EVT-0029866,2026-07-08 04:57:05.470232,0.2505461280956966,lstm
SVC-000014,EVT-0029867,2026-07-08 04:58:01.822366,0.32615914617051067,lstm
SVC-000007,EVT-0029868,2026-07-08 04:58:12.138959,0.26708601172924684,lstm
SVC-000007,EVT-0029869,2026-07-08 04:58:30.315275,0.4484171213355506,lstm
SVC-000007,EVT-0029870,2026-07-08 04:58:59.028495,0.5137570340858185,lstm
SVC-000015,EVT-0029871,2026-07-08 04:59:46.282951,0.39761967272625637,lstm
SVC-000007,EVT-0029872,2026-07-08 05:03:36.410070,0.24532399942534192,lstm
SVC-000019,EVT-0029873,2026-07-08 05:05:02.974508,0.2334559306752031,lstm
SVC-000014,EVT-0029874,2026-07-08 05:06:56.267490,0.3525353546668455,lstm
DEV-000018,EVT-0029875,2026-07-08 05:08:52.893104,0.8237787410198733,lstm
SVC-000019,EVT-0029876,2026-07-08 05:13:29.728134,0.2840617695351602,lstm
SVC-000007,EVT-0029877,2026-07-08 05:16:18.585887,0.2532127627360668,lstm
USR-000036,EVT-0029878,2026-07-08 05:21:37.487034,0.9531961766143942,lstm
SVC-000007,EVT-0029879,2026-07-08 05:22:12.559534,0.4983284088605588,lstm
SVC-000019,EVT-0029880,2026-07-08 05:25:39.332121,0.2355162722614613,lstm
SVC-000007,EVT-0029881,2026-07-08 05:28:12.012223,0.27993329265338346,lstm
DEV-000016,EVT-0029882,2026-07-08 05:30:02.679394,0.692390498641491,lstm
SVC-000015,EVT-0029883,2026-07-08 05:30:42.287104,0.2849301382885739,lstm
DEV-000010,EVT-0029884,2026-07-08 05:30:51.796154,0.5556232165782263,lstm
DEV-000008,EVT-0029885,2026-07-08 05:35:29.386249,0.7641590329597927,lstm
SVC-000020,EVT-0029886,2026-07-08 05:38:24.661097,0.5687543924285202,lstm
DEV-000001,EVT-0029887,2026-07-08 05:41:51.690398,0.8199899852718467,lstm
SVC-000009,EVT-0029888,2026-07-08 05:43:42.872102,0.9810431628160566,lstm
DEV-000011,EVT-0029889,2026-07-08 05:51:43.286694,0.40293945789467145,lstm
SVC-000019,EVT-0029890,2026-07-08 05:51:45.342038,0.2859715078678588,lstm
DEV-000003,EVT-0029891,2026-07-08 05:57:32.218447,0.33837068113787366,lstm
DEV-000023,EVT-0029892,2026-07-08 05:59:18.224064,0.3738997328207104,lstm
SVC-000015,EVT-0029893,2026-07-08 05:59:50.563094,0.30683977009491953,lstm
USR-000130,EVT-0029894,2026-07-08 06:02:22.796158,0.8267042655880773,lstm
SVC-000009,EVT-0029895,2026-07-08 06:02:34.324672,0.7920352352737623,lstm
SVC-000009,EVT-0029896,2026-07-08 06:14:17.247121,0.2870864267635312,lstm
SVC-000009,EVT-0029897,2026-07-08 06:14:58.693758,0.46172638265882937,lstm
SVC-000007,EVT-0029898,2026-07-08 06:16:08.656692,0.6432937750556741,lstm
USR-000106,EVT-0029899,2026-07-08 06:22:06.864181,0.8035764284804721,lstm
SVC-000031,EVT-0029900,2026-07-08 06:27:42.553627,0.9879602938386548,lstm
SVC-000009,EVT-0029901,2026-07-08 06:28:13.394304,0.3146509677249646,lstm
DEV-000023,EVT-0029902,2026-07-08 06:28:15.171852,0.4655555651985767,lstm
SVC-000031,EVT-0029903,2026-07-08 06:29:23.300114,0.5663583626700804,lstm
DEV-000020,EVT-0029904,2026-07-08 06:30:48.809626,0.26194091629366806,lstm
DEV-000002,EVT-0029905,2026-07-08 06:33:54.401610,0.5633986117419406,lstm
DEV-000002,EVT-0029906,2026-07-08 06:35:22.508848,0.9559735261671573,lstm
SVC-000055,EVT-0029907,2026-07-08 06:35:46.645637,0.9972795668445719,lstm
USR-000036,EVT-0029908,2026-07-08 06:36:13.918541,0.7354686611423996,lstm
USR-000178,EVT-0029909,2026-07-08 06:38:21.870334,0.8884146515448467,lstm
SVC-000040,EVT-0029910,2026-07-08 06:38:28.057386,0.9501354568729089,lstm
SVC-000019,EVT-0029911,2026-07-08 06:39:32.498155,0.34122906049075485,lstm
USR-000206,EVT-0029912,2026-07-08 06:39:51.923072,0.9386941084914818,lstm
SVC-000031,EVT-0029913,2026-07-08 06:40:19.406915,0.5016718875219244,lstm
USR-000103,EVT-0029914,2026-07-08 06:42:11.617904,0.43033335929134126,lstm
SVC-000031,EVT-0029915,2026-07-08 06:45:53.333179,0.5489934084196445,lstm
USR-000168,EVT-0029916,2026-07-08 06:47:28.465976,0.6326089739230762,lstm
USR-000041,EVT-0029917,2026-07-08 06:49:05.675815,0.6567612444116107,lstm
DEV-000018,EVT-0029918,2026-07-08 06:51:28.678582,0.6125074440007532,lstm
SVC-000031,EVT-0029919,2026-07-08 06:51:48.675091,0.36205638540584756,lstm
SVC-000031,EVT-0029920,2026-07-08 06:52:14.047291,0.824305398664101,lstm
USR-000168,EVT-0029921,2026-07-08 06:53:05.351618,0.3906841090329847,lstm
USR-000171,EVT-0029922,2026-07-08 06:53:55.435870,0.9731542970238173,lstm
USR-000019,EVT-0029923,2026-07-08 06:54:01.873252,0.7922137755800677,lstm
SVC-000031,EVT-0029924,2026-07-08 06:55:55.225093,0.5566540451952036,lstm
SVC-000031,EVT-0029925,2026-07-08 06:56:58.336605,0.5861003555720593,lstm
SVC-000009,EVT-0029926,2026-07-08 06:58:07.012790,0.7221640329376195,lstm
DEV-000005,EVT-0029927,2026-07-08 06:58:37.215651,0.43442701877623,lstm
DEV-000016,EVT-0029928,2026-07-08 06:59:00.245197,0.34830047771977474,lstm
SVC-000009,EVT-0029929,2026-07-08 07:01:33.281498,0.486948819597539,lstm
USR-000013,EVT-0029930,2026-07-08 07:02:08.137571,0.7095332413194727,lstm
USR-000090,EVT-0029931,2026-07-08 07:07:01.400562,0.9356754273820596,lstm
SVC-000055,EVT-0029932,2026-07-08 07:08:26.125015,0.7759209973108694,lstm
DEV-000022,EVT-0029933,2026-07-08 07:09:07.664220,0.9641966591525079,lstm
SVC-000031,EVT-0029934,2026-07-08 07:09:21.944279,0.28681959410954366,lstm
USR-000090,EVT-0029935,2026-07-08 07:14:18.001666,0.7601438362753208,lstm
USR-000190,EVT-0029936,2026-07-08 07:15:05.718320,0.7137979769301596,lstm
USR-000019,EVT-0029937,2026-07-08 07:19:23.186336,0.5459301699279742,lstm
SVC-000040,EVT-0029938,2026-07-08 07:19:26.061492,0.4119180146583968,lstm
USR-000031,EVT-0029939,2026-07-08 07:19:56.310176,0.7519991043190705,lstm
SVC-000055,EVT-0029940,2026-07-08 07:20:12.278964,0.5851308572855464,lstm
SVC-000031,EVT-0029941,2026-07-08 07:20:21.703349,0.2947978181504237,lstm
SVC-000040,EVT-0029942,2026-07-08 07:20:58.010200,0.6673604035457983,lstm
USR-000059,EVT-0029943,2026-07-08 07:22:04.709005,0.35674153853458884,lstm
USR-000120,EVT-0029944,2026-07-08 07:22:19.905641,0.7815528106905768,lstm
USR-000155,EVT-0029945,2026-07-08 07:22:57.774376,0.2974207293909849,lstm
USR-000103,EVT-0029946,2026-07-08 07:26:07.511401,0.42840886729947164,lstm
USR-000206,EVT-0029947,2026-07-08 07:31:50.646652,0.7654627776956034,lstm
USR-000135,EVT-0029948,2026-07-08 07:32:20.888996,0.6381797883238586,lstm
USR-000058,EVT-0029949,2026-07-08 07:33:49.844893,0.6638206417858697,lstm
USR-000168,EVT-0029950,2026-07-08 07:34:13.552647,0.2590382769976538,lstm
SVC-000055,EVT-0029951,2026-07-08 07:36:14.631679,0.407649521291334,lstm
USR-000171,EVT-0029952,2026-07-08 07:40:50.375637,0.8233196701011427,lstm
USR-000118,EVT-0029953,2026-07-08 07:41:11.945138,0.6963689149004582,lstm
USR-000090,EVT-0029954,2026-07-08 07:42:49.141475,0.4849755937161219,lstm
SVC-000031,EVT-0029955,2026-07-08 07:43:35.132502,0.3160918077017307,lstm
SVC-000055,EVT-0029956,2026-07-08 07:53:00.368625,0.3606573123418867,lstm
USR-000090,EVT-0029957,2026-07-08 07:54:01.825273,0.6871908632285026,lstm
USR-000013,EVT-0029958,2026-07-08 07:54:32.001569,0.4656549401388237,lstm
SVC-000055,EVT-0029959,2026-07-08 07:58:02.471843,0.4262433306225368,lstm
USR-000031,EVT-0029960,2026-07-08 07:59:01.886627,0.418312174879095,lstm
SVC-000011,EVT-0029961,2026-07-08 08:00:11.510803,0.9982293945489588,lstm
USR-000142,EVT-0029962,2026-07-08 08:00:26.754959,0.758959894139842,lstm
SVC-000011,EVT-0029963,2026-07-08 08:00:29.076477,0.5235976427907223,lstm
SVC-000055,EVT-0029964,2026-07-08 08:03:28.257336,0.5129862048482462,lstm
SVC-000040,EVT-0029965,2026-07-08 08:04:52.386081,0.39197484895560425,lstm
SVC-000055,EVT-0029966,2026-07-08 08:06:38.446700,0.5319654723019243,lstm
SVC-000055,EVT-0029967,2026-07-08 08:08:08.285429,0.6806270110762125,lstm
USR-000206,EVT-0029968,2026-07-08 08:09:05.831772,0.7131565236782156,lstm
SVC-000040,EVT-0029969,2026-07-08 08:12:06.820810,0.42646188456406187,lstm
USR-000206,EVT-0029970,2026-07-08 08:13:49.527776,0.6553584551932277,lstm
USR-000129,EVT-0029971,2026-07-08 08:14:25.390014,0.5806287116717895,lstm
SVC-000053,EVT-0029972,2026-07-08 08:14:46.903372,0.9914730567660299,lstm
USR-000076,EVT-0029973,2026-07-08 08:16:45.476016,0.8946424240916286,lstm
USR-000102,EVT-0029974,2026-07-08 08:17:16.408398,0.7921948022624448,lstm
SVC-000011,EVT-0029975,2026-07-08 08:17:30.971107,0.4519316311787615,lstm
SVC-000031,EVT-0029976,2026-07-08 08:18:33.272832,0.33103895618067375,lstm
SVC-000040,EVT-0029977,2026-07-08 08:19:18.453541,0.346064007341795,lstm
USR-000157,EVT-0029978,2026-07-08 08:20:25.605094,0.5727162518252354,lstm
DEV-000008,EVT-0029979,2026-07-08 08:20:48.144408,0.5331600876604775,lstm
USR-000036,EVT-0029980,2026-07-08 08:20:48.625666,0.49186705377232554,lstm
SVC-000011,EVT-0029981,2026-07-08 08:20:54.679618,0.37601200398253265,lstm
SVC-000055,EVT-0029982,2026-07-08 08:22:37.801911,0.3349879783811075,lstm
SVC-000051,EVT-0029983,2026-07-08 08:22:47.328716,0.8402746246975209,lstm
SVC-000051,EVT-0029984,2026-07-08 08:23:30.992112,0.9829976180581944,lstm
USR-000168,EVT-0029985,2026-07-08 08:23:44.326790,0.20940737665345963,lstm
USR-000036,EVT-0029986,2026-07-08 08:26:05.251627,0.549763646861571,lstm
SVC-000046,EVT-0029987,2026-07-08 08:26:06.639528,0.9941648410890456,lstm
USR-000206,EVT-0029988,2026-07-08 08:26:20.205076,0.46048386660098434,lstm
USR-000191,EVT-0029989,2026-07-08 08:26:40.599990,0.45898213084602346,lstm
SVC-000011,EVT-0029990,2026-07-08 08:28:39.388654,0.3404786942185292,lstm
USR-000142,EVT-0029991,2026-07-08 08:30:28.878969,0.3783916416021101,lstm
SVC-000053,EVT-0029992,2026-07-08 08:30:41.024544,0.7176862634688491,lstm
SVC-000039,EVT-0029993,2026-07-08 08:31:08.732194,0.9938554528094529,lstm
SVC-000031,EVT-0029994,2026-07-08 08:32:33.191606,0.2981241269773232,lstm
SVC-000011,EVT-0029995,2026-07-08 08:33:36.777651,0.28749917189284224,lstm
SVC-000031,EVT-0029996,2026-07-08 08:33:58.869592,0.3889189062223954,lstm
USR-000157,EVT-0029997,2026-07-08 08:36:01.902484,0.6214548350247245,lstm
SVC-000011,EVT-0029998,2026-07-08 08:36:16.311502,0.40686187751110936,lstm
USR-000129,EVT-0029999,2026-07-08 08:40:51.460768,0.3851934591077426,lstm
SVC-000055,EVT-0030000,2026-07-08 08:41:23.860328,0.4514232692750725,lstm
USR-000022,EVT-0030001,2026-07-08 08:43:06.087679,0.44886593494384314,lstm
USR-000102,EVT-0030002,2026-07-08 08:43:25.138146,0.5809752701424301,lstm
USR-000158,EVT-0030003,2026-07-08 08:44:35.492108,0.33362566354028356,lstm
USR-000203,EVT-0030004,2026-07-08 08:45:30.937180,0.48129026215617277,lstm
USR-000059,EVT-0030005,2026-07-08 08:47:32.104338,0.4630433944180648,lstm
USR-000082,EVT-0030006,2026-07-08 08:49:51.622388,0.5297639522538934,lstm
DEV-000002,EVT-0030007,2026-07-08 08:50:53.914862,0.3914352559644866,lstm
SVC-000042,EVT-0030008,2026-07-08 08:50:58.737372,0.9716658728281935,lstm
SVC-000053,EVT-0030009,2026-07-08 08:51:04.703385,0.8281538784980614,lstm
SVC-000046,EVT-0030010,2026-07-08 08:51:25.756683,0.4405552747780367,lstm
SVC-000046,EVT-0030011,2026-07-08 08:52:20.572669,0.6196421625922531,lstm
SVC-000024,EVT-0030012,2026-07-08 08:53:52.238513,0.9954584114419482,lstm
DEV-000010,EVT-0030013,2026-07-08 08:54:33.025858,0.5216013791249128,lstm
SVC-000011,EVT-0030014,2026-07-08 08:54:45.082813,0.28524105269406824,lstm
USR-000199,EVT-0030015,2026-07-08 08:56:49.357925,0.4695274286489603,lstm
USR-000082,EVT-0030016,2026-07-08 08:57:00.108067,0.565346346112005,lstm
USR-000153,EVT-0030017,2026-07-08 08:57:37.619955,0.43003045808654167,lstm
USR-000118,EVT-0030018,2026-07-08 08:58:58.852160,0.33668870649671545,lstm
USR-000093,EVT-0030019,2026-07-08 09:00:32.106062,0.3510067746212855,lstm
USR-000155,EVT-0030020,2026-07-08 09:00:42.779747,0.35499594200856094,lstm
USR-000168,EVT-0030021,2026-07-08 09:01:32.343471,0.21836446114112154,lstm
USR-000013,EVT-0030022,2026-07-08 09:01:48.971243,0.48620994014218993,lstm
SVC-000046,EVT-0030023,2026-07-08 09:02:11.549328,0.33694994140211115,lstm
SVC-000046,EVT-0030024,2026-07-08 09:03:28.646202,0.78809140804635,lstm
SVC-000024,EVT-0030025,2026-07-08 09:03:44.624983,0.2886827261078574,lstm
USR-000083,EVT-0030026,2026-07-08 09:06:25.414079,0.7444007130554999,lstm
SVC-000013,EVT-0030027,2026-07-08 09:06:30.602576,0.9982868772220563,lstm
SVC-000024,EVT-0030028,2026-07-08 09:07:17.162237,0.6469156297918602,lstm
USR-000082,EVT-0030029,2026-07-08 09:09:42.061171,0.39453965089977905,lstm
SVC-000044,EVT-0030030,2026-07-08 09:09:55.038739,1.0,lstm
SVC-000044,EVT-0030031,2026-07-08 09:10:07.094610,0.9999999998509728,lstm
SVC-000044,EVT-0030032,2026-07-08 09:10:13.865565,0.9999999953027114,lstm
SVC-000044,EVT-0030033,2026-07-08 09:10:18.632427,0.9999999977279903,lstm
SVC-000044,EVT-0030034,2026-07-08 09:10:27.600061,0.9999999989911252,lstm
SVC-000044,EVT-0030035,2026-07-08 09:10:34.942562,0.9999999534094952,lstm
SVC-000044,EVT-0030036,2026-07-08 09:10:43.887509,0.9999976814477556,lstm
DEV-000013,EVT-0030037,2026-07-08 09:10:53.876835,0.5444553552472731,lstm
SVC-000044,EVT-0030038,2026-07-08 09:10:56.208193,0.9999426412267031,lstm
SVC-000044,EVT-0030039,2026-07-08 09:11:02.206982,0.9998176793460128,lstm
SVC-000044,EVT-0030040,2026-07-08 09:11:12.835893,0.9980571165361698,lstm
SVC-000044,EVT-0030041,2026-07-08 09:11:18.291970,0.9832265600888804,lstm
SVC-000044,EVT-0030042,2026-07-08 09:11:31.967823,0.9448342645149436,lstm
SVC-000044,EVT-0030043,2026-07-08 09:11:35.225140,0.8877913057228461,lstm
SVC-000031,EVT-0030044,2026-07-08 09:11:36.839354,0.44256311396492903,lstm
SVC-000044,EVT-0030045,2026-07-08 09:11:43.166404,0.7519506490391181,lstm
SVC-000044,EVT-0030046,2026-07-08 09:11:46.207701,0.8005295593179305,lstm
DEV-000017,EVT-0030047,2026-07-08 09:11:49.552063,0.4246458057124535,lstm
SVC-000044,EVT-0030048,2026-07-08 09:11:51.954991,0.4973432412493862,lstm
SVC-000044,EVT-0030049,2026-07-08 09:11:55.888417,0.4869602226828952,lstm
SVC-000044,EVT-0030050,2026-07-08 09:12:04.175254,0.5713261118630873,lstm
SVC-000044,EVT-0030051,2026-07-08 09:12:16.418362,0.5065721432167419,lstm
SVC-000044,EVT-0030052,2026-07-08 09:12:17.743751,0.6730360982011953,lstm
SVC-000044,EVT-0030053,2026-07-08 09:12:25.264239,0.5557674562958282,lstm
USR-000054,EVT-0030054,2026-07-08 09:12:27.130631,0.8477969271171129,lstm
SVC-000044,EVT-0030055,2026-07-08 09:12:33.794031,0.3523260698714726,lstm
SVC-000044,EVT-0030056,2026-07-08 09:12:38.283801,0.5159622290430584,lstm
SVC-000044,EVT-0030057,2026-07-08 09:12:46.358805,0.5717086474420187,lstm
SVC-000044,EVT-0030058,2026-07-08 09:12:48.145797,0.54473421936166,lstm
SVC-000044,EVT-0030059,2026-07-08 09:13:00.177131,0.604899961924357,lstm
SVC-000044,EVT-0030060,2026-07-08 09:13:11.380564,0.45677333500722284,lstm
SVC-000044,EVT-0030061,2026-07-08 09:13:17.441533,0.49394941262299563,lstm
SVC-000044,EVT-0030062,2026-07-08 09:13:23.096339,0.6799894633485933,lstm
USR-000058,EVT-0030063,2026-07-08 09:16:26.068129,0.3450647764914699,lstm
DEV-000002,EVT-0030064,2026-07-08 09:17:28.691366,0.4367070844585439,lstm
SVC-000024,EVT-0030065,2026-07-08 09:17:30.627675,0.4846155624214605,lstm
USR-000153,EVT-0030066,2026-07-08 09:17:56.313093,0.353793058893079,lstm
SVC-000024,EVT-0030067,2026-07-08 09:18:30.563635,0.6253514554371294,lstm
USR-000090,EVT-0030068,2026-07-08 09:19:39.678552,0.4180625003889552,lstm
USR-000153,EVT-0030069,2026-07-08 09:20:32.782792,0.5300083244966887,lstm
USR-000036,EVT-0030070,2026-07-08 09:20:41.273094,0.30853157915211643,lstm
USR-000023,EVT-0030071,2026-07-08 09:22:32.268948,0.4567801707486691,lstm
SVC-000024,EVT-0030072,2026-07-08 09:23:00.745750,0.31203681465857735,lstm
SVC-000013,EVT-0030073,2026-07-08 09:23:36.059124,0.45862226895741665,lstm
SVC-000011,EVT-0030074,2026-07-08 09:23:59.539335,0.3735300972099833,lstm
USR-000153,EVT-0030075,2026-07-08 09:26:10.719839,0.4313428043332076,lstm
USR-000010,EVT-0030076,2026-07-08 09:27:12.261987,0.4988931377032054,lstm
SVC-000013,EVT-0030077,2026-07-08 09:27:19.044318,0.5347396850025999,lstm
SVC-000046,EVT-0030078,2026-07-08 09:27:52.647648,0.6033970966811272,lstm
SVC-000008,EVT-0030079,2026-07-08 09:31:48.147577,0.9914234262543324,lstm
USR-000031,EVT-0030080,2026-07-08 09:32:08.955748,0.2712645778103419,lstm
SVC-000024,EVT-0030081,2026-07-08 09:33:03.302955,0.35401579055850124,lstm
USR-000019,EVT-0030082,2026-07-08 09:34:30.059522,0.26212733288218254,lstm
USR-000204,EVT-0030083,2026-07-08 09:35:14.445533,0.8271922951759191,lstm
SVC-000008,EVT-0030084,2026-07-08 09:36:02.034211,0.8239407162983345,lstm
SVC-000024,EVT-0030085,2026-07-08 09:37:28.983530,0.30771211788590264,lstm
SVC-000001,EVT-0030086,2026-07-08 09:40:25.986134,0.9689790593007878,lstm
SVC-000013,EVT-0030087,2026-07-08 09:40:41.477594,0.4633509260320667,lstm
USR-000112,EVT-0030088,2026-07-08 09:40:43.154058,0.931771096760612,lstm
SVC-000008,EVT-0030089,2026-07-08 09:41:41.952696,0.7322548611250135,lstm
USR-000013,EVT-0030090,2026-07-08 09:42:47.807201,0.36511364623441744,lstm
USR-000057,EVT-0030091,2026-07-08 09:43:36.726337,0.5695690826763117,lstm
SVC-000042,EVT-0030092,2026-07-08 09:43:40.559715,0.30393841705443125,lstm
SVC-000042,EVT-0030093,2026-07-08 09:43:51.935968,0.5259900576683464,lstm
SVC-000042,EVT-0030094,2026-07-08 09:44:17.598306,0.5119614967088767,lstm
SVC-000051,EVT-0030095,2026-07-08 09:44:35.385691,0.450425926229928,lstm
SVC-000042,EVT-0030096,2026-07-08 09:45:35.473634,0.315910335711103,lstm
SVC-000021,EVT-0030097,2026-07-08 09:50:13.208132,0.9900282415946082,lstm
USR-000139,EVT-0030098,2026-07-08 09:51:29.633994,0.6401393879870942,lstm
SVC-000016,EVT-0030099,2026-07-08 09:51:54.733381,0.9427055969049833,lstm
SVC-000024,EVT-0030100,2026-07-08 09:51:58.997099,0.41681958527895846,lstm
USR-000076,EVT-0030101,2026-07-08 09:56:51.840279,0.5245814059842967,lstm
SVC-000013,EVT-0030102,2026-07-08 09:58:12.512060,0.4450072326623102,lstm
SVC-000042,EVT-0030103,2026-07-08 09:59:35.567189,0.23640514933100168,lstm
USR-000060,EVT-0030104,2026-07-08 09:59:38.989042,0.3290801056385028,lstm
USR-000053,EVT-0030105,2026-07-08 09:59:49.006102,0.7342484090669659,lstm
SVC-000042,EVT-0030106,2026-07-08 10:00:37.540684,0.3103132167268564,lstm
USR-000090,EVT-0030107,2026-07-08 10:01:31.610384,0.26161766079969334,lstm
USR-000204,EVT-0030108,2026-07-08 10:01:42.598303,0.600077898837077,lstm
SVC-000053,EVT-0030109,2026-07-08 10:01:50.730303,0.6435315392379498,lstm
SVC-000042,EVT-0030110,2026-07-08 10:01:57.841950,0.2788970296123522,lstm
USR-000036,EVT-0030111,2026-07-08 10:02:00.752441,0.4130488651633285,lstm
SVC-000039,EVT-0030112,2026-07-08 10:02:30.853519,0.6338992716097842,lstm
SVC-000053,EVT-0030113,2026-07-08 10:02:56.919592,0.8446380862643137,lstm
SVC-000042,EVT-0030114,2026-07-08 10:03:40.229715,0.33013964961967485,lstm
SVC-000024,EVT-0030115,2026-07-08 10:03:41.466967,0.38354814587917996,lstm
SVC-000013,EVT-0030116,2026-07-08 10:05:06.819860,0.44253262369453616,lstm
USR-000184,EVT-0030117,2026-07-08 10:06:08.160179,0.9187384713740527,lstm
USR-000013,EVT-0030118,2026-07-08 10:06:14.353511,0.3587104732834615,lstm
USR-000157,EVT-0030119,2026-07-08 10:07:51.071082,0.3466595449055695,lstm
USR-000102,EVT-0030120,2026-07-08 10:08:42.236417,0.22042411477357518,lstm
SVC-000013,EVT-0030121,2026-07-08 10:08:57.593924,0.694298870744208,lstm
SVC-000042,EVT-0030122,2026-07-08 10:10:02.759665,0.21682956509405632,lstm
SVC-000039,EVT-0030123,2026-07-08 10:10:02.827593,0.3575223094277368,lstm
DEV-000006,EVT-0030124,2026-07-08 10:11:17.305406,0.6408241911502521,lstm
USR-000090,EVT-0030125,2026-07-08 10:11:50.643876,0.40670680112612373,lstm
SVC-000024,EVT-0030126,2026-07-08 10:12:00.620425,0.2780517453801691,lstm
USR-000026,EVT-0030127,2026-07-08 10:12:08.554329,0.556797459434305,lstm
SVC-000024,EVT-0030128,2026-07-08 10:12:26.063865,0.49813635326722006,lstm
USR-000158,EVT-0030129,2026-07-08 10:12:47.461466,0.38718348094294613,lstm
SVC-000053,EVT-0030130,2026-07-08 10:13:41.518799,0.768708466493886,lstm
USR-000006,EVT-0030131,2026-07-08 10:13:44.084269,0.5488380746267555,lstm
SVC-000013,EVT-0030132,2026-07-08 10:14:05.455612,0.537630298091695,lstm
USR-000184,EVT-0030133,2026-07-08 10:15:29.492883,0.7676096429516569,lstm
SVC-000042,EVT-0030134,2026-07-08 10:15:43.144751,0.21085804226071822,lstm
USR-000208,EVT-0030135,2026-07-08 10:15:47.308551,0.7747633005724747,lstm
SVC-000016,EVT-0030136,2026-07-08 10:16:18.095880,0.2794110142662018,lstm
SVC-000013,EVT-0030137,2026-07-08 10:16:20.141510,0.693424043866775,lstm
USR-000118,EVT-0030138,2026-07-08 10:17:02.173163,0.32676150964062534,lstm
DEV-000006,EVT-0030139,2026-07-08 10:17:07.515303,0.7178595396852561,lstm
USR-000102,EVT-0030140,2026-07-08 10:17:29.168014,0.42986067493360386,lstm
USR-000148,EVT-0030141,2026-07-08 10:17:57.593575,0.6305399360469227,lstm
USR-000063,EVT-0030142,2026-07-08 10:18:02.478920,0.49939196318859963,lstm
USR-000191,EVT-0030143,2026-07-08 10:18:09.815749,0.3250704826244008,lstm
USR-000058,EVT-0030144,2026-07-08 10:18:36.155040,0.36810203892694615,lstm
USR-000194,EVT-0030145,2026-07-08 10:18:47.732095,0.7679619418571877,lstm
USR-000092,EVT-0030146,2026-07-08 10:19:02.467259,0.6867088600763231,lstm
SVC-000024,EVT-0030147,2026-07-08 10:19:33.078135,0.2760644142330681,lstm
USR-000081,EVT-0030148,2026-07-08 10:20:19.017481,0.5546941907851535,lstm
SVC-000001,EVT-0030149,2026-07-08 10:21:58.273125,0.4743706434048803,lstm
SVC-000042,EVT-0030150,2026-07-08 10:22:06.266242,0.19393914571001222,lstm
USR-000133,EVT-0030151,2026-07-08 10:22:12.787575,0.6941212128887808,lstm
SVC-000053,EVT-0030152,2026-07-08 10:22:22.347031,0.5903332748013453,lstm
SVC-000013,EVT-0030153,2026-07-08 10:22:54.840825,0.8159391373154141,lstm
SVC-000050,EVT-0030154,2026-07-08 10:23:10.391225,0.9718957567894813,lstm
SVC-000013,EVT-0030155,2026-07-08 10:23:19.098403,0.7803005177570678,lstm
USR-000142,EVT-0030156,2026-07-08 10:25:40.680184,0.359324989664324,lstm
USR-000126,EVT-0030157,2026-07-08 10:26:37.730366,0.5899429863454436,lstm
USR-000154,EVT-0030158,2026-07-08 10:27:15.459615,0.6245862059653258,lstm
SVC-000008,EVT-0030159,2026-07-08 10:28:24.793730,0.5817793577215743,lstm
USR-000031,EVT-0030160,2026-07-08 10:30:22.502639,0.8302938011623184,lstm
SVC-000053,EVT-0030161,2026-07-08 10:30:58.750168,0.44642589244055736,lstm
USR-000206,EVT-0030162,2026-07-08 10:31:01.638659,0.2765617813489971,lstm
USR-000146,EVT-0030163,2026-07-08 10:33:25.821620,0.9656061124973878,lstm
USR-000142,EVT-0030164,2026-07-08 10:33:26.500773,0.5578383181171767,lstm
USR-000013,EVT-0030165,2026-07-08 10:33:45.581928,0.5179387151599203,lstm
USR-000026,EVT-0030166,2026-07-08 10:34:22.448202,0.39480699140923325,lstm
USR-000175,EVT-0030167,2026-07-08 10:35:10.485080,0.7271705881016719,lstm
USR-000110,EVT-0030168,2026-07-08 10:36:19.994264,0.7122909423863004,lstm
USR-000060,EVT-0030169,2026-07-08 10:36:41.220212,0.2354138435795145,lstm
USR-000021,EVT-0030170,2026-07-08 10:36:56.850583,0.5513689634738254,lstm
SVC-000039,EVT-0030171,2026-07-08 10:37:14.964336,0.2481682888487204,lstm
USR-000030,EVT-0030172,2026-07-08 10:37:29.581846,0.6673700291597177,lstm
USR-000076,EVT-0030173,2026-07-08 10:38:32.589033,0.41454124531995257,lstm
USR-000059,EVT-0030174,2026-07-08 10:39:11.668855,0.24444341775062306,lstm
USR-000194,EVT-0030175,2026-07-08 10:39:17.765999,0.4155148358388636,lstm
USR-000053,EVT-0030176,2026-07-08 10:39:19.351964,0.5078531149617778,lstm
SVC-000021,EVT-0030177,2026-07-08 10:39:30.419667,0.5424164424272842,lstm
USR-000112,EVT-0030178,2026-07-08 10:40:16.969995,0.7036786437814813,lstm
DEV-000022,EVT-0030179,2026-07-08 10:40:43.987174,0.5205284167781571,lstm
SVC-000042,EVT-0030180,2026-07-08 10:41:05.153890,0.2362685101392861,lstm
USR-000102,EVT-0030181,2026-07-08 10:41:48.371474,0.3082679924603121,lstm
USR-000194,EVT-0030182,2026-07-08 10:41:53.721566,0.5540363361154252,lstm
USR-000033,EVT-0030183,2026-07-08 10:41:57.420721,0.5501205855123135,lstm
USR-000069,EVT-0030184,2026-07-08 10:41:58.090545,0.590013492661101,lstm
USR-000133,EVT-0030185,2026-07-08 10:42:17.716066,0.3323661509136183,lstm
USR-000121,EVT-0030186,2026-07-08 10:42:38.128583,0.5620624634785473,lstm
USR-000190,EVT-0030187,2026-07-08 10:42:51.096302,0.6611466748680839,lstm
USR-000090,EVT-0030188,2026-07-08 10:43:02.657956,0.3897410730996294,lstm
DEV-000001,EVT-0030189,2026-07-08 10:43:10.186175,0.6101137249042284,lstm
SVC-000013,EVT-0030190,2026-07-08 10:43:48.579977,0.5863902954163128,lstm
USR-000067,EVT-0030191,2026-07-08 10:44:15.611747,0.6654544565145822,lstm
DEV-000009,EVT-0030192,2026-07-08 10:44:27.722087,0.4177480271327172,lstm
USR-000021,EVT-0030193,2026-07-08 10:44:56.729638,0.45268689278719415,lstm
USR-000213,EVT-0030194,2026-07-08 10:47:45.722162,0.9112688326469882,lstm
USR-000026,EVT-0030195,2026-07-08 10:47:46.593988,0.43845378814258673,lstm
USR-000006,EVT-0030196,2026-07-08 10:48:05.476702,0.3224866122955524,lstm
USR-000144,EVT-0030197,2026-07-08 10:48:47.410253,0.6447347807807164,lstm
SVC-000008,EVT-0030198,2026-07-08 10:48:54.249609,0.4957033082595415,lstm
SVC-000053,EVT-0030199,2026-07-08 10:49:28.215411,0.35942946015531596,lstm
USR-000006,EVT-0030200,2026-07-08 10:49:59.828191,0.5676063786659841,lstm
USR-000153,EVT-0030201,2026-07-08 10:50:00.632705,0.3072667103808715,lstm
USR-000062,EVT-0030202,2026-07-08 10:51:25.371076,0.4939534515314546,lstm
USR-000174,EVT-0030203,2026-07-08 10:52:23.682974,0.6082621042889774,lstm
USR-000024,EVT-0030204,2026-07-08 10:53:23.401040,0.6269109992714802,lstm
USR-000087,EVT-0030205,2026-07-08 10:53:37.375560,0.7026651447103295,lstm
USR-000151,EVT-0030206,2026-07-08 10:54:45.720792,0.5506651974486624,lstm
SVC-000050,EVT-0030207,2026-07-08 10:56:42.681431,0.4068086815959516,lstm
USR-000103,EVT-0030208,2026-07-08 10:56:42.767046,0.2608925877366993,lstm
USR-000148,EVT-0030209,2026-07-08 10:56:50.837266,0.5933480190398724,lstm
USR-000007,EVT-0030210,2026-07-08 10:57:02.852872,0.5184611278140216,lstm
USR-000132,EVT-0030211,2026-07-08 10:57:03.963052,0.9894039657189612,lstm
SVC-000008,EVT-0030212,2026-07-08 10:58:26.163333,0.846952671498887,lstm
SVC-000013,EVT-0030213,2026-07-08 10:58:35.303944,0.3856019798740085,lstm
SVC-000053,EVT-0030214,2026-07-08 10:59:32.862590,0.5870169155900535,lstm
SVC-000008,EVT-0030215,2026-07-08 11:01:13.249649,0.6059287638030779,lstm
SVC-000008,EVT-0030216,2026-07-08 11:03:40.846949,0.6895014198959037,lstm
SVC-000008,EVT-0030217,2026-07-08 11:04:02.340506,0.7252589736183784,lstm
SVC-000042,EVT-0030218,2026-07-08 11:05:24.358990,0.3033129226276171,lstm
USR-000060,EVT-0030219,2026-07-08 11:06:19.979866,0.2610006854090437,lstm
SVC-000008,EVT-0030220,2026-07-08 11:07:23.750558,0.5715673068569266,lstm
USR-000153,EVT-0030221,2026-07-08 11:08:28.735196,0.46439782383292266,lstm
USR-000085,EVT-0030222,2026-07-08 11:09:07.177676,0.4697301868528041,lstm
SVC-000001,EVT-0030223,2026-07-08 11:09:42.429839,0.31434227955651567,lstm
USR-000178,EVT-0030224,2026-07-08 11:10:11.200395,0.3433897452977333,lstm
DEV-000012,EVT-0030225,2026-07-08 11:10:55.109366,0.635476007986866,lstm
USR-000203,EVT-0030226,2026-07-08 11:11:44.709345,0.31877491994452595,lstm
USR-000060,EVT-0030227,2026-07-08 11:12:32.908660,0.37848382522669866,lstm
SVC-000053,EVT-0030228,2026-07-08 11:12:48.910301,0.45070334622752095,lstm
USR-000136,EVT-0030229,2026-07-08 11:15:08.539368,0.8291753682986575,lstm
USR-000015,EVT-0030230,2026-07-08 11:15:12.790822,0.6830936762763938,lstm
SVC-000008,EVT-0030231,2026-07-08 11:15:26.669494,0.4601704975832442,lstm
USR-000158,EVT-0030232,2026-07-08 11:15:59.369509,0.4124340540561419,lstm
USR-000048,EVT-0030233,2026-07-08 11:19:28.366642,0.9141590351834912,lstm
USR-000115,EVT-0030234,2026-07-08 11:19:45.110653,0.7297023931338898,lstm
SVC-000008,EVT-0030235,2026-07-08 11:20:15.548559,0.44088939179024633,lstm
USR-000023,EVT-0030236,2026-07-08 11:20:28.560505,0.24254234066178662,lstm
SVC-000013,EVT-0030237,2026-07-08 11:20:56.097733,0.4626198807836083,lstm
DEV-000009,EVT-0030238,2026-07-08 11:21:09.462456,0.2758697317992587,lstm
SVC-000008,EVT-0030239,2026-07-08 11:21:27.760262,0.6149746798764095,lstm
USR-000030,EVT-0030240,2026-07-08 11:21:32.866134,0.46860464510731353,lstm
USR-000194,EVT-0030241,2026-07-08 11:22:43.356508,0.31726915531797617,lstm
DEV-000006,EVT-0030242,2026-07-08 11:23:23.942752,0.32566847751620787,lstm
USR-000048,EVT-0030243,2026-07-08 11:24:12.512521,0.6851848282553223,lstm
USR-000024,EVT-0030244,2026-07-08 11:24:28.850000,0.25788842516672905,lstm
USR-000111,EVT-0030245,2026-07-08 11:25:21.093117,0.2953673835158475,lstm
SVC-000050,EVT-0030246,2026-07-08 11:26:01.533506,0.31706451883825854,lstm
SVC-000001,EVT-0030247,2026-07-08 11:26:21.665384,0.4020168507479785,lstm
SVC-000021,EVT-0030248,2026-07-08 11:27:32.007243,0.8742236307691533,lstm
USR-000171,EVT-0030249,2026-07-08 11:28:22.641910,0.43733854958019575,lstm
USR-000024,EVT-0030250,2026-07-08 11:28:49.541430,0.3537510129314908,lstm
SVC-000050,EVT-0030251,2026-07-08 11:29:07.884452,0.8382722217152276,lstm
SVC-000042,EVT-0030252,2026-07-08 11:29:12.965592,0.31764935459067595,lstm
USR-000020,EVT-0030253,2026-07-08 11:31:03.602283,0.5840429596148619,lstm
DEV-000017,EVT-0030254,2026-07-08 11:31:44.176731,0.5299625479404355,lstm
SVC-000008,EVT-0030255,2026-07-08 11:32:05.380572,0.4182872593185184,lstm
USR-000082,EVT-0030256,2026-07-08 11:32:48.760640,0.3008766090906146,lstm
USR-000079,EVT-0030257,2026-07-08 11:34:41.689583,0.8068210633815875,lstm
USR-000208,EVT-0030258,2026-07-08 11:36:10.326200,0.6012463328531722,lstm
USR-000061,EVT-0030259,2026-07-08 11:36:32.387966,0.6182508988638508,lstm
SVC-000021,EVT-0030260,2026-07-08 11:37:02.770823,0.49342548610669323,lstm
DEV-000023,EVT-0030261,2026-07-08 11:38:14.969377,0.321842677261011,lstm
USR-000129,EVT-0030262,2026-07-08 11:38:56.223619,0.386562326303671,lstm
SVC-000008,EVT-0030263,2026-07-08 11:39:29.222375,0.49927254010030947,lstm
USR-000060,EVT-0030264,2026-07-08 11:39:57.805694,0.24370092157331213,lstm
SVC-000053,EVT-0030265,2026-07-08 11:40:56.053926,0.5343678012096252,lstm
SVC-000013,EVT-0030266,2026-07-08 11:41:33.749998,0.5010886788818252,lstm
SVC-000016,EVT-0030267,2026-07-08 11:43:51.926758,0.7753341735955968,lstm
USR-000023,EVT-0030268,2026-07-08 11:44:47.980199,0.3889677741202708,lstm
USR-000120,EVT-0030269,2026-07-08 11:45:08.343085,0.5586387369882437,lstm
USR-000006,EVT-0030270,2026-07-08 11:45:28.667917,0.25257476391440953,lstm
SVC-000053,EVT-0030271,2026-07-08 11:45:42.471614,0.5615277570915184,lstm
USR-000053,EVT-0030272,2026-07-08 11:45:43.136056,0.39887088538730786,lstm
USR-000022,EVT-0030273,2026-07-08 11:46:08.288848,0.20104328581746006,lstm
USR-000006,EVT-0030274,2026-07-08 11:47:15.500009,0.5438261423301756,lstm
USR-000115,EVT-0030275,2026-07-08 11:47:56.992812,0.4358367098597975,lstm
USR-000006,EVT-0030276,2026-07-08 11:48:18.105724,0.8732250155144606,lstm
DEV-000023,EVT-0030277,2026-07-08 11:49:45.049112,0.5189946595041568,lstm
SVC-000021,EVT-0030278,2026-07-08 11:50:20.085128,0.6798563639423789,lstm
USR-000099,EVT-0030279,2026-07-08 11:51:59.547337,0.7325285140871474,lstm
USR-000129,EVT-0030280,2026-07-08 11:53:19.810133,0.3995157499074705,lstm
USR-000006,EVT-0030281,2026-07-08 11:53:58.200198,0.42046445995839044,lstm
SVC-000039,EVT-0030282,2026-07-08 11:54:11.355598,0.5433228571514339,lstm
SVC-000050,EVT-0030283,2026-07-08 11:55:30.689213,0.2668277957101739,lstm
USR-000130,EVT-0030284,2026-07-08 11:56:50.391855,0.3874157347886011,lstm
DEV-000010,EVT-0030285,2026-07-08 11:56:55.624685,0.3110217169615175,lstm
USR-000058,EVT-0030286,2026-07-08 11:58:05.975478,0.24908792466365243,lstm
USR-000110,EVT-0030287,2026-07-08 11:58:16.702674,0.5980184889815071,lstm
DEV-000026,EVT-0030288,2026-07-08 11:58:46.185199,0.5466905873135626,lstm
USR-000178,EVT-0030289,2026-07-08 11:59:46.540006,0.36303266878707535,lstm
USR-000036,EVT-0030290,2026-07-08 12:00:08.716833,0.45180596571690396,lstm
USR-000206,EVT-0030291,2026-07-08 12:00:39.425631,0.269295824171775,lstm
USR-000060,EVT-0030292,2026-07-08 12:02:05.356776,0.26093596510802364,lstm
USR-000015,EVT-0030293,2026-07-08 12:03:28.030265,0.5151898193369239,lstm
USR-000052,EVT-0030294,2026-07-08 12:03:42.097867,0.9856254213119088,lstm
USR-000194,EVT-0030295,2026-07-08 12:05:23.863917,0.31885177588663466,lstm
SVC-000021,EVT-0030296,2026-07-08 12:07:16.796128,0.5016946719217784,lstm
USR-000066,EVT-0030297,2026-07-08 12:10:57.964395,0.7794476113877993,lstm
USR-000200,EVT-0030298,2026-07-08 12:11:35.637745,0.6945423468721724,lstm
USR-000195,EVT-0030299,2026-07-08 12:12:11.378579,0.5883468053601337,lstm
USR-000190,EVT-0030300,2026-07-08 12:14:37.685066,0.6144277921325758,lstm
USR-000026,EVT-0030301,2026-07-08 12:15:17.115481,0.35694477508349287,lstm
USR-000054,EVT-0030302,2026-07-08 12:16:02.001769,0.4631497099471586,lstm
USR-000138,EVT-0030303,2026-07-08 12:16:04.042595,0.6899274101458092,lstm
USR-000188,EVT-0030304,2026-07-08 12:18:12.448783,0.7488244202050645,lstm
USR-000058,EVT-0030305,2026-07-08 12:19:49.709761,0.7029740343574055,lstm
USR-000062,EVT-0030306,2026-07-08 12:20:12.587253,0.2691776928401929,lstm
DEV-000010,EVT-0030307,2026-07-08 12:20:27.847668,0.511882350202129,lstm
USR-000076,EVT-0030308,2026-07-08 12:20:33.056935,0.42441243272609863,lstm
USR-000091,EVT-0030309,2026-07-08 12:22:26.870998,0.45240025760425556,lstm
USR-000175,EVT-0030310,2026-07-08 12:22:27.518102,0.5903561614198296,lstm
SVC-000043,EVT-0030311,2026-07-08 12:22:48.903784,0.9165107223294993,lstm
USR-000171,EVT-0030312,2026-07-08 12:23:52.436775,0.5048132190550301,lstm
SVC-000017,EVT-0030313,2026-07-08 12:27:32.257081,0.9943463329541404,lstm
USR-000097,EVT-0030314,2026-07-08 12:27:33.859193,0.6667141636136391,lstm
USR-000148,EVT-0030315,2026-07-08 12:28:21.408919,0.24798803642058725,lstm
USR-000203,EVT-0030316,2026-07-08 12:29:13.993788,0.32693386843006617,lstm
DEV-000022,EVT-0030317,2026-07-08 12:29:26.238438,0.18969984116472877,lstm
USR-000208,EVT-0030318,2026-07-08 12:30:33.816112,0.49041327375541316,lstm
DEV-000023,EVT-0030319,2026-07-08 12:32:47.038856,0.4695065651678572,lstm
SVC-000021,EVT-0030320,2026-07-08 12:32:50.949318,0.9217785079684746,lstm
USR-000153,EVT-0030321,2026-07-08 12:33:42.891985,0.42345732839687783,lstm
SVC-000034,EVT-0030322,2026-07-08 12:34:21.446702,0.8951574256063055,lstm
USR-000070,EVT-0030323,2026-07-08 12:34:22.906521,0.6626947026872015,lstm
USR-000120,EVT-0030324,2026-07-08 12:34:57.905530,0.2768047385344503,lstm
USR-000110,EVT-0030325,2026-07-08 12:35:36.955514,0.944302479379587,lstm
DEV-000004,EVT-0030326,2026-07-08 12:42:44.355837,0.35502178387245625,lstm
SVC-000001,EVT-0030327,2026-07-08 12:43:08.208976,0.3143699084824997,lstm
SVC-000021,EVT-0030328,2026-07-08 12:43:57.620041,0.5363730992730581,lstm
USR-000175,EVT-0030329,2026-07-08 12:46:18.249378,0.7775142114287452,lstm
SVC-000050,EVT-0030330,2026-07-08 12:46:44.499036,0.3535972928810883,lstm
SVC-000017,EVT-0030331,2026-07-08 12:47:32.038099,0.5712664066920721,lstm
USR-000128,EVT-0030332,2026-07-08 12:47:35.188035,0.7470575388909589,lstm
SVC-000050,EVT-0030333,2026-07-08 12:48:43.921892,0.5534324825247231,lstm
USR-000033,EVT-0030334,2026-07-08 12:50:57.447466,0.26776619493845394,lstm
USR-000017,EVT-0030335,2026-07-08 12:51:10.998166,0.5970408288347333,lstm
SVC-000033,EVT-0030336,2026-07-08 12:51:30.133197,0.9908151792719891,lstm
USR-000033,EVT-0030337,2026-07-08 12:51:36.014516,0.7054873957233521,lstm
USR-000023,EVT-0030338,2026-07-08 12:52:09.622634,0.33417474892233223,lstm
USR-000208,EVT-0030339,2026-07-08 12:52:10.436762,0.9508076417227266,lstm
USR-000111,EVT-0030340,2026-07-08 12:52:41.406682,0.21537437586832453,lstm
USR-000004,EVT-0030341,2026-07-08 12:53:31.328713,0.5802010336917568,lstm
USR-000057,EVT-0030342,2026-07-08 12:53:54.213858,0.36033391039294627,lstm
SVC-000039,EVT-0030343,2026-07-08 12:55:37.912426,0.6099608586611399,lstm
SVC-000008,EVT-0030344,2026-07-08 12:55:42.621612,0.9028047670660796,lstm
USR-000022,EVT-0030345,2026-07-08 12:56:39.216396,0.37280077263411066,lstm
SVC-000008,EVT-0030346,2026-07-08 12:57:49.981757,0.9317137793943493,lstm
USR-000171,EVT-0030347,2026-07-08 12:58:22.134877,0.48118327802130634,lstm
SVC-000001,EVT-0030348,2026-07-08 12:58:56.886633,0.2640163057033493,lstm
SVC-000021,EVT-0030349,2026-07-08 13:00:14.718442,0.5408288910880636,lstm
USR-000154,EVT-0030350,2026-07-08 13:01:13.879820,0.44525174103900994,lstm
USR-000019,EVT-0030351,2026-07-08 13:01:31.252612,0.44980326132889853,lstm
USR-000035,EVT-0030352,2026-07-08 13:02:25.880653,0.6873707903671012,lstm
USR-000200,EVT-0030353,2026-07-08 13:03:18.348151,0.5519714749494358,lstm
USR-000035,EVT-0030354,2026-07-08 13:04:20.603424,0.8231662065888601,lstm
USR-000154,EVT-0030355,2026-07-08 13:04:21.941909,0.6349195574168365,lstm
SVC-000017,EVT-0030356,2026-07-08 13:05:27.223394,0.5770051810313465,lstm
SVC-000053,EVT-0030357,2026-07-08 13:05:32.766970,0.9412454895606459,lstm
SVC-000034,EVT-0030358,2026-07-08 13:05:35.363248,0.3945085070842788,lstm
USR-000073,EVT-0030359,2026-07-08 13:07:39.908249,0.46132144573340444,lstm
USR-000208,EVT-0030360,2026-07-08 13:08:30.307411,0.6005289681752952,lstm
SVC-000001,EVT-0030361,2026-07-08 13:09:00.174875,0.36562240922783024,lstm
SVC-000001,EVT-0030362,2026-07-08 13:09:08.928644,0.7231793707148241,lstm
SVC-000034,EVT-0030363,2026-07-08 13:10:16.792953,0.4585889333247414,lstm
USR-000194,EVT-0030364,2026-07-08 13:10:26.042605,0.2451415800562669,lstm
DEV-000015,EVT-0030365,2026-07-08 13:10:58.955185,0.7925938412064314,lstm
SVC-000001,EVT-0030366,2026-07-08 13:11:26.476965,0.3902873922449285,lstm
USR-000024,EVT-0030367,2026-07-08 13:12:07.866107,0.2084451863453968,lstm
USR-000097,EVT-0030368,2026-07-08 13:12:26.222599,0.6030302590339248,lstm
DEV-000013,EVT-0030369,2026-07-08 13:13:36.065296,0.36822250540307305,lstm
USR-000132,EVT-0030370,2026-07-08 13:14:38.645903,0.8842628675037277,lstm
SVC-000050,EVT-0030371,2026-07-08 13:17:09.556654,0.3037312380067244,lstm
DEV-000009,EVT-0030372,2026-07-08 13:18:23.193288,0.26354310943833764,lstm
DEV-000018,EVT-0030373,2026-07-08 13:19:02.097153,0.38167119834684676,lstm
USR-000130,EVT-0030374,2026-07-08 13:21:36.327161,0.44593401429657675,lstm
SVC-000043,EVT-0030375,2026-07-08 13:22:06.648409,0.28905395460255656,lstm
USR-000178,EVT-0030376,2026-07-08 13:22:35.080322,0.22468222384116276,lstm
USR-000139,EVT-0030377,2026-07-08 13:26:11.856075,0.3083581168693188,lstm
USR-000053,EVT-0030378,2026-07-08 13:27:43.482751,0.21917300300977932,lstm
SVC-000017,EVT-0030379,2026-07-08 13:27:49.313531,0.4498970354661678,lstm
USR-000023,EVT-0030380,2026-07-08 13:28:22.735701,0.315266120031052,lstm
USR-000197,EVT-0030381,2026-07-08 13:29:04.965680,0.7973101815817749,lstm
DEV-000006,EVT-0030382,2026-07-08 13:29:07.790952,0.4035905348644871,lstm
USR-000030,EVT-0030383,2026-07-08 13:29:33.476052,0.39163804838787497,lstm
USR-000144,EVT-0030384,2026-07-08 13:30:34.880811,0.26590032414172027,lstm
USR-000202,EVT-0030385,2026-07-08 13:31:08.342170,0.34266468037963266,lstm
USR-000208,EVT-0030386,2026-07-08 13:31:54.699375,0.925711611996552,lstm
SVC-000012,EVT-0030387,2026-07-08 13:32:38.161007,0.9860327137281415,lstm
SVC-000043,EVT-0030388,2026-07-08 13:33:31.157211,0.3047309252228251,lstm
USR-000065,EVT-0030389,2026-07-08 13:33:41.539494,0.784542092962323,lstm
USR-000021,EVT-0030390,2026-07-08 13:35:15.939249,0.275117957677206,lstm
USR-000052,EVT-0030391,2026-07-08 13:35:29.445371,0.39838929295763614,lstm
SVC-000021,EVT-0030392,2026-07-08 13:36:32.815792,0.5704013027985418,lstm
USR-000125,EVT-0030393,2026-07-08 13:36:54.848601,0.7389572065173611,lstm
USR-000154,EVT-0030394,2026-07-08 13:40:28.017045,0.507649032406216,lstm
USR-000065,EVT-0030395,2026-07-08 13:41:38.378569,0.7348632348988241,lstm
USR-000128,EVT-0030396,2026-07-08 13:41:45.426236,0.6816983975640601,lstm
SVC-000043,EVT-0030397,2026-07-08 13:42:43.201053,0.28840013784174884,lstm
USR-000085,EVT-0030398,2026-07-08 13:45:24.813097,0.47610422590610707,lstm
USR-000120,EVT-0030399,2026-07-08 13:46:17.377604,0.3144180936650756,lstm
USR-000138,EVT-0030400,2026-07-08 13:47:33.077053,0.3074051676856152,lstm
SVC-000022,EVT-0030401,2026-07-08 13:48:13.999643,0.9265460903336757,lstm
SVC-000043,EVT-0030402,2026-07-08 13:48:43.659187,0.35029257034575917,lstm
SVC-000043,EVT-0030403,2026-07-08 13:49:00.581594,0.7360730301909622,lstm
SVC-000050,EVT-0030404,2026-07-08 13:49:38.648021,0.41639605372372035,lstm
USR-000048,EVT-0030405,2026-07-08 13:50:02.718260,0.5302453279029028,lstm
DEV-000005,EVT-0030406,2026-07-08 13:50:21.858440,0.690134784319937,lstm
SVC-000050,EVT-0030407,2026-07-08 13:50:38.078070,0.6732903487540024,lstm
USR-000200,EVT-0030408,2026-07-08 13:50:49.502797,0.7398628508513057,lstm
SVC-000049,EVT-0030409,2026-07-08 13:52:00.510556,0.9146659168948577,lstm
SVC-000001,EVT-0030410,2026-07-08 13:54:52.871277,0.34295566232334207,lstm
SVC-000050,EVT-0030411,2026-07-08 13:58:26.725501,0.40692244304901043,lstm
USR-000133,EVT-0030412,2026-07-08 14:00:13.536480,0.5621915856932319,lstm
SVC-000017,EVT-0030413,2026-07-08 14:00:23.219520,0.6362741829133577,lstm
SVC-000034,EVT-0030414,2026-07-08 14:00:39.820740,0.2868108639104612,lstm
USR-000184,EVT-0030415,2026-07-08 14:01:32.435526,0.26666135375663896,lstm
SVC-000001,EVT-0030416,2026-07-08 14:01:51.245297,0.4378476796016443,lstm
SVC-000028,EVT-0030417,2026-07-08 14:02:35.347933,0.9711579586743492,lstm
DEV-000018,EVT-0030418,2026-07-08 14:03:30.966621,0.48334127344277167,lstm
SVC-000028,EVT-0030419,2026-07-08 14:04:01.075064,0.8246629295733405,lstm
SVC-000050,EVT-0030420,2026-07-08 14:04:25.692925,0.42476365304515046,lstm
USR-000061,EVT-0030421,2026-07-08 14:06:30.270513,0.40444807023497603,lstm
USR-000144,EVT-0030422,2026-07-08 14:07:16.141628,0.19227790205246545,lstm
USR-000037,EVT-0030423,2026-07-08 14:10:12.969008,0.7143925067497068,lstm
SVC-000008,EVT-0030424,2026-07-08 14:11:02.610361,0.8316979503856381,lstm
SVC-000017,EVT-0030425,2026-07-08 14:11:36.837991,0.8029207625990243,lstm
USR-000024,EVT-0030426,2026-07-08 14:11:38.548760,0.26245675413068587,lstm
SVC-000026,EVT-0030427,2026-07-08 14:13:11.857927,0.9931617454926233,lstm
USR-000184,EVT-0030428,2026-07-08 14:14:35.279643,0.5266014056894123,lstm
SVC-000008,EVT-0030429,2026-07-08 14:16:01.103839,0.6559952889730579,lstm
USR-000171,EVT-0030430,2026-07-08 14:16:04.765290,0.5665742006601808,lstm
USR-000036,EVT-0030431,2026-07-08 14:16:42.367211,0.7162536325994783,lstm
DEV-000025,EVT-0030432,2026-07-08 14:17:52.798118,0.48357432898774827,lstm
SVC-000017,EVT-0030433,2026-07-08 14:19:02.265262,0.7782546691030663,lstm
SVC-000022,EVT-0030434,2026-07-08 14:19:16.105269,0.3680939337169887,lstm
SVC-000001,EVT-0030435,2026-07-08 14:19:24.856520,0.37310098809317244,lstm
USR-000148,EVT-0030436,2026-07-08 14:19:31.031937,0.2453607528125103,lstm
DEV-000016,EVT-0030437,2026-07-08 14:19:46.991938,0.4271315763375036,lstm
USR-000117,EVT-0030438,2026-07-08 14:22:36.375217,0.7512172463631758,lstm
SVC-000012,EVT-0030439,2026-07-08 14:22:49.447228,0.49685325797431756,lstm
USR-000206,EVT-0030440,2026-07-08 14:26:24.080223,0.40793110081861506,lstm
USR-000184,EVT-0030441,2026-07-08 14:28:36.707269,0.4796063998968033,lstm
USR-000079,EVT-0030442,2026-07-08 14:29:13.023888,0.35700125394449517,lstm
SVC-000022,EVT-0030443,2026-07-08 14:29:18.738657,0.42986467925523597,lstm
SVC-000017,EVT-0030444,2026-07-08 14:29:36.677486,0.7112653868260331,lstm
USR-000053,EVT-0030445,2026-07-08 14:30:02.731850,0.3738982340920428,lstm
USR-000202,EVT-0030446,2026-07-08 14:31:12.932059,0.3329477493813661,lstm
USR-000055,EVT-0030447,2026-07-08 14:32:48.162433,0.3660830441498039,baseline_fallback
SVC-000012,EVT-0030448,2026-07-08 14:33:06.358156,0.44520956689198066,lstm
DEV-000024,EVT-0030449,2026-07-08 14:35:20.746434,0.5203036827276689,lstm
USR-000200,EVT-0030450,2026-07-08 14:35:36.946509,0.695413428197844,lstm
USR-000118,EVT-0030451,2026-07-08 14:37:41.380209,0.432264003581866,lstm
USR-000037,EVT-0030452,2026-07-08 14:37:56.742802,0.3871289000062688,lstm
SVC-000017,EVT-0030453,2026-07-08 14:39:01.309467,0.7708232596486616,lstm
USR-000196,EVT-0030454,2026-07-08 14:41:00.097722,0.2668266953649942,lstm
USR-000027,EVT-0030455,2026-07-08 14:41:48.122259,0.78948201754488,lstm
USR-000024,EVT-0030456,2026-07-08 14:43:05.025099,0.25888924146653325,lstm
SVC-000017,EVT-0030457,2026-07-08 14:44:27.594876,0.5499467189216393,lstm
SVC-000012,EVT-0030458,2026-07-08 14:44:46.566686,0.4972817059263807,lstm
USR-000136,EVT-0030459,2026-07-08 14:45:01.300474,0.44081355558590435,lstm
USR-000004,EVT-0030460,2026-07-08 14:45:10.767922,0.4603523631377451,lstm
SVC-000010,EVT-0030461,2026-07-08 14:45:29.219916,0.9938248467949409,lstm
SVC-000022,EVT-0030462,2026-07-08 14:47:09.348906,0.28729971134325155,lstm
USR-000203,EVT-0030463,2026-07-08 14:47:57.383797,0.34230398458402783,lstm
DEV-000026,EVT-0030464,2026-07-08 14:48:04.821419,0.33663049492628294,lstm
SVC-000017,EVT-0030465,2026-07-08 14:48:12.041774,0.5271948192331278,lstm
USR-000061,EVT-0030466,2026-07-08 14:48:49.164328,0.3488838328542137,lstm
SVC-000010,EVT-0030467,2026-07-08 14:48:59.209622,0.7966441148393799,lstm
USR-000056,EVT-0030468,2026-07-08 14:49:36.446731,0.34424968986900434,lstm
USR-000081,EVT-0030469,2026-07-08 14:50:44.442300,0.4329755599338565,lstm
DEV-000011,EVT-0030470,2026-07-08 14:50:55.690168,0.36067376948509905,lstm
SVC-000050,EVT-0030471,2026-07-08 14:52:01.629367,0.5539270518437501,lstm
DEV-000004,EVT-0030472,2026-07-08 14:53:22.128957,0.1865216006047399,lstm
USR-000140,EVT-0030473,2026-07-08 14:54:52.499976,0.6262372469992175,lstm
USR-000035,EVT-0030474,2026-07-08 14:56:43.191479,0.29352780807726114,lstm
SVC-000022,EVT-0030475,2026-07-08 14:56:44.027850,0.33601311743406403,lstm
USR-000130,EVT-0030476,2026-07-08 14:57:53.081177,0.4080906313820411,lstm
USR-000126,EVT-0030477,2026-07-08 14:58:09.250194,0.36492172597811,lstm
USR-000017,EVT-0030478,2026-07-08 14:59:13.172247,0.3229635806138463,lstm
USR-000136,EVT-0030479,2026-07-08 14:59:41.906883,0.40166651217191807,lstm
SVC-000036,EVT-0030480,2026-07-08 15:01:06.432318,0.9951372322231047,lstm
SVC-000001,EVT-0030481,2026-07-08 15:01:08.246378,0.7830678907849091,lstm
SVC-000017,EVT-0030482,2026-07-08 15:01:27.189645,0.7060866637922125,lstm
SVC-000017,EVT-0030483,2026-07-08 15:01:30.585096,0.9658001067684536,lstm
USR-000196,EVT-0030484,2026-07-08 15:01:46.614153,0.2803100733703097,lstm
USR-000018,EVT-0030485,2026-07-08 15:02:23.980929,0.7272431333584481,lstm
USR-000004,EVT-0030486,2026-07-08 15:03:20.581813,0.3899884125470086,lstm
USR-000160,EVT-0030487,2026-07-08 15:04:15.633752,0.39839662538069376,lstm
USR-000129,EVT-0030488,2026-07-08 15:05:13.346334,0.42494704803414246,lstm
SVC-000036,EVT-0030489,2026-07-08 15:05:19.391483,0.6285188526117658,lstm
USR-000144,EVT-0030490,2026-07-08 15:05:36.968352,0.3823187293229064,lstm
SVC-000033,EVT-0030491,2026-07-08 15:06:46.643519,0.5729483841735499,lstm
SVC-000017,EVT-0030492,2026-07-08 15:07:06.640554,0.7460283614931045,lstm
USR-000085,EVT-0030493,2026-07-08 15:07:15.678826,0.5304633861636351,lstm
USR-000197,EVT-0030494,2026-07-08 15:07:30.392245,0.5249223391704678,lstm
SVC-000017,EVT-0030495,2026-07-08 15:07:49.449402,0.8007066469865249,lstm
USR-000130,EVT-0030496,2026-07-08 15:12:44.073872,0.5424904012176345,lstm
SVC-000036,EVT-0030497,2026-07-08 15:13:03.987897,0.902600496073916,lstm
SVC-000036,EVT-0030498,2026-07-08 15:14:33.290228,0.43689487120670567,lstm
USR-000099,EVT-0030499,2026-07-08 15:15:16.511700,0.9373376528651793,lstm
USR-000061,EVT-0030500,2026-07-08 15:15:47.810263,0.309978929800458,lstm
DEV-000012,EVT-0030501,2026-07-08 15:16:31.082496,0.44822743759301376,lstm
USR-000017,EVT-0030502,2026-07-08 15:19:24.275571,0.42850768202469286,lstm
USR-000206,EVT-0030503,2026-07-08 15:21:03.437696,0.36498210353798816,lstm
USR-000126,EVT-0030504,2026-07-08 15:25:16.860045,0.33480316150047756,lstm
SVC-000036,EVT-0030505,2026-07-08 15:26:19.311528,0.3588335511656855,lstm
USR-000202,EVT-0030506,2026-07-08 15:26:56.087868,0.328339064750704,lstm
USR-000121,EVT-0030507,2026-07-08 15:27:30.952694,0.5058811263876462,lstm
DEV-000003,EVT-0030508,2026-07-08 15:28:12.471988,0.5156401305396277,lstm
DEV-000018,EVT-0030509,2026-07-08 15:29:53.395749,0.27392246332893105,lstm
USR-000017,EVT-0030510,2026-07-08 15:30:10.300081,0.33813107506400686,lstm
SVC-000028,EVT-0030511,2026-07-08 15:31:12.631302,0.44375527682984967,lstm
USR-000208,EVT-0030512,2026-07-08 15:31:21.775742,0.39631708182482456,lstm
SVC-000036,EVT-0030513,2026-07-08 15:34:16.617213,0.3382129476686833,lstm
SVC-000028,EVT-0030514,2026-07-08 15:35:27.096550,0.8712803844468627,lstm
USR-000002,EVT-0030515,2026-07-08 15:35:48.068434,0.7565025360746813,lstm
SVC-000017,EVT-0030516,2026-07-08 15:36:26.254750,0.7345463322858465,lstm
SVC-000012,EVT-0030517,2026-07-08 15:37:12.447858,0.36808259323061276,lstm
USR-000192,EVT-0030518,2026-07-08 15:39:09.649304,0.37179542887743583,lstm
USR-000139,EVT-0030519,2026-07-08 15:39:20.151863,0.475114949733021,lstm
USR-000192,EVT-0030520,2026-07-08 15:40:40.079086,0.6105489545535211,lstm
DEV-000020,EVT-0030521,2026-07-08 15:40:47.105126,0.7369364092833879,lstm
USR-000092,EVT-0030522,2026-07-08 15:40:53.442746,0.3786007618373934,lstm
SVC-000049,EVT-0030523,2026-07-08 15:42:33.013264,0.4477433342393314,lstm
USR-000017,EVT-0030524,2026-07-08 15:42:40.819965,0.5074703172969223,lstm
USR-000108,EVT-0030525,2026-07-08 15:43:07.858422,0.5404072082090892,lstm
DEV-000001,EVT-0030526,2026-07-08 15:44:45.742244,0.279354227505691,lstm
USR-000126,EVT-0030527,2026-07-08 15:44:55.798474,0.8920901410828704,lstm
SVC-000012,EVT-0030528,2026-07-08 15:45:55.122164,0.4500422775433573,lstm
SVC-000036,EVT-0030529,2026-07-08 15:47:00.806324,0.3418342745697303,lstm
USR-000198,EVT-0030530,2026-07-08 15:47:23.691738,0.44670485217255956,lstm
USR-000138,EVT-0030531,2026-07-08 15:48:45.093388,0.5061324749529704,lstm
SVC-000023,EVT-0030532,2026-07-08 15:50:33.456962,0.9747628603155775,lstm
SVC-000028,EVT-0030533,2026-07-08 15:51:09.273773,0.40205146137962866,lstm
SVC-000028,EVT-0030534,2026-07-08 15:51:59.807675,0.7138021710094593,lstm
SVC-000036,EVT-0030535,2026-07-08 15:52:12.913710,0.3271555046043622,lstm
USR-000126,EVT-0030536,2026-07-08 15:54:33.402947,0.38420198569331576,lstm
SVC-000036,EVT-0030537,2026-07-08 15:54:54.864001,0.3954777929421774,lstm
SVC-000036,EVT-0030538,2026-07-08 15:56:57.520964,0.7412470561930888,lstm
USR-000128,EVT-0030539,2026-07-08 15:57:46.724043,0.349562887076945,lstm
SVC-000036,EVT-0030540,2026-07-08 15:59:24.775061,0.6062110328726348,lstm
DEV-000008,EVT-0030541,2026-07-08 15:59:28.136390,0.5135224008725431,lstm
SVC-000001,EVT-0030542,2026-07-08 15:59:45.596012,0.5839894079478086,lstm
SVC-000036,EVT-0030543,2026-07-08 16:00:58.398889,0.3708641362065791,lstm
SVC-000028,EVT-0030544,2026-07-08 16:01:27.272374,0.4456906226998537,lstm
SVC-000033,EVT-0030545,2026-07-08 16:01:36.934374,0.39603872182778044,lstm
USR-000081,EVT-0030546,2026-07-08 16:01:55.382625,0.4408658177973029,lstm
USR-000062,EVT-0030547,2026-07-08 16:02:08.447934,0.405588685539035,lstm
SVC-000036,EVT-0030548,2026-07-08 16:03:13.815696,0.6717279001843979,lstm
USR-000025,EVT-0030549,2026-07-08 16:03:32.587838,0.8025072496950365,lstm
DEV-000023,EVT-0030550,2026-07-08 16:05:43.509873,0.6374766908429286,lstm
SVC-000038,EVT-0030551,2026-07-08 16:05:55.192812,0.9566645675006914,lstm
SVC-000036,EVT-0030552,2026-07-08 16:06:45.708367,0.6465832234331413,lstm
SVC-000029,EVT-0030553,2026-07-08 16:06:57.499113,0.9831142564926547,lstm
USR-000183,EVT-0030554,2026-07-08 16:08:21.350275,0.7337568112553083,lstm
USR-000107,EVT-0030555,2026-07-08 16:09:11.370291,0.983959122231787,lstm
SVC-000010,EVT-0030556,2026-07-08 16:09:36.464121,0.4743933312993052,lstm
USR-000126,EVT-0030557,2026-07-08 16:10:05.739929,0.42167167574035463,lstm
SVC-000026,EVT-0030558,2026-07-08 16:10:50.897243,0.5835006950235744,lstm
USR-000065,EVT-0030559,2026-07-08 16:11:16.813180,0.6237805496051879,lstm
SVC-000010,EVT-0030560,2026-07-08 16:12:12.978099,0.5918867030634702,lstm
SVC-000010,EVT-0030561,2026-07-08 16:12:25.703825,0.7729327513261377,lstm
DEV-000003,EVT-0030562,2026-07-08 16:12:41.725219,0.4913905509718456,lstm
SVC-000049,EVT-0030563,2026-07-08 16:12:48.371038,0.3529484251854996,lstm
USR-000199,EVT-0030564,2026-07-08 16:12:56.470823,0.6403419361387768,lstm
USR-000066,EVT-0030565,2026-07-08 16:13:13.047474,0.668371693517674,lstm
SVC-000026,EVT-0030566,2026-07-08 16:13:49.687702,0.6109587160340687,lstm
SVC-000036,EVT-0030567,2026-07-08 16:14:25.889925,0.6630159394714162,lstm
USR-000027,EVT-0030568,2026-07-08 16:15:02.560802,0.518552129980378,lstm
SVC-000038,EVT-0030569,2026-07-08 16:17:16.953908,0.8071567094326452,lstm
SVC-000049,EVT-0030570,2026-07-08 16:17:28.670605,0.7413855107629486,lstm
USR-000018,EVT-0030571,2026-07-08 16:17:46.353178,0.5596452899346361,lstm
USR-000174,EVT-0030572,2026-07-08 16:18:35.442196,0.2788538663899251,lstm
USR-000146,EVT-0030573,2026-07-08 16:18:46.332305,0.44517069978138935,lstm
USR-000057,EVT-0030574,2026-07-08 16:18:56.819985,0.2925411354926685,lstm
USR-000208,EVT-0030575,2026-07-08 16:19:00.333820,0.44366697664449867,lstm
USR-000182,EVT-0030576,2026-07-08 16:19:17.133394,0.7654046984782287,lstm
SVC-000026,EVT-0030577,2026-07-08 16:19:21.751640,0.38715120397375924,lstm
USR-000144,EVT-0030578,2026-07-08 16:19:58.309598,0.3628906181627633,lstm
USR-000073,EVT-0030579,2026-07-08 16:21:16.018886,0.3590782543265875,lstm
USR-000184,EVT-0030580,2026-07-08 16:21:23.609109,0.3858683941213654,lstm
USR-000092,EVT-0030581,2026-07-08 16:21:27.266590,0.25579330852190657,lstm
SVC-000029,EVT-0030582,2026-07-08 16:21:53.259726,0.38177521009180365,lstm
SVC-000010,EVT-0030583,2026-07-08 16:25:24.016995,0.41592483583274187,lstm
SVC-000033,EVT-0030584,2026-07-08 16:25:34.990642,0.8238270961762444,lstm
SVC-000026,EVT-0030585,2026-07-08 16:25:36.398347,0.3474440373677718,lstm
USR-000056,EVT-0030586,2026-07-08 16:27:10.782746,0.2675075799223258,lstm
USR-000092,EVT-0030587,2026-07-08 16:30:08.474305,0.4883598426029485,lstm
USR-000138,EVT-0030588,2026-07-08 16:31:23.506201,0.6260709253050523,lstm
SVC-000028,EVT-0030589,2026-07-08 16:31:29.623587,0.3891213328096061,lstm
USR-000148,EVT-0030590,2026-07-08 16:31:48.293609,0.45967652164937045,lstm
SVC-000029,EVT-0030591,2026-07-08 16:32:06.927736,0.42221570378171613,lstm
DEV-000009,EVT-0030592,2026-07-08 16:32:45.775817,0.49322592938133103,lstm
SVC-000036,EVT-0030593,2026-07-08 16:33:14.773676,0.4455157746791255,lstm
USR-000017,EVT-0030594,2026-07-08 16:34:21.395942,0.2971174714744146,lstm
DEV-000010,EVT-0030595,2026-07-08 16:38:09.416572,0.2902277235959527,lstm
USR-000146,EVT-0030596,2026-07-08 16:39:26.482167,0.518003789463323,lstm
USR-000017,EVT-0030597,2026-07-08 16:40:21.236088,0.4613286062331148,lstm
USR-000152,EVT-0030598,2026-07-08 16:40:55.381775,0.7191826318173972,lstm
SVC-000033,EVT-0030599,2026-07-08 16:41:05.056670,0.33753024711020463,lstm
SVC-000049,EVT-0030600,2026-07-08 16:41:08.898541,0.4319829996446751,lstm
USR-000111,EVT-0030601,2026-07-08 16:41:44.148316,0.5863073491312746,lstm
SVC-000038,EVT-0030602,2026-07-08 16:43:57.403315,0.39712001136443087,lstm
SVC-000026,EVT-0030603,2026-07-08 16:44:30.112869,0.2982336150746274,lstm
USR-000110,EVT-0030604,2026-07-08 16:45:29.311858,0.4355748753685435,lstm
USR-000036,EVT-0030605,2026-07-08 16:46:47.591117,0.8337327882292574,lstm
SVC-000029,EVT-0030606,2026-07-08 16:47:20.162028,0.6085560779695246,lstm
USR-000138,EVT-0030607,2026-07-08 16:47:58.021309,0.6644957792063763,lstm
SVC-000010,EVT-0030608,2026-07-08 16:48:06.530656,0.7470779463782348,lstm
DEV-000002,EVT-0030609,2026-07-08 16:48:45.664744,0.6409260306883033,lstm
SVC-000038,EVT-0030610,2026-07-08 16:48:58.802481,0.6189540364162792,lstm
SVC-000023,EVT-0030611,2026-07-08 16:49:38.387125,0.49951639115175445,lstm
SVC-000026,EVT-0030612,2026-07-08 16:51:50.357090,0.5430532829915703,lstm
SVC-000038,EVT-0030613,2026-07-08 16:53:02.874635,0.8812100571324235,lstm
SVC-000036,EVT-0030614,2026-07-08 16:54:01.608840,0.7196401777736122,lstm
SVC-000026,EVT-0030615,2026-07-08 16:55:27.750508,0.47648734204407484,lstm
USR-000121,EVT-0030616,2026-07-08 16:55:31.797468,0.5033174902541249,lstm
USR-000195,EVT-0030617,2026-07-08 16:55:38.240953,0.41340144558255065,lstm
SVC-000023,EVT-0030618,2026-07-08 16:56:21.192032,0.5415823382741699,lstm
USR-000126,EVT-0030619,2026-07-08 16:57:02.336022,0.2826064826595791,lstm
SVC-000010,EVT-0030620,2026-07-08 16:57:30.279182,0.34593582485897334,lstm
USR-000121,EVT-0030621,2026-07-08 16:57:32.944700,0.686490242126316,lstm
SVC-000010,EVT-0030622,2026-07-08 16:57:52.697824,0.5411313449676005,lstm
SVC-000023,EVT-0030623,2026-07-08 16:58:57.420608,0.567358353147216,lstm
SVC-000010,EVT-0030624,2026-07-08 16:59:47.859607,0.43487101548350016,lstm
DEV-000001,EVT-0030625,2026-07-08 17:00:10.921735,0.25711224694123147,lstm
USR-000083,EVT-0030626,2026-07-08 17:01:57.622067,0.5371546336123679,lstm
USR-000002,EVT-0030627,2026-07-08 17:02:32.317542,0.44165856286543786,lstm
SVC-000038,EVT-0030628,2026-07-08 17:03:32.972328,0.7113480991850764,lstm
DEV-000014,EVT-0030629,2026-07-08 17:05:18.661232,0.5630582113824248,lstm
DEV-000026,EVT-0030630,2026-07-08 17:05:53.201452,0.3237349092973505,lstm
SVC-000026,EVT-0030631,2026-07-08 17:06:31.357904,0.3021860856781196,lstm
USR-000097,EVT-0030632,2026-07-08 17:06:42.835159,0.9404700745415547,lstm
DEV-000001,EVT-0030633,2026-07-08 17:07:10.278493,0.5022768161809946,lstm
USR-000070,EVT-0030634,2026-07-08 17:07:56.327924,0.5825892708642746,lstm
USR-000117,EVT-0030635,2026-07-08 17:09:01.634119,0.4623250423674619,lstm
DEV-000006,EVT-0030636,2026-07-08 17:10:25.063333,0.5257246169679055,lstm
USR-000063,EVT-0030637,2026-07-08 17:15:05.037349,0.6413347785063955,lstm
USR-000097,EVT-0030638,2026-07-08 17:15:44.358736,0.5276035764989084,lstm
USR-000092,EVT-0030639,2026-07-08 17:17:29.938164,0.2698243449785365,lstm
SVC-000010,EVT-0030640,2026-07-08 17:17:44.548303,0.33160427010229027,lstm
USR-000107,EVT-0030641,2026-07-08 17:20:02.470816,0.6662227368604409,lstm
SVC-000026,EVT-0030642,2026-07-08 17:22:32.766000,0.37906105375911003,lstm
SVC-000026,EVT-0030643,2026-07-08 17:24:41.767643,0.4246467733834699,lstm
DEV-000012,EVT-0030644,2026-07-08 17:29:35.533296,0.3266937579302319,lstm
SVC-000033,EVT-0030645,2026-07-08 17:30:10.950626,0.32867900367490943,lstm
SVC-000023,EVT-0030646,2026-07-08 17:31:09.081430,0.28744656723226086,lstm
DEV-000001,EVT-0030647,2026-07-08 17:31:41.255914,0.1710943665395463,lstm
USR-000211,EVT-0030648,2026-07-08 17:31:50.567482,0.6561909105046285,lstm
SVC-000036,EVT-0030649,2026-07-08 17:37:14.289262,0.9607255871889763,lstm
SVC-000010,EVT-0030650,2026-07-08 17:38:06.347044,0.43207965412452115,lstm
SVC-000049,EVT-0030651,2026-07-08 17:40:17.435060,0.4334058084527128,lstm
USR-000146,EVT-0030652,2026-07-08 17:41:51.648006,0.41799153517360416,lstm
SVC-000005,EVT-0030653,2026-07-08 17:45:53.862971,0.9453821110211709,lstm
USR-000184,EVT-0030654,2026-07-08 17:46:07.954226,0.4315752124748506,lstm
SVC-000037,EVT-0030655,2026-07-08 17:47:52.478708,0.9463837079782058,lstm
USR-000037,EVT-0030656,2026-07-08 17:50:51.840095,0.30834490327250413,lstm
USR-000202,EVT-0030657,2026-07-08 17:57:48.319520,0.5784931709245631,lstm
USR-000110,EVT-0030658,2026-07-08 17:58:34.008315,0.49852258469352256,lstm
SVC-000004,EVT-0030659,2026-07-08 18:00:59.256994,0.9957719855759073,lstm
USR-000146,EVT-0030660,2026-07-08 18:03:32.185315,0.5958438546880874,lstm
SVC-000044,EVT-0030661,2026-07-08 18:04:42.767409,0.9999999999998004,lstm
USR-000052,EVT-0030662,2026-07-08 18:09:46.000020,0.4278104099003917,lstm
SVC-000033,EVT-0030663,2026-07-08 18:10:07.569300,0.4518177355551001,lstm
DEV-000006,EVT-0030664,2026-07-08 18:10:19.315156,0.3897716354157635,lstm
USR-000018,EVT-0030665,2026-07-08 18:10:22.953019,0.7680232558394416,lstm
DEV-000009,EVT-0030666,2026-07-08 18:12:57.141851,0.4872199593141337,lstm
SVC-000044,EVT-0030667,2026-07-08 18:13:10.083695,0.9999999955872825,lstm
DEV-000021,EVT-0030668,2026-07-08 18:17:23.022704,0.7532862011558613,lstm
SVC-000023,EVT-0030669,2026-07-08 18:18:35.473282,0.2817709401015761,lstm
DEV-000025,EVT-0030670,2026-07-08 18:19:00.377147,0.4123506687286613,lstm
USR-000002,EVT-0030671,2026-07-08 18:20:49.606209,0.3976676707948663,lstm
USR-000192,EVT-0030672,2026-07-08 18:22:05.414086,0.3460444971299645,lstm
SVC-000044,EVT-0030673,2026-07-08 18:25:15.436921,0.9999999364372985,lstm
SVC-000004,EVT-0030674,2026-07-08 18:31:34.844654,0.47734972408645143,lstm
SVC-000033,EVT-0030675,2026-07-08 18:33:48.033448,0.3302947146980229,lstm
DEV-000016,EVT-0030676,2026-07-08 18:33:56.065804,0.47395764304574023,lstm
USR-000055,EVT-0030677,2026-07-08 18:34:11.263769,0.9999884809920966,lstm
SVC-000052,EVT-0030678,2026-07-08 18:35:11.660873,0.9952300135773872,lstm
SVC-000010,EVT-0030679,2026-07-08 18:37:49.362826,0.644041950748059,lstm
SVC-000037,EVT-0030680,2026-07-08 18:38:57.264620,0.4146033898871494,lstm
SVC-000023,EVT-0030681,2026-07-08 18:40:24.470057,0.29860430317443987,lstm
SVC-000044,EVT-0030682,2026-07-08 18:40:35.168083,0.9999990175252305,lstm
SVC-000004,EVT-0030683,2026-07-08 18:41:18.270298,0.2680173278731726,lstm
SVC-000023,EVT-0030684,2026-07-08 18:42:07.332302,0.6508852344780321,lstm
USR-000100,EVT-0030685,2026-07-08 18:44:20.355590,0.7891542501962011,lstm
SVC-000037,EVT-0030686,2026-07-08 18:45:12.225967,0.9320446348342402,lstm
DEV-000018,EVT-0030687,2026-07-08 18:49:02.920176,0.3142255701067816,lstm
SVC-000037,EVT-0030688,2026-07-08 18:49:03.851085,0.9524238184146478,lstm
DEV-000019,EVT-0030689,2026-07-08 18:49:49.010805,0.42255947619723233,lstm
SVC-000004,EVT-0030690,2026-07-08 18:52:28.375898,0.38338796215642046,lstm
SVC-000023,EVT-0030691,2026-07-08 18:53:03.473867,0.372376512199491,lstm
SVC-000023,EVT-0030692,2026-07-08 18:54:23.677574,0.7074938781663209,lstm
USR-000152,EVT-0030693,2026-07-08 18:55:59.694600,0.3315726154245369,lstm
SVC-000048,EVT-0030694,2026-07-08 18:56:45.634503,0.9937522731272158,lstm
SVC-000005,EVT-0030695,2026-07-08 18:57:27.272952,0.5085829525741553,lstm
SVC-000023,EVT-0030696,2026-07-08 18:57:45.840925,0.86339107037525,lstm
USR-000198,EVT-0030697,2026-07-08 18:57:47.959886,0.3207988340654558,lstm
USR-000198,EVT-0030698,2026-07-08 18:57:54.489060,0.7132177923825015,lstm
SVC-000049,EVT-0030699,2026-07-08 18:59:11.667332,0.5833704590698902,lstm
SVC-000010,EVT-0030700,2026-07-08 19:01:09.798449,0.41590962561567146,lstm
DEV-000024,EVT-0030701,2026-07-08 19:01:49.084842,0.6243148892096473,lstm
DEV-000012,EVT-0030702,2026-07-08 19:02:44.835209,0.39105169452023425,lstm
USR-000062,EVT-0030703,2026-07-08 19:03:13.692068,0.5285008076102803,lstm
SVC-000044,EVT-0030704,2026-07-08 19:03:54.389202,0.9999892426105904,lstm
SVC-000057,EVT-0030705,2026-07-08 19:09:39.998257,0.9709670707532018,lstm
DEV-000019,EVT-0030706,2026-07-08 19:11:33.031785,0.3848592315613205,lstm
SVC-000037,EVT-0030707,2026-07-08 19:13:37.841717,0.38318950189299955,lstm
USR-000037,EVT-0030708,2026-07-08 19:16:47.765985,0.4520781134741551,lstm
USR-000079,EVT-0030709,2026-07-08 19:17:31.320381,0.634646633735384,lstm
SVC-000010,EVT-0030710,2026-07-08 19:20:16.161933,0.4390493346882738,lstm
SVC-000052,EVT-0030711,2026-07-08 19:20:39.912731,0.3978040655405806,lstm
SVC-000004,EVT-0030712,2026-07-08 19:20:49.653876,0.2522494223994412,lstm
SVC-000004,EVT-0030713,2026-07-08 19:22:47.778598,0.35286882893824806,lstm
SVC-000057,EVT-0030714,2026-07-08 19:24:54.462190,0.3919549292773296,lstm
SVC-000057,EVT-0030715,2026-07-08 19:30:29.051009,0.45109076559741856,lstm
SVC-000060,EVT-0030716,2026-07-08 19:33:03.402533,0.7384694518077506,lstm
SVC-000023,EVT-0030717,2026-07-08 19:35:02.806463,0.38590978964697586,lstm
SVC-000057,EVT-0030718,2026-07-08 19:37:47.650208,0.5279627822134991,lstm
DEV-000009,EVT-0030719,2026-07-08 19:43:17.328570,0.4096613343946839,lstm
DEV-000018,EVT-0030720,2026-07-08 19:45:12.381059,0.43089899025600936,lstm
USR-000149,EVT-0030721,2026-07-08 19:45:46.705719,0.7113232061661247,lstm
USR-000002,EVT-0030722,2026-07-08 19:46:53.542621,0.7635846140778574,lstm
DEV-000004,EVT-0030723,2026-07-08 19:47:36.720118,0.5264820242473243,lstm
SVC-000004,EVT-0030724,2026-07-08 19:47:47.680637,0.32627818348927673,lstm
SVC-000004,EVT-0030725,2026-07-08 19:51:30.660184,0.5238544003079596,lstm
USR-000109,EVT-0030726,2026-07-08 19:53:24.184543,0.6240769788475707,lstm
USR-000088,EVT-0030727,2026-07-08 19:53:54.826152,0.37621867122131875,lstm
USR-000106,EVT-0030728,2026-07-08 19:56:25.205482,0.8150239795514752,lstm
SVC-000048,EVT-0030729,2026-07-08 19:57:43.669491,0.3512604547436064,lstm
DEV-000002,EVT-0030730,2026-07-08 20:02:13.422398,0.43020131392070965,lstm
SVC-000052,EVT-0030731,2026-07-08 20:05:28.344464,0.4252491121466975,lstm
USR-000053,EVT-0030732,2026-07-08 20:06:03.896142,0.7348277462463062,lstm
SVC-000044,EVT-0030733,2026-07-08 20:06:50.325053,0.9999853226479666,lstm
DEV-000011,EVT-0030734,2026-07-08 20:06:53.573119,0.34078179184277546,lstm
SVC-000023,EVT-0030735,2026-07-08 20:09:03.853947,0.5230449768557903,lstm
SVC-000048,EVT-0030736,2026-07-08 20:13:34.934453,0.3357500359356382,lstm
SVC-000048,EVT-0030737,2026-07-08 20:14:10.007211,0.7119638597883982,lstm
SVC-000023,EVT-0030738,2026-07-08 20:17:02.274982,0.45062938412373604,lstm
DEV-000025,EVT-0030739,2026-07-08 20:23:04.378973,0.40594734661809107,lstm
SVC-000044,EVT-0030740,2026-07-08 20:23:04.947195,0.9998992293698635,lstm
SVC-000048,EVT-0030741,2026-07-08 20:24:03.089384,0.4169038452253283,lstm
SVC-000044,EVT-0030742,2026-07-08 20:24:12.306008,0.9989085411220413,lstm
SVC-000044,EVT-0030743,2026-07-08 20:24:42.888088,0.9907440511348418,lstm
SVC-000060,EVT-0030744,2026-07-08 20:24:52.973665,0.28621785574354797,lstm
SVC-000052,EVT-0030745,2026-07-08 20:25:52.914621,0.2508722439038228,lstm
SVC-000052,EVT-0030746,2026-07-08 20:27:40.205319,0.6132664960402623,lstm
SVC-000060,EVT-0030747,2026-07-08 20:28:22.095308,0.9116785549905309,lstm
USR-000117,EVT-0030748,2026-07-08 20:32:09.571098,0.4507509255602604,lstm
SVC-000060,EVT-0030749,2026-07-08 20:33:04.667024,0.7471875282164269,lstm
DEV-000003,EVT-0030750,2026-07-08 20:33:48.940897,0.43216327309952135,lstm
SVC-000023,EVT-0030751,2026-07-08 20:34:02.077539,0.5163577868210334,lstm
USR-000097,EVT-0030752,2026-07-08 20:34:55.233462,0.5172127909879322,lstm
USR-000152,EVT-0030753,2026-07-08 20:36:45.589489,0.4683982528331536,lstm
SVC-000009,EVT-0030754,2026-07-08 20:39:58.010518,1.0,lstm
SVC-000009,EVT-0030755,2026-07-08 20:41:40.648715,0.999890130208255,lstm
SVC-000009,EVT-0030756,2026-07-08 20:43:52.406597,1.0,lstm
SVC-000009,EVT-0030757,2026-07-08 20:46:05.376366,1.0,lstm
USR-000117,EVT-0030758,2026-07-08 20:47:12.470019,0.4207566961432315,lstm
SVC-000048,EVT-0030759,2026-07-08 20:47:31.349428,0.31705887122032445,lstm
DEV-000004,EVT-0030760,2026-07-08 20:48:10.637938,0.49397714872987575,lstm
SVC-000009,EVT-0030761,2026-07-08 20:51:02.235931,0.9999999958393111,lstm
DEV-000002,EVT-0030762,2026-07-08 20:52:52.607447,0.426098063322033,lstm
SVC-000044,EVT-0030763,2026-07-08 20:53:25.111731,0.9431085656832005,lstm
SVC-000044,EVT-0030764,2026-07-08 20:53:42.769214,0.9457164189961944,lstm
SVC-000009,EVT-0030765,2026-07-08 20:54:42.974529,1.0,lstm
SVC-000044,EVT-0030766,2026-07-08 20:56:08.784603,0.6223313603170755,lstm
SVC-000009,EVT-0030767,2026-07-08 20:58:10.730185,0.999999782103399,lstm
SVC-000054,EVT-0030768,2026-07-08 21:00:56.535413,0.9961205831311062,lstm
DEV-000026,EVT-0030769,2026-07-08 21:01:04.218764,0.18169110202528913,lstm
SVC-000009,EVT-0030770,2026-07-08 21:02:51.868435,0.9999989448923753,lstm
SVC-000009,EVT-0030771,2026-07-08 21:04:19.407138,0.9999014727309614,lstm
SVC-000041,EVT-0030772,2026-07-08 21:06:54.279658,0.9878017909647635,lstm
SVC-000009,EVT-0030773,2026-07-08 21:08:46.269053,0.9997978760499797,lstm
SVC-000004,EVT-0030774,2026-07-08 21:08:47.894499,0.40120270573494027,lstm
SVC-000035,EVT-0030775,2026-07-08 21:09:54.429217,0.9741495292133301,lstm
SVC-000003,EVT-0030776,2026-07-08 21:23:22.424735,0.9994708653588384,lstm
SVC-000048,EVT-0030777,2026-07-08 21:24:13.879594,0.4131915972175368,lstm
SVC-000003,EVT-0030778,2026-07-08 21:26:03.845039,0.8428735211659948,lstm
SVC-000035,EVT-0030779,2026-07-08 21:26:07.343246,0.3615633517071385,lstm
SVC-000058,EVT-0030780,2026-07-08 21:26:42.752782,0.9960393537216669,lstm
DEV-000014,EVT-0030781,2026-07-08 21:28:40.000408,0.3295135035540233,lstm
USR-000109,EVT-0030782,2026-07-08 21:34:24.877500,0.49614540981631927,lstm
SVC-000052,EVT-0030783,2026-07-08 21:34:26.590737,0.46204325638592764,lstm
SVC-000048,EVT-0030784,2026-07-08 21:34:40.021304,0.27827235893435653,lstm
SVC-000054,EVT-0030785,2026-07-08 21:34:46.382711,0.4306657020034565,lstm
SVC-000054,EVT-0030786,2026-07-08 21:36:10.160423,0.34902225075831816,lstm
SVC-000035,EVT-0030787,2026-07-08 21:38:36.942193,0.49427798481834156,lstm
SVC-000054,EVT-0030788,2026-07-08 21:40:24.323772,0.256829029875775,lstm
SVC-000048,EVT-0030789,2026-07-08 21:44:33.561626,0.4944958009208353,lstm
SVC-000045,EVT-0030790,2026-07-08 21:44:43.307243,0.998134773750657,lstm
SVC-000058,EVT-0030791,2026-07-08 21:45:07.923009,0.3402088350076021,lstm
SVC-000054,EVT-0030792,2026-07-08 21:49:08.929065,0.3896934903291898,lstm
SVC-000045,EVT-0030793,2026-07-08 21:50:55.091086,0.34658691129203517,lstm
SVC-000058,EVT-0030794,2026-07-08 21:51:11.925262,0.3480045164270488,lstm
SVC-000045,EVT-0030795,2026-07-08 21:52:19.329685,0.9339656817222541,lstm
USR-000122,EVT-0030796,2026-07-08 21:56:24.486795,0.6159315165143996,lstm
SVC-000058,EVT-0030797,2026-07-08 21:57:29.975636,0.3234545738045984,lstm
SVC-000047,EVT-0030798,2026-07-08 22:00:01.143400,0.9847664214470514,lstm
SVC-000002,EVT-0030799,2026-07-08 22:01:46.462180,0.9981470306897494,lstm
DEV-000025,EVT-0030800,2026-07-08 22:01:54.519182,0.3623416187969991,lstm
SVC-000004,EVT-0030801,2026-07-08 22:04:18.323913,0.5045385236664257,lstm
SVC-000003,EVT-0030802,2026-07-08 22:06:03.790456,0.7601300007704993,lstm
SVC-000032,EVT-0030803,2026-07-08 22:07:01.563739,0.9517900008770472,lstm
SVC-000058,EVT-0030804,2026-07-08 22:07:39.104519,0.31981842144113,lstm
DEV-000016,EVT-0030805,2026-07-08 22:07:42.562832,0.49520390391721986,lstm
DEV-000022,EVT-0030806,2026-07-08 22:08:51.901233,0.8685489787981762,lstm
SVC-000054,EVT-0030807,2026-07-08 22:09:53.037346,0.2988349317773783,lstm
SVC-000054,EVT-0030808,2026-07-08 22:11:10.857600,0.3046872371833109,lstm
SVC-000003,EVT-0030809,2026-07-08 22:17:55.915783,0.6556559736157788,lstm
SVC-000003,EVT-0030810,2026-07-08 22:20:45.239509,0.704665790672543,lstm
SVC-000003,EVT-0030811,2026-07-08 22:22:41.033129,0.5699416920025302,lstm
SVC-000002,EVT-0030812,2026-07-08 22:23:25.657426,0.45979384842667964,lstm
SVC-000058,EVT-0030813,2026-07-08 22:26:06.643275,0.36128950915633606,lstm
SVC-000047,EVT-0030814,2026-07-08 22:27:33.076663,0.26432376317993145,lstm
DEV-000017,EVT-0030815,2026-07-08 22:28:24.198570,0.6568146406021076,lstm
SVC-000032,EVT-0030816,2026-07-08 22:28:45.894799,0.29083862313098474,lstm
SVC-000032,EVT-0030817,2026-07-08 22:29:37.915023,0.6158787068276866,lstm
SVC-000002,EVT-0030818,2026-07-08 22:31:06.968823,0.3875988108688602,lstm
SVC-000002,EVT-0030819,2026-07-08 22:32:14.783204,0.45992205566672406,lstm
SVC-000045,EVT-0030820,2026-07-08 22:32:50.224253,0.3511666820667629,lstm
USR-000150,EVT-0030821,2026-07-08 22:33:02.859881,0.3994219917829202,lstm
SVC-000025,EVT-0030822,2026-07-08 22:33:26.943645,0.9700857011913121,lstm
SVC-000025,EVT-0030823,2026-07-08 22:37:11.292632,0.4995603303085767,lstm
SVC-000045,EVT-0030824,2026-07-08 22:38:41.708785,0.2975166803011394,lstm
SVC-000032,EVT-0030825,2026-07-08 22:39:02.637951,0.3470153335388536,lstm
SVC-000002,EVT-0030826,2026-07-08 22:39:54.540286,0.28997128055915655,lstm
SVC-000003,EVT-0030827,2026-07-08 22:44:04.212464,0.4924386078222237,lstm
SVC-000002,EVT-0030828,2026-07-08 22:48:22.087006,0.28823193773039135,lstm
USR-000088,EVT-0030829,2026-07-08 22:50:38.598383,0.26276971863050863,lstm
SVC-000002,EVT-0030830,2026-07-08 22:54:07.541549,0.3613797767815669,lstm
SVC-000025,EVT-0030831,2026-07-08 22:54:10.926128,0.26843065812526234,lstm
SVC-000002,EVT-0030832,2026-07-08 22:55:48.725187,0.7824353604163533,lstm
SVC-000002,EVT-0030833,2026-07-08 22:55:52.200200,0.5833657766976661,lstm
SVC-000002,EVT-0030834,2026-07-08 22:58:09.825717,0.43505752957842336,lstm
SVC-000032,EVT-0030835,2026-07-08 22:58:28.124851,0.2663214970129527,lstm
SVC-000032,EVT-0030836,2026-07-08 22:58:51.468409,0.7065371650525345,lstm
SVC-000047,EVT-0030837,2026-07-08 23:01:22.948908,0.26555985181056685,lstm
SVC-000059,EVT-0030838,2026-07-08 23:04:23.704374,0.9840779646934624,lstm
SVC-000059,EVT-0030839,2026-07-08 23:05:25.391813,0.3408843762908878,lstm
SVC-000059,EVT-0030840,2026-07-08 23:05:29.509089,0.4381546469464293,lstm
SVC-000059,EVT-0030841,2026-07-08 23:05:46.381706,0.7995548667639464,lstm
SVC-000032,EVT-0030842,2026-07-08 23:05:57.292685,0.3631328548421533,lstm
DEV-000026,EVT-0030843,2026-07-08 23:12:24.057574,0.18753920903192076,lstm
SVC-000059,EVT-0030844,2026-07-08 23:13:29.077740,0.2041236287736022,lstm
SVC-000059,EVT-0030845,2026-07-08 23:14:10.924437,0.26662805123886607,lstm
SVC-000004,EVT-0030846,2026-07-08 23:14:57.009877,0.6466549103443255,lstm
DEV-000009,EVT-0030847,2026-07-08 23:15:00.831333,0.44865624462144443,lstm
SVC-000059,EVT-0030848,2026-07-08 23:15:22.269399,0.23919284898533139,lstm
SVC-000059,EVT-0030849,2026-07-08 23:16:48.761597,0.23338423555819057,lstm
DEV-000023,EVT-0030850,2026-07-08 23:18:17.501231,0.7795017453845755,lstm
SVC-000035,EVT-0030851,2026-07-08 23:19:45.310803,0.438698950807788,lstm
USR-000106,EVT-0030852,2026-07-08 23:20:17.911810,0.5030890299353565,lstm
SVC-000002,EVT-0030853,2026-07-08 23:21:14.843886,0.3971196565674088,lstm
SVC-000002,EVT-0030854,2026-07-08 23:27:17.120051,0.3125590174089958,lstm
SVC-000002,EVT-0030855,2026-07-08 23:27:24.008541,0.7186862448207522,lstm
SVC-000059,EVT-0030856,2026-07-08 23:27:46.784883,0.24692098562181508,lstm
SVC-000002,EVT-0030857,2026-07-08 23:27:48.566326,0.42634502892775566,lstm
SVC-000025,EVT-0030858,2026-07-08 23:29:29.725073,0.40929788572256665,lstm
SVC-000056,EVT-0030859,2026-07-08 23:31:03.931508,0.906048480643442,lstm
SVC-000059,EVT-0030860,2026-07-08 23:31:17.072777,0.2127722498106348,lstm
SVC-000025,EVT-0030861,2026-07-08 23:31:51.441171,0.4603574034512161,lstm
SVC-000059,EVT-0030862,2026-07-08 23:36:13.668901,0.5965774222868097,lstm
SVC-000041,EVT-0030863,2026-07-08 23:36:14.335071,0.8792759286956789,lstm
SVC-000059,EVT-0030864,2026-07-08 23:37:55.328800,0.23843876169148132,lstm
SVC-000041,EVT-0030865,2026-07-08 23:38:05.603293,0.6247518283262492,lstm
SVC-000002,EVT-0030866,2026-07-08 23:40:56.354650,0.5805231407491914,lstm
SVC-000059,EVT-0030867,2026-07-08 23:41:13.547948,0.21862644702906786,lstm
SVC-000059,EVT-0030868,2026-07-08 23:41:54.265027,0.6396508171609488,lstm
SVC-000002,EVT-0030869,2026-07-08 23:43:21.507161,0.29238505938605314,lstm
DEV-000017,EVT-0030870,2026-07-08 23:43:37.133257,0.4716259952241607,lstm
SVC-000059,EVT-0030871,2026-07-08 23:46:20.705982,0.22173737739428717,lstm
DEV-000008,EVT-0030872,2026-07-08 23:48:39.904888,0.6734455936631804,lstm
SVC-000002,EVT-0030873,2026-07-08 23:48:41.091293,0.3389928641052748,lstm
SVC-000059,EVT-0030874,2026-07-08 23:52:54.520746,0.2437081111583848,lstm
DEV-000010,EVT-0030875,2026-07-08 23:53:39.627914,0.40281690567557804,lstm
SVC-000059,EVT-0030876,2026-07-08 23:56:35.547610,0.22332523820592864,lstm
SVC-000059,EVT-0030877,2026-07-08 23:56:37.537973,0.28747628375836065,lstm
DEV-000012,EVT-0030878,2026-07-08 23:57:25.238302,0.5288058703101419,lstm
DEV-000001,EVT-0030879,2026-07-08 23:59:35.179486,0.5609882321024191,lstm
SVC-000047,EVT-0030880,2026-07-09 00:01:53.825388,0.5567319433812262,lstm
USR-000106,EVT-0030881,2026-07-09 00:02:23.023793,0.43540620778673833,lstm
SVC-000032,EVT-0030882,2026-07-09 00:03:44.262781,0.4742938231284552,lstm
SVC-000032,EVT-0030883,2026-07-09 00:03:44.821243,0.7154320910137234,lstm
DEV-000008,EVT-0030884,2026-07-09 00:05:23.723089,0.7388347127352123,lstm
SVC-000002,EVT-0030885,2026-07-09 00:10:37.321093,0.5005448494985602,lstm
SVC-000059,EVT-0030886,2026-07-09 00:11:01.213622,0.35962273818427076,lstm
SVC-000056,EVT-0030887,2026-07-09 00:12:08.103151,0.440426420141693,lstm
DEV-000002,EVT-0030888,2026-07-09 00:13:40.118793,0.3900468672341341,lstm
SVC-000041,EVT-0030889,2026-07-09 00:13:53.974166,0.545863806986408,lstm
SVC-000056,EVT-0030890,2026-07-09 00:14:31.831588,0.723678386276938,lstm
SVC-000059,EVT-0030891,2026-07-09 00:19:48.492591,0.2695069335916645,lstm
SVC-000041,EVT-0030892,2026-07-09 00:22:03.946261,0.3665300376546156,lstm
SVC-000059,EVT-0030893,2026-07-09 00:25:32.107606,0.22253264447662496,lstm
SVC-000041,EVT-0030894,2026-07-09 00:25:50.156882,0.4161956944836152,lstm
SVC-000041,EVT-0030895,2026-07-09 00:26:20.165218,0.6366634238868888,lstm
SVC-000025,EVT-0030896,2026-07-09 00:34:24.537225,0.8673054155128487,lstm
SVC-000059,EVT-0030897,2026-07-09 00:34:30.704925,0.23454173501033732,lstm
SVC-000025,EVT-0030898,2026-07-09 00:38:11.576981,0.4207563148636124,lstm
SVC-000025,EVT-0030899,2026-07-09 00:41:28.355162,0.4486867993193937,lstm
SVC-000059,EVT-0030900,2026-07-09 00:58:04.716554,0.3048631410389795,lstm
DEV-000008,EVT-0030901,2026-07-09 01:05:19.786168,0.5278084214358583,lstm
SVC-000025,EVT-0030902,2026-07-09 01:21:01.267806,0.3963777826636108,lstm
DEV-000010,EVT-0030903,2026-07-09 01:24:44.674558,0.3491321422046711,lstm
SVC-000056,EVT-0030904,2026-07-09 01:27:51.674625,0.393499553972176,lstm
DEV-000013,EVT-0030905,2026-07-09 01:34:00.077462,0.825813043139016,lstm
DEV-000010,EVT-0030906,2026-07-09 01:40:28.316893,0.5765838416129508,lstm
SVC-000056,EVT-0030907,2026-07-09 01:40:29.693799,0.487301618039833,lstm
DEV-000014,EVT-0030908,2026-07-09 01:41:50.980038,0.3262254927041762,lstm
DEV-000020,EVT-0030909,2026-07-09 01:44:50.230071,0.2047890792719574,lstm
SVC-000018,EVT-0030910,2026-07-09 01:49:09.100376,0.9991911070133458,lstm
DEV-000008,EVT-0030911,2026-07-09 01:50:20.559399,0.48110348469479014,lstm
DEV-000001,EVT-0030912,2026-07-09 01:50:21.869963,0.6143196411999301,lstm
SVC-000018,EVT-0030913,2026-07-09 01:50:49.776946,0.7223188604754004,lstm
DEV-000006,EVT-0030914,2026-07-09 01:51:03.208284,0.5505944796801674,lstm
SVC-000056,EVT-0030915,2026-07-09 01:52:40.330325,0.6956377459068916,lstm
SVC-000018,EVT-0030916,2026-07-09 02:06:23.505776,0.4313976927935623,lstm
DEV-000001,EVT-0030917,2026-07-09 02:10:50.519144,0.4881055210231222,lstm
SVC-000018,EVT-0030918,2026-07-09 02:11:18.509018,0.35398142682401956,lstm
DEV-000018,EVT-0030919,2026-07-09 02:11:50.907588,0.6148753427517804,lstm
SVC-000056,EVT-0030920,2026-07-09 02:12:55.660352,0.5492648816837781,lstm
SVC-000018,EVT-0030921,2026-07-09 02:15:11.112038,0.5041292827017111,lstm
SVC-000018,EVT-0030922,2026-07-09 02:16:18.333495,0.5794666411958956,lstm
SVC-000014,EVT-0030923,2026-07-09 02:18:03.204466,0.9934987441154266,lstm
DEV-000023,EVT-0030924,2026-07-09 02:18:23.381614,0.5393339665595934,lstm
SVC-000041,EVT-0030925,2026-07-09 02:21:46.030384,0.6948022426541696,lstm
SVC-000018,EVT-0030926,2026-07-09 02:23:48.914574,0.35451548871728206,lstm
SVC-000018,EVT-0030927,2026-07-09 02:25:14.607856,0.5078234092801136,lstm
SVC-000018,EVT-0030928,2026-07-09 02:27:47.338577,0.5221973110331476,lstm
SVC-000018,EVT-0030929,2026-07-09 02:31:14.007419,0.4751856996098431,lstm
SVC-000041,EVT-0030930,2026-07-09 02:34:40.315366,0.31721217823956793,lstm
SVC-000041,EVT-0030931,2026-07-09 02:41:02.056745,0.7055726525995367,lstm
SVC-000018,EVT-0030932,2026-07-09 02:41:16.917013,0.37257079768090606,lstm
DEV-000007,EVT-0030933,2026-07-09 02:51:12.958107,0.5933739629598519,lstm
SVC-000018,EVT-0030934,2026-07-09 02:54:14.292083,0.2810851636366801,lstm
DEV-000004,EVT-0030935,2026-07-09 02:56:34.890878,0.8349309427700305,lstm
DEV-000004,EVT-0030936,2026-07-09 03:18:08.467664,0.6869942995280348,lstm
SVC-000014,EVT-0030937,2026-07-09 03:22:31.382722,0.42527928382484087,lstm
SVC-000014,EVT-0030938,2026-07-09 03:27:35.528058,0.26037058862672924,lstm
SVC-000041,EVT-0030939,2026-07-09 03:28:40.198645,0.47635685262426897,lstm
SVC-000019,EVT-0030940,2026-07-09 03:36:54.069902,0.9512466696312699,lstm
SVC-000014,EVT-0030941,2026-07-09 03:37:33.928021,0.24914057872175105,lstm
DEV-000014,EVT-0030942,2026-07-09 03:40:18.485999,0.4082562417092071,lstm
DEV-000011,EVT-0030943,2026-07-09 03:40:49.874331,0.49904208612081186,lstm
SVC-000041,EVT-0030944,2026-07-09 03:44:26.914994,0.382807998736541,lstm
SVC-000014,EVT-0030945,2026-07-09 03:44:27.223705,0.20550265161478304,lstm
USR-000088,EVT-0030946,2026-07-09 03:45:12.644083,0.36326053159566213,lstm
SVC-000020,EVT-0030947,2026-07-09 03:55:03.806989,0.996542773893113,lstm
SVC-000019,EVT-0030948,2026-07-09 04:01:05.960791,0.29016639228123375,lstm
DEV-000003,EVT-0030949,2026-07-09 04:02:50.181031,0.6081354764991439,lstm
SVC-000015,EVT-0030950,2026-07-09 04:07:52.288377,0.9606979441531748,lstm
SVC-000015,EVT-0030951,2026-07-09 04:09:44.941248,0.7942139573081691,lstm
SVC-000007,EVT-0030952,2026-07-09 04:12:15.306122,0.9935396860263052,lstm
SVC-000007,EVT-0030953,2026-07-09 04:13:58.204877,0.5011316916584354,lstm
DEV-000012,EVT-0030954,2026-07-09 04:15:03.385782,0.5720774451121584,lstm
SVC-000015,EVT-0030955,2026-07-09 04:15:46.753594,0.2604039588336376,lstm
SVC-000014,EVT-0030956,2026-07-09 04:16:42.773670,0.31896752846603466,lstm
SVC-000019,EVT-0030957,2026-07-09 04:18:23.738860,0.2645821821823634,lstm
SVC-000014,EVT-0030958,2026-07-09 04:21:33.473461,0.24957288921180823,lstm
SVC-000019,EVT-0030959,2026-07-09 04:22:06.306169,0.32955562784000264,lstm
SVC-000007,EVT-0030960,2026-07-09 04:22:24.757950,0.3341841603505061,lstm
SVC-000015,EVT-0030961,2026-07-09 04:26:25.211449,0.28947886505070186,lstm
SVC-000014,EVT-0030962,2026-07-09 04:27:22.030820,0.32047701287933006,lstm
DEV-000007,EVT-0030963,2026-07-09 04:27:23.392369,0.22675965803366063,lstm
SVC-000020,EVT-0030964,2026-07-09 04:28:25.179928,0.3181652253919769,lstm
DEV-000016,EVT-0030965,2026-07-09 04:28:40.770796,0.6211317849582595,lstm
SVC-000014,EVT-0030966,2026-07-09 04:29:35.522768,0.3289386667747215,lstm
USR-000122,EVT-0030967,2026-07-09 04:33:10.067694,0.6981304845406092,lstm
SVC-000020,EVT-0030968,2026-07-09 04:37:32.375085,0.5734012780686841,lstm
SVC-000007,EVT-0030969,2026-07-09 04:38:42.251006,0.32200632652404837,lstm
SVC-000020,EVT-0030970,2026-07-09 04:38:44.478118,0.9268451363911689,lstm
SVC-000007,EVT-0030971,2026-07-09 04:46:16.540420,0.2004293367085692,lstm
SVC-000019,EVT-0030972,2026-07-09 04:46:17.136592,0.22891850194266464,lstm
SVC-000019,EVT-0030973,2026-07-09 04:46:58.815319,0.45839463003173403,lstm
SVC-000014,EVT-0030974,2026-07-09 04:47:13.578355,0.3650810787886127,lstm
SVC-000007,EVT-0030975,2026-07-09 04:48:26.634975,0.5419066787525738,lstm
SVC-000019,EVT-0030976,2026-07-09 04:48:48.021404,0.7895099803324785,lstm
DEV-000023,EVT-0030977,2026-07-09 04:53:04.352369,0.4085048529902031,lstm
SVC-000007,EVT-0030978,2026-07-09 04:54:33.633741,0.45220334191896355,lstm
SVC-000015,EVT-0030979,2026-07-09 04:57:34.388851,0.3947716766012819,lstm
SVC-000015,EVT-0030980,2026-07-09 04:58:02.711060,0.44356470633198586,lstm
SVC-000007,EVT-0030981,2026-07-09 04:58:51.084894,0.28147259124347024,lstm
SVC-000019,EVT-0030982,2026-07-09 05:00:46.339576,0.2742537545516316,lstm
USR-000156,EVT-0030983,2026-07-09 05:01:34.691360,0.8665962421756422,lstm
USR-000099,EVT-0030984,2026-07-09 05:06:08.533376,0.739720826212953,lstm
SVC-000019,EVT-0030985,2026-07-09 05:06:54.547194,0.2747764622158337,lstm
SVC-000020,EVT-0030986,2026-07-09 05:08:41.971491,0.8822740494212014,lstm
DEV-000008,EVT-0030987,2026-07-09 05:10:42.038464,0.4637761588490296,lstm
DEV-000014,EVT-0030988,2026-07-09 05:14:04.848284,0.38119060476364425,lstm
DEV-000018,EVT-0030989,2026-07-09 05:14:10.234738,0.4089725596763579,lstm
SVC-000009,EVT-0030990,2026-07-09 05:14:36.069699,1.0,lstm
SVC-000007,EVT-0030991,2026-07-09 05:17:03.070657,0.28014536101121984,lstm
SVC-000007,EVT-0030992,2026-07-09 05:18:24.248456,0.8012232766198165,lstm
SVC-000019,EVT-0030993,2026-07-09 05:19:35.392543,0.22238669585866205,lstm
USR-000067,EVT-0030994,2026-07-09 05:19:58.235968,0.8496163331717387,lstm
SVC-000019,EVT-0030995,2026-07-09 05:28:13.096210,0.24142202351009223,lstm
DEV-000023,EVT-0030996,2026-07-09 05:28:44.191790,0.42606108249824415,lstm
DEV-000007,EVT-0030997,2026-07-09 05:28:54.845896,0.14450137898374127,lstm
SVC-000031,EVT-0030998,2026-07-09 05:29:57.731578,0.9934564116226102,lstm
SVC-000020,EVT-0030999,2026-07-09 05:31:12.942629,0.5323523528756627,lstm
SVC-000020,EVT-0031000,2026-07-09 05:32:10.521189,0.746794747272073,lstm
SVC-000014,EVT-0031001,2026-07-09 05:32:10.691749,0.374950637121647,lstm
SVC-000009,EVT-0031002,2026-07-09 05:34:08.563747,0.9999999892477672,lstm
USR-000058,EVT-0031003,2026-07-09 05:34:39.865128,0.7809895711266465,lstm
SVC-000009,EVT-0031004,2026-07-09 05:35:48.434132,0.9999446003336725,lstm
SVC-000019,EVT-0031005,2026-07-09 05:38:36.096529,0.29961940994190306,lstm
USR-000142,EVT-0031006,2026-07-09 05:38:36.363523,0.5882121644450863,lstm
SVC-000007,EVT-0031007,2026-07-09 05:42:10.933966,0.4136478937107482,lstm
SVC-000019,EVT-0031008,2026-07-09 05:46:51.181324,0.30964456296767845,lstm
SVC-000019,EVT-0031009,2026-07-09 05:56:54.360273,0.2600734328456376,lstm
USR-000067,EVT-0031010,2026-07-09 05:56:55.348909,0.9046780626875293,lstm
USR-000199,EVT-0031011,2026-07-09 05:56:58.326535,0.4817581231522003,lstm
USR-000157,EVT-0031012,2026-07-09 06:02:18.174397,0.6370285850811354,lstm
USR-000067,EVT-0031013,2026-07-09 06:02:27.529290,0.7050511242268725,lstm
SVC-000014,EVT-0031014,2026-07-09 06:04:36.726134,0.358399006550527,lstm
SVC-000009,EVT-0031015,2026-07-09 06:05:46.060371,0.9991024571258953,lstm
SVC-000009,EVT-0031016,2026-07-09 06:09:43.851913,0.9999366386245175,lstm
DEV-000004,EVT-0031017,2026-07-09 06:10:16.457026,0.3853407489534553,lstm
USR-000171,EVT-0031018,2026-07-09 06:10:57.582793,0.5652867869009944,lstm
SVC-000019,EVT-0031019,2026-07-09 06:11:19.059325,0.30598398637556906,lstm
USR-000069,EVT-0031020,2026-07-09 06:13:54.846865,0.9413203007311679,lstm
DEV-000017,EVT-0031021,2026-07-09 06:17:21.384261,0.4049928092096344,lstm
DEV-000010,EVT-0031022,2026-07-09 06:18:07.291095,0.32092597534373396,lstm
DEV-000018,EVT-0031023,2026-07-09 06:21:55.437353,0.30456426400335823,lstm
SVC-000019,EVT-0031024,2026-07-09 06:22:17.055165,0.2651174779059933,lstm
SVC-000009,EVT-0031025,2026-07-09 06:23:19.322238,0.9988299557531721,lstm
DEV-000002,EVT-0031026,2026-07-09 06:25:40.292607,0.4635948192361017,lstm
SVC-000031,EVT-0031027,2026-07-09 06:25:56.157224,0.622903037418104,lstm
SVC-000009,EVT-0031028,2026-07-09 06:27:14.502378,0.9991573857813405,lstm
SVC-000019,EVT-0031029,2026-07-09 06:30:50.263604,0.2928108858305644,lstm
SVC-000031,EVT-0031030,2026-07-09 06:31:38.656320,0.4649907731420849,lstm
DEV-000025,EVT-0031031,2026-07-09 06:35:28.572114,0.8699345550353689,lstm
SVC-000031,EVT-0031032,2026-07-09 06:39:49.497787,0.42572554905567894,lstm
DEV-000002,EVT-0031033,2026-07-09 06:41:15.462984,0.42969992179759825,lstm
SVC-000009,EVT-0031034,2026-07-09 06:41:35.646429,0.9907130479145901,lstm
DEV-000025,EVT-0031035,2026-07-09 06:41:39.642807,0.954949150639576,lstm
USR-000067,EVT-0031036,2026-07-09 06:43:09.654300,0.3628656706099234,lstm
USR-000014,EVT-0031037,2026-07-09 06:45:40.210700,0.6532231912422662,lstm
DEV-000015,EVT-0031038,2026-07-09 06:46:58.813966,0.800867201614484,lstm
SVC-000031,EVT-0031039,2026-07-09 06:48:33.587017,0.2750723883439481,lstm
USR-000059,EVT-0031040,2026-07-09 06:55:46.057766,0.5807470886554289,lstm
SVC-000030,EVT-0031041,2026-07-09 06:56:23.616268,0.9973854992597443,lstm
SVC-000009,EVT-0031042,2026-07-09 06:59:25.540926,0.9974578600017697,lstm
USR-000135,EVT-0031043,2026-07-09 07:02:56.264567,0.6017588520061927,lstm
USR-000163,EVT-0031044,2026-07-09 07:03:08.961885,0.8270878574695667,lstm
DEV-000009,EVT-0031045,2026-07-09 07:04:04.743972,0.7320692727575273,lstm
SVC-000031,EVT-0031046,2026-07-09 07:04:14.800184,0.4607740701920004,lstm
SVC-000051,EVT-0031047,2026-07-09 07:06:13.036724,0.8837150341021455,lstm
USR-000059,EVT-0031048,2026-07-09 07:06:15.724010,0.5072737581114886,lstm
SVC-000031,EVT-0031049,2026-07-09 07:07:10.161628,0.3127594156722562,lstm
SVC-000031,EVT-0031050,2026-07-09 07:12:10.014882,0.2757017858785828,lstm
SVC-000009,EVT-0031051,2026-07-09 07:12:51.741432,0.9700704221274467,lstm
USR-000031,EVT-0031052,2026-07-09 07:14:30.792245,0.6151610652495159,lstm
DEV-000013,EVT-0031053,2026-07-09 07:15:00.625943,0.5988266166578554,lstm
USR-000112,EVT-0031054,2026-07-09 07:15:09.080185,0.8365140785200356,lstm
DEV-000004,EVT-0031055,2026-07-09 07:15:12.799783,0.3636644530519151,lstm
DEV-000009,EVT-0031056,2026-07-09 07:16:13.949758,0.6547586627678826,lstm
SVC-000009,EVT-0031057,2026-07-09 07:17:33.704188,0.9762172982527814,lstm
SVC-000031,EVT-0031058,2026-07-09 07:19:38.638173,0.2613884277492454,lstm
USR-000158,EVT-0031059,2026-07-09 07:22:54.363703,0.4525795735004942,lstm
USR-000179,EVT-0031060,2026-07-09 07:23:47.553402,0.8045557696191047,lstm
SVC-000031,EVT-0031061,2026-07-09 07:24:27.553366,0.28598865033857085,lstm
SVC-000011,EVT-0031062,2026-07-09 07:26:18.376293,0.9940193806338324,lstm
SVC-000031,EVT-0031063,2026-07-09 07:27:35.172160,0.3451318800591146,lstm
SVC-000030,EVT-0031064,2026-07-09 07:34:20.791752,0.6520433802491377,lstm
SVC-000011,EVT-0031065,2026-07-09 07:34:26.287145,0.3947660645605483,lstm
SVC-000040,EVT-0031066,2026-07-09 07:34:27.964513,0.9476589518265337,lstm
USR-000158,EVT-0031067,2026-07-09 07:34:56.186143,0.39711644757044207,lstm
SVC-000031,EVT-0031068,2026-07-09 07:36:24.191955,0.28093684862053303,lstm
USR-000059,EVT-0031069,2026-07-09 07:37:34.765176,0.6853017079975312,lstm
SVC-000011,EVT-0031070,2026-07-09 07:37:54.494899,0.41099376116184444,lstm
SVC-000011,EVT-0031071,2026-07-09 07:39:58.571322,0.4315717124762821,lstm
DEV-000007,EVT-0031072,2026-07-09 07:42:11.106816,0.13494822442147086,lstm
SVC-000040,EVT-0031073,2026-07-09 07:42:31.286271,0.3799109612345873,lstm
SVC-000011,EVT-0031074,2026-07-09 07:42:48.237154,0.3191598876104027,lstm
SVC-000011,EVT-0031075,2026-07-09 07:43:52.594002,0.40379598526946114,lstm
USR-000067,EVT-0031076,2026-07-09 07:44:16.438338,0.30264774705236996,lstm
SVC-000031,EVT-0031077,2026-07-09 07:44:48.893504,0.47468880085974857,lstm
USR-000058,EVT-0031078,2026-07-09 07:45:46.244397,0.38651191092566284,lstm
SVC-000011,EVT-0031079,2026-07-09 07:49:23.845251,0.3135831274779506,lstm
SVC-000011,EVT-0031080,2026-07-09 07:50:45.314635,0.3136589707524769,lstm
SVC-000040,EVT-0031081,2026-07-09 07:51:01.151452,0.437502648950516,lstm
USR-000164,EVT-0031082,2026-07-09 07:52:59.313628,0.9075553265846279,lstm
SVC-000030,EVT-0031083,2026-07-09 07:56:35.917806,0.6571885490737284,lstm
SVC-000055,EVT-0031084,2026-07-09 07:56:36.299627,0.9727581453819706,lstm
SVC-000040,EVT-0031085,2026-07-09 07:57:36.875426,0.4277346318818605,lstm
USR-000086,EVT-0031086,2026-07-09 07:58:40.743671,0.809313571421393,lstm
USR-000067,EVT-0031087,2026-07-09 07:59:05.700950,0.4315214272313776,lstm
DEV-000006,EVT-0031088,2026-07-09 07:59:49.226424,0.4687541676180803,lstm
DEV-000025,EVT-0031089,2026-07-09 08:01:41.720529,0.7572826160037922,lstm
USR-000010,EVT-0031090,2026-07-09 08:04:24.458695,0.6204703586970883,lstm
DEV-000004,EVT-0031091,2026-07-09 08:05:19.865957,0.39016775535329623,lstm
USR-000172,EVT-0031092,2026-07-09 08:05:31.641351,0.8632125140091136,lstm
SVC-000031,EVT-0031093,2026-07-09 08:07:03.667990,0.4258318170974695,lstm
SVC-000039,EVT-0031094,2026-07-09 08:08:14.708699,0.9932847964706182,lstm
USR-000199,EVT-0031095,2026-07-09 08:08:38.338555,0.2809569453711853,lstm
USR-000181,EVT-0031096,2026-07-09 08:08:51.917156,0.9400870936027829,lstm
USR-000158,EVT-0031097,2026-07-09 08:10:46.297365,0.28905881006673634,lstm
SVC-000039,EVT-0031098,2026-07-09 08:11:10.827162,0.8826128106264182,lstm
SVC-000040,EVT-0031099,2026-07-09 08:11:13.653110,0.2584922235748377,lstm
SVC-000046,EVT-0031100,2026-07-09 08:11:47.141031,0.9966123750981216,lstm
SVC-000040,EVT-0031101,2026-07-09 08:12:54.433961,0.5428227037109965,lstm
USR-000082,EVT-0031102,2026-07-09 08:13:18.868749,0.36689135450485233,lstm
SVC-000011,EVT-0031103,2026-07-09 08:16:42.965691,0.35340336651569265,lstm
DEV-000005,EVT-0031104,2026-07-09 08:17:38.190942,0.6185954002379279,lstm
USR-000029,EVT-0031105,2026-07-09 08:18:26.019439,0.8979090392044675,lstm
DEV-000022,EVT-0031106,2026-07-09 08:19:27.015367,0.6357544851081595,lstm
SVC-000055,EVT-0031107,2026-07-09 08:21:59.306771,0.31791550077412506,lstm
USR-000047,EVT-0031108,2026-07-09 08:25:01.467938,0.8411675848457031,lstm
SVC-000046,EVT-0031109,2026-07-09 08:25:50.577241,0.45344464382225746,lstm
DEV-000022,EVT-0031110,2026-07-09 08:25:51.770823,0.7504632238441005,lstm
DEV-000026,EVT-0031111,2026-07-09 08:26:04.426119,0.6570079020634881,lstm
USR-000031,EVT-0031112,2026-07-09 08:26:06.358817,0.22208947703978713,lstm
SVC-000040,EVT-0031113,2026-07-09 08:26:18.390132,0.44027478517219687,lstm
SVC-000016,EVT-0031114,2026-07-09 08:26:20.913198,0.9564449782670666,lstm
SVC-000040,EVT-0031115,2026-07-09 08:29:15.257050,0.36522015865752006,lstm
USR-000203,EVT-0031116,2026-07-09 08:30:13.695560,0.31747293708403496,lstm
USR-000066,EVT-0031117,2026-07-09 08:30:52.187939,0.48843139536327057,lstm
SVC-000030,EVT-0031118,2026-07-09 08:30:59.988141,0.5394712901230871,lstm
SVC-000011,EVT-0031119,2026-07-09 08:34:52.129029,0.2663262241158319,lstm
SVC-000040,EVT-0031120,2026-07-09 08:35:33.989545,0.28827240502627244,lstm
DEV-000010,EVT-0031121,2026-07-09 08:37:21.660360,0.20608366623470134,lstm
USR-000014,EVT-0031122,2026-07-09 08:37:59.729824,0.27723379445759183,lstm
SVC-000030,EVT-0031123,2026-07-09 08:39:34.664646,0.7027390263057716,lstm
SVC-000030,EVT-0031124,2026-07-09 08:39:48.895134,0.8957346179814979,lstm
USR-000041,EVT-0031125,2026-07-09 08:40:09.897281,0.6296580814914546,lstm
DEV-000018,EVT-0031126,2026-07-09 08:40:49.792436,0.4995995907940567,lstm
USR-000179,EVT-0031127,2026-07-09 08:42:26.527270,0.5271825294152372,lstm
DEV-000020,EVT-0031128,2026-07-09 08:42:43.232333,0.3174041097513301,lstm
DEV-000020,EVT-0031129,2026-07-09 08:42:47.169909,0.9614683030748887,lstm
USR-000042,EVT-0031130,2026-07-09 08:43:22.599703,0.7998719266383518,lstm
SVC-000046,EVT-0031131,2026-07-09 08:47:14.208314,0.5034162562434232,lstm
DEV-000014,EVT-0031132,2026-07-09 08:47:25.741684,0.5883584016116481,lstm
USR-000191,EVT-0031133,2026-07-09 08:47:51.004470,0.5742048506522711,lstm
USR-000043,EVT-0031134,2026-07-09 08:50:39.506138,0.888523198913762,lstm
USR-000133,EVT-0031135,2026-07-09 08:51:01.689950,0.5712186966149817,lstm
SVC-000046,EVT-0031136,2026-07-09 08:51:35.607000,0.9003115581687607,lstm
SVC-000046,EVT-0031137,2026-07-09 08:52:46.140268,0.6297047344885627,lstm
USR-000041,EVT-0031138,2026-07-09 08:52:57.880002,0.6462243182098467,lstm
SVC-000030,EVT-0031139,2026-07-09 08:54:19.116940,0.619389224063732,lstm
USR-000121,EVT-0031140,2026-07-09 08:55:01.776132,0.48563218384920176,lstm
USR-000171,EVT-0031141,2026-07-09 08:56:00.217940,0.3236583740480131,lstm
USR-000038,EVT-0031142,2026-07-09 08:56:30.360937,0.860454169506125,lstm
USR-000059,EVT-0031143,2026-07-09 08:56:39.045140,0.8129870789516657,lstm
SVC-000011,EVT-0031144,2026-07-09 08:57:45.222494,0.3726705542774635,lstm
SVC-000040,EVT-0031145,2026-07-09 08:59:22.843492,0.3090922682436693,lstm
SVC-000030,EVT-0031146,2026-07-09 09:02:46.324820,0.5920735143590148,lstm
SVC-000011,EVT-0031147,2026-07-09 09:05:55.695852,0.4729756556957078,lstm
SVC-000051,EVT-0031148,2026-07-09 09:06:21.592605,0.427519321224101,lstm
SVC-000046,EVT-0031149,2026-07-09 09:06:42.501432,0.35284669775866645,lstm
SVC-000050,EVT-0031150,2026-07-09 09:07:22.232950,0.9883695670108739,lstm
SVC-000046,EVT-0031151,2026-07-09 09:07:28.322008,0.7414359698870766,lstm
SVC-000046,EVT-0031152,2026-07-09 09:07:44.433783,0.7613743942730782,lstm
SVC-000042,EVT-0031153,2026-07-09 09:09:19.676641,0.9969183883770608,lstm
DEV-000009,EVT-0031154,2026-07-09 09:09:50.006572,0.40797475803329925,lstm
USR-000153,EVT-0031155,2026-07-09 09:11:30.823397,0.8508559596718128,lstm
SVC-000039,EVT-0031156,2026-07-09 09:14:17.543691,0.4988073272935072,lstm
SVC-000030,EVT-0031157,2026-07-09 09:14:24.538835,0.6503880025572066,lstm
USR-000010,EVT-0031158,2026-07-09 09:14:40.576936,0.5515891159377141,lstm
USR-000087,EVT-0031159,2026-07-09 09:19:01.255490,0.9773080894594102,lstm
SVC-000042,EVT-0031160,2026-07-09 09:19:07.969015,0.31995255872080036,lstm
DEV-000014,EVT-0031161,2026-07-09 09:19:53.360439,0.6940878331923319,lstm
SVC-000008,EVT-0031162,2026-07-09 09:21:10.466563,0.9977569939713606,lstm
USR-000179,EVT-0031163,2026-07-09 09:22:17.324282,0.769374098600316,lstm
USR-000172,EVT-0031164,2026-07-09 09:24:18.220783,0.383409364215709,lstm
USR-000167,EVT-0031165,2026-07-09 09:25:56.619416,0.5888815620118971,lstm
USR-000069,EVT-0031166,2026-07-09 09:27:42.315449,0.38757122771514135,lstm
USR-000158,EVT-0031167,2026-07-09 09:27:51.300160,0.24679223907973113,lstm
SVC-000013,EVT-0031168,2026-07-09 09:28:42.535191,0.9955549583270609,lstm
USR-000047,EVT-0031169,2026-07-09 09:30:55.865621,0.33261737552224196,lstm
USR-000025,EVT-0031170,2026-07-09 09:31:11.059409,0.45159654375566893,lstm
USR-000157,EVT-0031171,2026-07-09 09:31:52.196885,0.2758861679361341,lstm
USR-000171,EVT-0031172,2026-07-09 09:32:03.087837,0.3707304436305347,lstm
USR-000203,EVT-0031173,2026-07-09 09:34:28.989771,0.2610134934835837,lstm
USR-000167,EVT-0031174,2026-07-09 09:34:51.642440,0.5521379130393788,lstm
USR-000112,EVT-0031175,2026-07-09 09:35:09.956074,0.4655467485062032,lstm
USR-000139,EVT-0031176,2026-07-09 09:35:49.459867,0.4304359174637792,lstm
SVC-000016,EVT-0031177,2026-07-09 09:37:26.012009,0.32577633978052273,lstm
USR-000135,EVT-0031178,2026-07-09 09:37:39.741385,0.2279197090441732,lstm
USR-000168,EVT-0031179,2026-07-09 09:38:03.746574,0.4143263441835612,lstm
SVC-000011,EVT-0031180,2026-07-09 09:39:46.959209,0.40883333558633944,lstm
USR-000158,EVT-0031181,2026-07-09 09:41:13.879859,0.388354724999094,lstm
USR-000148,EVT-0031182,2026-07-09 09:43:03.351835,0.6069199862301026,lstm
USR-000060,EVT-0031183,2026-07-09 09:45:05.265600,0.43392575088383006,lstm
SVC-000016,EVT-0031184,2026-07-09 09:45:18.189800,0.5776088788578954,lstm
USR-000042,EVT-0031185,2026-07-09 09:46:46.322425,0.29278496030465734,lstm
USR-000157,EVT-0031186,2026-07-09 09:47:13.023565,0.29890398245528366,lstm
USR-000042,EVT-0031187,2026-07-09 09:47:44.906040,0.5831017634859295,lstm
USR-000172,EVT-0031188,2026-07-09 09:48:22.626233,0.329324545480193,lstm
SVC-000042,EVT-0031189,2026-07-09 09:48:23.211402,0.294819522941258,lstm
USR-000158,EVT-0031190,2026-07-09 09:48:37.617676,0.40530458604360975,lstm
SVC-000039,EVT-0031191,2026-07-09 09:49:20.196316,0.3316211531116809,lstm
USR-000172,EVT-0031192,2026-07-09 09:50:49.050962,0.4370755198948992,lstm
USR-000164,EVT-0031193,2026-07-09 09:51:23.674472,0.3589895951927933,lstm
SVC-000013,EVT-0031194,2026-07-09 09:51:48.709687,0.6401809171922787,lstm
SVC-000016,EVT-0031195,2026-07-09 09:52:42.348367,0.39678451046029845,lstm
USR-000015,EVT-0031196,2026-07-09 09:54:30.807917,0.46546269348631236,lstm
USR-000099,EVT-0031197,2026-07-09 09:54:38.976324,0.3234023989928031,lstm
SVC-000042,EVT-0031198,2026-07-09 09:54:45.050478,0.24886102025767945,lstm
SVC-000013,EVT-0031199,2026-07-09 09:55:42.867067,0.3649823606885064,lstm
USR-000180,EVT-0031200,2026-07-09 09:55:55.434417,0.8544292124338713,lstm
DEV-000022,EVT-0031201,2026-07-09 09:56:27.318403,0.20465305255827215,lstm
USR-000116,EVT-0031202,2026-07-09 09:56:52.930745,0.4013819087704366,lstm
USR-000120,EVT-0031203,2026-07-09 09:57:10.873069,0.35082230401142206,lstm
USR-000123,EVT-0031204,2026-07-09 09:58:15.899363,0.9090975003876898,lstm
USR-000058,EVT-0031205,2026-07-09 09:59:16.153858,0.213764274707054,lstm
DEV-000017,EVT-0031206,2026-07-09 10:00:54.008524,0.4910835203887431,lstm
USR-000142,EVT-0031207,2026-07-09 10:01:06.504133,0.3408338544877154,lstm
SVC-000039,EVT-0031208,2026-07-09 10:01:07.726566,0.34818222666032883,lstm
USR-000038,EVT-0031209,2026-07-09 10:02:21.576657,0.376065743000426,lstm
USR-000120,EVT-0031210,2026-07-09 10:03:03.378648,0.9552843444918631,lstm
USR-000157,EVT-0031211,2026-07-09 10:03:08.084053,0.42079493109478283,lstm
DEV-000014,EVT-0031212,2026-07-09 10:03:08.882020,0.6584034243638353,lstm
SVC-000008,EVT-0031213,2026-07-09 10:04:35.145020,0.8802780429956039,lstm
USR-000186,EVT-0031214,2026-07-09 10:05:41.687599,0.8321125751327445,lstm
USR-000007,EVT-0031215,2026-07-09 10:05:43.114635,0.3869377484128511,lstm
USR-000142,EVT-0031216,2026-07-09 10:07:49.053423,0.5546271456208656,lstm
SVC-000030,EVT-0031217,2026-07-09 10:08:23.402426,0.6152729302358177,lstm
SVC-000039,EVT-0031218,2026-07-09 10:08:25.329699,0.448058782863747,lstm
SVC-000013,EVT-0031219,2026-07-09 10:08:45.388722,0.512175992028581,lstm
SVC-000042,EVT-0031220,2026-07-09 10:10:07.330512,0.24360233922973995,lstm
DEV-000009,EVT-0031221,2026-07-09 10:10:14.586776,0.2802826044135804,lstm
USR-000121,EVT-0031222,2026-07-09 10:11:17.021486,0.3924191273276715,lstm
USR-000047,EVT-0031223,2026-07-09 10:11:21.509639,0.26734350315303473,lstm
USR-000213,EVT-0031224,2026-07-09 10:12:13.617466,0.8172477246502935,lstm
SVC-000039,EVT-0031225,2026-07-09 10:13:22.545782,0.6238153121918812,lstm
SVC-000039,EVT-0031226,2026-07-09 10:13:57.286385,0.824978508610526,lstm
SVC-000030,EVT-0031227,2026-07-09 10:14:02.788141,0.6857471940014218,lstm
USR-000015,EVT-0031228,2026-07-09 10:14:19.390655,0.40739027357938434,lstm
SVC-000013,EVT-0031229,2026-07-09 10:15:38.017166,0.46747794254562314,lstm
DEV-000012,EVT-0031230,2026-07-09 10:16:54.814522,0.4060417074724215,lstm
SVC-000042,EVT-0031231,2026-07-09 10:17:08.483572,0.2343050900887161,lstm
SVC-000042,EVT-0031232,2026-07-09 10:19:33.584805,0.2592547905838011,lstm
USR-000116,EVT-0031233,2026-07-09 10:19:56.330294,0.7116830005196335,lstm
SVC-000039,EVT-0031234,2026-07-09 10:20:51.186831,0.37279695014023323,lstm
SVC-000008,EVT-0031235,2026-07-09 10:22:37.871026,0.45782904826722653,lstm
USR-000031,EVT-0031236,2026-07-09 10:23:12.494841,0.1954309781811715,lstm
USR-000168,EVT-0031237,2026-07-09 10:23:24.177916,0.37710004631484056,lstm
USR-000099,EVT-0031238,2026-07-09 10:23:49.190043,0.27379021777856627,lstm
USR-000164,EVT-0031239,2026-07-09 10:24:36.923666,0.3944249662254621,lstm
USR-000148,EVT-0031240,2026-07-09 10:25:17.450468,0.4116362792992157,lstm
USR-000066,EVT-0031241,2026-07-09 10:25:33.676695,0.3231755782853877,lstm
SVC-000013,EVT-0031242,2026-07-09 10:26:34.427303,0.425707288889397,lstm
USR-000171,EVT-0031243,2026-07-09 10:27:32.737943,0.36607108283229645,lstm
USR-000148,EVT-0031244,2026-07-09 10:28:20.917092,0.5050593328459244,lstm
SVC-000042,EVT-0031245,2026-07-09 10:28:55.028468,0.21393693798849708,lstm
SVC-000016,EVT-0031246,2026-07-09 10:28:57.969272,0.4642940264559338,lstm
SVC-000016,EVT-0031247,2026-07-09 10:30:05.450242,0.708327256892321,lstm
USR-000172,EVT-0031248,2026-07-09 10:32:34.614306,0.27558769642457387,lstm
USR-000133,EVT-0031249,2026-07-09 10:34:58.743707,0.2760616049351578,lstm
USR-000058,EVT-0031250,2026-07-09 10:35:06.965706,0.3213460396078778,lstm
USR-000121,EVT-0031251,2026-07-09 10:35:17.908714,0.3422851110129502,lstm
USR-000105,EVT-0031252,2026-07-09 10:37:48.648119,0.6623871673499389,lstm
SVC-000042,EVT-0031253,2026-07-09 10:38:14.037379,0.2330785747141383,lstm
SVC-000013,EVT-0031254,2026-07-09 10:38:59.836451,0.4873591169899314,lstm
USR-000064,EVT-0031255,2026-07-09 10:41:01.108119,0.716849705998361,lstm
USR-000087,EVT-0031256,2026-07-09 10:41:42.100764,0.3837548683517505,lstm
SVC-000053,EVT-0031257,2026-07-09 10:43:08.088860,0.9794740948075236,lstm
USR-000170,EVT-0031258,2026-07-09 10:43:55.173855,0.8158251224794142,lstm
USR-000179,EVT-0031259,2026-07-09 10:44:06.552536,0.3396877855290215,lstm
USR-000172,EVT-0031260,2026-07-09 10:44:07.562605,0.37433106769089025,lstm
SVC-000042,EVT-0031261,2026-07-09 10:44:17.431856,0.25998571537049,lstm
USR-000062,EVT-0031262,2026-07-09 10:45:12.442077,0.34999058035574765,lstm
USR-000212,EVT-0031263,2026-07-09 10:45:53.766903,0.7798159846499791,lstm
SVC-000013,EVT-0031264,2026-07-09 10:46:07.896201,0.5768736995548642,lstm
USR-000087,EVT-0031265,2026-07-09 10:48:42.045680,0.39413735685654705,lstm
USR-000133,EVT-0031266,2026-07-09 10:50:10.329236,0.3971132395849239,lstm
SVC-000013,EVT-0031267,2026-07-09 10:50:45.536457,0.38623056577357034,lstm
USR-000069,EVT-0031268,2026-07-09 10:51:06.343646,0.29425826162309504,lstm
USR-000188,EVT-0031269,2026-07-09 10:51:35.774708,0.7783655765311336,lstm
USR-000007,EVT-0031270,2026-07-09 10:51:48.311923,0.945088120469259,lstm
SVC-000008,EVT-0031271,2026-07-09 10:53:06.237371,0.5088417669561529,lstm
SVC-000053,EVT-0031272,2026-07-09 10:53:51.628019,0.5359763627801092,lstm
DEV-000023,EVT-0031273,2026-07-09 10:55:21.004086,0.3167681338303061,lstm
USR-000033,EVT-0031274,2026-07-09 10:56:14.587269,0.45419981475336285,lstm
SVC-000039,EVT-0031275,2026-07-09 10:56:19.046208,0.45885879331485413,lstm
DEV-000008,EVT-0031276,2026-07-09 10:56:41.490712,0.7803632093345961,lstm
USR-000172,EVT-0031277,2026-07-09 10:57:13.725663,0.4344045396934995,lstm
SVC-000013,EVT-0031278,2026-07-09 10:59:55.373665,0.3477381396450221,lstm
USR-000208,EVT-0031279,2026-07-09 11:00:13.780782,0.7989865679732914,lstm
USR-000208,EVT-0031280,2026-07-09 11:00:28.081565,0.7413093023875111,lstm
SVC-000008,EVT-0031281,2026-07-09 11:01:09.719760,0.3683027074363873,lstm
SVC-000053,EVT-0031282,2026-07-09 11:01:53.131625,0.5608884722904602,lstm
USR-000140,EVT-0031283,2026-07-09 11:03:16.262739,0.7627424098069205,lstm
USR-000153,EVT-0031284,2026-07-09 11:03:29.495642,0.35254138129081797,lstm
USR-000194,EVT-0031285,2026-07-09 11:04:19.431981,0.33559974028929557,lstm
SVC-000013,EVT-0031286,2026-07-09 11:04:23.447945,0.49397786151238554,lstm
SVC-000039,EVT-0031287,2026-07-09 11:06:04.758745,0.4185256988104518,lstm
SVC-000001,EVT-0031288,2026-07-09 11:08:43.589021,0.924898540644568,lstm
SVC-000042,EVT-0031289,2026-07-09 11:09:07.073462,0.5975644073863581,lstm
SVC-000053,EVT-0031290,2026-07-09 11:10:19.943053,0.4311201034091278,lstm
SVC-000016,EVT-0031291,2026-07-09 11:10:59.795862,0.6454058324088411,lstm
SVC-000039,EVT-0031292,2026-07-09 11:11:34.263950,0.44764817286683706,lstm
USR-000133,EVT-0031293,2026-07-09 11:12:08.060005,0.4075599022545072,lstm
USR-000081,EVT-0031294,2026-07-09 11:12:19.399692,0.3722658188350678,lstm
USR-000212,EVT-0031295,2026-07-09 11:13:35.733228,0.7297544046709086,lstm
SVC-000050,EVT-0031296,2026-07-09 11:15:27.876225,0.49699159080281247,lstm
USR-000139,EVT-0031297,2026-07-09 11:15:53.988322,0.3638655746465929,lstm
USR-000158,EVT-0031298,2026-07-09 11:16:41.068855,0.32978561876510426,lstm
USR-000206,EVT-0031299,2026-07-09 11:17:04.062699,0.31321412797923653,lstm
USR-000052,EVT-0031300,2026-07-09 11:17:19.434702,0.7664463904925519,lstm
USR-000021,EVT-0031301,2026-07-09 11:17:31.292063,0.4411800909327103,lstm
SVC-000001,EVT-0031302,2026-07-09 11:18:15.242688,0.44394483956739295,lstm
USR-000171,EVT-0031303,2026-07-09 11:20:46.454409,0.37096732472653104,lstm
SVC-000013,EVT-0031304,2026-07-09 11:20:48.973053,0.3975576292756782,lstm
SVC-000053,EVT-0031305,2026-07-09 11:21:26.961077,0.5769016606270461,lstm
USR-000055,EVT-0031306,2026-07-09 11:23:22.926155,0.7566761005843995,lstm
SVC-000053,EVT-0031307,2026-07-09 11:26:59.888230,0.3498101089201542,lstm
USR-000168,EVT-0031308,2026-07-09 11:29:05.081947,0.29621368911254775,lstm
DEV-000003,EVT-0031309,2026-07-09 11:31:07.559051,0.45694338316390876,lstm
USR-000204,EVT-0031310,2026-07-09 11:31:24.511042,0.8363657408257693,lstm
USR-000180,EVT-0031311,2026-07-09 11:31:42.067174,0.679995507092123,lstm
USR-000156,EVT-0031312,2026-07-09 11:34:39.442968,0.45773772236272214,lstm
USR-000205,EVT-0031313,2026-07-09 11:36:34.186792,0.8365198515084549,lstm
SVC-000039,EVT-0031314,2026-07-09 11:37:37.760866,0.4161684010996425,lstm
DEV-000009,EVT-0031315,2026-07-09 11:38:02.588437,0.16357185569495977,lstm
USR-000172,EVT-0031316,2026-07-09 11:38:55.850209,0.8807969636646075,lstm
USR-000171,EVT-0031317,2026-07-09 11:38:56.911097,0.4438130002785868,lstm
USR-000128,EVT-0031318,2026-07-09 11:42:33.501566,0.5576463564023443,lstm
USR-000170,EVT-0031319,2026-07-09 11:43:19.144118,0.4230980739671871,lstm
USR-000212,EVT-0031320,2026-07-09 11:43:54.611640,0.4211124941541578,lstm
USR-000120,EVT-0031321,2026-07-09 11:46:01.220558,0.8574156756262401,lstm
USR-000033,EVT-0031322,2026-07-09 11:47:45.972831,0.2609936297059308,lstm
SVC-000053,EVT-0031323,2026-07-09 11:48:30.819565,0.37616403085577105,lstm
USR-000153,EVT-0031324,2026-07-09 11:48:57.271330,0.27279289077049107,lstm
USR-000170,EVT-0031325,2026-07-09 11:51:46.055930,0.4856903280280422,lstm
USR-000190,EVT-0031326,2026-07-09 11:51:57.235410,0.5805688267058879,lstm
USR-000035,EVT-0031327,2026-07-09 11:53:00.066031,0.6458457841428716,lstm
SVC-000039,EVT-0031328,2026-07-09 11:54:39.554973,0.36896079116170644,lstm
SVC-000021,EVT-0031329,2026-07-09 11:55:14.499300,0.9513212799842772,lstm
USR-000099,EVT-0031330,2026-07-09 11:55:33.329061,0.35037970249361633,lstm
SVC-000021,EVT-0031331,2026-07-09 11:57:39.289661,0.7795040034464282,lstm
SVC-000053,EVT-0031332,2026-07-09 11:58:56.463206,0.2541849297671277,lstm
USR-000028,EVT-0031333,2026-07-09 12:00:27.829438,0.6309476252470889,lstm
USR-000082,EVT-0031334,2026-07-09 12:01:21.768891,0.32417720048383425,lstm
USR-000153,EVT-0031335,2026-07-09 12:02:55.433422,0.4888255513482984,lstm
USR-000052,EVT-0031336,2026-07-09 12:03:31.011440,0.4118157533707763,lstm
USR-000038,EVT-0031337,2026-07-09 12:03:51.326260,0.42904262309984725,lstm
USR-000139,EVT-0031338,2026-07-09 12:07:09.850786,0.2502306324032234,lstm
USR-000206,EVT-0031339,2026-07-09 12:08:11.154776,0.3659276458998394,lstm
USR-000057,EVT-0031340,2026-07-09 12:14:38.232786,0.3140544810493097,lstm
USR-000203,EVT-0031341,2026-07-09 12:15:06.225780,0.2306743551748275,lstm
USR-000184,EVT-0031342,2026-07-09 12:17:44.527255,0.8914614930355619,lstm
USR-000028,EVT-0031343,2026-07-09 12:19:34.036922,0.5460442467572246,lstm
USR-000069,EVT-0031344,2026-07-09 12:19:55.038087,0.2342781696216512,lstm
SVC-000021,EVT-0031345,2026-07-09 12:21:42.550481,0.40849111696991725,lstm
USR-000043,EVT-0031346,2026-07-09 12:23:09.752318,0.4358383717675681,lstm
DEV-000004,EVT-0031347,2026-07-09 12:24:08.536674,0.31202179291554927,lstm
USR-000196,EVT-0031348,2026-07-09 12:24:23.614696,0.29534706072035716,lstm
USR-000070,EVT-0031349,2026-07-09 12:25:51.277382,0.41846265182219194,lstm
USR-000006,EVT-0031350,2026-07-09 12:26:21.731779,0.507116912223867,lstm
USR-000029,EVT-0031351,2026-07-09 12:27:11.425954,0.4881096931804698,lstm
USR-000062,EVT-0031352,2026-07-09 12:27:29.143538,0.35040294117890153,lstm
USR-000125,EVT-0031353,2026-07-09 12:27:30.813467,0.7028619123966234,lstm
USR-000173,EVT-0031354,2026-07-09 12:28:14.223177,0.6878779011619044,lstm
SVC-000001,EVT-0031355,2026-07-09 12:28:16.948469,0.31575871164994973,lstm
SVC-000017,EVT-0031356,2026-07-09 12:31:17.908508,0.9964851416637571,lstm
USR-000104,EVT-0031357,2026-07-09 12:31:53.561611,0.8570177455315833,lstm
USR-000109,EVT-0031358,2026-07-09 12:32:05.727765,0.49402123856191604,lstm
SVC-000053,EVT-0031359,2026-07-09 12:35:01.963154,0.30350023619637906,lstm
USR-000173,EVT-0031360,2026-07-09 12:35:38.393479,0.517945672632732,lstm
USR-000061,EVT-0031361,2026-07-09 12:35:58.625782,0.5310058377766336,lstm
SVC-000034,EVT-0031362,2026-07-09 12:38:12.336227,0.8394987680094924,lstm
USR-000011,EVT-0031363,2026-07-09 12:39:55.462736,0.9489097017048373,lstm
USR-000059,EVT-0031364,2026-07-09 12:40:25.808321,0.6095686665520501,lstm
SVC-000021,EVT-0031365,2026-07-09 12:40:38.548993,0.43253266806271107,lstm
USR-000024,EVT-0031366,2026-07-09 12:40:58.661458,0.3520981389295262,lstm
SVC-000053,EVT-0031367,2026-07-09 12:41:40.306419,0.4595151090086839,lstm
USR-000129,EVT-0031368,2026-07-09 12:41:47.524116,0.3910779811879788,lstm
USR-000038,EVT-0031369,2026-07-09 12:42:59.906873,0.3172820108309668,lstm
USR-000099,EVT-0031370,2026-07-09 12:45:58.551279,0.38243052061313604,lstm
SVC-000016,EVT-0031371,2026-07-09 12:46:29.697232,0.705351317435851,lstm
USR-000151,EVT-0031372,2026-07-09 12:47:49.188856,0.40495114381241054,lstm
USR-000190,EVT-0031373,2026-07-09 12:48:18.997168,0.4853997295153037,lstm
USR-000196,EVT-0031374,2026-07-09 12:48:39.141412,0.2798075678775451,lstm
USR-000128,EVT-0031375,2026-07-09 12:50:12.501349,0.399828624172914,lstm
USR-000062,EVT-0031376,2026-07-09 12:52:00.476041,0.4089893468241315,lstm
SVC-000008,EVT-0031377,2026-07-09 12:52:23.713260,0.5906174116882613,lstm
USR-000028,EVT-0031378,2026-07-09 12:52:29.913094,0.3411520392496516,lstm
SVC-000050,EVT-0031379,2026-07-09 12:52:58.147825,0.3824732780679921,lstm
USR-000205,EVT-0031380,2026-07-09 12:54:20.037650,0.45718605941847873,lstm
USR-000173,EVT-0031381,2026-07-09 12:55:01.932786,0.3327396799881914,lstm
USR-000140,EVT-0031382,2026-07-09 12:55:43.759929,0.5581184932709133,lstm
DEV-000006,EVT-0031383,2026-07-09 12:55:59.667191,0.4096177958368651,lstm
SVC-000001,EVT-0031384,2026-07-09 12:56:07.439510,0.24478943720635082,lstm
SVC-000039,EVT-0031385,2026-07-09 12:56:38.238258,0.7174869698656785,lstm
USR-000058,EVT-0031386,2026-07-09 12:57:17.005835,0.30879444275138157,lstm
USR-000202,EVT-0031387,2026-07-09 12:57:56.432783,0.5239569679918109,lstm
SVC-000021,EVT-0031388,2026-07-09 13:01:46.180096,0.7893289127127668,lstm
SVC-000001,EVT-0031389,2026-07-09 13:04:16.958662,0.3280494709157301,lstm
DEV-000009,EVT-0031390,2026-07-09 13:05:27.733057,0.19372494839228233,lstm
USR-000038,EVT-0031391,2026-07-09 13:07:12.780651,0.3130260035004698,lstm
SVC-000034,EVT-0031392,2026-07-09 13:07:29.483925,0.30907386568716055,lstm
USR-000108,EVT-0031393,2026-07-09 13:09:02.514804,0.3696866630711657,lstm
USR-000097,EVT-0031394,2026-07-09 13:09:39.381129,0.45631629683480474,lstm
DEV-000022,EVT-0031395,2026-07-09 13:10:04.783493,0.19090976782735183,lstm
USR-000121,EVT-0031396,2026-07-09 13:10:56.705973,0.5080755400326746,lstm
USR-000148,EVT-0031397,2026-07-09 13:11:03.956864,0.31966260054390955,lstm
USR-000170,EVT-0031398,2026-07-09 13:11:42.620316,0.2890568971681996,lstm
DEV-000013,EVT-0031399,2026-07-09 13:13:04.290178,0.35298019536440667,lstm
DEV-000009,EVT-0031400,2026-07-09 13:14:27.803522,0.32486325798688764,lstm
USR-000005,EVT-0031401,2026-07-09 13:16:15.755439,0.8129736654110704,lstm
USR-000190,EVT-0031402,2026-07-09 13:19:30.650153,0.45566861256164193,lstm
USR-000068,EVT-0031403,2026-07-09 13:20:11.998424,0.7257462792970548,lstm
SVC-000050,EVT-0031404,2026-07-09 13:20:13.140627,0.3682054505216845,lstm
USR-000121,EVT-0031405,2026-07-09 13:20:40.205973,0.5728428211440796,lstm
USR-000043,EVT-0031406,2026-07-09 13:20:55.047196,0.26547399516931386,lstm
SVC-000001,EVT-0031407,2026-07-09 13:21:54.595330,0.2771958273265984,lstm
USR-000105,EVT-0031408,2026-07-09 13:22:08.555768,0.3668805850667876,lstm
USR-000129,EVT-0031409,2026-07-09 13:22:55.389633,0.3179278158874757,lstm
USR-000081,EVT-0031410,2026-07-09 13:23:57.945912,0.3432752703782398,lstm
USR-000079,EVT-0031411,2026-07-09 13:24:41.763746,0.4045118217952584,lstm
USR-000032,EVT-0031412,2026-07-09 13:25:33.571507,0.9942507438581992,lstm
SVC-000050,EVT-0031413,2026-07-09 13:26:54.021441,0.4343548381481892,lstm
SVC-000021,EVT-0031414,2026-07-09 13:27:57.113426,0.403764340465353,lstm
SVC-000001,EVT-0031415,2026-07-09 13:29:03.653674,0.32967991592465207,lstm
USR-000021,EVT-0031416,2026-07-09 13:29:50.783061,0.448943701676271,lstm
USR-000204,EVT-0031417,2026-07-09 13:30:23.602939,0.3231198683679975,lstm
SVC-000001,EVT-0031418,2026-07-09 13:30:48.150285,0.5068926633715444,lstm
SVC-000001,EVT-0031419,2026-07-09 13:31:43.456513,0.5979965443553605,lstm
SVC-000050,EVT-0031420,2026-07-09 13:32:23.147431,0.402368257200923,lstm
USR-000212,EVT-0031421,2026-07-09 13:33:33.523087,0.3869152738606855,lstm
USR-000140,EVT-0031422,2026-07-09 13:34:40.105984,0.39985264009162713,lstm
USR-000028,EVT-0031423,2026-07-09 13:34:51.438309,0.37051984265680704,lstm
USR-000120,EVT-0031424,2026-07-09 13:35:56.108025,0.45786925981105286,lstm
USR-000070,EVT-0031425,2026-07-09 13:39:17.469001,0.2725504703336168,lstm
SVC-000008,EVT-0031426,2026-07-09 13:39:28.218802,0.5386687913534448,lstm
SVC-000034,EVT-0031427,2026-07-09 13:39:39.639789,0.250147834576318,lstm
USR-000140,EVT-0031428,2026-07-09 13:40:04.366879,0.6512965667441442,lstm
USR-000024,EVT-0031429,2026-07-09 13:40:11.802394,0.2243156896928431,lstm
DEV-000001,EVT-0031430,2026-07-09 13:40:51.400214,0.7262596892542932,lstm
SVC-000027,EVT-0031431,2026-07-09 13:40:53.523502,0.9999103805555479,lstm
DEV-000001,EVT-0031432,2026-07-09 13:41:10.000000,0.9475708882751954,lstm
SVC-000050,EVT-0031433,2026-07-09 13:41:33.212157,0.5275736091280706,lstm
USR-000083,EVT-0031434,2026-07-09 13:42:12.076655,0.34477868371619513,lstm
SVC-000001,EVT-0031435,2026-07-09 13:44:18.507157,0.30734772817621586,lstm
USR-000062,EVT-0031436,2026-07-09 13:44:38.981840,0.2326174112662774,lstm
USR-000213,EVT-0031437,2026-07-09 13:45:24.419603,0.5355244287467718,lstm
USR-000197,EVT-0031438,2026-07-09 13:45:27.115639,0.5476106701608275,lstm
USR-000111,EVT-0031439,2026-07-09 13:45:30.155655,0.47614587010976644,lstm
USR-000140,EVT-0031440,2026-07-09 13:45:54.613280,0.6487248397607791,lstm
USR-000040,EVT-0031441,2026-07-09 13:46:20.218367,0.8983639970742329,lstm
USR-000157,EVT-0031442,2026-07-09 13:46:40.143920,0.37329692257432645,lstm
SVC-000017,EVT-0031443,2026-07-09 13:46:51.617027,0.8692216509111901,lstm
SVC-000001,EVT-0031444,2026-07-09 13:47:31.748599,0.4535379321148685,lstm
USR-000140,EVT-0031445,2026-07-09 13:48:48.126570,0.4973189825311003,lstm
SVC-000017,EVT-0031446,2026-07-09 13:48:48.416970,0.5635177905030562,lstm
SVC-000049,EVT-0031447,2026-07-09 13:49:56.578053,0.8693507709534515,lstm
USR-000018,EVT-0031448,2026-07-09 13:50:21.168832,0.4459435654064463,lstm
SVC-000017,EVT-0031449,2026-07-09 13:51:48.269070,0.7193250525225584,lstm
USR-000055,EVT-0031450,2026-07-09 13:53:58.213061,0.5620868934398914,lstm
SVC-000043,EVT-0031451,2026-07-09 13:54:25.548695,0.9618294160857739,lstm
DEV-000021,EVT-0031452,2026-07-09 13:54:42.150728,0.5375170166993253,lstm
SVC-000034,EVT-0031453,2026-07-09 13:54:54.413575,0.4650181651258849,lstm
USR-000144,EVT-0031454,2026-07-09 13:55:28.762275,0.556091489334008,lstm
SVC-000021,EVT-0031455,2026-07-09 13:57:30.337676,0.4926619219788093,lstm
USR-000012,EVT-0031456,2026-07-09 13:57:37.867133,0.8946022030991079,lstm
USR-000029,EVT-0031457,2026-07-09 13:58:54.087329,0.36841892489327177,lstm
USR-000181,EVT-0031458,2026-07-09 13:58:57.838756,0.8227378058477716,lstm
USR-000047,EVT-0031459,2026-07-09 13:59:20.975450,0.2604095213679268,lstm
SVC-000043,EVT-0031460,2026-07-09 13:59:21.361727,0.3855153348883473,lstm
USR-000029,EVT-0031461,2026-07-09 13:59:25.431730,0.6522594530109311,lstm
DEV-000001,EVT-0031462,2026-07-09 13:59:42.315480,1.0,lstm
USR-000196,EVT-0031463,2026-07-09 14:00:18.808214,0.2408939497579426,lstm
USR-000069,EVT-0031464,2026-07-09 14:00:41.921175,0.7000810229239915,lstm
SVC-000008,EVT-0031465,2026-07-09 14:01:55.731736,0.5270607669974627,lstm
SVC-000017,EVT-0031466,2026-07-09 14:03:05.695128,0.6373229277623041,lstm
USR-000194,EVT-0031467,2026-07-09 14:05:08.461791,0.4379630175544789,lstm
USR-000149,EVT-0031468,2026-07-09 14:05:34.033623,0.7885820214351605,lstm
SVC-000027,EVT-0031469,2026-07-09 14:05:44.372530,0.8943041533728741,lstm
USR-000151,EVT-0031470,2026-07-09 14:06:53.720165,0.4526834848253862,lstm
USR-000209,EVT-0031471,2026-07-09 14:07:30.317284,0.9596367608082842,lstm
SVC-000012,EVT-0031472,2026-07-09 14:08:07.430293,0.9775000743359814,lstm
USR-000184,EVT-0031473,2026-07-09 14:08:26.758443,0.40120806782661084,lstm
USR-000140,EVT-0031474,2026-07-09 14:09:34.149353,0.39675709470881915,lstm
USR-000044,EVT-0031475,2026-07-09 14:09:51.147837,0.5787736678479091,lstm
DEV-000023,EVT-0031476,2026-07-09 14:09:57.204099,0.4312814588400457,lstm
USR-000170,EVT-0031477,2026-07-09 14:09:58.064165,0.26535873456167147,lstm
SVC-000028,EVT-0031478,2026-07-09 14:10:26.019637,0.9950752472425834,lstm
USR-000055,EVT-0031479,2026-07-09 14:15:22.209500,0.6956125644959334,lstm
USR-000176,EVT-0031480,2026-07-09 14:15:28.599910,0.45961953326374044,lstm
USR-000176,EVT-0031481,2026-07-09 14:15:28.871062,0.8974582573778782,lstm
USR-000206,EVT-0031482,2026-07-09 14:15:36.279127,0.2798203639532542,lstm
USR-000060,EVT-0031483,2026-07-09 14:15:55.192863,0.44660210188208554,lstm
SVC-000027,EVT-0031484,2026-07-09 14:16:19.882431,0.8827849103291657,lstm
SVC-000027,EVT-0031485,2026-07-09 14:16:39.018898,0.7960207922439786,lstm
USR-000109,EVT-0031486,2026-07-09 14:16:59.500838,0.329177700285441,lstm
USR-000144,EVT-0031487,2026-07-09 14:17:26.339051,0.24853837614621266,lstm
SVC-000022,EVT-0031488,2026-07-09 14:17:28.550616,0.9268606087378082,lstm
SVC-000017,EVT-0031489,2026-07-09 14:18:26.403529,0.3066228359421261,lstm
USR-000035,EVT-0031490,2026-07-09 14:18:38.839098,0.292391433628265,lstm
SVC-000027,EVT-0031491,2026-07-09 14:20:19.811251,0.7856965624641246,lstm
SVC-000022,EVT-0031492,2026-07-09 14:21:42.479826,0.5581438632972586,lstm
USR-000197,EVT-0031493,2026-07-09 14:21:55.493635,0.45332135005235674,lstm
SVC-000028,EVT-0031494,2026-07-09 14:22:57.127475,0.5184451057526834,lstm
USR-000144,EVT-0031495,2026-07-09 14:22:59.654149,0.31021306473989346,lstm
SVC-000012,EVT-0031496,2026-07-09 14:23:08.594104,0.4873005073100377,lstm
SVC-000027,EVT-0031497,2026-07-09 14:23:13.969045,0.41329337686306483,lstm
USR-000195,EVT-0031498,2026-07-09 14:23:31.607077,0.3534482187391087,lstm
USR-000206,EVT-0031499,2026-07-09 14:25:54.514385,0.4528005919846792,lstm
SVC-000026,EVT-0031500,2026-07-09 14:26:03.034038,0.9853467458162022,lstm
USR-000052,EVT-0031501,2026-07-09 14:26:09.382342,0.29441699523686105,lstm
DEV-000009,EVT-0031502,2026-07-09 14:27:40.112163,0.16303703380650597,lstm
SVC-000028,EVT-0031503,2026-07-09 14:28:00.739485,0.8304713237147182,lstm
USR-000040,EVT-0031504,2026-07-09 14:30:19.039277,0.6454777584745179,lstm
SVC-000021,EVT-0031505,2026-07-09 14:31:17.621214,0.47409230040355144,lstm
USR-000086,EVT-0031506,2026-07-09 14:31:54.101534,0.30992487151744136,lstm
USR-000170,EVT-0031507,2026-07-09 14:32:27.324536,0.3078779380152962,lstm
USR-000045,EVT-0031508,2026-07-09 14:33:04.106214,0.7132827878363139,lstm
SVC-000050,EVT-0031509,2026-07-09 14:33:28.269753,0.3582732387069067,lstm
USR-000032,EVT-0031510,2026-07-09 14:33:43.370776,0.9501757999584467,lstm
USR-000212,EVT-0031511,2026-07-09 14:34:22.030637,0.25094834850233066,lstm
SVC-000022,EVT-0031512,2026-07-09 14:34:22.970293,0.32107116006959163,lstm
USR-000061,EVT-0031513,2026-07-09 14:34:27.659083,0.31121011538551846,lstm
USR-000047,EVT-0031514,2026-07-09 14:35:23.418561,0.4491394056101707,lstm
USR-000018,EVT-0031515,2026-07-09 14:36:25.152657,0.39773652097644147,lstm
SVC-000036,EVT-0031516,2026-07-09 14:37:45.251337,0.9947434091040503,lstm
SVC-000036,EVT-0031517,2026-07-09 14:38:50.047219,0.8434705318517227,lstm
USR-000081,EVT-0031518,2026-07-09 14:39:05.319751,0.31395070293602795,lstm
USR-000212,EVT-0031519,2026-07-09 14:39:54.800539,0.49673524491988413,lstm
USR-000025,EVT-0031520,2026-07-09 14:40:10.155748,0.8848395793510552,lstm
SVC-000027,EVT-0031521,2026-07-09 14:43:18.685593,0.7067406265346446,lstm
USR-000086,EVT-0031522,2026-07-09 14:44:30.037847,0.468905394690805,lstm
USR-000125,EVT-0031523,2026-07-09 14:47:11.176632,0.3545581146637004,lstm
DEV-000012,EVT-0031524,2026-07-09 14:50:26.896031,0.3080972621649184,lstm
USR-000197,EVT-0031525,2026-07-09 14:50:55.424142,0.3290872398248121,lstm
USR-000105,EVT-0031526,2026-07-09 14:51:13.975245,0.34875697223962465,lstm
USR-000052,EVT-0031527,2026-07-09 14:51:46.092129,0.3276541240771975,lstm
SVC-000017,EVT-0031528,2026-07-09 14:52:02.010920,0.5665997957559574,lstm
SVC-000036,EVT-0031529,2026-07-09 14:53:23.413043,0.3801438108359897,lstm
SVC-000008,EVT-0031530,2026-07-09 14:54:06.974827,0.8016550266040653,lstm
USR-000101,EVT-0031531,2026-07-09 14:54:32.826654,0.9810497353926673,lstm
SVC-000027,EVT-0031532,2026-07-09 14:55:04.239626,0.4029326233915363,lstm
SVC-000027,EVT-0031533,2026-07-09 14:57:55.914881,0.5667237026381364,lstm
USR-000149,EVT-0031534,2026-07-09 14:58:05.870584,0.4985095412547653,lstm
USR-000078,EVT-0031535,2026-07-09 14:58:53.742058,0.5827414574094262,lstm
USR-000107,EVT-0031536,2026-07-09 14:59:58.764470,0.6340725742037957,lstm
USR-000197,EVT-0031537,2026-07-09 15:01:02.917687,0.4430509691436907,lstm
USR-000041,EVT-0031538,2026-07-09 15:01:37.198325,0.7631704998113753,lstm
SVC-000012,EVT-0031539,2026-07-09 15:03:43.809511,0.3184744604798511,lstm
USR-000045,EVT-0031540,2026-07-09 15:08:29.389974,0.2453443742126829,lstm
SVC-000027,EVT-0031541,2026-07-09 15:10:15.459711,0.4169179130386367,lstm
DEV-000020,EVT-0031542,2026-07-09 15:10:39.677638,0.7319366858794287,lstm
SVC-000022,EVT-0031543,2026-07-09 15:10:55.962061,0.32752135544592864,lstm
SVC-000027,EVT-0031544,2026-07-09 15:10:57.741196,0.6989692445437349,lstm
SVC-000026,EVT-0031545,2026-07-09 15:11:02.076670,0.39705522722224973,lstm
SVC-000036,EVT-0031546,2026-07-09 15:12:13.369482,0.5592215481695849,lstm
SVC-000017,EVT-0031547,2026-07-09 15:13:15.249055,0.9035003386787094,lstm
DEV-000001,EVT-0031548,2026-07-09 15:15:26.574798,0.5747795996245093,lstm
SVC-000036,EVT-0031549,2026-07-09 15:15:41.164925,0.5008286754036926,lstm
USR-000066,EVT-0031550,2026-07-09 15:15:53.319172,0.39177420350654246,lstm
USR-000028,EVT-0031551,2026-07-09 15:16:01.466477,0.32591048651917814,lstm
SVC-000026,EVT-0031552,2026-07-09 15:16:36.481179,0.7372290209348039,lstm
SVC-000017,EVT-0031553,2026-07-09 15:16:39.297283,0.5867579360966212,lstm
SVC-000012,EVT-0031554,2026-07-09 15:17:05.402965,0.3816882612630693,lstm
USR-000190,EVT-0031555,2026-07-09 15:17:06.587664,0.5260277487373441,lstm
USR-000173,EVT-0031556,2026-07-09 15:19:23.367636,0.32437376085149366,lstm
DEV-000009,EVT-0031557,2026-07-09 15:19:29.068699,0.1260610316670316,lstm
USR-000144,EVT-0031558,2026-07-09 15:19:58.976804,0.2908845022773432,lstm
SVC-000012,EVT-0031559,2026-07-09 15:20:30.941742,0.581061323580576,lstm
SVC-000029,EVT-0031560,2026-07-09 15:20:43.172384,0.9835021837387069,lstm
SVC-000028,EVT-0031561,2026-07-09 15:21:35.790306,0.39083525776011196,lstm
SVC-000038,EVT-0031562,2026-07-09 15:21:40.916310,0.9867649071137014,lstm
USR-000160,EVT-0031563,2026-07-09 15:22:17.163312,0.3192530828460032,lstm
DEV-000010,EVT-0031564,2026-07-09 15:24:23.624404,0.4640897119097287,lstm
SVC-000028,EVT-0031565,2026-07-09 15:25:19.194181,0.5120984587598816,lstm
SVC-000026,EVT-0031566,2026-07-09 15:28:19.593018,0.26769134816355017,lstm
SVC-000036,EVT-0031567,2026-07-09 15:29:27.589622,0.3864392242702239,lstm
DEV-000012,EVT-0031568,2026-07-09 15:30:28.762623,0.37739791483667035,lstm
SVC-000036,EVT-0031569,2026-07-09 15:32:01.675746,0.3781532891461397,lstm
SVC-000036,EVT-0031570,2026-07-09 15:34:32.534369,0.41692367709852357,lstm
USR-000209,EVT-0031571,2026-07-09 15:37:52.534333,0.2475273774337413,lstm
USR-000129,EVT-0031572,2026-07-09 15:38:58.664422,0.42634054066403393,lstm
DEV-000018,EVT-0031573,2026-07-09 15:39:59.741717,0.5262105285156574,lstm
SVC-000028,EVT-0031574,2026-07-09 15:40:05.926638,0.34258477482976635,lstm
SVC-000010,EVT-0031575,2026-07-09 15:40:28.953390,0.9946789069620333,lstm
SVC-000026,EVT-0031576,2026-07-09 15:40:43.317018,0.25557635197571066,lstm
USR-000144,EVT-0031577,2026-07-09 15:40:50.766073,0.2568035967320044,lstm
SVC-000027,EVT-0031578,2026-07-09 15:41:39.144463,0.42315637813788093,lstm
SVC-000028,EVT-0031579,2026-07-09 15:42:04.535224,0.5204397598492152,lstm
USR-000185,EVT-0031580,2026-07-09 15:42:53.958331,0.5841983932804258,lstm
USR-000029,EVT-0031581,2026-07-09 15:43:26.004617,0.33923966356458374,lstm
USR-000069,EVT-0031582,2026-07-09 15:43:45.505572,0.5149909974813932,lstm
SVC-000036,EVT-0031583,2026-07-09 15:45:28.942106,0.6029937310164705,lstm
SVC-000049,EVT-0031584,2026-07-09 15:45:36.933511,0.27980324385177163,lstm
SVC-000036,EVT-0031585,2026-07-09 15:45:46.293819,0.6384356391517881,lstm
USR-000107,EVT-0031586,2026-07-09 15:47:15.180439,0.5433161877690343,lstm
USR-000070,EVT-0031587,2026-07-09 15:48:04.250709,0.276295979970298,lstm
SVC-000012,EVT-0031588,2026-07-09 15:48:32.301081,0.42144132960390046,lstm
USR-000186,EVT-0031589,2026-07-09 15:49:43.027550,0.28625144319969403,lstm
USR-000062,EVT-0031590,2026-07-09 15:50:56.612820,0.3185623910289714,lstm
SVC-000028,EVT-0031591,2026-07-09 15:50:57.945790,0.39944115334540725,lstm
USR-000027,EVT-0031592,2026-07-09 15:51:52.372420,0.6227255198193703,lstm
USR-000062,EVT-0031593,2026-07-09 15:53:42.012241,0.6855018579707913,lstm
SVC-000026,EVT-0031594,2026-07-09 15:54:20.752314,0.3398074986002477,lstm
SVC-000036,EVT-0031595,2026-07-09 15:54:51.866889,0.3314185527545779,lstm
SVC-000036,EVT-0031596,2026-07-09 15:56:06.525189,0.8205952924978837,lstm
USR-000040,EVT-0031597,2026-07-09 15:57:13.654527,0.5260067877372485,lstm
SVC-000027,EVT-0031598,2026-07-09 15:57:38.322777,0.7207199971264397,lstm
SVC-000026,EVT-0031599,2026-07-09 15:57:45.387802,0.3512143942768563,lstm
USR-000202,EVT-0031600,2026-07-09 15:58:37.384494,0.33930087983049506,lstm
SVC-000036,EVT-0031601,2026-07-09 15:59:30.069482,0.721728578586426,lstm
SVC-000017,EVT-0031602,2026-07-09 15:59:44.839942,0.663149294043694,lstm
SVC-000026,EVT-0031603,2026-07-09 15:59:46.746486,0.4652352807768769,lstm
USR-000024,EVT-0031604,2026-07-09 16:00:09.964656,0.33815546347425635,lstm
SVC-000026,EVT-0031605,2026-07-09 16:00:15.630612,0.5469202508790059,lstm
USR-000109,EVT-0031606,2026-07-09 16:01:11.881835,0.41194529716150974,lstm
USR-000170,EVT-0031607,2026-07-09 16:01:20.102107,0.33843175741291204,lstm
SVC-000036,EVT-0031608,2026-07-09 16:02:46.549321,0.6809545629623102,lstm
SVC-000028,EVT-0031609,2026-07-09 16:03:32.287397,0.6447350814563642,lstm
DEV-000021,EVT-0031610,2026-07-09 16:03:50.656464,0.3042888789653653,lstm
SVC-000036,EVT-0031611,2026-07-09 16:05:06.304136,0.5652673375845845,lstm
USR-000052,EVT-0031612,2026-07-09 16:06:26.003995,0.29473750828356704,lstm
SVC-000029,EVT-0031613,2026-07-09 16:08:34.968678,0.8284206723876039,lstm
SVC-000028,EVT-0031614,2026-07-09 16:10:28.876457,0.4512316367441915,lstm
SVC-000010,EVT-0031615,2026-07-09 16:10:38.346004,0.5196258965063163,lstm
USR-000144,EVT-0031616,2026-07-09 16:11:08.113126,0.46698061323675527,lstm
USR-000152,EVT-0031617,2026-07-09 16:11:41.562010,0.4374938747347115,lstm
USR-000185,EVT-0031618,2026-07-09 16:12:41.015126,0.38781426469338165,lstm
SVC-000038,EVT-0031619,2026-07-09 16:12:57.031531,0.7689582045466524,lstm
DEV-000010,EVT-0031620,2026-07-09 16:14:35.057748,0.4897001697662874,lstm
SVC-000038,EVT-0031621,2026-07-09 16:17:21.203106,0.797584643296244,lstm
SVC-000036,EVT-0031622,2026-07-09 16:17:44.029205,0.5921942349281358,lstm
DEV-000005,EVT-0031623,2026-07-09 16:18:56.084945,0.6456035110547983,lstm
USR-000160,EVT-0031624,2026-07-09 16:19:12.686887,0.294002078073904,lstm
USR-000011,EVT-0031625,2026-07-09 16:19:22.848193,0.6647916375909733,lstm
USR-000070,EVT-0031626,2026-07-09 16:21:03.444081,0.5644261158084352,lstm
USR-000027,EVT-0031627,2026-07-09 16:21:05.733600,0.611652682740355,lstm
USR-000160,EVT-0031628,2026-07-09 16:23:04.230274,0.4931255910993329,lstm
SVC-000029,EVT-0031629,2026-07-09 16:24:19.287223,0.4686354381880538,lstm
USR-000204,EVT-0031630,2026-07-09 16:25:10.360426,0.36304934026026814,lstm
SVC-000026,EVT-0031631,2026-07-09 16:25:42.036972,0.6504158691419017,lstm
SVC-000029,EVT-0031632,2026-07-09 16:26:21.095400,0.7588091987552026,lstm
DEV-000016,EVT-0031633,2026-07-09 16:27:08.188365,0.252047821002252,lstm
SVC-000038,EVT-0031634,2026-07-09 16:28:56.743760,0.4641572074586675,lstm
SVC-000036,EVT-0031635,2026-07-09 16:30:24.170801,0.5283238181778385,lstm
SVC-000036,EVT-0031636,2026-07-09 16:31:31.389351,0.651391426213887,lstm
DEV-000013,EVT-0031637,2026-07-09 16:31:43.887679,0.4429534122601441,lstm
USR-000052,EVT-0031638,2026-07-09 16:32:02.648303,0.28131930060938776,lstm
SVC-000036,EVT-0031639,2026-07-09 16:33:07.355218,0.8582334910380818,lstm
USR-000052,EVT-0031640,2026-07-09 16:33:47.099085,0.5203522259804183,lstm
USR-000086,EVT-0031641,2026-07-09 16:38:34.120321,0.28109259906806705,lstm
USR-000125,EVT-0031642,2026-07-09 16:39:29.122635,0.24158304321323124,lstm
USR-000056,EVT-0031643,2026-07-09 16:41:18.889325,0.4668987981098089,lstm
USR-000040,EVT-0031644,2026-07-09 16:42:45.983539,0.4099188442602087,lstm
SVC-000026,EVT-0031645,2026-07-09 16:46:02.008201,0.3162185398027258,lstm
USR-000208,EVT-0031646,2026-07-09 16:46:04.086712,0.5150275753743088,lstm
USR-000045,EVT-0031647,2026-07-09 16:47:01.693841,0.2868243017233788,lstm
USR-000209,EVT-0031648,2026-07-09 16:48:06.196291,0.38759608056372497,lstm
USR-000152,EVT-0031649,2026-07-09 16:48:56.426174,0.26667895400482067,lstm
USR-000097,EVT-0031650,2026-07-09 16:50:00.723754,0.37410009067822825,lstm
SVC-000005,EVT-0031651,2026-07-09 16:50:53.870370,0.9452840838247446,lstm
USR-000184,EVT-0031652,2026-07-09 16:52:16.380043,0.42439789138342876,lstm
USR-000186,EVT-0031653,2026-07-09 16:52:43.090044,0.3318954603813028,lstm
SVC-000029,EVT-0031654,2026-07-09 16:55:24.415981,0.31162569023995906,lstm
USR-000109,EVT-0031655,2026-07-09 16:55:28.781740,0.3737905359754443,lstm
USR-000044,EVT-0031656,2026-07-09 16:56:09.945509,0.5363362076751278,lstm
USR-000012,EVT-0031657,2026-07-09 16:56:19.988673,0.6641885778061242,lstm
USR-000011,EVT-0031658,2026-07-09 16:56:52.966836,0.4607196085650414,lstm
USR-000045,EVT-0031659,2026-07-09 16:58:43.088623,0.2852443573310167,lstm
SVC-000049,EVT-0031660,2026-07-09 17:00:23.532466,0.29681518429053516,lstm
USR-000203,EVT-0031661,2026-07-09 17:00:24.181299,0.4792397569590315,lstm
USR-000052,EVT-0031662,2026-07-09 17:01:13.303151,0.3025510299873276,lstm
USR-000040,EVT-0031663,2026-07-09 17:01:40.188227,0.40030510559634186,lstm
DEV-000026,EVT-0031664,2026-07-09 17:02:16.586587,0.3807332595179649,lstm
SVC-000038,EVT-0031665,2026-07-09 17:06:38.982126,0.633350557414066,lstm
USR-000012,EVT-0031666,2026-07-09 17:09:14.874869,0.6528481766813999,lstm
USR-000033,EVT-0031667,2026-07-09 17:12:29.064722,0.5059647416180865,lstm
SVC-000026,EVT-0031668,2026-07-09 17:12:56.283835,0.3119728273082212,lstm
SVC-000044,EVT-0031669,2026-07-09 17:12:57.931323,0.9966615714272049,lstm
DEV-000010,EVT-0031670,2026-07-09 17:15:17.418115,0.41390272575275416,lstm
SVC-000049,EVT-0031671,2026-07-09 17:17:04.077963,0.5392319314955721,lstm
USR-000139,EVT-0031672,2026-07-09 17:18:11.093818,0.41553505222092774,lstm
USR-000085,EVT-0031673,2026-07-09 17:18:13.252127,0.6320070392918157,lstm
USR-000104,EVT-0031674,2026-07-09 17:18:41.397197,0.6269328538606055,lstm
SVC-000010,EVT-0031675,2026-07-09 17:18:50.582811,0.5748463976445665,lstm
SVC-000023,EVT-0031676,2026-07-09 17:19:38.306979,0.9687898828123751,lstm
USR-000028,EVT-0031677,2026-07-09 17:20:44.384117,0.4010830157182885,lstm
USR-000079,EVT-0031678,2026-07-09 17:22:22.059396,0.3348408474170656,lstm
SVC-000004,EVT-0031679,2026-07-09 17:23:59.592575,0.9640391023923244,lstm
SVC-000026,EVT-0031680,2026-07-09 17:24:01.866859,0.3922784389479318,lstm
DEV-000011,EVT-0031681,2026-07-09 17:24:20.981712,0.5319045868028122,lstm
DEV-000011,EVT-0031682,2026-07-09 17:25:52.170779,0.9551655679898616,lstm
USR-000144,EVT-0031683,2026-07-09 17:26:08.981394,0.44838014762155026,lstm
USR-000101,EVT-0031684,2026-07-09 17:27:09.283205,0.45355703679010384,lstm
SVC-000010,EVT-0031685,2026-07-09 17:27:23.379544,0.31987632201789684,lstm
USR-000100,EVT-0031686,2026-07-09 17:27:44.290969,0.6560367509687494,lstm
SVC-000038,EVT-0031687,2026-07-09 17:28:14.019063,0.3465905693868099,lstm
USR-000085,EVT-0031688,2026-07-09 17:29:49.039291,0.7629668364321823,lstm
DEV-000008,EVT-0031689,2026-07-09 17:30:06.832053,0.706056142861233,lstm
DEV-000017,EVT-0031690,2026-07-09 17:32:31.466490,0.657577644963282,lstm
USR-000185,EVT-0031691,2026-07-09 17:33:22.932343,0.3005474914841205,lstm
USR-000208,EVT-0031692,2026-07-09 17:35:14.650360,0.46282965318614483,lstm
USR-000184,EVT-0031693,2026-07-09 17:37:17.512293,0.313689590355413,lstm
SVC-000026,EVT-0031694,2026-07-09 17:39:32.560040,0.38354756774284776,lstm
SVC-000004,EVT-0031695,2026-07-09 17:41:50.988336,0.4202175884801817,lstm
SVC-000037,EVT-0031696,2026-07-09 17:46:25.806629,0.9561383688853445,lstm
USR-000202,EVT-0031697,2026-07-09 17:47:41.789867,0.29770580700510196,lstm
SVC-000010,EVT-0031698,2026-07-09 17:50:16.652407,0.38370944124882134,lstm
SVC-000010,EVT-0031699,2026-07-09 17:51:24.730917,0.5275489361114064,lstm
USR-000144,EVT-0031700,2026-07-09 17:51:39.112110,0.399859014065589,lstm
SVC-000044,EVT-0031701,2026-07-09 17:52:48.633925,0.6900179763224853,lstm
SVC-000044,EVT-0031702,2026-07-09 17:53:36.149828,0.7771745314502676,lstm
SVC-000060,EVT-0031703,2026-07-09 17:55:48.550198,0.9078027723220815,lstm
SVC-000026,EVT-0031704,2026-07-09 17:59:41.236355,0.4359716442090498,lstm
DEV-000023,EVT-0031705,2026-07-09 17:59:45.424939,0.6124742725873681,lstm
SVC-000004,EVT-0031706,2026-07-09 18:00:36.751767,0.3001552988752995,lstm
SVC-000026,EVT-0031707,2026-07-09 18:01:05.960279,0.7612332828657749,lstm
USR-000104,EVT-0031708,2026-07-09 18:04:57.111463,0.6225288187891128,lstm
DEV-000012,EVT-0031709,2026-07-09 18:11:02.585954,0.22241711911669637,lstm
USR-000149,EVT-0031710,2026-07-09 18:12:37.198227,0.5599629150528199,lstm
USR-000107,EVT-0031711,2026-07-09 18:13:25.624486,0.4719042862439375,lstm
SVC-000010,EVT-0031712,2026-07-09 18:17:42.654511,0.3694317859535932,lstm
USR-000068,EVT-0031713,2026-07-09 18:21:12.916421,0.5407036459632883,lstm
SVC-000005,EVT-0031714,2026-07-09 18:21:57.465511,0.7037307373074727,lstm
SVC-000044,EVT-0031715,2026-07-09 18:22:05.527319,0.4849125613361374,lstm
USR-000109,EVT-0031716,2026-07-09 18:24:17.584710,0.3636925396366224,lstm
SVC-000037,EVT-0031717,2026-07-09 18:24:20.846875,0.96155877119773,lstm
USR-000011,EVT-0031718,2026-07-09 18:27:54.978697,0.36626273599997866,lstm
SVC-000060,EVT-0031719,2026-07-09 18:28:47.701827,0.6041659815728638,lstm
SVC-000023,EVT-0031720,2026-07-09 18:29:41.120122,0.36321494070940197,lstm
USR-000186,EVT-0031721,2026-07-09 18:29:53.120084,0.4646850495542426,lstm
USR-000027,EVT-0031722,2026-07-09 18:33:29.927703,0.3751214257867163,lstm
SVC-000060,EVT-0031723,2026-07-09 18:36:14.403231,0.683871173521554,lstm
SVC-000029,EVT-0031724,2026-07-09 18:36:20.313417,0.6072529163747097,lstm
SVC-000044,EVT-0031725,2026-07-09 18:36:37.775187,0.37448353654051186,lstm
USR-000011,EVT-0031726,2026-07-09 18:37:19.337263,0.4973813526812092,lstm
SVC-000037,EVT-0031727,2026-07-09 18:37:27.939254,0.49064669241828807,lstm
USR-000202,EVT-0031728,2026-07-09 18:39:14.982953,0.4568501982051478,lstm
USR-000074,EVT-0031729,2026-07-09 18:39:59.570571,0.9438157284912766,lstm
USR-000070,EVT-0031730,2026-07-09 18:40:02.069475,0.4334428339683995,lstm
SVC-000004,EVT-0031731,2026-07-09 18:41:39.542198,0.2678692991285077,lstm
DEV-000025,EVT-0031732,2026-07-09 18:45:33.755051,0.3388505999034313,lstm
USR-000045,EVT-0031733,2026-07-09 18:48:14.639658,0.4060219452726402,lstm
SVC-000060,EVT-0031734,2026-07-09 18:48:23.922772,0.8754953721670553,lstm
USR-000086,EVT-0031735,2026-07-09 18:49:36.872603,0.32816857466478605,lstm
SVC-000052,EVT-0031736,2026-07-09 18:50:26.741987,0.9597858156035263,lstm
SVC-000037,EVT-0031737,2026-07-09 18:51:56.317577,0.42842336684450943,lstm
USR-000185,EVT-0031738,2026-07-09 18:52:35.961800,0.3535874862276524,lstm
USR-000033,EVT-0031739,2026-07-09 18:52:50.643138,0.5047086725948503,lstm
SVC-000052,EVT-0031740,2026-07-09 18:54:16.644315,0.6113421629221026,lstm
DEV-000012,EVT-0031741,2026-07-09 18:56:50.262898,0.2601262069200798,lstm
SVC-000023,EVT-0031742,2026-07-09 18:57:16.483534,0.28806153181783406,lstm
SVC-000052,EVT-0031743,2026-07-09 18:57:28.558153,0.49813972460890027,lstm
SVC-000044,EVT-0031744,2026-07-09 18:58:43.807847,0.3659324854333044,lstm
DEV-000009,EVT-0031745,2026-07-09 19:01:22.687011,0.38347442509832425,lstm
SVC-000004,EVT-0031746,2026-07-09 19:02:21.867309,0.3470009111241479,lstm
SVC-000044,EVT-0031747,2026-07-09 19:03:15.831851,0.6172887198919653,lstm
DEV-000007,EVT-0031748,2026-07-09 19:03:29.568127,0.8254325837274495,lstm
SVC-000006,EVT-0031749,2026-07-09 19:06:11.642184,0.9994933973428715,lstm
SVC-000057,EVT-0031750,2026-07-09 19:07:18.012598,0.9897699247553011,lstm
DEV-000022,EVT-0031751,2026-07-09 19:08:25.705093,0.7939717927241361,lstm
SVC-000037,EVT-0031752,2026-07-09 19:09:27.185029,0.4266348271218278,lstm
SVC-000057,EVT-0031753,2026-07-09 19:10:00.591101,0.7701528089854607,lstm
SVC-000052,EVT-0031754,2026-07-09 19:11:14.989552,0.45057035541881835,lstm
USR-000209,EVT-0031755,2026-07-09 19:11:42.711617,0.3152632914828161,lstm
SVC-000057,EVT-0031756,2026-07-09 19:12:31.496796,0.7157923395168146,lstm
SVC-000044,EVT-0031757,2026-07-09 19:12:48.468718,0.3374334457456696,lstm
SVC-000004,EVT-0031758,2026-07-09 19:17:37.407045,0.23752236038562297,lstm
SVC-000004,EVT-0031759,2026-07-09 19:17:45.119369,0.7377224473837417,lstm
SVC-000052,EVT-0031760,2026-07-09 19:19:46.055704,0.5046486587408813,lstm
SVC-000037,EVT-0031761,2026-07-09 19:20:37.965646,0.5767385896381848,lstm
SVC-000061,EVT-0031762,2026-07-09 19:21:26.037905,0.999202347957555,lstm
SVC-000023,EVT-0031763,2026-07-09 19:24:35.374005,0.2802394192626777,lstm
DEV-000004,EVT-0031764,2026-07-09 19:27:02.153145,0.6886771439247362,lstm
DEV-000001,EVT-0031765,2026-07-09 19:32:53.497626,0.8306640959980297,lstm
SVC-000044,EVT-0031766,2026-07-09 19:33:02.386768,0.5640421303217719,lstm
SVC-000044,EVT-0031767,2026-07-09 19:33:22.856864,0.625948928482318,lstm
SVC-000004,EVT-0031768,2026-07-09 19:36:24.412606,0.28437120847327263,lstm
USR-000062,EVT-0031769,2026-07-09 19:36:25.413829,0.5254473407836587,lstm
DEV-000004,EVT-0031770,2026-07-09 19:37:11.197242,0.764596841419687,lstm
SVC-000004,EVT-0031771,2026-07-09 19:39:02.687112,0.38335419086555234,lstm
SVC-000006,EVT-0031772,2026-07-09 19:39:21.515762,0.9364405138833345,lstm
SVC-000023,EVT-0031773,2026-07-09 19:39:51.584513,0.21628492983964012,lstm
SVC-000023,EVT-0031774,2026-07-09 19:40:44.413788,0.5344303007219365,lstm
DEV-000009,EVT-0031775,2026-07-09 19:41:00.705326,0.36295559782592146,lstm
SVC-000006,EVT-0031776,2026-07-09 19:41:55.697439,0.7159835559713988,lstm
SVC-000052,EVT-0031777,2026-07-09 19:42:14.945928,0.6766117567899256,lstm
SVC-000004,EVT-0031778,2026-07-09 19:47:19.427113,0.2624654077216834,lstm
SVC-000006,EVT-0031779,2026-07-09 19:47:38.488444,0.6188721072180098,lstm
SVC-000006,EVT-0031780,2026-07-09 19:48:19.049398,0.86110733185029,lstm
SVC-000048,EVT-0031781,2026-07-09 19:49:23.664657,0.963512395745932,lstm
SVC-000044,EVT-0031782,2026-07-09 19:51:04.619782,0.39373629276468597,lstm
SVC-000004,EVT-0031783,2026-07-09 19:53:14.441384,0.41157493985222615,lstm
SVC-000044,EVT-0031784,2026-07-09 19:55:24.408146,0.5462141769749828,lstm
SVC-000060,EVT-0031785,2026-07-09 19:55:31.413046,0.3914598432834377,lstm
SVC-000004,EVT-0031786,2026-07-09 19:58:14.386877,0.3384153097853744,lstm
DEV-000010,EVT-0031787,2026-07-09 20:00:13.540409,0.4739649578783005,lstm
SVC-000052,EVT-0031788,2026-07-09 20:00:35.324740,0.38899996736544806,lstm
SVC-000004,EVT-0031789,2026-07-09 20:02:10.282958,0.7571420088997444,lstm
SVC-000048,EVT-0031790,2026-07-09 20:03:56.475455,0.40377985951954337,lstm
SVC-000004,EVT-0031791,2026-07-09 20:04:23.439382,0.35984345636740106,lstm
SVC-000052,EVT-0031792,2026-07-09 20:08:13.280985,0.3647099143982825,lstm
SVC-000006,EVT-0031793,2026-07-09 20:10:06.706563,0.48096343644470746,lstm
SVC-000052,EVT-0031794,2026-07-09 20:12:35.898626,0.3733984344712726,lstm
SVC-000004,EVT-0031795,2026-07-09 20:13:42.129312,0.26479967078159367,lstm
SVC-000044,EVT-0031796,2026-07-09 20:15:29.757008,0.40736927048176413,lstm
SVC-000061,EVT-0031797,2026-07-09 20:16:41.017989,0.6734401843380318,lstm
DEV-000008,EVT-0031798,2026-07-09 20:18:28.903639,0.43215705517680386,lstm
SVC-000044,EVT-0031799,2026-07-09 20:21:00.720455,0.5957057267195853,lstm
SVC-000058,EVT-0031800,2026-07-09 20:21:18.736145,0.9704146589248646,lstm
SVC-000048,EVT-0031801,2026-07-09 20:22:12.498008,0.2990861503226015,lstm
SVC-000052,EVT-0031802,2026-07-09 20:25:12.616757,0.5123486069669093,lstm
SVC-000048,EVT-0031803,2026-07-09 20:25:22.696854,0.5319415999976825,lstm
DEV-000014,EVT-0031804,2026-07-09 20:25:54.579962,0.7530331170041855,lstm
SVC-000052,EVT-0031805,2026-07-09 20:26:55.931333,0.48634266179996255,lstm
SVC-000061,EVT-0031806,2026-07-09 20:29:42.513909,0.49395804359702494,lstm
SVC-000058,EVT-0031807,2026-07-09 20:30:21.616618,0.36829682896705856,lstm
SVC-000004,EVT-0031808,2026-07-09 20:31:20.212865,0.4317686182857905,lstm
SVC-000058,EVT-0031809,2026-07-09 20:31:39.120534,0.8613843401034893,lstm
SVC-000052,EVT-0031810,2026-07-09 20:32:32.516673,0.6646082334976725,lstm
SVC-000060,EVT-0031811,2026-07-09 20:32:34.106155,0.5256991563099277,lstm
SVC-000006,EVT-0031812,2026-07-09 20:33:47.006692,0.5553573840538223,lstm
DEV-000013,EVT-0031813,2026-07-09 20:33:47.235410,0.5391181949534551,lstm
SVC-000058,EVT-0031814,2026-07-09 20:35:43.060284,0.4227565524280586,lstm
DEV-000001,EVT-0031815,2026-07-09 20:35:49.485146,0.4967126237405552,lstm
USR-000185,EVT-0031816,2026-07-09 20:36:19.218627,0.9486734685256316,lstm
DEV-000014,EVT-0031817,2026-07-09 20:37:03.299269,0.8066639221211127,lstm
SVC-000004,EVT-0031818,2026-07-09 20:37:34.247697,0.48575072210862624,lstm
DEV-000012,EVT-0031819,2026-07-09 20:39:37.958431,0.25613660071390587,lstm
SVC-000061,EVT-0031820,2026-07-09 20:40:05.675352,0.4752195892699963,lstm
SVC-000037,EVT-0031821,2026-07-09 20:41:35.319554,0.4827723031388991,lstm
SVC-000044,EVT-0031822,2026-07-09 20:42:01.673046,0.5297109941654303,lstm
SVC-000004,EVT-0031823,2026-07-09 20:42:03.836942,0.3888514978964398,lstm
SVC-000054,EVT-0031824,2026-07-09 20:43:43.686402,0.9936704279801079,lstm
SVC-000061,EVT-0031825,2026-07-09 20:45:07.689329,0.4654399839787659,lstm
DEV-000002,EVT-0031826,2026-07-09 20:46:32.252906,0.7511834230641669,lstm
SVC-000061,EVT-0031827,2026-07-09 20:46:37.166114,0.49934078279858674,lstm
SVC-000058,EVT-0031828,2026-07-09 20:48:19.085646,0.3807562597979959,lstm
SVC-000058,EVT-0031829,2026-07-09 20:50:39.502811,0.42941445109934684,lstm
SVC-000047,EVT-0031830,2026-07-09 20:58:31.896669,0.8630273471620363,lstm
SVC-000058,EVT-0031831,2026-07-09 20:58:55.391073,0.28954748134257435,lstm
SVC-000023,EVT-0031832,2026-07-09 21:00:34.108282,0.5188980916052981,lstm
SVC-000052,EVT-0031833,2026-07-09 21:01:33.647610,0.4555023612045797,lstm
SVC-000052,EVT-0031834,2026-07-09 21:02:27.183155,0.49838386945315416,lstm
SVC-000054,EVT-0031835,2026-07-09 21:14:03.189710,0.3881575701118053,lstm
SVC-000003,EVT-0031836,2026-07-09 21:16:00.740859,0.9767328395739353,lstm
SVC-000047,EVT-0031837,2026-07-09 21:16:06.207629,0.3052327026374555,lstm
SVC-000060,EVT-0031838,2026-07-09 21:16:19.725945,0.8202708228413359,lstm
SVC-000058,EVT-0031839,2026-07-09 21:16:50.519451,0.2865303847804206,lstm
USR-000122,EVT-0031840,2026-07-09 21:17:28.428278,0.47943732529711597,lstm
SVC-000054,EVT-0031841,2026-07-09 21:18:45.231102,0.42200412276265753,lstm
SVC-000004,EVT-0031842,2026-07-09 21:20:51.824796,0.42559128360009557,lstm
SVC-000003,EVT-0031843,2026-07-09 21:21:26.278217,0.7162223468762768,lstm
SVC-000003,EVT-0031844,2026-07-09 21:23:12.280095,0.6033566316635751,lstm
SVC-000052,EVT-0031845,2026-07-09 21:23:51.225241,0.573397218086294,lstm
DEV-000011,EVT-0031846,2026-07-09 21:29:25.327132,0.3774834634994727,lstm
SVC-000058,EVT-0031847,2026-07-09 21:30:06.540162,0.58503221253134,lstm
SVC-000047,EVT-0031848,2026-07-09 21:30:15.699150,0.3368151369852862,lstm
SVC-000003,EVT-0031849,2026-07-09 21:32:02.959516,0.3127105715980808,lstm
DEV-000013,EVT-0031850,2026-07-09 21:32:43.043382,0.5812968373548273,lstm
SVC-000045,EVT-0031851,2026-07-09 21:33:00.401085,0.9960610071507813,lstm
SVC-000048,EVT-0031852,2026-07-09 21:35:06.323053,0.3270030526392863,lstm
SVC-000003,EVT-0031853,2026-07-09 21:35:19.674200,0.7116071308015447,lstm
SVC-000048,EVT-0031854,2026-07-09 21:37:51.153442,0.5846193920489052,lstm
DEV-000025,EVT-0031855,2026-07-09 21:38:14.228903,0.2012303084073396,lstm
SVC-000058,EVT-0031856,2026-07-09 21:40:01.492440,0.37939193615069194,lstm
DEV-000017,EVT-0031857,2026-07-09 21:40:18.334064,0.3843455627704884,lstm
SVC-000054,EVT-0031858,2026-07-09 21:42:56.695008,0.32159727582584224,lstm
SVC-000003,EVT-0031859,2026-07-09 21:45:17.693527,0.8525392846396448,lstm
SVC-000058,EVT-0031860,2026-07-09 21:46:08.860364,0.2772306867068528,lstm
SVC-000048,EVT-0031861,2026-07-09 21:46:17.392971,0.35835746795467466,lstm
SVC-000045,EVT-0031862,2026-07-09 21:48:56.790692,0.6190884149980627,lstm
SVC-000035,EVT-0031863,2026-07-09 21:49:37.809661,0.9631378208285521,lstm
DEV-000018,EVT-0031864,2026-07-09 21:50:38.378500,0.727944022282484,lstm
SVC-000054,EVT-0031865,2026-07-09 21:52:14.647322,0.3673972994405792,lstm
SVC-000003,EVT-0031866,2026-07-09 21:53:16.289483,0.4372112800791949,lstm
SVC-000045,EVT-0031867,2026-07-09 21:53:23.035274,0.5481777865297958,lstm
SVC-000047,EVT-0031868,2026-07-09 21:53:23.935203,0.3293452061888667,lstm
SVC-000035,EVT-0031869,2026-07-09 21:53:26.174785,0.8910179502121632,lstm
SVC-000048,EVT-0031870,2026-07-09 21:55:38.787507,0.4412310888339297,lstm
USR-000141,EVT-0031871,2026-07-09 21:56:06.664525,0.7289315860446509,lstm
DEV-000005,EVT-0031872,2026-07-09 21:56:32.869275,0.5232346648223064,lstm
SVC-000035,EVT-0031873,2026-07-09 21:57:47.576551,0.6714397141109557,lstm
SVC-000047,EVT-0031874,2026-07-09 21:58:48.349693,0.4005407654650211,lstm
SVC-000004,EVT-0031875,2026-07-09 21:58:52.537005,0.4617521645600384,lstm
SVC-000045,EVT-0031876,2026-07-09 21:59:14.232558,0.431760655833681,lstm
SVC-000045,EVT-0031877,2026-07-09 21:59:34.719542,0.7848147786592395,lstm
SVC-000058,EVT-0031878,2026-07-09 22:02:32.659633,0.26537663132235173,lstm
SVC-000047,EVT-0031879,2026-07-09 22:03:58.807430,0.47170103533713653,lstm
SVC-000003,EVT-0031880,2026-07-09 22:12:24.098924,0.4115205503868937,lstm
SVC-000045,EVT-0031881,2026-07-09 22:13:23.014663,0.6976406552083401,lstm
SVC-000002,EVT-0031882,2026-07-09 22:15:17.106419,0.9983724764965395,lstm
SVC-000047,EVT-0031883,2026-07-09 22:17:18.740059,0.28405682691424733,lstm
SVC-000045,EVT-0031884,2026-07-09 22:17:34.232478,0.44002088000318956,lstm
DEV-000023,EVT-0031885,2026-07-09 22:20:44.991969,0.6547496190060336,lstm
SVC-000048,EVT-0031886,2026-07-09 22:21:10.223788,0.27366961778146554,lstm
SVC-000004,EVT-0031887,2026-07-09 22:21:51.727914,0.4641370094210032,lstm
SVC-000002,EVT-0031888,2026-07-09 22:22:01.395858,0.5937014231082064,lstm
SVC-000002,EVT-0031889,2026-07-09 22:22:56.748376,0.5026179332915603,lstm
SVC-000047,EVT-0031890,2026-07-09 22:25:43.556801,0.4092083160826726,lstm
SVC-000045,EVT-0031891,2026-07-09 22:25:46.255215,0.5388518145102725,lstm
SVC-000047,EVT-0031892,2026-07-09 22:29:14.524760,0.5395219135617787,lstm
DEV-000002,EVT-0031893,2026-07-09 22:29:30.741625,0.2891322681950957,lstm
SVC-000060,EVT-0031894,2026-07-09 22:29:45.485707,0.6264692785870115,lstm
SVC-000045,EVT-0031895,2026-07-09 22:30:43.493694,0.4962291735303261,lstm
SVC-000048,EVT-0031896,2026-07-09 22:32:23.358069,0.3537727520676275,lstm
USR-000141,EVT-0031897,2026-07-09 22:32:36.580319,0.4216615548488596,lstm
DEV-000005,EVT-0031898,2026-07-09 22:33:56.017315,0.4434255283437158,lstm
SVC-000002,EVT-0031899,2026-07-09 22:35:13.121995,0.32869159277128324,lstm
SVC-000003,EVT-0031900,2026-07-09 22:36:18.050504,0.39441555295273933,lstm
SVC-000002,EVT-0031901,2026-07-09 22:37:15.329544,0.40806855143918885,lstm
DEV-000005,EVT-0031902,2026-07-09 22:37:42.904084,0.8925110265264183,lstm
SVC-000047,EVT-0031903,2026-07-09 22:37:58.072662,0.2907778330738027,lstm
SVC-000004,EVT-0031904,2026-07-09 22:39:35.830002,0.47342904243858436,lstm
USR-000088,EVT-0031905,2026-07-09 22:40:43.915833,0.2854090703234039,lstm
DEV-000025,EVT-0031906,2026-07-09 22:41:09.284164,0.24526577872516886,lstm
SVC-000045,EVT-0031907,2026-07-09 22:42:29.138435,0.47501074834374885,lstm
SVC-000054,EVT-0031908,2026-07-09 22:42:39.333940,0.7358600489695974,lstm
SVC-000002,EVT-0031909,2026-07-09 22:42:47.369694,0.3340353007210726,lstm
SVC-000003,EVT-0031910,2026-07-09 22:43:20.594395,0.6717122472574268,lstm
SVC-000002,EVT-0031911,2026-07-09 22:43:21.289504,0.4950111219812849,lstm
SVC-000002,EVT-0031912,2026-07-09 22:46:32.612189,0.34126550535482886,lstm
SVC-000035,EVT-0031913,2026-07-09 22:46:50.098530,0.27768178601532933,lstm
DEV-000017,EVT-0031914,2026-07-09 22:48:28.679586,0.27887043025830227,lstm
DEV-000002,EVT-0031915,2026-07-09 22:50:32.551456,0.381449090833449,lstm
SVC-000002,EVT-0031916,2026-07-09 22:51:26.118739,0.3853256400122914,lstm
SVC-000032,EVT-0031917,2026-07-09 22:52:18.077243,0.9560718090772192,lstm
SVC-000045,EVT-0031918,2026-07-09 22:52:29.427404,0.41663166600487056,lstm
SVC-000002,EVT-0031919,2026-07-09 22:53:16.977413,0.3633832502215462,lstm
SVC-000045,EVT-0031920,2026-07-09 22:56:24.640915,0.4908791277151529,lstm
SVC-000056,EVT-0031921,2026-07-09 23:02:59.657994,0.9709185885353437,lstm
SVC-000032,EVT-0031922,2026-07-09 23:05:19.865654,0.24341875290965667,lstm
SVC-000025,EVT-0031923,2026-07-09 23:05:53.129304,0.9701994878860322,lstm
SVC-000059,EVT-0031924,2026-07-09 23:08:38.748537,0.9944761798994877,lstm
SVC-000045,EVT-0031925,2026-07-09 23:08:57.484805,0.3665367644997664,lstm
SVC-000002,EVT-0031926,2026-07-09 23:11:29.956757,0.3000158562773372,lstm
SVC-000059,EVT-0031927,2026-07-09 23:13:16.757197,0.22017032792324742,lstm
SVC-000059,EVT-0031928,2026-07-09 23:15:01.427856,0.27583110249794024,lstm
DEV-000002,EVT-0031929,2026-07-09 23:16:02.131753,0.34566518782929406,lstm
SVC-000059,EVT-0031930,2026-07-09 23:22:30.461493,0.2172928476308119,lstm
SVC-000047,EVT-0031931,2026-07-09 23:24:05.397151,0.8549196591606246,lstm
SVC-000059,EVT-0031932,2026-07-09 23:25:39.621052,0.2322446339266144,lstm
SVC-000041,EVT-0031933,2026-07-09 23:25:46.495091,0.9951877615715443,lstm
SVC-000032,EVT-0031934,2026-07-09 23:28:06.081594,0.20732027933701974,lstm
SVC-000032,EVT-0031935,2026-07-09 23:28:53.800900,0.45426925589793016,lstm
DEV-000021,EVT-0031936,2026-07-09 23:30:55.415013,0.7297862970160031,lstm
SVC-000002,EVT-0031937,2026-07-09 23:31:11.367213,0.345009302515593,lstm
SVC-000041,EVT-0031938,2026-07-09 23:31:19.164260,0.6058106058737817,lstm
DEV-000021,EVT-0031939,2026-07-09 23:32:16.137895,0.981099069428215,lstm
SVC-000025,EVT-0031940,2026-07-09 23:37:55.744019,0.30571355358437,lstm
DEV-000001,EVT-0031941,2026-07-09 23:39:54.370547,0.702666995074566,lstm
SVC-000032,EVT-0031942,2026-07-09 23:42:34.271069,0.2178881148562953,lstm
SVC-000041,EVT-0031943,2026-07-09 23:46:57.983057,0.3625487677960198,lstm
SVC-000059,EVT-0031944,2026-07-09 23:47:53.626681,0.2828109356032508,lstm
SVC-000002,EVT-0031945,2026-07-09 23:50:44.006336,0.5699444888935166,lstm
DEV-000013,EVT-0031946,2026-07-09 23:50:52.261009,0.40118972241587464,lstm
SVC-000059,EVT-0031947,2026-07-09 23:51:36.660873,0.6704741021498571,lstm
SVC-000002,EVT-0031948,2026-07-09 23:55:28.931440,0.26827168475615726,lstm
SVC-000059,EVT-0031949,2026-07-10 00:04:46.171436,0.6700118235529783,lstm
SVC-000059,EVT-0031950,2026-07-10 00:05:14.185023,0.65456902474864,lstm
DEV-000008,EVT-0031951,2026-07-10 00:05:20.904445,0.2840518201479147,lstm
SVC-000059,EVT-0031952,2026-07-10 00:07:41.624530,0.6128759399755668,lstm
SVC-000059,EVT-0031953,2026-07-10 00:08:39.974773,0.3210939830967847,lstm
SVC-000059,EVT-0031954,2026-07-10 00:13:54.006776,0.2119583844452791,lstm
SVC-000059,EVT-0031955,2026-07-10 00:15:04.113580,0.2681146539425584,lstm
DEV-000022,EVT-0031956,2026-07-10 00:21:19.044153,0.8320748606106216,lstm
SVC-000032,EVT-0031957,2026-07-10 00:21:19.395668,0.8268017347666087,lstm
SVC-000041,EVT-0031958,2026-07-10 00:21:53.468780,0.6329220102066977,lstm
SVC-000056,EVT-0031959,2026-07-10 00:21:56.502323,0.5568416909728641,lstm
SVC-000047,EVT-0031960,2026-07-10 00:26:12.243798,0.490338488578949,lstm
SVC-000059,EVT-0031961,2026-07-10 00:26:47.602828,0.223825944339051,lstm
SVC-000056,EVT-0031962,2026-07-10 00:27:22.512095,0.7362751394354956,lstm
DEV-000001,EVT-0031963,2026-07-10 00:32:13.074700,0.6446936550754017,lstm
USR-000106,EVT-0031964,2026-07-10 00:39:26.397031,0.55309517322162,lstm
DEV-000026,EVT-0031965,2026-07-10 00:41:19.704594,0.5491501183271356,lstm
USR-000150,EVT-0031966,2026-07-10 00:42:15.212190,0.6800813208208899,lstm
USR-000150,EVT-0031967,2026-07-10 00:44:13.386172,0.8263628819001189,lstm
SVC-000025,EVT-0031968,2026-07-10 00:52:44.765498,0.4219087164222961,lstm
DEV-000013,EVT-0031969,2026-07-10 00:53:31.741129,0.6812748965680443,lstm
DEV-000014,EVT-0031970,2026-07-10 00:57:31.398694,0.2218959157095922,lstm
SVC-000041,EVT-0031971,2026-07-10 01:00:29.411191,0.8245223617112079,lstm
SVC-000056,EVT-0031972,2026-07-10 01:01:02.538119,0.7014469061570494,lstm
DEV-000003,EVT-0031973,2026-07-10 01:05:50.892126,0.6573403822804906,lstm
SVC-000056,EVT-0031974,2026-07-10 01:10:35.370642,0.5469362983339269,lstm
SVC-000025,EVT-0031975,2026-07-10 01:11:07.022531,0.43697934641295644,lstm
USR-000113,EVT-0031976,2026-07-10 01:12:24.953376,0.6692710031813079,lstm
SVC-000018,EVT-0031977,2026-07-10 01:14:16.011608,0.9958294572158043,lstm
SVC-000056,EVT-0031978,2026-07-10 01:24:06.438820,0.6213167356651491,lstm
USR-000165,EVT-0031979,2026-07-10 01:26:41.886617,0.8610193378288221,lstm
SVC-000041,EVT-0031980,2026-07-10 01:29:53.448085,0.3574139676307955,lstm
SVC-000056,EVT-0031981,2026-07-10 01:30:00.580779,0.4713145846652868,lstm
SVC-000041,EVT-0031982,2026-07-10 01:30:48.674006,0.5110023429086896,lstm
SVC-000041,EVT-0031983,2026-07-10 01:31:16.308870,0.8684199993078476,lstm
USR-000106,EVT-0031984,2026-07-10 01:33:48.598813,0.2972992313985605,lstm
SVC-000041,EVT-0031985,2026-07-10 01:39:14.110719,0.2646569440556256,lstm
DEV-000014,EVT-0031986,2026-07-10 01:41:42.491206,0.21364908661567183,lstm
USR-000165,EVT-0031987,2026-07-10 01:47:00.323918,0.6044710141261523,lstm
SVC-000018,EVT-0031988,2026-07-10 01:47:59.850227,0.5838014249181736,lstm
SVC-000018,EVT-0031989,2026-07-10 01:48:35.708099,0.6566687980180208,lstm
USR-000150,EVT-0031990,2026-07-10 01:50:00.353716,0.43788307300590273,lstm
SVC-000018,EVT-0031991,2026-07-10 01:52:28.314513,0.31314869226144565,lstm
DEV-000022,EVT-0031992,2026-07-10 01:54:19.327151,0.6356601046353775,lstm
DEV-000008,EVT-0031993,2026-07-10 01:56:18.656358,0.3119694645670834,lstm
SVC-000041,EVT-0031994,2026-07-10 02:05:08.965469,0.5033873599659362,lstm
DEV-000016,EVT-0031995,2026-07-10 02:05:47.186615,0.6981102231201607,lstm
SVC-000041,EVT-0031996,2026-07-10 02:06:49.101111,0.7142319003372006,lstm
DEV-000012,EVT-0031997,2026-07-10 02:18:34.304346,0.7081074822528008,lstm
SVC-000018,EVT-0031998,2026-07-10 02:24:58.880218,0.3371253062840902,lstm
DEV-000014,EVT-0031999,2026-07-10 02:27:30.616207,0.3242602555843428,lstm
DEV-000010,EVT-0032000,2026-07-10 02:29:31.496567,0.5543018589560179,lstm
SVC-000018,EVT-0032001,2026-07-10 02:30:15.513392,0.38141146404431225,lstm
USR-000150,EVT-0032002,2026-07-10 02:32:39.942063,0.4154162634523819,lstm
SVC-000018,EVT-0032003,2026-07-10 02:45:42.800293,0.524198264087885,lstm
SVC-000041,EVT-0032004,2026-07-10 02:47:00.329237,0.7660790022949648,lstm
SVC-000014,EVT-0032005,2026-07-10 02:47:26.452764,0.9652855740279616,lstm
SVC-000014,EVT-0032006,2026-07-10 02:49:07.984505,0.5222265583456277,lstm
DEV-000012,EVT-0032007,2026-07-10 02:54:47.456144,0.733172353877301,lstm
USR-000106,EVT-0032008,2026-07-10 02:57:17.037379,0.4989437405256563,lstm
SVC-000041,EVT-0032009,2026-07-10 02:58:03.428832,0.6736707843507842,lstm
DEV-000013,EVT-0032010,2026-07-10 03:00:07.055964,0.33524414165662936,lstm
DEV-000001,EVT-0032011,2026-07-10 03:01:25.416850,0.5152135893400722,lstm
SVC-000018,EVT-0032012,2026-07-10 03:01:28.075358,0.34432769921476253,lstm
SVC-000041,EVT-0032013,2026-07-10 03:02:55.486977,0.5466492655384124,lstm
DEV-000006,EVT-0032014,2026-07-10 03:03:46.701507,0.70828132593508,lstm
SVC-000014,EVT-0032015,2026-07-10 03:04:08.629313,0.4698238355165365,lstm
SVC-000041,EVT-0032016,2026-07-10 03:04:46.334739,0.9488377484749194,lstm
SVC-000018,EVT-0032017,2026-07-10 03:09:29.813639,0.31731398228340135,lstm
USR-000014,EVT-0032018,2026-07-10 03:11:48.468344,0.7100130256329078,lstm
SVC-000056,EVT-0032019,2026-07-10 03:13:35.175622,0.780208131412819,lstm
USR-000106,EVT-0032020,2026-07-10 03:16:21.619770,0.44929049946958816,lstm
SVC-000018,EVT-0032021,2026-07-10 03:22:17.572856,0.387816959460909,lstm
SVC-000014,EVT-0032022,2026-07-10 03:32:57.093062,0.32515333210287656,lstm
SVC-000014,EVT-0032023,2026-07-10 03:33:57.298845,0.5609952285000571,lstm
SVC-000018,EVT-0032024,2026-07-10 03:37:16.739943,0.3207728757277806,lstm
DEV-000023,EVT-0032025,2026-07-10 03:37:34.099030,0.6563225061749247,lstm
SVC-000019,EVT-0032026,2026-07-10 03:38:51.514976,0.9927633635144615,lstm
SVC-000014,EVT-0032027,2026-07-10 03:42:11.208538,0.21000512162968094,lstm
SVC-000041,EVT-0032028,2026-07-10 03:45:42.017031,0.7677137062829054,lstm
DEV-000017,EVT-0032029,2026-07-10 03:47:16.631964,0.4319227532666671,lstm
SVC-000014,EVT-0032030,2026-07-10 03:48:09.958993,0.20712992755424875,lstm
SVC-000014,EVT-0032031,2026-07-10 03:53:14.193941,0.2532965106998645,lstm
USR-000119,EVT-0032032,2026-07-10 03:54:35.211311,0.9254447468048491,lstm
SVC-000014,EVT-0032033,2026-07-10 03:58:17.139620,0.22877580077791937,lstm
DEV-000001,EVT-0032034,2026-07-10 03:58:33.200513,0.45213273715547597,lstm
SVC-000014,EVT-0032035,2026-07-10 03:58:44.128529,0.5050794887893684,lstm
SVC-000015,EVT-0032036,2026-07-10 04:02:36.633091,0.9982322441139685,lstm
USR-000076,EVT-0032037,2026-07-10 04:04:30.373487,0.772164465500835,lstm
SVC-000020,EVT-0032038,2026-07-10 04:06:23.123967,0.976992366817726,lstm
DEV-000008,EVT-0032039,2026-07-10 04:06:45.036154,0.2659599114749636,lstm
SVC-000014,EVT-0032040,2026-07-10 04:15:34.149432,0.280672389356132,lstm
DEV-000024,EVT-0032041,2026-07-10 04:16:04.333324,0.8756379732891344,lstm
SVC-000019,EVT-0032042,2026-07-10 04:17:11.069308,0.3845191947751236,lstm
DEV-000023,EVT-0032043,2026-07-10 04:19:24.978492,0.7327708604235535,lstm
SVC-000015,EVT-0032044,2026-07-10 04:19:28.278398,0.43748612838385376,lstm
SVC-000020,EVT-0032045,2026-07-10 04:28:37.894109,0.8334911837215313,lstm
SVC-000019,EVT-0032046,2026-07-10 04:28:42.451094,0.2655316576756813,lstm
SVC-000019,EVT-0032047,2026-07-10 04:32:22.260486,0.30115289171177684,lstm
SVC-000020,EVT-0032048,2026-07-10 04:33:55.432060,0.4622921580344101,lstm
SVC-000019,EVT-0032049,2026-07-10 04:34:34.684680,0.33525160629081063,lstm
DEV-000001,EVT-0032050,2026-07-10 04:37:04.630929,0.5010948059369064,lstm
DEV-000018,EVT-0032051,2026-07-10 04:42:27.713466,0.770355611541333,lstm
DEV-000003,EVT-0032052,2026-07-10 04:43:41.501642,0.39030731699817217,lstm
SVC-000015,EVT-0032053,2026-07-10 04:44:54.209434,0.47451719280607474,lstm
SVC-000020,EVT-0032054,2026-07-10 04:45:44.036678,0.38823537044735246,lstm
SVC-000019,EVT-0032055,2026-07-10 04:46:34.522159,0.2156724504898123,lstm
SVC-000019,EVT-0032056,2026-07-10 04:48:10.666454,0.36222345350324897,lstm
SVC-000015,EVT-0032057,2026-07-10 04:49:20.150347,0.3210713538921249,lstm
SVC-000015,EVT-0032058,2026-07-10 04:50:06.693755,0.5611347147720428,lstm
USR-000076,EVT-0032059,2026-07-10 04:54:02.604097,0.5348560722529089,lstm
USR-000067,EVT-0032060,2026-07-10 05:01:30.314822,0.41336492696912686,lstm
USR-000157,EVT-0032061,2026-07-10 05:01:55.203106,0.5191545069454676,lstm
SVC-000015,EVT-0032062,2026-07-10 05:05:12.829325,0.28836638062968284,lstm
USR-000114,EVT-0032063,2026-07-10 05:08:09.796927,0.9708551483611718,lstm
SVC-000031,EVT-0032064,2026-07-10 05:16:37.658882,0.9922363114826952,lstm
SVC-000015,EVT-0032065,2026-07-10 05:17:30.723911,0.29345014499272193,lstm
DEV-000010,EVT-0032066,2026-07-10 05:17:37.037575,0.3943427127305672,lstm
SVC-000019,EVT-0032067,2026-07-10 05:35:03.249658,0.293701130716452,lstm
SVC-000014,EVT-0032068,2026-07-10 05:38:00.402266,0.5117728053118596,lstm
SVC-000015,EVT-0032069,2026-07-10 05:48:48.158366,0.299341608168894,lstm
USR-000025,EVT-0032070,2026-07-10 05:50:29.420216,0.6436929826648855,lstm
DEV-000012,EVT-0032071,2026-07-10 05:50:52.973295,0.6566036467585421,lstm
SVC-000015,EVT-0032072,2026-07-10 05:53:56.136913,0.3164876656873637,lstm
DEV-000023,EVT-0032073,2026-07-10 05:56:31.981439,0.35965930523125106,lstm
SVC-000014,EVT-0032074,2026-07-10 05:58:35.753917,0.3929189371593743,lstm
USR-000014,EVT-0032075,2026-07-10 06:05:26.849698,0.4111039980996761,lstm
DEV-000020,EVT-0032076,2026-07-10 06:09:56.115197,0.3422720193233432,lstm
SVC-000031,EVT-0032077,2026-07-10 06:12:13.238838,0.4831459815369202,lstm
DEV-000017,EVT-0032078,2026-07-10 06:13:46.098763,0.4297673104684094,lstm
USR-000082,EVT-0032079,2026-07-10 06:15:44.973134,0.4208926180511559,lstm
DEV-000008,EVT-0032080,2026-07-10 06:16:57.942617,0.40884433643766693,lstm
SVC-000051,EVT-0032081,2026-07-10 06:21:35.561593,0.9190797943893277,lstm
DEV-000018,EVT-0032082,2026-07-10 06:25:28.210392,0.5881587823598284,lstm
USR-000082,EVT-0032083,2026-07-10 06:36:08.135940,0.3595057486866172,lstm
USR-000007,EVT-0032084,2026-07-10 06:39:10.749256,0.5349746617860072,lstm
DEV-000004,EVT-0032085,2026-07-10 06:39:45.672445,0.5583026243617654,lstm
SVC-000031,EVT-0032086,2026-07-10 06:40:51.089169,0.31116154463277707,lstm
USR-000069,EVT-0032087,2026-07-10 06:41:32.100642,0.588694891868739,lstm
SVC-000031,EVT-0032088,2026-07-10 06:43:15.272479,0.3397877345173642,lstm
USR-000014,EVT-0032089,2026-07-10 06:43:23.999341,0.3890489148863393,lstm
DEV-000006,EVT-0032090,2026-07-10 06:46:45.142262,0.3430677432345841,lstm
USR-000025,EVT-0032091,2026-07-10 06:47:38.850085,0.5972807244187889,lstm
DEV-000008,EVT-0032092,2026-07-10 06:50:40.274818,0.5519023108690921,lstm
DEV-000023,EVT-0032093,2026-07-10 06:50:53.607166,0.48303502857618263,lstm
DEV-000026,EVT-0032094,2026-07-10 06:51:32.222991,0.6482324190015124,lstm
SVC-000031,EVT-0032095,2026-07-10 06:54:10.300898,0.22283256450465513,lstm
DEV-000013,EVT-0032096,2026-07-10 06:54:22.737482,0.7720041159173443,lstm
SVC-000016,EVT-0032097,2026-07-10 06:55:30.193386,0.956525544232371,lstm
USR-000162,EVT-0032098,2026-07-10 06:57:14.524725,0.9665931977957398,lstm
USR-000022,EVT-0032099,2026-07-10 06:57:40.975064,0.7764525402756034,lstm
SVC-000055,EVT-0032100,2026-07-10 06:57:57.276558,0.9986581919923205,lstm
USR-000051,EVT-0032101,2026-07-10 06:59:46.218069,0.8949520224305558,lstm
USR-000067,EVT-0032102,2026-07-10 07:04:37.560135,0.2629145770790422,lstm
SVC-000031,EVT-0032103,2026-07-10 07:09:48.370695,0.43980110738048317,lstm
SVC-000031,EVT-0032104,2026-07-10 07:10:09.668629,0.6717118551123943,lstm
SVC-000031,EVT-0032105,2026-07-10 07:11:22.768081,0.510939724523486,lstm
USR-000157,EVT-0032106,2026-07-10 07:11:28.749625,0.3658253312604046,lstm
USR-000054,EVT-0032107,2026-07-10 07:11:35.227896,0.932560298470648,lstm
DEV-000023,EVT-0032108,2026-07-10 07:13:33.470984,0.4935792682124964,lstm
DEV-000019,EVT-0032109,2026-07-10 07:13:49.860397,0.9851680723287953,lstm
SVC-000055,EVT-0032110,2026-07-10 07:17:38.777373,0.5943333120352327,lstm
USR-000066,EVT-0032111,2026-07-10 07:18:33.032794,0.6384618131252091,lstm
SVC-000055,EVT-0032112,2026-07-10 07:19:51.492149,0.7196975805178745,lstm
SVC-000040,EVT-0032113,2026-07-10 07:23:30.633597,0.9892598229500078,lstm
SVC-000031,EVT-0032114,2026-07-10 07:23:56.030260,0.3400773199539886,lstm
DEV-000011,EVT-0032115,2026-07-10 07:25:26.847248,0.45860900294669715,lstm
SVC-000055,EVT-0032116,2026-07-10 07:27:46.922134,0.46890996491765874,lstm
USR-000051,EVT-0032117,2026-07-10 07:29:14.522083,0.5607708985160034,lstm
USR-000102,EVT-0032118,2026-07-10 07:29:21.182824,0.906836236293158,lstm
SVC-000011,EVT-0032119,2026-07-10 07:33:01.737624,0.996998704312883,lstm
SVC-000040,EVT-0032120,2026-07-10 07:35:43.126004,0.4347862689268727,lstm
SVC-000011,EVT-0032121,2026-07-10 07:37:30.784113,0.378244438552673,lstm
SVC-000040,EVT-0032122,2026-07-10 07:42:34.458196,0.4547874255997851,lstm
SVC-000031,EVT-0032123,2026-07-10 07:44:41.917301,0.31933435035229535,lstm
SVC-000055,EVT-0032124,2026-07-10 07:44:58.864086,0.501795071387238,lstm
USR-000036,EVT-0032125,2026-07-10 07:52:58.291146,0.5664000906137193,lstm
SVC-000040,EVT-0032126,2026-07-10 07:53:04.833012,0.42374956554518706,lstm
USR-000025,EVT-0032127,2026-07-10 07:54:04.732034,0.35189574619131836,lstm
SVC-000030,EVT-0032128,2026-07-10 07:54:24.296739,0.9784930299968435,lstm
USR-000041,EVT-0032129,2026-07-10 07:55:04.126599,0.38076195330029305,lstm
DEV-000025,EVT-0032130,2026-07-10 07:56:02.779386,0.8754090384519019,lstm
USR-000137,EVT-0032131,2026-07-10 07:57:32.121439,0.69131494592647,lstm
SVC-000055,EVT-0032132,2026-07-10 07:58:38.148488,0.25354787139929386,lstm
DEV-000007,EVT-0032133,2026-07-10 07:59:46.814401,0.37163239615438265,lstm
SVC-000031,EVT-0032134,2026-07-10 08:00:10.907043,0.3105498048618583,lstm
SVC-000040,EVT-0032135,2026-07-10 08:00:37.882200,0.34569982308206,lstm
USR-000102,EVT-0032136,2026-07-10 08:00:45.718215,0.7185409104055501,lstm
SVC-000011,EVT-0032137,2026-07-10 08:01:43.266750,0.3326309938360083,lstm
SVC-000024,EVT-0032138,2026-07-10 08:01:53.328320,0.9998700042143638,lstm
SVC-000040,EVT-0032139,2026-07-10 08:03:38.141036,0.3328357598350263,lstm
USR-000172,EVT-0032140,2026-07-10 08:03:50.484629,0.6280128430724612,lstm
USR-000042,EVT-0032141,2026-07-10 08:04:09.464323,0.5445972538579659,lstm
SVC-000055,EVT-0032142,2026-07-10 08:04:20.038304,0.4590461714503605,lstm
USR-000093,EVT-0032143,2026-07-10 08:04:25.667566,0.828349080678603,lstm
USR-000156,EVT-0032144,2026-07-10 08:05:50.238049,0.7072723184196346,lstm
SVC-000055,EVT-0032145,2026-07-10 08:06:49.805386,0.6905101489816179,lstm
USR-000112,EVT-0032146,2026-07-10 08:10:31.668854,0.5753702136574119,lstm
DEV-000004,EVT-0032147,2026-07-10 08:10:58.099825,0.39030972886254217,lstm
USR-000118,EVT-0032148,2026-07-10 08:11:38.531923,0.7835284336632717,lstm
USR-000153,EVT-0032149,2026-07-10 08:12:37.064513,0.6784467109255704,lstm
SVC-000011,EVT-0032150,2026-07-10 08:13:23.766698,0.30433528686051536,lstm
SVC-000011,EVT-0032151,2026-07-10 08:13:34.458791,0.5654652168727612,lstm
SVC-000055,EVT-0032152,2026-07-10 08:15:18.587786,0.7990630669316767,lstm
SVC-000040,EVT-0032153,2026-07-10 08:15:59.053841,0.42016258359177444,lstm
USR-000082,EVT-0032154,2026-07-10 08:16:29.298604,0.2555763650461531,lstm
SVC-000011,EVT-0032155,2026-07-10 08:17:10.260968,0.2777110053911231,lstm
DEV-000020,EVT-0032156,2026-07-10 08:17:25.815954,0.19835485794446503,lstm
SVC-000055,EVT-0032157,2026-07-10 08:18:10.232658,0.40963642370470715,lstm
SVC-000040,EVT-0032158,2026-07-10 08:20:45.395767,0.38558518043137474,lstm
SVC-000040,EVT-0032159,2026-07-10 08:21:13.786084,0.5693737582620814,lstm
USR-000104,EVT-0032160,2026-07-10 08:23:40.765054,0.7070479290083642,lstm
SVC-000046,EVT-0032161,2026-07-10 08:24:56.779175,0.9905150767190357,lstm
SVC-000011,EVT-0032162,2026-07-10 08:25:18.739617,0.6358781412094658,lstm
USR-000153,EVT-0032163,2026-07-10 08:25:56.096997,0.4111894913585695,lstm
SVC-000046,EVT-0032164,2026-07-10 08:26:11.225152,0.8253996806513593,lstm
USR-000041,EVT-0032165,2026-07-10 08:27:58.254202,0.402450624972761,lstm
DEV-000006,EVT-0032166,2026-07-10 08:29:07.826068,0.20255926165426327,lstm
SVC-000046,EVT-0032167,2026-07-10 08:31:25.989281,0.4215217652087934,lstm
USR-000157,EVT-0032168,2026-07-10 08:32:31.020467,0.22620235248870918,lstm
SVC-000046,EVT-0032169,2026-07-10 08:33:09.557946,0.4741403709752646,lstm
DEV-000003,EVT-0032170,2026-07-10 08:35:43.605728,0.40751983446267004,lstm
USR-000039,EVT-0032171,2026-07-10 08:37:55.425699,0.7466091412071143,lstm
USR-000029,EVT-0032172,2026-07-10 08:40:46.317145,0.6174468082942045,lstm
SVC-000053,EVT-0032173,2026-07-10 08:41:03.805331,0.994334246893347,lstm
SVC-000024,EVT-0032174,2026-07-10 08:42:28.694124,0.7914893963365482,lstm
SVC-000030,EVT-0032175,2026-07-10 08:42:31.487190,0.5399304792041059,lstm
SVC-000030,EVT-0032176,2026-07-10 08:44:21.001714,0.7768102098088376,lstm
SVC-000039,EVT-0032177,2026-07-10 08:44:34.092523,0.993660230541384,lstm
SVC-000046,EVT-0032178,2026-07-10 08:44:49.898345,0.25012010797402934,lstm
SVC-000011,EVT-0032179,2026-07-10 08:46:49.995862,0.3740856828394125,lstm
SVC-000008,EVT-0032180,2026-07-10 08:47:28.192486,0.9822754495516414,lstm
SVC-000046,EVT-0032181,2026-07-10 08:50:34.443059,0.33036867121922175,lstm
SVC-000031,EVT-0032182,2026-07-10 08:50:47.820114,0.5324563162669921,lstm
SVC-000011,EVT-0032183,2026-07-10 08:50:50.922348,0.3842066637232478,lstm
SVC-000030,EVT-0032184,2026-07-10 08:53:11.615975,0.3531356540420516,lstm
DEV-000012,EVT-0032185,2026-07-10 08:53:39.283762,0.4821603901321258,lstm
SVC-000011,EVT-0032186,2026-07-10 08:54:23.987148,0.4949460348161265,lstm
USR-000022,EVT-0032187,2026-07-10 08:56:00.593023,0.5112844629378825,lstm
USR-000039,EVT-0032188,2026-07-10 08:57:24.235694,0.5139536600767008,lstm
USR-000039,EVT-0032189,2026-07-10 08:58:28.578562,0.6998955536876604,lstm
SVC-000011,EVT-0032190,2026-07-10 08:58:33.874184,0.46530142459039836,lstm
USR-000191,EVT-0032191,2026-07-10 08:59:03.815524,0.7101925370688851,lstm
DEV-000013,EVT-0032192,2026-07-10 08:59:10.286202,0.6795892997651827,lstm
DEV-000016,EVT-0032193,2026-07-10 09:00:16.425689,0.5317236877060211,lstm
SVC-000013,EVT-0032194,2026-07-10 09:02:40.106973,0.9945833547373945,lstm
USR-000157,EVT-0032195,2026-07-10 09:04:14.642700,0.32224374744394285,lstm
SVC-000042,EVT-0032196,2026-07-10 09:04:41.810463,0.9819378272366663,lstm
USR-000082,EVT-0032197,2026-07-10 09:06:23.787024,0.40673552827892284,lstm
SVC-000016,EVT-0032198,2026-07-10 09:06:31.486703,0.8723431272558482,lstm
USR-000042,EVT-0032199,2026-07-10 09:06:32.971859,0.41775137486019587,lstm
USR-000162,EVT-0032200,2026-07-10 09:06:49.857909,0.7336103822744172,lstm
SVC-000051,EVT-0032201,2026-07-10 09:08:56.698757,0.4197307550162523,lstm
USR-000153,EVT-0032202,2026-07-10 09:10:05.851095,0.32570370403412363,lstm
SVC-000039,EVT-0032203,2026-07-10 09:11:49.351166,0.4208103116803415,lstm
USR-000159,EVT-0032204,2026-07-10 09:13:47.664418,0.9210445957243099,lstm
USR-000039,EVT-0032205,2026-07-10 09:14:35.512765,0.3700673859880398,lstm
SVC-000042,EVT-0032206,2026-07-10 09:15:31.121487,0.3679299072751626,lstm
SVC-000046,EVT-0032207,2026-07-10 09:16:28.155713,0.3326148416115447,lstm
USR-000022,EVT-0032208,2026-07-10 09:16:29.625730,0.5003725416099439,lstm
SVC-000011,EVT-0032209,2026-07-10 09:17:18.062704,0.3185110815028772,lstm
DEV-000018,EVT-0032210,2026-07-10 09:17:46.425270,0.3118732078225845,lstm
DEV-000018,EVT-0032211,2026-07-10 09:18:11.640155,0.954716127663456,lstm
DEV-000018,EVT-0032212,2026-07-10 09:18:12.924778,0.9735629375456737,lstm
USR-000006,EVT-0032213,2026-07-10 09:18:33.717672,0.5178420795854656,lstm
USR-000036,EVT-0032214,2026-07-10 09:18:36.528896,0.3237960528037808,lstm
SVC-000016,EVT-0032215,2026-07-10 09:19:07.085392,0.6172634076420441,lstm
SVC-000008,EVT-0032216,2026-07-10 09:19:17.163031,0.7550523982132898,lstm
SVC-000046,EVT-0032217,2026-07-10 09:20:39.283233,0.39192482087205394,lstm
USR-000049,EVT-0032218,2026-07-10 09:20:59.291544,0.6157445131469381,lstm
USR-000091,EVT-0032219,2026-07-10 09:21:33.970322,0.5846777238955018,lstm
DEV-000016,EVT-0032220,2026-07-10 09:22:20.678102,0.5943743414152975,lstm
USR-000156,EVT-0032221,2026-07-10 09:25:06.022996,0.3800799169551702,lstm
SVC-000011,EVT-0032222,2026-07-10 09:26:37.505590,0.39625856468014165,lstm
USR-000190,EVT-0032223,2026-07-10 09:27:22.964548,0.6187969864469249,lstm
DEV-000021,EVT-0032224,2026-07-10 09:29:46.468568,0.46507267497430016,lstm
SVC-000001,EVT-0032225,2026-07-10 09:29:53.529982,0.9854620621622457,lstm
USR-000001,EVT-0032226,2026-07-10 09:29:58.650230,0.9545547342206699,lstm
USR-000157,EVT-0032227,2026-07-10 09:30:18.614655,0.4869381045898949,lstm
SVC-000024,EVT-0032228,2026-07-10 09:31:10.246377,0.7167998115795741,lstm
SVC-000042,EVT-0032229,2026-07-10 09:31:20.970122,0.29274896390867394,lstm
SVC-000016,EVT-0032230,2026-07-10 09:32:40.084441,0.41804052979449485,lstm
SVC-000051,EVT-0032231,2026-07-10 09:33:17.111338,0.40458524075787516,lstm
SVC-000039,EVT-0032232,2026-07-10 09:33:26.689991,0.3594821259473292,lstm
SVC-000042,EVT-0032233,2026-07-10 09:33:40.740123,0.4302760796297733,lstm
SVC-000042,EVT-0032234,2026-07-10 09:34:01.798936,0.550022018801911,lstm
USR-000156,EVT-0032235,2026-07-10 09:34:32.680882,0.47084628717045607,lstm
SVC-000053,EVT-0032236,2026-07-10 09:35:29.440514,0.4185247791657062,lstm
DEV-000018,EVT-0032237,2026-07-10 09:36:18.590760,0.4418923348717875,lstm
SVC-000039,EVT-0032238,2026-07-10 09:37:46.787898,0.6357298311585597,lstm
USR-000066,EVT-0032239,2026-07-10 09:38:48.645163,0.4505871784849078,lstm
SVC-000013,EVT-0032240,2026-07-10 09:39:00.783323,0.5773324447273235,lstm
USR-000114,EVT-0032241,2026-07-10 09:39:27.462392,0.7622002401165308,lstm
SVC-000053,EVT-0032242,2026-07-10 09:40:20.873247,0.5209350972678535,lstm
USR-000039,EVT-0032243,2026-07-10 09:40:32.776752,0.3471103845229489,lstm
USR-000157,EVT-0032244,2026-07-10 09:42:26.911274,0.49099943813122343,lstm
SVC-000030,EVT-0032245,2026-07-10 09:44:54.649300,0.44253196563592034,lstm
USR-000157,EVT-0032246,2026-07-10 09:45:09.834042,0.6360156543753377,lstm
USR-000153,EVT-0032247,2026-07-10 09:47:02.690763,0.23558188889382262,lstm
SVC-000013,EVT-0032248,2026-07-10 09:48:29.118242,0.5394425356472167,lstm
SVC-000024,EVT-0032249,2026-07-10 09:48:30.474948,0.4614479143711601,lstm
USR-000051,EVT-0032250,2026-07-10 09:49:10.222415,0.31475922255072963,lstm
USR-000036,EVT-0032251,2026-07-10 09:50:18.288592,0.3736342016670148,lstm
USR-000051,EVT-0032252,2026-07-10 09:51:04.981160,0.581209997641674,lstm
USR-000001,EVT-0032253,2026-07-10 09:52:01.658054,0.7668653457064895,lstm
USR-000042,EVT-0032254,2026-07-10 09:52:33.194931,0.2748189738578346,lstm
SVC-000008,EVT-0032255,2026-07-10 09:53:09.127908,0.8524371617682533,lstm
SVC-000021,EVT-0032256,2026-07-10 09:53:46.006855,0.9582407258219205,lstm
USR-000153,EVT-0032257,2026-07-10 09:55:18.067461,0.40942310631034745,lstm
SVC-000053,EVT-0032258,2026-07-10 09:55:26.475596,0.710634417611068,lstm
SVC-000024,EVT-0032259,2026-07-10 09:56:10.685511,0.32248789881006984,lstm
SVC-000030,EVT-0032260,2026-07-10 09:57:04.254562,0.5906449657012945,lstm
SVC-000053,EVT-0032261,2026-07-10 09:57:12.380551,0.912591475726128,lstm
DEV-000010,EVT-0032262,2026-07-10 10:00:01.448975,0.38294468920007524,lstm
USR-000111,EVT-0032263,2026-07-10 10:00:49.934378,0.5908487301600398,lstm
USR-000132,EVT-0032264,2026-07-10 10:02:57.058775,0.9694898544733428,lstm
USR-000162,EVT-0032265,2026-07-10 10:03:33.687813,0.5075551701676004,lstm
DEV-000008,EVT-0032266,2026-07-10 10:03:34.265759,0.7130794237739121,lstm
SVC-000013,EVT-0032267,2026-07-10 10:04:05.278792,0.43283946946062624,lstm
USR-000022,EVT-0032268,2026-07-10 10:04:37.102496,0.30594027052732164,lstm
SVC-000024,EVT-0032269,2026-07-10 10:05:07.219556,0.4097836011326955,lstm
USR-000060,EVT-0032270,2026-07-10 10:05:35.362441,0.5068808108882069,lstm
DEV-000005,EVT-0032271,2026-07-10 10:05:38.567601,0.5672723125551817,lstm
SVC-000024,EVT-0032272,2026-07-10 10:05:51.167522,0.6060631847901347,lstm
SVC-000051,EVT-0032273,2026-07-10 10:07:12.447614,0.4923136361751948,lstm
USR-000054,EVT-0032274,2026-07-10 10:07:34.614422,0.4233225731516125,lstm
USR-000164,EVT-0032275,2026-07-10 10:07:54.529278,0.4038875840299536,lstm
USR-000006,EVT-0032276,2026-07-10 10:09:33.874295,0.24406172345486998,lstm
USR-000093,EVT-0032277,2026-07-10 10:09:44.993903,0.3017586482151114,lstm
SVC-000039,EVT-0032278,2026-07-10 10:10:05.390579,0.2624129931678487,lstm
USR-000120,EVT-0032279,2026-07-10 10:10:34.387534,0.36034019663640754,lstm
USR-000042,EVT-0032280,2026-07-10 10:10:53.554985,0.27459640670536306,lstm
USR-000190,EVT-0032281,2026-07-10 10:11:42.682032,0.4935918454787668,lstm
SVC-000024,EVT-0032282,2026-07-10 10:12:01.199062,0.3470640763272796,lstm
DEV-000021,EVT-0032283,2026-07-10 10:12:04.391172,0.30665542837836174,lstm
SVC-000039,EVT-0032284,2026-07-10 10:12:17.372837,0.7008150031546436,lstm
USR-000066,EVT-0032285,2026-07-10 10:13:18.979579,0.3570300801095741,lstm
SVC-000016,EVT-0032286,2026-07-10 10:13:57.186487,0.4431738510848146,lstm
SVC-000013,EVT-0032287,2026-07-10 10:14:15.581663,0.37911102167507177,lstm
SVC-000042,EVT-0032288,2026-07-10 10:14:40.504216,0.32086861694463026,lstm
USR-000129,EVT-0032289,2026-07-10 10:14:42.931401,0.5164748604285261,lstm
USR-000105,EVT-0032290,2026-07-10 10:14:52.264322,0.5087172499943384,lstm
SVC-000024,EVT-0032291,2026-07-10 10:15:35.725897,0.40430713989363115,lstm
SVC-000024,EVT-0032292,2026-07-10 10:16:14.558992,0.5168111652416602,lstm
USR-000067,EVT-0032293,2026-07-10 10:16:40.997675,0.37895112607330417,lstm
SVC-000039,EVT-0032294,2026-07-10 10:17:21.430449,0.47264919160378743,lstm
SVC-000013,EVT-0032295,2026-07-10 10:19:05.125362,0.7646259524965803,lstm
SVC-000053,EVT-0032296,2026-07-10 10:20:27.483775,0.28739496985593727,lstm
USR-000060,EVT-0032297,2026-07-10 10:20:45.739842,0.48562314976560506,lstm
USR-000024,EVT-0032298,2026-07-10 10:22:14.984090,0.49969584808197026,lstm
SVC-000013,EVT-0032299,2026-07-10 10:22:26.202899,0.5571655620858185,lstm
USR-000066,EVT-0032300,2026-07-10 10:22:41.683522,0.4771277092932027,lstm
USR-000073,EVT-0032301,2026-07-10 10:22:52.550695,0.7783598487538321,lstm
USR-000041,EVT-0032302,2026-07-10 10:26:42.081972,0.21917422566229278,lstm
SVC-000016,EVT-0032303,2026-07-10 10:27:19.103596,0.4358603575733228,lstm
SVC-000053,EVT-0032304,2026-07-10 10:28:36.749205,0.2792359778909556,lstm
USR-000157,EVT-0032305,2026-07-10 10:29:51.215953,0.37802974205453876,lstm
SVC-000024,EVT-0032306,2026-07-10 10:30:31.139772,0.4100095686506416,lstm
SVC-000013,EVT-0032307,2026-07-10 10:31:35.072167,0.33360753409102367,lstm
SVC-000042,EVT-0032308,2026-07-10 10:31:46.093057,0.2256503332141034,lstm
USR-000060,EVT-0032309,2026-07-10 10:32:47.331747,0.33686133731923007,lstm
USR-000036,EVT-0032310,2026-07-10 10:32:54.528374,0.3283929626824172,lstm
DEV-000024,EVT-0032311,2026-07-10 10:34:20.792972,0.38970737400478755,lstm
DEV-000003,EVT-0032312,2026-07-10 10:35:20.631452,0.3936372446330738,lstm
SVC-000051,EVT-0032313,2026-07-10 10:37:04.051107,0.536466739340639,lstm
SVC-000024,EVT-0032314,2026-07-10 10:38:43.203696,0.33674643733368914,lstm
DEV-000023,EVT-0032315,2026-07-10 10:38:43.664936,0.45438385103021406,lstm
SVC-000016,EVT-0032316,2026-07-10 10:39:12.094503,0.2785846612560863,lstm
SVC-000008,EVT-0032317,2026-07-10 10:39:51.377763,0.3737126251666201,lstm
DEV-000006,EVT-0032318,2026-07-10 10:40:11.331070,0.13959200879769948,lstm
USR-000105,EVT-0032319,2026-07-10 10:42:22.005602,0.34479813167798645,lstm
SVC-000013,EVT-0032320,2026-07-10 10:42:26.917957,0.35536516106129484,lstm
USR-000153,EVT-0032321,2026-07-10 10:42:54.836986,0.35147938974557097,lstm
SVC-000024,EVT-0032322,2026-07-10 10:43:01.831851,0.3608196569035634,lstm
USR-000029,EVT-0032323,2026-07-10 10:45:52.096694,0.3795246709310644,lstm
SVC-000039,EVT-0032324,2026-07-10 10:46:12.662378,0.37529714165161737,lstm
SVC-000042,EVT-0032325,2026-07-10 10:46:29.919536,0.2330721178588526,lstm
SVC-000039,EVT-0032326,2026-07-10 10:47:14.185868,0.6702150321703987,lstm
USR-000102,EVT-0032327,2026-07-10 10:47:34.719981,0.4704449259939761,lstm
SVC-000013,EVT-0032328,2026-07-10 10:48:55.806222,0.5694584531489003,lstm
USR-000068,EVT-0032329,2026-07-10 10:49:13.596929,0.4676144156331784,lstm
USR-000135,EVT-0032330,2026-07-10 10:49:31.787818,0.2825602791807849,lstm
USR-000190,EVT-0032331,2026-07-10 10:51:08.435878,0.3217076402710378,lstm
SVC-000030,EVT-0032332,2026-07-10 10:54:20.000195,0.7055044887383526,lstm
USR-000069,EVT-0032333,2026-07-10 10:54:34.002340,0.5636748314692476,lstm
SVC-000039,EVT-0032334,2026-07-10 10:56:36.150075,0.4003894079421709,lstm
SVC-000042,EVT-0032335,2026-07-10 10:57:25.972579,0.23341867912310568,lstm
USR-000164,EVT-0032336,2026-07-10 10:58:57.056117,0.2878925365161364,lstm
SVC-000008,EVT-0032337,2026-07-10 10:59:12.343237,0.42126762677558854,lstm
USR-000112,EVT-0032338,2026-07-10 10:59:18.088924,0.27459527295229247,lstm
SVC-000024,EVT-0032339,2026-07-10 10:59:53.082976,0.37495202635793035,lstm
SVC-000024,EVT-0032340,2026-07-10 11:01:22.796867,0.8541580382283772,lstm
SVC-000013,EVT-0032341,2026-07-10 11:03:01.888508,0.44735589719476954,lstm
SVC-000039,EVT-0032342,2026-07-10 11:05:34.376110,0.43291674177809597,lstm
SVC-000021,EVT-0032343,2026-07-10 11:06:55.252113,0.5713855246134986,lstm
USR-000060,EVT-0032344,2026-07-10 11:08:22.212074,0.24818909224325145,lstm
USR-000174,EVT-0032345,2026-07-10 11:08:27.884442,0.5026142007745358,lstm
DEV-000004,EVT-0032346,2026-07-10 11:08:56.789371,0.30813811542862374,lstm
USR-000164,EVT-0032347,2026-07-10 11:10:06.907330,0.40157079162579273,lstm
DEV-000011,EVT-0032348,2026-07-10 11:10:18.961955,0.28336852366459986,lstm
USR-000102,EVT-0032349,2026-07-10 11:11:07.460016,0.5094622647757496,lstm
DEV-000015,EVT-0032350,2026-07-10 11:11:48.512321,0.8098587698442737,lstm
USR-000039,EVT-0032351,2026-07-10 11:12:57.405644,0.26330002863291835,lstm
SVC-000042,EVT-0032352,2026-07-10 11:13:17.707898,0.2570616955927447,lstm
USR-000118,EVT-0032353,2026-07-10 11:14:10.299706,0.38582514936316104,lstm
SVC-000042,EVT-0032354,2026-07-10 11:14:58.351788,0.3574679324824636,lstm
SVC-000013,EVT-0032355,2026-07-10 11:15:35.163900,0.4491584874877131,lstm
USR-000156,EVT-0032356,2026-07-10 11:15:44.908364,0.33546811036982,lstm
USR-000054,EVT-0032357,2026-07-10 11:18:19.641536,0.40205291859683995,lstm
USR-000097,EVT-0032358,2026-07-10 11:19:26.642173,0.6108294610979819,lstm
USR-000091,EVT-0032359,2026-07-10 11:20:53.050121,0.26021555094435755,lstm
SVC-000001,EVT-0032360,2026-07-10 11:21:18.826467,0.44433649078543214,lstm
USR-000007,EVT-0032361,2026-07-10 11:22:07.750087,0.32183101210190834,lstm
SVC-000021,EVT-0032362,2026-07-10 11:26:19.699635,0.7182562831547934,lstm
SVC-000039,EVT-0032363,2026-07-10 11:26:41.526030,0.43033889151062765,lstm
SVC-000016,EVT-0032364,2026-07-10 11:27:36.875830,0.39526424547785177,lstm
USR-000206,EVT-0032365,2026-07-10 11:27:44.640274,0.45367768002162545,lstm
USR-000049,EVT-0032366,2026-07-10 11:27:46.376954,0.4110399247365949,lstm
USR-000022,EVT-0032367,2026-07-10 11:29:11.910058,0.22354101247429106,lstm
SVC-000039,EVT-0032368,2026-07-10 11:29:13.193694,0.548736768001726,lstm
USR-000137,EVT-0032369,2026-07-10 11:31:35.729855,0.23948719080778533,lstm
USR-000049,EVT-0032370,2026-07-10 11:31:43.056138,0.9900458599174571,lstm
SVC-000001,EVT-0032371,2026-07-10 11:32:00.954589,0.3318221894397388,lstm
SVC-000021,EVT-0032372,2026-07-10 11:36:23.477052,0.6630836794228065,lstm
SVC-000051,EVT-0032373,2026-07-10 11:38:29.691151,0.6091083774393959,lstm
SVC-000021,EVT-0032374,2026-07-10 11:40:23.546451,0.5166418592993882,lstm
USR-000036,EVT-0032375,2026-07-10 11:40:48.529788,0.34393777646188844,lstm
SVC-000013,EVT-0032376,2026-07-10 11:41:34.152748,0.556023004113873,lstm
DEV-000013,EVT-0032377,2026-07-10 11:42:53.142920,0.40109181940895094,lstm
SVC-000016,EVT-0032378,2026-07-10 11:43:48.609354,0.5619551955438732,lstm
USR-000023,EVT-0032379,2026-07-10 11:43:52.119555,0.5812145578958672,lstm
USR-000066,EVT-0032380,2026-07-10 11:45:17.606170,0.2908896264893245,lstm
USR-000024,EVT-0032381,2026-07-10 11:49:06.233628,0.25956169088645636,lstm
SVC-000013,EVT-0032382,2026-07-10 11:50:58.390620,0.48348389215722426,lstm
SVC-000021,EVT-0032383,2026-07-10 11:52:29.510496,0.5734164666650705,lstm
USR-000161,EVT-0032384,2026-07-10 11:53:56.878354,0.9302350501726414,lstm
USR-000078,EVT-0032385,2026-07-10 11:55:55.026563,0.3483772996657744,lstm
SVC-000021,EVT-0032386,2026-07-10 11:58:16.720849,0.3664874584479124,lstm
USR-000120,EVT-0032387,2026-07-10 11:58:19.867378,0.27213728969479906,lstm
SVC-000021,EVT-0032388,2026-07-10 12:00:24.395206,0.5941020856095114,lstm
DEV-000001,EVT-0032389,2026-07-10 12:01:29.347067,0.7548032616793717,lstm
USR-000112,EVT-0032390,2026-07-10 12:02:47.277982,0.3617145028055187,lstm
USR-000210,EVT-0032391,2026-07-10 12:03:09.273791,0.8093843439480533,lstm
USR-000005,EVT-0032392,2026-07-10 12:03:27.923530,0.764701721449961,lstm
USR-000110,EVT-0032393,2026-07-10 12:04:42.048784,0.7101639817221029,lstm
SVC-000021,EVT-0032394,2026-07-10 12:04:46.846671,0.6285345611066985,lstm
USR-000042,EVT-0032395,2026-07-10 12:06:47.691649,0.3562053920370571,lstm
USR-000115,EVT-0032396,2026-07-10 12:07:47.991064,0.5131925076535174,lstm
USR-000200,EVT-0032397,2026-07-10 12:08:43.788983,0.644423080392552,lstm
USR-000184,EVT-0032398,2026-07-10 12:09:42.701212,0.5209084742216139,lstm
SVC-000021,EVT-0032399,2026-07-10 12:10:31.277337,0.3687552254768011,lstm
USR-000120,EVT-0032400,2026-07-10 12:12:19.871719,0.5126010798646481,lstm
USR-000180,EVT-0032401,2026-07-10 12:13:25.205117,0.6467469686098531,lstm
USR-000024,EVT-0032402,2026-07-10 12:14:02.104252,0.25735975635852815,lstm
USR-000039,EVT-0032403,2026-07-10 12:14:05.090196,0.27584585170509274,lstm
USR-000104,EVT-0032404,2026-07-10 12:14:16.142167,0.2648978502851694,lstm
SVC-000021,EVT-0032405,2026-07-10 12:14:16.544638,0.43516705736090555,lstm
USR-000053,EVT-0032406,2026-07-10 12:14:43.277309,0.5892892074252735,lstm
SVC-000034,EVT-0032407,2026-07-10 12:18:34.070196,0.8397856943758861,lstm
USR-000066,EVT-0032408,2026-07-10 12:19:07.079233,0.31579877074159146,lstm
USR-000025,EVT-0032409,2026-07-10 12:19:08.547193,0.2907085380956357,lstm
SVC-000021,EVT-0032410,2026-07-10 12:19:54.022683,0.511977603450798,lstm
SVC-000008,EVT-0032411,2026-07-10 12:21:27.012366,0.40684603473447833,lstm
USR-000059,EVT-0032412,2026-07-10 12:25:44.776394,0.6086449443177575,lstm
SVC-000043,EVT-0032413,2026-07-10 12:28:50.602236,0.9853755181596711,lstm
USR-000060,EVT-0032414,2026-07-10 12:29:19.152474,0.38555451017453274,lstm
DEV-000017,EVT-0032415,2026-07-10 12:29:27.690279,0.6459443216355994,lstm
USR-000202,EVT-0032416,2026-07-10 12:30:03.310605,0.46103020670477074,lstm
USR-000086,EVT-0032417,2026-07-10 12:32:18.610205,0.38218217154571416,lstm
USR-000042,EVT-0032418,2026-07-10 12:32:26.768795,0.2588140337919086,lstm
SVC-000053,EVT-0032419,2026-07-10 12:33:41.920701,0.4966736557094741,lstm
USR-000037,EVT-0032420,2026-07-10 12:34:57.830174,0.6322917097723896,lstm
SVC-000034,EVT-0032421,2026-07-10 12:36:58.112175,0.4947388831909235,lstm
SVC-000001,EVT-0032422,2026-07-10 12:37:02.330188,0.3502504972291351,lstm
USR-000195,EVT-0032423,2026-07-10 12:37:18.383281,0.4130414482163522,lstm
USR-000101,EVT-0032424,2026-07-10 12:41:10.203354,0.6117036060318144,lstm
USR-000184,EVT-0032425,2026-07-10 12:41:53.464456,0.32343824496691,lstm
SVC-000039,EVT-0032426,2026-07-10 12:42:59.774610,0.6298630866858765,lstm
SVC-000039,EVT-0032427,2026-07-10 12:44:31.639625,0.6558443828441262,lstm
DEV-000018,EVT-0032428,2026-07-10 12:49:03.180938,0.42566178150364775,lstm
USR-000154,EVT-0032429,2026-07-10 12:50:16.940021,0.8359084003929795,lstm
USR-000029,EVT-0032430,2026-07-10 12:50:23.269213,0.3492289427419099,lstm
USR-000086,EVT-0032431,2026-07-10 12:51:48.270020,0.2896179293914019,lstm
USR-000024,EVT-0032432,2026-07-10 12:52:03.517694,0.4540539572016925,lstm
USR-000111,EVT-0032433,2026-07-10 12:54:22.171940,0.44521225978770235,lstm
USR-000131,EVT-0032434,2026-07-10 12:54:24.463848,0.790336330142551,lstm
SVC-000034,EVT-0032435,2026-07-10 12:54:36.140521,0.29535456460198933,lstm
SVC-000043,EVT-0032436,2026-07-10 12:55:04.097572,0.3866373285761697,lstm
USR-000017,EVT-0032437,2026-07-10 12:56:18.508468,0.49452818090082057,lstm
USR-000131,EVT-0032438,2026-07-10 12:56:28.510632,0.8727747891242106,lstm
SVC-000001,EVT-0032439,2026-07-10 12:56:49.076458,0.26287633051853054,lstm
USR-000005,EVT-0032440,2026-07-10 12:59:02.532435,0.5826283714492897,lstm
USR-000198,EVT-0032441,2026-07-10 12:59:03.488004,0.7934788511733218,lstm
USR-000200,EVT-0032442,2026-07-10 13:00:28.128220,0.3929881352950986,lstm
USR-000195,EVT-0032443,2026-07-10 13:01:52.879197,0.43078700922210983,lstm
SVC-000008,EVT-0032444,2026-07-10 13:02:21.567409,0.4914389735284423,lstm
USR-000159,EVT-0032445,2026-07-10 13:02:33.283203,0.6776520831583894,lstm
SVC-000043,EVT-0032446,2026-07-10 13:05:32.751079,0.33360423957026,lstm
SVC-000034,EVT-0032447,2026-07-10 13:05:34.518072,0.33166646675336486,lstm
SVC-000008,EVT-0032448,2026-07-10 13:06:07.884105,0.8824638267384509,lstm
SVC-000001,EVT-0032449,2026-07-10 13:06:13.781150,0.3099700421694945,lstm
USR-000084,EVT-0032450,2026-07-10 13:07:11.067877,0.957465913130535,lstm
USR-000002,EVT-0032451,2026-07-10 13:08:07.792478,0.5442124157875008,lstm
SVC-000034,EVT-0032452,2026-07-10 13:09:51.861193,0.5070109354843434,lstm
USR-000154,EVT-0032453,2026-07-10 13:11:27.378441,0.45915170898224583,lstm
USR-000210,EVT-0032454,2026-07-10 13:14:53.504393,0.574864217103848,lstm
USR-000200,EVT-0032455,2026-07-10 13:14:54.250104,0.5971413567329746,lstm
SVC-000043,EVT-0032456,2026-07-10 13:16:09.021823,0.28019072893284547,lstm
USR-000024,EVT-0032457,2026-07-10 13:16:37.732515,0.2539889507482349,lstm
USR-000017,EVT-0032458,2026-07-10 13:16:40.470388,0.43976645565227634,lstm
SVC-000001,EVT-0032459,2026-07-10 13:16:47.689436,0.23122120481297245,lstm
SVC-000049,EVT-0032460,2026-07-10 13:16:57.388446,0.8632091530163737,lstm
USR-000040,EVT-0032461,2026-07-10 13:17:47.290212,0.7996041905688469,lstm
SVC-000043,EVT-0032462,2026-07-10 13:18:22.449077,0.4687480291330061,lstm
USR-000135,EVT-0032463,2026-07-10 13:20:42.943863,0.31482211621391953,lstm
USR-000066,EVT-0032464,2026-07-10 13:21:09.033268,0.43693825665920394,lstm
USR-000024,EVT-0032465,2026-07-10 13:23:33.301829,0.4541573088983497,lstm
DEV-000020,EVT-0032466,2026-07-10 13:24:53.820994,0.6853551181940811,lstm
USR-000115,EVT-0032467,2026-07-10 13:25:37.527204,0.32661638520466396,lstm
USR-000187,EVT-0032468,2026-07-10 13:25:54.556442,0.8657379613474098,lstm
SVC-000049,EVT-0032469,2026-07-10 13:26:15.131748,0.8445809437204043,lstm
USR-000184,EVT-0032470,2026-07-10 13:27:26.517041,0.26843657165244794,lstm
USR-000195,EVT-0032471,2026-07-10 13:30:42.342324,0.4193340418857405,lstm
USR-000164,EVT-0032472,2026-07-10 13:31:06.122102,0.44272778877649954,lstm
USR-000017,EVT-0032473,2026-07-10 13:33:21.068343,0.3898118646676126,lstm
USR-000129,EVT-0032474,2026-07-10 13:34:22.953862,0.3118960433619978,lstm
USR-000131,EVT-0032475,2026-07-10 13:34:38.688150,0.5331282666036447,lstm
SVC-000008,EVT-0032476,2026-07-10 13:35:00.805870,0.6750004418231031,lstm
SVC-000053,EVT-0032477,2026-07-10 13:36:01.712619,0.7685027822680772,lstm
DEV-000008,EVT-0032478,2026-07-10 13:36:49.354013,0.85730133188055,lstm
SVC-000034,EVT-0032479,2026-07-10 13:37:21.046374,0.28212600831430185,lstm
DEV-000005,EVT-0032480,2026-07-10 13:37:46.974118,0.35340518851023994,lstm
USR-000184,EVT-0032481,2026-07-10 13:38:14.433043,0.3239424486362286,lstm
USR-000193,EVT-0032482,2026-07-10 13:38:41.266445,0.8658726190427523,lstm
DEV-000005,EVT-0032483,2026-07-10 13:39:26.946901,0.9085335458448186,lstm
USR-000086,EVT-0032484,2026-07-10 13:40:05.834228,0.32400843929637063,lstm
USR-000193,EVT-0032485,2026-07-10 13:41:05.681428,0.6087476940136475,lstm
SVC-000049,EVT-0032486,2026-07-10 13:41:18.740027,0.600890301362802,lstm
USR-000129,EVT-0032487,2026-07-10 13:42:16.688776,0.3813481376241105,lstm
SVC-000008,EVT-0032488,2026-07-10 13:42:29.722654,0.6370022867021988,lstm
USR-000192,EVT-0032489,2026-07-10 13:42:40.420088,0.7796534675630638,lstm
SVC-000021,EVT-0032490,2026-07-10 13:43:25.898958,0.5049995838873828,lstm
USR-000025,EVT-0032491,2026-07-10 13:46:42.080673,0.4784615624561273,lstm
DEV-000006,EVT-0032492,2026-07-10 13:46:52.565862,0.2593528591592534,lstm
SVC-000028,EVT-0032493,2026-07-10 13:47:34.656911,0.9945546116339234,lstm
USR-000024,EVT-0032494,2026-07-10 13:47:53.372385,0.3002975303676915,lstm
DEV-000001,EVT-0032495,2026-07-10 13:49:17.433524,0.5208341509007981,lstm
USR-000069,EVT-0032496,2026-07-10 13:50:53.308774,0.27323173438842663,lstm
USR-000044,EVT-0032497,2026-07-10 13:51:07.793278,0.3560733556061438,lstm
USR-000154,EVT-0032498,2026-07-10 13:51:28.271933,0.3692397913957931,lstm
USR-000200,EVT-0032499,2026-07-10 13:51:54.315296,0.2797165480456878,lstm
USR-000192,EVT-0032500,2026-07-10 13:52:26.098890,0.52023458344255,lstm
SVC-000053,EVT-0032501,2026-07-10 13:52:34.274282,0.793969951067674,lstm
USR-000040,EVT-0032502,2026-07-10 13:53:40.095480,0.8697908278527401,lstm
SVC-000043,EVT-0032503,2026-07-10 13:54:41.735207,0.233987860225769,lstm
SVC-000022,EVT-0032504,2026-07-10 13:54:49.893294,0.8656985030420533,lstm
USR-000180,EVT-0032505,2026-07-10 13:55:31.524184,0.5094879572755492,lstm
SVC-000043,EVT-0032506,2026-07-10 13:55:58.620459,0.5234021275786753,lstm
SVC-000028,EVT-0032507,2026-07-10 13:56:10.394074,0.48563915016117454,lstm
USR-000086,EVT-0032508,2026-07-10 13:56:56.980922,0.31521065226739076,lstm
SVC-000049,EVT-0032509,2026-07-10 13:57:03.959321,0.5467050880672443,lstm
DEV-000020,EVT-0032510,2026-07-10 13:58:17.377267,0.6292552810235487,lstm
DEV-000020,EVT-0032511,2026-07-10 13:59:33.002635,0.9477443847777242,lstm
SVC-000028,EVT-0032512,2026-07-10 14:01:25.907738,0.6729193071010402,lstm
USR-000174,EVT-0032513,2026-07-10 14:02:50.735729,0.26443494125441386,lstm
USR-000086,EVT-0032514,2026-07-10 14:03:49.973752,0.42383041803905536,lstm
SVC-000027,EVT-0032515,2026-07-10 14:04:24.630520,0.9840823665384613,lstm
USR-000092,EVT-0032516,2026-07-10 14:04:25.885013,0.7062205672828815,lstm
SVC-000043,EVT-0032517,2026-07-10 14:05:36.239076,0.23223183842768713,lstm
USR-000018,EVT-0032518,2026-07-10 14:05:41.860557,0.4301100368918056,lstm
SVC-000027,EVT-0032519,2026-07-10 14:05:44.493476,0.8082364232259234,lstm
USR-000186,EVT-0032520,2026-07-10 14:06:41.613899,0.4872480380488857,lstm
USR-000068,EVT-0032521,2026-07-10 14:09:39.047469,0.27139246446034804,lstm
USR-000178,EVT-0032522,2026-07-10 14:10:52.964183,0.5758761971018659,lstm
USR-000164,EVT-0032523,2026-07-10 14:10:56.204763,0.3840908121199063,lstm
USR-000086,EVT-0032524,2026-07-10 14:11:40.434536,0.8493708213383284,lstm
USR-000161,EVT-0032525,2026-07-10 14:13:15.729107,0.6689017630493502,lstm
USR-000042,EVT-0032526,2026-07-10 14:13:34.508126,0.3116712603279331,lstm
DEV-000021,EVT-0032527,2026-07-10 14:14:03.596326,0.3537003828790623,lstm
USR-000024,EVT-0032528,2026-07-10 14:14:41.980404,0.31573423477801804,lstm
SVC-000022,EVT-0032529,2026-07-10 14:15:59.892534,0.3327738479381338,lstm
DEV-000005,EVT-0032530,2026-07-10 14:16:30.753099,0.36529466208986017,lstm
USR-000173,EVT-0032531,2026-07-10 14:17:09.062738,0.42271115087346284,lstm
USR-000053,EVT-0032532,2026-07-10 14:17:19.090917,0.32287173754582305,lstm
SVC-000021,EVT-0032533,2026-07-10 14:18:51.769273,0.7048115537938116,lstm
SVC-000022,EVT-0032534,2026-07-10 14:21:01.674244,0.40326708366169217,lstm
DEV-000018,EVT-0032535,2026-07-10 14:22:53.846660,0.5485591020776038,lstm
USR-000125,EVT-0032536,2026-07-10 14:25:30.335931,0.4199850626467787,lstm
DEV-000023,EVT-0032537,2026-07-10 14:27:10.710724,0.5800664908120027,lstm
SVC-000028,EVT-0032538,2026-07-10 14:28:27.220612,0.4111496974110926,lstm
USR-000185,EVT-0032539,2026-07-10 14:29:04.878231,0.5064470712387638,lstm
SVC-000027,EVT-0032540,2026-07-10 14:29:20.415257,0.48909586183199344,lstm
SVC-000027,EVT-0032541,2026-07-10 14:31:26.914285,0.47155911737900075,lstm
SVC-000010,EVT-0032542,2026-07-10 14:31:38.332870,0.9904708064559675,lstm
SVC-000001,EVT-0032543,2026-07-10 14:32:40.996727,0.46692981147106377,lstm
USR-000117,EVT-0032544,2026-07-10 14:32:53.633486,0.8541277264701935,lstm
DEV-000012,EVT-0032545,2026-07-10 14:33:40.735698,0.3421566543113232,lstm
USR-000202,EVT-0032546,2026-07-10 14:35:17.537839,0.28312066666054236,lstm
SVC-000001,EVT-0032547,2026-07-10 14:36:25.631292,0.3627861600986389,lstm
USR-000211,EVT-0032548,2026-07-10 14:39:24.963820,0.7587523652974545,lstm
USR-000076,EVT-0032549,2026-07-10 14:39:27.002707,0.710181163942281,lstm
USR-000139,EVT-0032550,2026-07-10 14:39:57.093419,0.3123908294347544,lstm
DEV-000001,EVT-0032551,2026-07-10 14:40:59.799397,0.46332627655252184,lstm
SVC-000027,EVT-0032552,2026-07-10 14:41:06.013015,0.43140310906914575,lstm
USR-000040,EVT-0032553,2026-07-10 14:42:47.184078,0.4264267050806356,lstm
USR-000099,EVT-0032554,2026-07-10 14:45:21.999116,0.4592130173866152,lstm
USR-000095,EVT-0032555,2026-07-10 14:45:46.884478,0.9294335148507301,lstm
SVC-000049,EVT-0032556,2026-07-10 14:46:21.411084,0.34584290026111436,lstm
USR-000154,EVT-0032557,2026-07-10 14:47:55.992614,0.3825757110393971,lstm
SVC-000022,EVT-0032558,2026-07-10 14:48:24.428319,0.2880920460554727,lstm
USR-000073,EVT-0032559,2026-07-10 14:49:33.944178,0.2607518092192385,lstm
USR-000162,EVT-0032560,2026-07-10 14:52:00.887817,0.8012071119600961,lstm
USR-000045,EVT-0032561,2026-07-10 14:52:13.613197,0.40413233051792957,lstm
USR-000200,EVT-0032562,2026-07-10 14:52:56.053786,0.35795799557163943,lstm
USR-000032,EVT-0032563,2026-07-10 14:55:21.867012,0.9085709365218468,lstm
SVC-000022,EVT-0032564,2026-07-10 14:56:10.285260,0.4114699670736024,lstm
SVC-000029,EVT-0032565,2026-07-10 14:56:31.441837,0.9820721264294703,lstm
USR-000140,EVT-0032566,2026-07-10 14:57:36.497220,0.46667352057619743,lstm
USR-000078,EVT-0032567,2026-07-10 14:58:14.465172,0.36727159250052444,lstm
USR-000053,EVT-0032568,2026-07-10 14:59:23.519821,0.298821936851659,lstm
SVC-000028,EVT-0032569,2026-07-10 14:59:42.726520,0.4384934785808068,lstm
USR-000107,EVT-0032570,2026-07-10 14:59:54.511303,0.9422002147200939,lstm
USR-000146,EVT-0032571,2026-07-10 15:02:54.331860,0.505918888145638,lstm
USR-000125,EVT-0032572,2026-07-10 15:04:16.821579,0.2689942092134768,lstm
USR-000209,EVT-0032573,2026-07-10 15:05:06.058193,0.33309486177941594,lstm
SVC-000027,EVT-0032574,2026-07-10 15:06:26.199640,0.42232738004466663,lstm
SVC-000049,EVT-0032575,2026-07-10 15:08:18.012406,0.3578332389473716,lstm
DEV-000020,EVT-0032576,2026-07-10 15:09:23.071826,0.44553374433289056,lstm
USR-000186,EVT-0032577,2026-07-10 15:09:25.880063,0.3726872143892122,lstm
SVC-000049,EVT-0032578,2026-07-10 15:10:14.672212,0.7804364040266134,lstm
USR-000144,EVT-0032579,2026-07-10 15:11:47.102741,0.3494540808482602,lstm
SVC-000049,EVT-0032580,2026-07-10 15:12:15.369884,0.7048577994820037,lstm
USR-000128,EVT-0032581,2026-07-10 15:12:54.626589,0.7655037762977797,lstm
SVC-000028,EVT-0032582,2026-07-10 15:14:25.299837,0.275008880868134,lstm
USR-000135,EVT-0032583,2026-07-10 15:15:32.422672,0.42352941482588863,lstm
USR-000005,EVT-0032584,2026-07-10 15:18:55.500630,0.44026368369604835,lstm
USR-000099,EVT-0032585,2026-07-10 15:21:00.402027,0.3843893502111846,lstm
USR-000003,EVT-0032586,2026-07-10 15:22:08.652952,0.897592357869181,lstm
USR-000210,EVT-0032587,2026-07-10 15:22:14.420020,0.6683231735406142,lstm
DEV-000003,EVT-0032588,2026-07-10 15:23:24.654890,0.5534644052041882,lstm
USR-000003,EVT-0032589,2026-07-10 15:23:54.690806,0.6198888744695479,lstm
SVC-000036,EVT-0032590,2026-07-10 15:24:22.411738,0.9970735622684883,lstm
SVC-000036,EVT-0032591,2026-07-10 15:25:16.223571,0.468960672684753,lstm
SVC-000027,EVT-0032592,2026-07-10 15:25:49.828959,0.6424395479343655,lstm
SVC-000027,EVT-0032593,2026-07-10 15:26:49.763370,0.7923218053423536,lstm
SVC-000001,EVT-0032594,2026-07-10 15:27:18.344002,0.5094623759754003,lstm
SVC-000036,EVT-0032595,2026-07-10 15:31:05.907835,0.5747537854641579,lstm
USR-000023,EVT-0032596,2026-07-10 15:31:10.557979,0.47572618989118554,lstm
USR-000152,EVT-0032597,2026-07-10 15:32:21.050870,0.4368849585320851,lstm
DEV-000008,EVT-0032598,2026-07-10 15:32:30.665154,0.766867810805674,lstm
SVC-000028,EVT-0032599,2026-07-10 15:34:22.584815,0.36166230465511967,lstm
USR-000040,EVT-0032600,2026-07-10 15:36:15.596209,0.4728144853464904,lstm
USR-000125,EVT-0032601,2026-07-10 15:37:01.886851,0.24280197652638952,lstm
SVC-000036,EVT-0032602,2026-07-10 15:37:15.294358,0.4755776065724447,lstm
SVC-000036,EVT-0032603,2026-07-10 15:39:19.007621,0.5324426292674265,lstm
USR-000052,EVT-0032604,2026-07-10 15:40:37.329019,0.44285010946117825,lstm
USR-000060,EVT-0032605,2026-07-10 15:42:53.613399,0.39705606511457026,lstm
DEV-000012,EVT-0032606,2026-07-10 15:43:52.027757,0.2800968321747828,lstm
SVC-000049,EVT-0032607,2026-07-10 15:44:22.204479,0.31142864462311554,lstm
USR-000115,EVT-0032608,2026-07-10 15:44:48.949185,0.3369674323203774,lstm
USR-000115,EVT-0032609,2026-07-10 15:45:00.435358,0.8307501509187883,lstm
DEV-000016,EVT-0032610,2026-07-10 15:46:53.180161,0.3207152166271644,lstm
SVC-000005,EVT-0032611,2026-07-10 15:47:36.660930,0.9505228377972498,lstm
USR-000201,EVT-0032612,2026-07-10 15:48:47.711307,0.610911541206399,lstm
USR-000037,EVT-0032613,2026-07-10 15:49:04.110699,0.2866644947114963,lstm
DEV-000014,EVT-0032614,2026-07-10 15:52:43.921225,0.7860659669537872,lstm
USR-000193,EVT-0032615,2026-07-10 15:52:55.281782,0.3417424493873005,lstm
USR-000178,EVT-0032616,2026-07-10 15:55:47.888848,0.3826399947464742,lstm
USR-000203,EVT-0032617,2026-07-10 15:56:42.884156,0.3749299359897448,lstm
USR-000184,EVT-0032618,2026-07-10 15:56:46.276720,0.31070038049220194,lstm
USR-000101,EVT-0032619,2026-07-10 15:56:52.280666,0.4647920941823613,lstm
SVC-000023,EVT-0032620,2026-07-10 15:57:34.209289,0.9775324360515442,lstm
DEV-000001,EVT-0032621,2026-07-10 15:58:01.603368,0.46698410557522524,lstm
USR-000146,EVT-0032622,2026-07-10 15:58:43.763013,0.2322290712396089,lstm
USR-000184,EVT-0032623,2026-07-10 16:00:01.237628,0.49866609229289105,lstm
SVC-000036,EVT-0032624,2026-07-10 16:00:53.061389,0.5634585942481366,lstm
USR-000109,EVT-0032625,2026-07-10 16:01:05.399093,0.5514564578688195,lstm
USR-000068,EVT-0032626,2026-07-10 16:02:57.376946,0.4423558373783357,lstm
USR-000149,EVT-0032627,2026-07-10 16:03:51.355786,0.6448035480629556,lstm
USR-000078,EVT-0032628,2026-07-10 16:06:28.981806,0.5947822976159518,lstm
USR-000042,EVT-0032629,2026-07-10 16:08:57.619050,0.4241251351398548,lstm
USR-000210,EVT-0032630,2026-07-10 16:09:22.094128,0.4520838704171511,lstm
SVC-000029,EVT-0032631,2026-07-10 16:10:16.622882,0.5975834733569918,lstm
USR-000110,EVT-0032632,2026-07-10 16:11:02.288109,0.3271727799427275,lstm
USR-000174,EVT-0032633,2026-07-10 16:11:22.195978,0.3401219297617762,lstm
USR-000018,EVT-0032634,2026-07-10 16:12:17.635877,0.23341641035803803,lstm
SVC-000036,EVT-0032635,2026-07-10 16:12:32.948614,0.4833442630200877,lstm
SVC-000036,EVT-0032636,2026-07-10 16:12:49.080061,0.6940325193463603,lstm
SVC-000010,EVT-0032637,2026-07-10 16:13:00.686614,0.5960827795427949,lstm
SVC-000036,EVT-0032638,2026-07-10 16:17:52.167248,0.4955759461510606,lstm
USR-000152,EVT-0032639,2026-07-10 16:19:30.256475,0.38389663107651806,lstm
SVC-000038,EVT-0032640,2026-07-10 16:21:04.555332,0.980220659936534,lstm
DEV-000024,EVT-0032641,2026-07-10 16:21:08.007903,0.34233689969826614,lstm
USR-000017,EVT-0032642,2026-07-10 16:21:39.452724,0.251660900176974,lstm
DEV-000002,EVT-0032643,2026-07-10 16:22:00.551743,0.8225114395493728,lstm
SVC-000038,EVT-0032644,2026-07-10 16:22:08.835881,0.9212548352155302,lstm
USR-000017,EVT-0032645,2026-07-10 16:22:26.263077,0.5853665455554498,lstm
DEV-000006,EVT-0032646,2026-07-10 16:22:35.981835,0.46808950290536244,lstm
SVC-000049,EVT-0032647,2026-07-10 16:24:06.681668,0.23940878857638542,lstm
SVC-000038,EVT-0032648,2026-07-10 16:24:29.070041,0.6025696772629262,lstm
SVC-000038,EVT-0032649,2026-07-10 16:24:57.953281,0.816871163964289,lstm
USR-000193,EVT-0032650,2026-07-10 16:25:12.720644,0.29271354090888985,lstm
USR-000101,EVT-0032651,2026-07-10 16:25:20.127717,0.3457079969522021,lstm
USR-000178,EVT-0032652,2026-07-10 16:25:23.710656,0.38434518543127993,lstm
USR-000209,EVT-0032653,2026-07-10 16:26:54.664251,0.5604827265316156,lstm
USR-000131,EVT-0032654,2026-07-10 16:28:12.764659,0.5501445028461965,lstm
SVC-000029,EVT-0032655,2026-07-10 16:29:29.451160,0.36235355724434337,lstm
SVC-000010,EVT-0032656,2026-07-10 16:32:16.904972,0.4783118604519542,lstm
USR-000198,EVT-0032657,2026-07-10 16:32:33.604993,0.7042278918778437,lstm
USR-000201,EVT-0032658,2026-07-10 16:33:44.132472,0.7032294860171218,lstm
SVC-000010,EVT-0032659,2026-07-10 16:35:47.493038,0.5261392888101564,lstm
DEV-000008,EVT-0032660,2026-07-10 16:36:44.477378,0.6978136822016651,lstm
SVC-000028,EVT-0032661,2026-07-10 16:37:51.346908,0.3887356739769955,lstm
USR-000084,EVT-0032662,2026-07-10 16:38:24.062094,0.39137558983031007,lstm
DEV-000008,EVT-0032663,2026-07-10 16:39:21.939146,0.9662476523519541,lstm
USR-000066,EVT-0032664,2026-07-10 16:39:26.111766,0.48886901810503725,lstm
DEV-000010,EVT-0032665,2026-07-10 16:39:42.403815,0.4401323070706556,lstm
SVC-000029,EVT-0032666,2026-07-10 16:39:59.767036,0.47718834281929495,lstm
SVC-000038,EVT-0032667,2026-07-10 16:41:36.644384,0.4117140905308979,lstm
SVC-000036,EVT-0032668,2026-07-10 16:42:32.973084,0.8571895449488518,lstm
SVC-000005,EVT-0032669,2026-07-10 16:43:12.082918,0.8853284198921013,lstm
USR-000146,EVT-0032670,2026-07-10 16:43:40.141882,0.2668002279755446,lstm
DEV-000009,EVT-0032671,2026-07-10 16:44:14.315680,0.6300096712049426,lstm
USR-000068,EVT-0032672,2026-07-10 16:47:36.996619,0.3715257982499805,lstm
SVC-000010,EVT-0032673,2026-07-10 16:48:44.362572,0.35984384894465643,lstm
USR-000198,EVT-0032674,2026-07-10 16:49:14.619892,0.42666248371703996,lstm
SVC-000010,EVT-0032675,2026-07-10 16:49:36.062048,0.7478967250020555,lstm
USR-000097,EVT-0032676,2026-07-10 16:51:53.945725,0.28658709010286476,lstm
USR-000146,EVT-0032677,2026-07-10 16:53:23.824997,0.5184915310816083,lstm
USR-000063,EVT-0032678,2026-07-10 16:54:53.247840,0.5014398264763286,lstm
USR-000065,EVT-0032679,2026-07-10 16:55:04.625732,0.6082884372869459,lstm
USR-000092,EVT-0032680,2026-07-10 16:55:18.834987,0.3077604433537093,lstm
USR-000052,EVT-0032681,2026-07-10 16:56:12.687885,0.3356858594883057,lstm
SVC-000004,EVT-0032682,2026-07-10 16:57:03.701860,0.997971524606496,lstm
USR-000068,EVT-0032683,2026-07-10 16:57:14.876079,0.6704659771487294,lstm
SVC-000010,EVT-0032684,2026-07-10 16:57:28.180733,0.3589202935665861,lstm
SVC-000049,EVT-0032685,2026-07-10 16:58:39.527401,0.3696174118378919,lstm
USR-000068,EVT-0032686,2026-07-10 16:59:19.347619,0.7743434223305646,lstm
SVC-000005,EVT-0032687,2026-07-10 17:01:44.699648,0.6580119235740146,lstm
SVC-000029,EVT-0032688,2026-07-10 17:04:44.282053,0.2943886514139247,lstm
DEV-000013,EVT-0032689,2026-07-10 17:07:09.606138,0.7601370098957471,lstm
USR-000184,EVT-0032690,2026-07-10 17:07:36.699773,0.27048086675974126,lstm
SVC-000005,EVT-0032691,2026-07-10 17:08:23.867088,0.8829927456806571,lstm
SVC-000005,EVT-0032692,2026-07-10 17:09:28.242713,0.9858635050751089,lstm
SVC-000023,EVT-0032693,2026-07-10 17:10:55.817228,0.33314942241515577,lstm
SVC-000010,EVT-0032694,2026-07-10 17:11:11.168339,0.2684984408778234,lstm
DEV-000005,EVT-0032695,2026-07-10 17:16:38.714889,0.2591934525434172,lstm
DEV-000025,EVT-0032696,2026-07-10 17:17:23.137879,0.46769645547503247,lstm
SVC-000005,EVT-0032697,2026-07-10 17:17:41.733809,0.8118425783208139,lstm
USR-000050,EVT-0032698,2026-07-10 17:19:26.282265,0.8927387744552064,lstm
USR-000149,EVT-0032699,2026-07-10 17:21:03.973111,0.5169356722104124,lstm
SVC-000060,EVT-0032700,2026-07-10 17:22:47.850804,0.9804094018979594,lstm
SVC-000038,EVT-0032701,2026-07-10 17:24:08.627672,0.5491147843222036,lstm
SVC-000010,EVT-0032702,2026-07-10 17:24:34.247249,0.2562722058633433,lstm
USR-000017,EVT-0032703,2026-07-10 17:25:27.005091,0.23321389214615912,lstm
USR-000052,EVT-0032704,2026-07-10 17:26:07.008781,0.31823696012110747,lstm
USR-000074,EVT-0032705,2026-07-10 17:26:41.352202,0.7247673359832029,lstm
USR-000052,EVT-0032706,2026-07-10 17:27:16.173217,0.6508764471951879,lstm
DEV-000014,EVT-0032707,2026-07-10 17:28:04.583882,0.7454547035860337,lstm
USR-000045,EVT-0032708,2026-07-10 17:28:32.334740,0.30203647210343404,lstm
USR-000152,EVT-0032709,2026-07-10 17:29:27.338532,0.22983980871991785,lstm
USR-000211,EVT-0032710,2026-07-10 17:30:01.136779,0.4982716174480588,lstm
USR-000117,EVT-0032711,2026-07-10 17:35:34.429756,0.38639424702102193,lstm
SVC-000010,EVT-0032712,2026-07-10 17:39:30.887539,0.2882957869955626,lstm
SVC-000044,EVT-0032713,2026-07-10 17:40:07.623138,0.995392537518659,lstm
DEV-000013,EVT-0032714,2026-07-10 17:41:59.868511,0.5229347152175569,lstm
USR-000012,EVT-0032715,2026-07-10 17:42:02.647412,0.8882577186701509,lstm
USR-000185,EVT-0032716,2026-07-10 17:48:31.936686,0.2878056493886402,lstm
SVC-000044,EVT-0032717,2026-07-10 17:48:54.991017,0.497264071496115,lstm
DEV-000002,EVT-0032718,2026-07-10 17:49:21.364552,0.3027322063755285,lstm
DEV-000004,EVT-0032719,2026-07-10 17:51:50.845639,0.5775473812137343,lstm
SVC-000023,EVT-0032720,2026-07-10 17:53:01.294173,0.23420018852017888,lstm
USR-000040,EVT-0032721,2026-07-10 17:53:14.135957,0.6918790478830417,lstm
USR-000073,EVT-0032722,2026-07-10 17:53:35.982260,0.2560862671211394,lstm
SVC-000023,EVT-0032723,2026-07-10 17:55:06.284921,0.5540549157472996,lstm
USR-000044,EVT-0032724,2026-07-10 17:55:45.850142,0.44854049176383853,lstm
USR-000023,EVT-0032725,2026-07-10 17:56:35.351711,0.6035454019916001,lstm
DEV-000009,EVT-0032726,2026-07-10 17:58:00.489671,0.36198340718333305,lstm
SVC-000037,EVT-0032727,2026-07-10 17:59:02.578504,0.9512891525866143,lstm
USR-000209,EVT-0032728,2026-07-10 17:59:19.527657,0.6888989052401391,lstm
USR-000174,EVT-0032729,2026-07-10 17:59:40.366200,0.48983347702500024,lstm
SVC-000010,EVT-0032730,2026-07-10 17:59:51.264834,0.48796274628049485,lstm
SVC-000023,EVT-0032731,2026-07-10 18:02:10.789339,0.39914159602744226,lstm
USR-000144,EVT-0032732,2026-07-10 18:06:07.842799,0.3826630202365066,lstm
USR-000211,EVT-0032733,2026-07-10 18:06:07.935949,0.4478748714319159,lstm
SVC-000044,EVT-0032734,2026-07-10 18:08:42.240020,0.4545672566635508,lstm
SVC-000005,EVT-0032735,2026-07-10 18:08:46.220946,0.4131401802056532,lstm
DEV-000004,EVT-0032736,2026-07-10 18:09:39.177445,0.7914462662816654,lstm
SVC-000010,EVT-0032737,2026-07-10 18:09:41.821531,0.38628245421153456,lstm
SVC-000037,EVT-0032738,2026-07-10 18:10:16.011667,0.785626388113897,lstm
USR-000134,EVT-0032739,2026-07-10 18:10:21.153108,0.999654581911135,lstm
SVC-000010,EVT-0032740,2026-07-10 18:10:23.115857,0.5799826363888979,lstm
USR-000080,EVT-0032741,2026-07-10 18:10:58.284050,0.9999999988145052,lstm
USR-000137,EVT-0032742,2026-07-10 18:11:06.013881,0.9999999999998064,lstm
DEV-000013,EVT-0032743,2026-07-10 18:11:13.805085,1.0,lstm
SVC-000037,EVT-0032744,2026-07-10 18:13:19.509357,0.9307689623343092,lstm
SVC-000049,EVT-0032745,2026-07-10 18:13:54.478845,1.0,lstm
USR-000131,EVT-0032746,2026-07-10 18:14:06.642787,1.0,lstm
USR-000068,EVT-0032747,2026-07-10 18:14:22.555154,0.30871591355405786,lstm
SVC-000036,EVT-0032748,2026-07-10 18:15:30.363439,1.0,lstm
SVC-000029,EVT-0032749,2026-07-10 18:15:47.985353,0.6681424721571796,lstm
SVC-000023,EVT-0032750,2026-07-10 18:17:01.791998,0.3019740539246555,lstm
USR-000019,EVT-0032751,2026-07-10 18:17:51.133149,0.9999999994262918,lstm
USR-000056,EVT-0032752,2026-07-10 18:18:33.751191,0.999999999325407,lstm
SVC-000032,EVT-0032753,2026-07-10 18:18:41.214056,1.0,lstm
SVC-000010,EVT-0032754,2026-07-10 18:19:09.771210,0.41627100600387457,lstm
USR-000109,EVT-0032755,2026-07-10 18:21:53.269871,0.5065832050335312,lstm
USR-000110,EVT-0032756,2026-07-10 18:22:12.633418,0.9153043517587318,lstm
USR-000148,EVT-0032757,2026-07-10 18:23:19.565471,0.9999999667493726,lstm
DEV-000013,EVT-0032758,2026-07-10 18:23:38.060809,0.9954911303392092,lstm
DEV-000022,EVT-0032759,2026-07-10 18:23:50.072109,0.6121189439426268,lstm
USR-000012,EVT-0032760,2026-07-10 18:27:22.539398,0.5623079752617773,lstm
SVC-000008,EVT-0032761,2026-07-10 18:28:06.855390,1.0,lstm
USR-000158,EVT-0032762,2026-07-10 18:29:27.612133,0.9999999988945709,lstm
USR-000151,EVT-0032763,2026-07-10 18:29:40.107301,0.9999999997591662,lstm
USR-000163,EVT-0032764,2026-07-10 18:30:03.468765,0.9999999951124359,lstm
DEV-000025,EVT-0032765,2026-07-10 18:31:00.808774,1.0,lstm
USR-000066,EVT-0032766,2026-07-10 18:31:01.138092,0.5664884726602006,lstm
SVC-000052,EVT-0032767,2026-07-10 18:31:12.218490,0.9959231144576903,lstm
SVC-000050,EVT-0032768,2026-07-10 18:31:16.100530,1.0,lstm
USR-000115,EVT-0032769,2026-07-10 18:31:48.970326,0.9999999684197128,lstm
USR-000174,EVT-0032770,2026-07-10 18:32:00.562626,0.9999999253884133,lstm
SVC-000057,EVT-0032771,2026-07-10 18:42:02.453792,0.9692446332068752,lstm
DEV-000026,EVT-0032772,2026-07-10 18:43:12.820414,0.32045870283022015,lstm
USR-000027,EVT-0032773,2026-07-10 18:45:24.051906,0.5238320950033603,lstm
USR-000149,EVT-0032774,2026-07-10 18:48:09.488688,0.6416117442318867,lstm
USR-000117,EVT-0032775,2026-07-10 18:49:31.657831,0.44741435152187253,lstm
DEV-000022,EVT-0032776,2026-07-10 18:50:31.841044,0.6575623303825554,lstm
USR-000017,EVT-0032777,2026-07-10 18:51:57.974480,0.3484756121286716,lstm
SVC-000044,EVT-0032778,2026-07-10 18:53:38.867847,0.40243530751284323,lstm
DEV-000026,EVT-0032779,2026-07-10 18:55:13.263185,0.6086003869870519,lstm
SVC-000052,EVT-0032780,2026-07-10 18:55:17.280559,0.38577267555010625,lstm
DEV-000005,EVT-0032781,2026-07-10 18:55:39.425641,0.23905738621669165,lstm
SVC-000052,EVT-0032782,2026-07-10 18:56:44.901752,0.5500967662457429,lstm
SVC-000006,EVT-0032783,2026-07-10 18:57:43.335553,0.9887966494022689,lstm
SVC-000052,EVT-0032784,2026-07-10 18:58:28.998341,0.4526814926851482,lstm
SVC-000052,EVT-0032785,2026-07-10 18:58:53.381057,0.5892573531336786,lstm
USR-000065,EVT-0032786,2026-07-10 18:59:29.777442,0.3608946400326829,lstm
USR-000073,EVT-0032787,2026-07-10 19:01:48.320451,0.35350824244405904,lstm
SVC-000037,EVT-0032788,2026-07-10 19:02:27.738910,0.6004158216981131,lstm
USR-000139,EVT-0032789,2026-07-10 19:04:27.915414,0.4611656277880489,lstm
SVC-000006,EVT-0032790,2026-07-10 19:05:16.105161,0.7066107193127336,lstm
SVC-000049,EVT-0032791,2026-07-10 19:05:20.743803,0.9981977674787094,lstm
SVC-000057,EVT-0032792,2026-07-10 19:06:11.215996,0.4743917054531902,lstm
SVC-000052,EVT-0032793,2026-07-10 19:06:20.722672,0.36266194938085383,lstm
DEV-000021,EVT-0032794,2026-07-10 19:09:07.234206,0.5817333372822607,lstm
SVC-000052,EVT-0032795,2026-07-10 19:10:46.908176,0.2965884385467227,lstm
SVC-000044,EVT-0032796,2026-07-10 19:12:10.582096,0.3690078207635835,lstm
SVC-000023,EVT-0032797,2026-07-10 19:15:11.514288,0.30726012615940257,lstm
USR-000113,EVT-0032798,2026-07-10 19:15:54.186093,0.708454329009233,lstm
DEV-000003,EVT-0032799,2026-07-10 19:18:56.745352,0.6406719299587526,lstm
SVC-000044,EVT-0032800,2026-07-10 19:20:31.387689,0.5342164336164855,lstm
SVC-000052,EVT-0032801,2026-07-10 19:27:41.273093,0.30355607800520756,lstm
USR-000044,EVT-0032802,2026-07-10 19:31:43.438429,0.5576564477644991,lstm
USR-000110,EVT-0032803,2026-07-10 19:36:44.065704,0.5487160741896612,lstm
USR-000146,EVT-0032804,2026-07-10 19:37:46.924282,0.3695409500901512,lstm
SVC-000006,EVT-0032805,2026-07-10 19:38:05.640993,0.5333927809706028,lstm
SVC-000004,EVT-0032806,2026-07-10 19:39:55.813543,0.5750927342175411,lstm
SVC-000044,EVT-0032807,2026-07-10 19:40:00.561995,0.4617213367964002,lstm
SVC-000052,EVT-0032808,2026-07-10 19:40:47.792700,0.27076673060404866,lstm
DEV-000005,EVT-0032809,2026-07-10 19:41:02.058702,0.28284966384295157,lstm
SVC-000006,EVT-0032810,2026-07-10 19:42:01.602349,0.7128731867241676,lstm
SVC-000006,EVT-0032811,2026-07-10 19:42:38.736065,0.7355833776644864,lstm
SVC-000006,EVT-0032812,2026-07-10 19:44:16.701782,0.6834820391348312,lstm
SVC-000057,EVT-0032813,2026-07-10 19:44:20.646996,0.2912525552203852,lstm
SVC-000006,EVT-0032814,2026-07-10 19:45:02.887083,0.700160961565756,lstm
SVC-000052,EVT-0032815,2026-07-10 19:45:18.319588,0.3316865213757986,lstm
SVC-000004,EVT-0032816,2026-07-10 19:47:35.579256,0.24651139220078958,lstm
SVC-000004,EVT-0032817,2026-07-10 19:51:07.867069,0.3775512157524416,lstm
SVC-000035,EVT-0032818,2026-07-10 19:52:00.454538,0.9284811789748164,lstm
SVC-000057,EVT-0032819,2026-07-10 19:52:43.086892,0.5947615652728505,lstm
SVC-000044,EVT-0032820,2026-07-10 19:52:59.733868,0.44980365958939184,lstm
SVC-000004,EVT-0032821,2026-07-10 19:53:16.884972,0.44999353247131324,lstm
DEV-000011,EVT-0032822,2026-07-10 19:53:27.310568,0.46469474304373937,lstm
SVC-000060,EVT-0032823,2026-07-10 19:53:52.915544,0.4772343350723626,lstm
USR-000073,EVT-0032824,2026-07-10 19:53:56.833998,0.36749699773538097,lstm
SVC-000052,EVT-0032825,2026-07-10 19:54:18.548020,0.3492987176195985,lstm
DEV-000010,EVT-0032826,2026-07-10 19:54:32.825780,0.24117185072847785,lstm
SVC-000023,EVT-0032827,2026-07-10 19:54:33.009943,0.35304735655286135,lstm
DEV-000019,EVT-0032828,2026-07-10 19:55:46.544488,0.7581286016166363,lstm
USR-000073,EVT-0032829,2026-07-10 19:57:13.816705,0.6705429968386649,lstm
SVC-000052,EVT-0032830,2026-07-10 19:58:07.460424,0.312091089440714,lstm
SVC-000058,EVT-0032831,2026-07-10 19:59:05.092717,0.9832351608389043,lstm
SVC-000052,EVT-0032832,2026-07-10 20:03:13.761041,0.2516669279776425,lstm
SVC-000052,EVT-0032833,2026-07-10 20:08:39.430707,0.36967673463168416,lstm
USR-000174,EVT-0032834,2026-07-10 20:09:28.674630,0.934306948611238,lstm
DEV-000023,EVT-0032835,2026-07-10 20:10:06.560341,0.6377874757893827,lstm
SVC-000004,EVT-0032836,2026-07-10 20:10:24.471410,0.3837785681618693,lstm
SVC-000061,EVT-0032837,2026-07-10 20:15:35.199764,0.9732382550336824,lstm
SVC-000060,EVT-0032838,2026-07-10 20:15:52.654785,0.7474745205521189,lstm
SVC-000052,EVT-0032839,2026-07-10 20:16:36.924533,0.39618188167738055,lstm
SVC-000006,EVT-0032840,2026-07-10 20:17:15.225189,0.5525170404422136,lstm
DEV-000009,EVT-0032841,2026-07-10 20:20:57.380942,0.5013556538481669,lstm
SVC-000061,EVT-0032842,2026-07-10 20:21:14.838205,0.36400251230951913,lstm
SVC-000061,EVT-0032843,2026-07-10 20:21:33.252679,0.804803941536613,lstm
SVC-000057,EVT-0032844,2026-07-10 20:21:49.215655,0.3301744221529928,lstm
SVC-000052,EVT-0032845,2026-07-10 20:21:53.603687,0.35650045093986577,lstm
SVC-000037,EVT-0032846,2026-07-10 20:22:28.916513,0.6065546628933683,lstm
SVC-000061,EVT-0032847,2026-07-10 20:22:30.878273,0.6908282124610298,lstm
DEV-000013,EVT-0032848,2026-07-10 20:25:08.023530,0.7888478154351061,lstm
SVC-000058,EVT-0032849,2026-07-10 20:26:24.624185,0.315187903786196,lstm
DEV-000016,EVT-0032850,2026-07-10 20:27:21.908542,0.3717387216399208,lstm
USR-000068,EVT-0032851,2026-07-10 20:28:00.643539,0.4946572376967245,lstm
USR-000018,EVT-0032852,2026-07-10 20:29:38.474720,0.6399044941803372,lstm
USR-000198,EVT-0032853,2026-07-10 20:29:46.617867,0.45563643667231457,lstm
SVC-000052,EVT-0032854,2026-07-10 20:31:41.393266,0.3558732558999247,lstm
SVC-000006,EVT-0032855,2026-07-10 20:32:00.196429,0.8753176071798473,lstm
SVC-000006,EVT-0032856,2026-07-10 20:32:48.736273,0.5557612730261804,lstm
SVC-000061,EVT-0032857,2026-07-10 20:33:19.677693,0.22963558749465623,lstm
SVC-000061,EVT-0032858,2026-07-10 20:33:28.702339,0.6060623710235404,lstm
SVC-000061,EVT-0032859,2026-07-10 20:34:52.162159,0.4347847393721138,lstm
SVC-000044,EVT-0032860,2026-07-10 20:35:17.438290,0.47662944238853394,lstm
USR-000146,EVT-0032861,2026-07-10 20:38:13.606270,0.3265958216394256,lstm
SVC-000048,EVT-0032862,2026-07-10 20:39:33.674680,0.9864676298819611,lstm
SVC-000060,EVT-0032863,2026-07-10 20:42:53.602447,0.6729804286030638,lstm
SVC-000061,EVT-0032864,2026-07-10 20:46:51.397593,0.2059240210518252,lstm
SVC-000058,EVT-0032865,2026-07-10 20:47:47.890082,0.26638358340632035,lstm
DEV-000018,EVT-0032866,2026-07-10 20:48:29.468355,0.8941854979776184,lstm
SVC-000058,EVT-0032867,2026-07-10 20:51:45.999350,0.4378607014938407,lstm
SVC-000004,EVT-0032868,2026-07-10 20:55:05.866894,0.24052366273246237,lstm
SVC-000060,EVT-0032869,2026-07-10 20:58:07.896807,0.6243782440319774,lstm
SVC-000060,EVT-0032870,2026-07-10 21:00:00.602570,0.8975964453219367,lstm
SVC-000044,EVT-0032871,2026-07-10 21:02:19.224603,0.5485388942556886,lstm
SVC-000054,EVT-0032872,2026-07-10 21:02:26.345962,0.9783288164458451,lstm
SVC-000044,EVT-0032873,2026-07-10 21:17:02.036748,0.45099485000472056,lstm
SVC-000060,EVT-0032874,2026-07-10 21:19:35.364262,0.7720675195568455,lstm
SVC-000047,EVT-0032875,2026-07-10 21:21:35.401034,0.9269747095057038,lstm
SVC-000060,EVT-0032876,2026-07-10 21:22:10.123036,0.9258780932020665,lstm
DEV-000019,EVT-0032877,2026-07-10 21:22:31.520138,0.5988143783919012,lstm
DEV-000002,EVT-0032878,2026-07-10 21:22:43.232874,0.15816032175176398,lstm
SVC-000058,EVT-0032879,2026-07-10 21:23:53.586857,0.29640635691536976,lstm
SVC-000054,EVT-0032880,2026-07-10 21:24:18.790456,0.32103620841450675,lstm
USR-000134,EVT-0032881,2026-07-10 21:24:50.305078,0.9998227754972537,lstm
SVC-000045,EVT-0032882,2026-07-10 21:26:07.537350,0.9948301958183838,lstm
SVC-000004,EVT-0032883,2026-07-10 21:29:22.904889,0.2893675936355805,lstm
SVC-000048,EVT-0032884,2026-07-10 21:35:19.971537,0.5284586081949106,lstm
SVC-000045,EVT-0032885,2026-07-10 21:36:29.968654,0.47852223507642483,lstm
SVC-000054,EVT-0032886,2026-07-10 21:36:50.117784,0.3086269946983148,lstm
SVC-000054,EVT-0032887,2026-07-10 21:38:39.695553,0.47544226145601026,lstm
SVC-000054,EVT-0032888,2026-07-10 21:39:32.398053,0.5411049610350354,lstm
SVC-000004,EVT-0032889,2026-07-10 21:40:45.665413,0.3434151014242046,lstm
SVC-000048,EVT-0032890,2026-07-10 21:47:26.865691,0.4872975453645302,lstm
SVC-000054,EVT-0032891,2026-07-10 21:48:21.222150,0.33161550349612184,lstm
SVC-000054,EVT-0032892,2026-07-10 21:48:27.950232,0.7513866740501494,lstm
DEV-000014,EVT-0032893,2026-07-10 21:48:40.930536,0.5060364518723723,lstm
DEV-000019,EVT-0032894,2026-07-10 21:52:00.901407,0.5800876057486148,lstm
SVC-000058,EVT-0032895,2026-07-10 21:52:19.703934,0.3044379703303222,lstm
SVC-000054,EVT-0032896,2026-07-10 21:53:56.553623,0.3336045196038931,lstm
SVC-000041,EVT-0032897,2026-07-10 21:56:19.567602,0.9953140794710355,lstm
SVC-000045,EVT-0032898,2026-07-10 21:58:05.057630,0.42336554507404023,lstm
SVC-000048,EVT-0032899,2026-07-10 21:59:44.730172,0.405749118554617,lstm
SVC-000054,EVT-0032900,2026-07-10 22:00:25.741536,0.3725159266504816,lstm
SVC-000035,EVT-0032901,2026-07-10 22:00:31.100442,0.3399654650779704,lstm
SVC-000045,EVT-0032902,2026-07-10 22:00:52.373612,0.4612047484720427,lstm
SVC-000002,EVT-0032903,2026-07-10 22:01:04.839698,0.99451139190452,lstm
SVC-000025,EVT-0032904,2026-07-10 22:02:19.150755,0.9478257642388942,lstm
SVC-000054,EVT-0032905,2026-07-10 22:02:28.518972,0.32945012201374674,lstm
DEV-000014,EVT-0032906,2026-07-10 22:04:14.441374,0.5434870508823838,lstm
SVC-000045,EVT-0032907,2026-07-10 22:05:06.766916,0.37704776027052656,lstm
SVC-000054,EVT-0032908,2026-07-10 22:06:51.802980,0.2557613675720991,lstm
SVC-000002,EVT-0032909,2026-07-10 22:15:08.926284,0.863747283201532,lstm
SVC-000047,EVT-0032910,2026-07-10 22:15:30.119113,0.25136579500036477,lstm
SVC-000058,EVT-0032911,2026-07-10 22:17:32.357469,0.39117735482059385,lstm
DEV-000020,EVT-0032912,2026-07-10 22:18:16.606664,0.8440429501328108,lstm
SVC-000054,EVT-0032913,2026-07-10 22:19:45.659888,0.3534460695264373,lstm
SVC-000045,EVT-0032914,2026-07-10 22:20:29.850345,0.3436796608189989,lstm
SVC-000054,EVT-0032915,2026-07-10 22:21:48.587508,0.37954214274972997,lstm
DEV-000012,EVT-0032916,2026-07-10 22:23:10.940410,0.48869684814106806,lstm
DEV-000019,EVT-0032917,2026-07-10 22:23:54.120549,0.47587317151359754,lstm
SVC-000045,EVT-0032918,2026-07-10 22:26:24.002259,0.4245545935710497,lstm
SVC-000054,EVT-0032919,2026-07-10 22:27:04.199941,0.47076785181759795,lstm
SVC-000047,EVT-0032920,2026-07-10 22:28:03.848374,0.2399954096592225,lstm
SVC-000002,EVT-0032921,2026-07-10 22:29:10.631293,0.31644645712782143,lstm
SVC-000002,EVT-0032922,2026-07-10 22:30:19.594437,0.4590406147048255,lstm
SVC-000002,EVT-0032923,2026-07-10 22:30:44.834578,0.4193950694955054,lstm
SVC-000002,EVT-0032924,2026-07-10 22:31:03.494005,0.568005909716669,lstm
SVC-000004,EVT-0032925,2026-07-10 22:31:41.311442,0.3442478419025211,lstm
SVC-000047,EVT-0032926,2026-07-10 22:32:27.594230,0.34767315257915543,lstm
SVC-000035,EVT-0032927,2026-07-10 22:37:08.874824,0.4683393440722111,lstm
DEV-000009,EVT-0032928,2026-07-10 22:37:12.279821,0.6080848176037225,lstm
SVC-000002,EVT-0032929,2026-07-10 22:38:40.280959,0.20160600566873174,lstm
SVC-000047,EVT-0032930,2026-07-10 22:41:42.184708,0.24134335435724377,lstm
SVC-000002,EVT-0032931,2026-07-10 22:43:28.201997,0.5130506620806939,lstm
SVC-000048,EVT-0032932,2026-07-10 22:44:13.971888,0.4080600678647351,lstm
SVC-000002,EVT-0032933,2026-07-10 22:47:12.942007,0.3778874350985462,lstm
SVC-000002,EVT-0032934,2026-07-10 22:49:26.708913,0.3396948890280918,lstm
SVC-000035,EVT-0032935,2026-07-10 22:51:46.545576,0.7740772870980768,lstm
DEV-000001,EVT-0032936,2026-07-10 22:52:51.337038,0.8453121260980372,lstm
SVC-000025,EVT-0032937,2026-07-10 22:53:09.029625,0.7062833600837873,lstm
SVC-000002,EVT-0032938,2026-07-10 22:53:45.200645,0.4527649137072631,lstm
SVC-000002,EVT-0032939,2026-07-10 22:54:21.144622,0.40472645636260185,lstm
DEV-000023,EVT-0032940,2026-07-10 22:55:25.592531,0.46814203176771346,lstm
USR-000113,EVT-0032941,2026-07-10 22:57:12.050802,0.42767788012363395,lstm
SVC-000025,EVT-0032942,2026-07-10 23:01:26.057986,0.7285795809746317,lstm
SVC-000047,EVT-0032943,2026-07-10 23:03:39.538417,0.3732443258648743,lstm
SVC-000002,EVT-0032944,2026-07-10 23:04:34.373289,0.3129298689710537,lstm
SVC-000025,EVT-0032945,2026-07-10 23:04:38.294129,0.5102911544849741,lstm
SVC-000002,EVT-0032946,2026-07-10 23:08:52.285070,0.43170673750859123,lstm
SVC-000002,EVT-0032947,2026-07-10 23:09:05.627916,0.49157641982733025,lstm
USR-000134,EVT-0032948,2026-07-10 23:10:20.833042,0.9994198063596527,lstm
DEV-000003,EVT-0032949,2026-07-10 23:11:23.784645,0.47379638708202837,lstm
SVC-000025,EVT-0032950,2026-07-10 23:13:41.572625,0.379803982069589,lstm
SVC-000032,EVT-0032951,2026-07-10 23:16:29.167170,0.9972838686233527,lstm
DEV-000006,EVT-0032952,2026-07-10 23:18:08.294986,0.7869828048187049,lstm
SVC-000032,EVT-0032953,2026-07-10 23:20:12.504190,0.9807473968984549,lstm
SVC-000041,EVT-0032954,2026-07-10 23:22:34.702910,0.5354649423195691,lstm
USR-000106,EVT-0032955,2026-07-10 23:24:25.441958,0.548593451242771,lstm
SVC-000032,EVT-0032956,2026-07-10 23:25:45.270704,0.7798214630860375,lstm
DEV-000011,EVT-0032957,2026-07-10 23:31:45.276383,0.2282625292569934,lstm
SVC-000041,EVT-0032958,2026-07-10 23:32:26.962351,0.3352454304629955,lstm
SVC-000002,EVT-0032959,2026-07-10 23:33:06.660879,0.5275066814110705,lstm
SVC-000002,EVT-0032960,2026-07-10 23:33:50.007422,0.38778343039133945,lstm
SVC-000032,EVT-0032961,2026-07-10 23:34:01.905823,0.5130249680950844,lstm
USR-000106,EVT-0032962,2026-07-10 23:41:50.605514,0.39144688330996313,lstm
SVC-000032,EVT-0032963,2026-07-10 23:55:30.354664,0.5704996375988935,lstm
SVC-000025,EVT-0032964,2026-07-11 00:06:06.724114,0.5117542173976374,lstm
DEV-000019,EVT-0032965,2026-07-11 00:06:21.073923,0.37646264371489463,lstm
SVC-000041,EVT-0032966,2026-07-11 00:07:42.251663,0.6921111946813732,lstm
SVC-000056,EVT-0032967,2026-07-11 00:11:34.881246,0.9743648584198632,lstm
DEV-000016,EVT-0032968,2026-07-11 00:12:01.249227,0.381847711232496,lstm
SVC-000041,EVT-0032969,2026-07-11 00:14:02.366937,0.7165717582397961,lstm
USR-000165,EVT-0032970,2026-07-11 00:14:56.523075,0.5704915099626078,lstm
SVC-000047,EVT-0032971,2026-07-11 00:17:58.847157,0.5230713730312501,lstm
DEV-000022,EVT-0032972,2026-07-11 00:20:38.076143,0.554819585850196,lstm
SVC-000032,EVT-0032973,2026-07-11 00:36:23.503244,0.9433198586112558,lstm
SVC-000041,EVT-0032974,2026-07-11 00:42:03.223651,0.327649609512571,lstm
DEV-000013,EVT-0032975,2026-07-11 00:42:52.988422,0.9404896290910384,lstm
SVC-000041,EVT-0032976,2026-07-11 00:43:51.572933,0.510642143670796,lstm
DEV-000016,EVT-0032977,2026-07-11 01:03:44.017269,0.35656330471357517,lstm
DEV-000026,EVT-0032978,2026-07-11 01:07:04.126704,0.4644703651135902,lstm
SVC-000041,EVT-0032979,2026-07-11 01:08:07.875051,0.6163981035232126,lstm
DEV-000020,EVT-0032980,2026-07-11 01:08:45.361124,0.6441777821920928,lstm
DEV-000006,EVT-0032981,2026-07-11 01:09:25.087384,0.5907052482011177,lstm
SVC-000056,EVT-0032982,2026-07-11 01:10:38.386340,0.5780511445864734,lstm
SVC-000041,EVT-0032983,2026-07-11 01:20:11.083590,0.92320604730077,lstm
USR-000122,EVT-0032984,2026-07-11 01:33:11.189085,0.7560686512607674,lstm
SVC-000041,EVT-0032985,2026-07-11 01:35:46.881819,0.6632143396676807,lstm
SVC-000056,EVT-0032986,2026-07-11 01:37:55.030388,0.45535949897558525,lstm
SVC-000041,EVT-0032987,2026-07-11 01:40:43.415526,0.7218172622516913,lstm
SVC-000018,EVT-0032988,2026-07-11 01:43:10.815957,0.9716494341868382,lstm
USR-000106,EVT-0032989,2026-07-11 01:48:25.761031,0.3045782457856849,lstm
SVC-000041,EVT-0032990,2026-07-11 01:57:05.023214,0.4557412776051923,lstm
SVC-000018,EVT-0032991,2026-07-11 02:12:26.865173,0.459745960724106,lstm
SVC-000041,EVT-0032992,2026-07-11 02:13:15.061611,0.4598125104765004,lstm
DEV-000016,EVT-0032993,2026-07-11 02:16:31.831829,0.36910551211003045,lstm
SVC-000018,EVT-0032994,2026-07-11 02:16:58.099107,0.3453290688001584,lstm
DEV-000026,EVT-0032995,2026-07-11 02:18:56.198834,0.4408436220008029,lstm
SVC-000056,EVT-0032996,2026-07-11 02:19:30.850268,0.5701487225036698,lstm
DEV-000002,EVT-0032997,2026-07-11 02:19:35.509402,0.4733685700029677,lstm
SVC-000018,EVT-0032998,2026-07-11 02:24:05.208304,0.40899288995979033,lstm
DEV-000008,EVT-0032999,2026-07-11 02:27:02.527308,0.6156153703293639,lstm
SVC-000018,EVT-0033000,2026-07-11 02:28:22.650987,0.4362657066033526,lstm
DEV-000007,EVT-0033001,2026-07-11 02:28:40.380436,0.36106338308351893,lstm
SVC-000018,EVT-0033002,2026-07-11 02:32:58.501725,0.3803919441695392,lstm
SVC-000018,EVT-0033003,2026-07-11 02:38:13.099145,0.3530943559039934,lstm
DEV-000018,EVT-0033004,2026-07-11 02:46:02.632983,0.5705105284577673,lstm
SVC-000018,EVT-0033005,2026-07-11 02:46:34.952160,0.4797941460510496,lstm
DEV-000020,EVT-0033006,2026-07-11 02:47:48.992482,0.4971994313436873,lstm
SVC-000018,EVT-0033007,2026-07-11 02:48:55.974808,0.495679710292848,lstm
SVC-000018,EVT-0033008,2026-07-11 02:51:04.606407,0.44981913641494703,lstm
DEV-000008,EVT-0033009,2026-07-11 02:51:42.711655,0.6441469695539654,lstm
SVC-000018,EVT-0033010,2026-07-11 02:52:44.723496,0.4087044381296854,lstm
SVC-000019,EVT-0033011,2026-07-11 02:56:27.193841,0.983691012762351,lstm
SVC-000018,EVT-0033012,2026-07-11 02:59:20.734821,0.3868574923884843,lstm
DEV-000005,EVT-0033013,2026-07-11 03:03:06.951332,0.6624217745206903,lstm
DEV-000002,EVT-0033014,2026-07-11 03:05:38.686892,0.48680929188770283,lstm
DEV-000024,EVT-0033015,2026-07-11 03:07:48.205544,0.6484614892006598,lstm
DEV-000020,EVT-0033016,2026-07-11 03:09:10.870265,0.5092253698534559,lstm
DEV-000018,EVT-0033017,2026-07-11 03:09:19.299616,0.47936241446009153,lstm
SVC-000018,EVT-0033018,2026-07-11 03:11:36.737900,0.6260131164942759,lstm
DEV-000026,EVT-0033019,2026-07-11 03:12:04.668935,0.46847541719307595,lstm
DEV-000013,EVT-0033020,2026-07-11 03:14:06.339319,0.921348903190412,lstm
SVC-000019,EVT-0033021,2026-07-11 03:14:12.557375,0.3429965369533169,lstm
SVC-000018,EVT-0033022,2026-07-11 03:14:53.294138,0.5952569058970976,lstm
SVC-000020,EVT-0033023,2026-07-11 03:24:18.866986,0.979971827095253,lstm
DEV-000018,EVT-0033024,2026-07-11 03:26:10.883833,0.6949608540367831,lstm
SVC-000041,EVT-0033025,2026-07-11 03:27:14.196062,0.7804384862993745,lstm
DEV-000023,EVT-0033026,2026-07-11 03:28:17.706112,0.5557896895135073,lstm
DEV-000025,EVT-0033027,2026-07-11 03:32:28.422609,0.9999998047581707,lstm
DEV-000023,EVT-0033028,2026-07-11 03:39:41.073592,0.6434487805858847,lstm
SVC-000014,EVT-0033029,2026-07-11 03:40:38.834413,0.9723327905540677,lstm
DEV-000002,EVT-0033030,2026-07-11 03:41:25.228274,0.3192125969214619,lstm
SVC-000014,EVT-0033031,2026-07-11 03:46:24.900220,0.261848442863978,lstm
SVC-000020,EVT-0033032,2026-07-11 03:48:27.119086,0.6721083220332483,lstm
SVC-000014,EVT-0033033,2026-07-11 03:55:37.305518,0.3387034626155341,lstm
SVC-000007,EVT-0033034,2026-07-11 03:57:10.119630,0.999623656934264,lstm
USR-000106,EVT-0033035,2026-07-11 03:57:59.759644,0.4283922293543644,lstm
SVC-000019,EVT-0033036,2026-07-11 04:02:03.544795,0.3166291526985566,lstm
USR-000009,EVT-0033037,2026-07-11 04:03:51.822541,0.9635530774106248,lstm
SVC-000015,EVT-0033038,2026-07-11 04:06:14.339850,0.9863915414250258,lstm
SVC-000014,EVT-0033039,2026-07-11 04:06:30.014802,0.23117861837184084,lstm
DEV-000020,EVT-0033040,2026-07-11 04:07:17.366737,0.28756826223947896,lstm
SVC-000015,EVT-0033041,2026-07-11 04:08:30.058411,0.6657525766687576,lstm
USR-000099,EVT-0033042,2026-07-11 04:08:51.168015,0.689507429012525,lstm
SVC-000014,EVT-0033043,2026-07-11 04:09:49.469411,0.23590733959745722,lstm
SVC-000014,EVT-0033044,2026-07-11 04:10:19.881113,0.39326557022410846,lstm
SVC-000007,EVT-0033045,2026-07-11 04:13:24.026389,0.6176937692702698,lstm
SVC-000014,EVT-0033046,2026-07-11 04:14:09.534771,0.4024857179227744,lstm
SVC-000014,EVT-0033047,2026-07-11 04:14:27.655874,0.44887141619985077,lstm
SVC-000007,EVT-0033048,2026-07-11 04:15:02.561163,0.9195240318122131,lstm
SVC-000014,EVT-0033049,2026-07-11 04:16:03.576136,0.3880100449398235,lstm
SVC-000019,EVT-0033050,2026-07-11 04:20:01.742621,0.22205386862633775,lstm
SVC-000015,EVT-0033051,2026-07-11 04:20:24.000346,0.4517150759868494,lstm
SVC-000019,EVT-0033052,2026-07-11 04:22:23.577406,0.3829467295800909,lstm
SVC-000014,EVT-0033053,2026-07-11 04:24:45.576040,0.296406696876795,lstm
SVC-000015,EVT-0033054,2026-07-11 04:24:50.321085,0.41194806201390116,lstm
SVC-000014,EVT-0033055,2026-07-11 04:24:53.561833,0.5403939068610888,lstm
SVC-000015,EVT-0033056,2026-07-11 04:26:33.237385,0.4463406359443663,lstm
SVC-000019,EVT-0033057,2026-07-11 04:27:12.387623,0.3651293428104941,lstm
SVC-000019,EVT-0033058,2026-07-11 04:29:35.742076,0.3998803082218781,lstm
SVC-000014,EVT-0033059,2026-07-11 04:30:12.624484,0.23682452744846247,lstm
SVC-000007,EVT-0033060,2026-07-11 04:32:32.195488,0.6540710992086666,lstm
SVC-000015,EVT-0033061,2026-07-11 04:35:10.317318,0.2854706239596894,lstm
SVC-000007,EVT-0033062,2026-07-11 04:35:30.151223,0.4292047016095245,lstm
SVC-000014,EVT-0033063,2026-07-11 04:39:17.961912,0.6457202294564208,lstm
SVC-000007,EVT-0033064,2026-07-11 04:40:54.024822,0.46007997540424805,lstm
DEV-000013,EVT-0033065,2026-07-11 04:44:32.982461,0.9131324506943603,lstm
SVC-000014,EVT-0033066,2026-07-11 04:46:29.391226,0.2956341927910447,lstm
SVC-000015,EVT-0033067,2026-07-11 04:47:09.102730,0.27503390011676554,lstm
SVC-000020,EVT-0033068,2026-07-11 04:49:18.385358,0.4826910052762787,lstm
SVC-000019,EVT-0033069,2026-07-11 04:53:25.252061,0.2675898719157213,lstm
SVC-000014,EVT-0033070,2026-07-11 04:56:40.041363,0.324405090155672,lstm
SVC-000014,EVT-0033071,2026-07-11 05:03:36.073007,0.23053152251952974,lstm
DEV-000008,EVT-0033072,2026-07-11 05:09:00.830351,0.5161932744158727,lstm
SVC-000020,EVT-0033073,2026-07-11 05:10:01.345560,0.5196560072263903,lstm
SVC-000020,EVT-0033074,2026-07-11 05:10:36.804499,0.7807068282552182,lstm
SVC-000019,EVT-0033075,2026-07-11 05:13:03.439716,0.29655146367868135,lstm
SVC-000014,EVT-0033076,2026-07-11 05:18:22.160104,0.39650328951202646,lstm
SVC-000019,EVT-0033077,2026-07-11 05:20:03.532137,0.30995368687190294,lstm
SVC-000015,EVT-0033078,2026-07-11 05:20:30.246387,0.3712587452671862,lstm
SVC-000014,EVT-0033079,2026-07-11 05:21:10.241348,0.4401847663097027,lstm
SVC-000019,EVT-0033080,2026-07-11 05:24:13.295860,0.4171958025623866,lstm
DEV-000002,EVT-0033081,2026-07-11 05:24:41.491178,0.34519886319553117,lstm
SVC-000014,EVT-0033082,2026-07-11 05:27:07.097088,0.3077582261057277,lstm
SVC-000009,EVT-0033083,2026-07-11 05:27:50.201922,0.9999863447877796,lstm
SVC-000014,EVT-0033084,2026-07-11 05:28:22.013832,0.3403589565725409,lstm
SVC-000009,EVT-0033085,2026-07-11 05:31:08.877151,0.9858186508319485,lstm
SVC-000007,EVT-0033086,2026-07-11 05:32:10.895526,0.484243255751612,lstm
SVC-000007,EVT-0033087,2026-07-11 05:32:11.980438,0.7890624497299992,lstm
DEV-000019,EVT-0033088,2026-07-11 05:35:02.244486,0.8231623080511833,lstm
SVC-000031,EVT-0033089,2026-07-11 05:38:28.816676,0.9852429097507023,lstm
USR-000137,EVT-0033090,2026-07-11 05:40:10.733536,0.9979324953247062,lstm
SVC-000019,EVT-0033091,2026-07-11 05:42:37.657656,0.3328996850291986,lstm
SVC-000009,EVT-0033092,2026-07-11 05:43:19.484632,0.7070997004739938,lstm
SVC-000031,EVT-0033093,2026-07-11 05:50:35.596599,0.4225111443630961,lstm
SVC-000031,EVT-0033094,2026-07-11 05:51:16.843502,0.6597462400063444,lstm
SVC-000031,EVT-0033095,2026-07-11 05:53:02.221771,0.4443462234966867,lstm
SVC-000019,EVT-0033096,2026-07-11 05:53:33.057108,0.33240226765127795,lstm
SVC-000009,EVT-0033097,2026-07-11 05:55:41.385946,0.5667367296614079,lstm
SVC-000019,EVT-0033098,2026-07-11 05:56:38.985271,0.41915169315316775,lstm
SVC-000015,EVT-0033099,2026-07-11 05:59:42.806969,0.47604254536161644,lstm
SVC-000031,EVT-0033100,2026-07-11 06:00:28.025596,0.3613745099036602,lstm
USR-000157,EVT-0033101,2026-07-11 06:01:33.843374,0.5187990492892867,lstm
SVC-000009,EVT-0033102,2026-07-11 06:02:15.332431,0.518541521347299,lstm
SVC-000031,EVT-0033103,2026-07-11 06:05:08.710804,0.33467634083799874,lstm
USR-000013,EVT-0033104,2026-07-11 06:12:13.426180,0.8847975000225892,lstm
SVC-000009,EVT-0033105,2026-07-11 06:13:12.358622,0.7067709712556618,lstm
SVC-000009,EVT-0033106,2026-07-11 06:14:17.244918,0.94522750505344,lstm
USR-000082,EVT-0033107,2026-07-11 06:15:31.757209,0.35876279283401846,lstm
USR-000042,EVT-0033108,2026-07-11 06:18:15.132254,0.5296735902763673,lstm
SVC-000009,EVT-0033109,2026-07-11 06:20:21.004309,0.36658813797893974,lstm
DEV-000013,EVT-0033110,2026-07-11 06:22:47.608942,0.8503258979952375,lstm
SVC-000055,EVT-0033111,2026-07-11 06:27:39.622750,0.9647139065530305,lstm
SVC-000009,EVT-0033112,2026-07-11 06:29:06.626548,0.3898582736812108,lstm
USR-000001,EVT-0033113,2026-07-11 06:31:37.821955,0.7476543916478624,lstm
SVC-000009,EVT-0033114,2026-07-11 06:36:22.730704,0.5764482544310302,lstm
SVC-000031,EVT-0033115,2026-07-11 06:38:39.153503,0.3523742260603462,lstm
DEV-000004,EVT-0033116,2026-07-11 06:43:13.651552,0.5193680467668964,lstm
SVC-000009,EVT-0033117,2026-07-11 06:43:31.114019,0.6121357004688507,lstm
DEV-000002,EVT-0033118,2026-07-11 06:44:37.631118,0.4013447302727881,lstm
SVC-000009,EVT-0033119,2026-07-11 06:49:00.740557,0.6972351588881626,lstm
SVC-000031,EVT-0033120,2026-07-11 06:49:44.665170,0.33970914913498845,lstm
SVC-000031,EVT-0033121,2026-07-11 06:50:17.049565,0.5429126207859218,lstm
SVC-000031,EVT-0033122,2026-07-11 06:50:41.238033,0.5007837360241909,lstm
SVC-000031,EVT-0033123,2026-07-11 06:51:40.057221,0.3977341316493053,lstm
USR-000009,EVT-0033124,2026-07-11 06:54:19.554881,0.6952149724708709,lstm
DEV-000010,EVT-0033125,2026-07-11 06:59:45.207726,0.5841585084386728,lstm
USR-000121,EVT-0033126,2026-07-11 07:00:34.775795,0.8826841119141693,lstm
DEV-000019,EVT-0033127,2026-07-11 07:03:41.629612,0.8204816143754194,lstm
SVC-000055,EVT-0033128,2026-07-11 07:05:56.014179,0.29979382059860926,lstm
USR-000036,EVT-0033129,2026-07-11 07:09:02.347205,0.5293225810253607,lstm
SVC-000055,EVT-0033130,2026-07-11 07:09:14.641635,0.46693637721242554,lstm
SVC-000055,EVT-0033131,2026-07-11 07:12:24.384980,0.641817778335152,lstm
USR-000129,EVT-0033132,2026-07-11 07:13:11.620318,0.7528365085999746,lstm
USR-000142,EVT-0033133,2026-07-11 07:13:23.868386,0.6035794491988979,lstm
SVC-000009,EVT-0033134,2026-07-11 07:13:41.883066,0.47024666178122915,lstm
USR-000142,EVT-0033135,2026-07-11 07:14:10.015001,0.7405692582821456,lstm
SVC-000011,EVT-0033136,2026-07-11 07:15:02.866858,0.9789399894203181,lstm
SVC-000055,EVT-0033137,2026-07-11 07:16:38.682387,0.5391896985200398,lstm
USR-000099,EVT-0033138,2026-07-11 07:19:30.094066,0.45892624487153644,lstm
SVC-000031,EVT-0033139,2026-07-11 07:24:29.451837,0.31572270869602465,lstm
USR-000031,EVT-0033140,2026-07-11 07:26:10.275544,0.5206476393501575,lstm
USR-000119,EVT-0033141,2026-07-11 07:26:16.844346,1.0,lstm
USR-000025,EVT-0033142,2026-07-11 07:33:33.181856,0.43673688666022764,lstm
SVC-000055,EVT-0033143,2026-07-11 07:35:32.394726,0.2426690936078026,lstm
SVC-000011,EVT-0033144,2026-07-11 07:36:59.693872,0.41259486709552096,lstm
USR-000116,EVT-0033145,2026-07-11 07:38:11.935894,0.5513122649384562,lstm
DEV-000010,EVT-0033146,2026-07-11 07:38:17.156771,0.44186576042531006,lstm
DEV-000018,EVT-0033147,2026-07-11 07:38:49.280705,0.37983415722095454,lstm
SVC-000040,EVT-0033148,2026-07-11 07:41:30.959965,0.9874305817723938,lstm
SVC-000011,EVT-0033149,2026-07-11 07:42:00.051847,0.43684036713591184,lstm
SVC-000011,EVT-0033150,2026-07-11 07:42:33.774935,0.44768924898469425,lstm
USR-000172,EVT-0033151,2026-07-11 07:43:14.547719,0.6282772410765304,lstm
SVC-000055,EVT-0033152,2026-07-11 07:43:17.664037,0.23047235477735603,lstm
USR-000155,EVT-0033153,2026-07-11 07:44:33.463489,0.8578370069199209,lstm
SVC-000040,EVT-0033154,2026-07-11 07:44:50.536394,0.4538938531922649,lstm
SVC-000055,EVT-0033155,2026-07-11 07:45:32.235105,0.4720695337098511,lstm
SVC-000040,EVT-0033156,2026-07-11 07:46:48.154502,0.5865259347936169,lstm
DEV-000026,EVT-0033157,2026-07-11 07:49:01.085142,0.5987640143882261,lstm
USR-000041,EVT-0033158,2026-07-11 07:50:09.554379,0.44587764598295765,lstm
SVC-000031,EVT-0033159,2026-07-11 07:51:07.931464,0.6559314118948639,lstm
USR-000054,EVT-0033160,2026-07-11 07:52:43.421812,0.6304400980680628,lstm
SVC-000055,EVT-0033161,2026-07-11 07:54:11.653340,0.39815147156828157,lstm
SVC-000011,EVT-0033162,2026-07-11 07:55:46.853816,0.31890239243164936,lstm
SVC-000031,EVT-0033163,2026-07-11 07:57:37.045521,0.615543915257288,lstm
SVC-000055,EVT-0033164,2026-07-11 07:58:00.391143,0.8251400859212723,lstm
USR-000119,EVT-0033165,2026-07-11 08:01:40.473496,0.9239216429491339,lstm
DEV-000018,EVT-0033166,2026-07-11 08:02:30.390518,0.27589584022470304,lstm
USR-000171,EVT-0033167,2026-07-11 08:03:06.220408,0.7682115217259864,lstm
SVC-000051,EVT-0033168,2026-07-11 08:04:55.558944,0.6914926616123417,lstm
SVC-000016,EVT-0033169,2026-07-11 08:05:55.586599,0.9680989766174511,lstm
USR-000190,EVT-0033170,2026-07-11 08:06:30.980017,0.6080853291488838,lstm
SVC-000011,EVT-0033171,2026-07-11 08:07:44.134369,0.35878578541271894,lstm
SVC-000011,EVT-0033172,2026-07-11 08:07:46.075351,0.8098152041700489,lstm
USR-000036,EVT-0033173,2026-07-11 08:08:06.076596,0.2624444397762155,lstm
SVC-000024,EVT-0033174,2026-07-11 08:08:59.911256,0.9993444535508781,lstm
USR-000103,EVT-0033175,2026-07-11 08:09:04.754877,0.8441069346914308,lstm
USR-000158,EVT-0033176,2026-07-11 08:10:06.210613,0.9795005225607332,lstm
SVC-000030,EVT-0033177,2026-07-11 08:11:10.039516,0.9782291828798428,lstm
SVC-000031,EVT-0033178,2026-07-11 08:11:23.228992,0.2858331953652075,lstm
USR-000167,EVT-0033179,2026-07-11 08:12:20.012678,0.6295992382310982,lstm
SVC-000040,EVT-0033180,2026-07-11 08:13:30.273347,0.45897835041198426,lstm
SVC-000055,EVT-0033181,2026-07-11 08:16:08.227979,0.31938743674689357,lstm
SVC-000055,EVT-0033182,2026-07-11 08:16:31.856283,0.6366786099863848,lstm
USR-000009,EVT-0033183,2026-07-11 08:16:44.296160,0.40723457818000797,lstm
SVC-000008,EVT-0033184,2026-07-11 08:18:12.072248,0.9999819381721331,lstm
DEV-000020,EVT-0033185,2026-07-11 08:21:46.984084,0.2768451714261477,lstm
USR-000047,EVT-0033186,2026-07-11 08:22:17.846000,0.6501602280459172,lstm
USR-000153,EVT-0033187,2026-07-11 08:23:08.334234,0.6903199044683743,lstm
SVC-000011,EVT-0033188,2026-07-11 08:24:20.088907,0.3046503648932156,lstm
SVC-000051,EVT-0033189,2026-07-11 08:24:53.039602,0.4224205340289792,lstm
USR-000025,EVT-0033190,2026-07-11 08:25:19.228651,0.8165890542417166,lstm
USR-000155,EVT-0033191,2026-07-11 08:25:38.711220,0.48748329423509773,lstm
SVC-000030,EVT-0033192,2026-07-11 08:28:02.808182,0.4594943140663407,lstm
SVC-000046,EVT-0033193,2026-07-11 08:28:20.097091,0.9965648374520109,lstm
USR-000014,EVT-0033194,2026-07-11 08:29:46.258481,0.29267875557919254,lstm
USR-000025,EVT-0033195,2026-07-11 08:31:52.393142,0.8717500965544752,lstm
SVC-000055,EVT-0033196,2026-07-11 08:33:16.705598,0.38143604414690596,lstm
USR-000036,EVT-0033197,2026-07-11 08:35:52.838979,0.3119223707442965,lstm
SVC-000046,EVT-0033198,2026-07-11 08:38:02.318836,0.3589647253433765,lstm
USR-000042,EVT-0033199,2026-07-11 08:38:46.083618,0.34588793815354085,lstm
USR-000038,EVT-0033200,2026-07-11 08:39:59.995270,0.7233840879589636,lstm
USR-000019,EVT-0033201,2026-07-11 08:40:20.289413,0.9762410632748156,lstm
USR-000171,EVT-0033202,2026-07-11 08:41:39.090680,0.5485205676617164,lstm
SVC-000053,EVT-0033203,2026-07-11 08:44:10.311996,0.9675184285531301,lstm
USR-000172,EVT-0033204,2026-07-11 08:44:44.432392,0.3267632182585547,lstm
USR-000112,EVT-0033205,2026-07-11 08:46:53.604494,0.4252532134828888,lstm
DEV-000009,EVT-0033206,2026-07-11 08:46:59.345566,0.8078986556169324,lstm
DEV-000016,EVT-0033207,2026-07-11 08:47:14.106704,0.5667093608614597,lstm
SVC-000040,EVT-0033208,2026-07-11 08:48:17.503459,0.7424094017501225,lstm
SVC-000011,EVT-0033209,2026-07-11 08:48:18.334733,0.3415650305418131,lstm
USR-000142,EVT-0033210,2026-07-11 08:48:51.834783,0.6073608093701646,lstm
USR-000031,EVT-0033211,2026-07-11 08:49:19.377496,0.8031359192647822,lstm
SVC-000055,EVT-0033212,2026-07-11 08:50:35.822731,0.3650591805270159,lstm
USR-000013,EVT-0033213,2026-07-11 08:51:31.526673,0.554517713332945,lstm
SVC-000042,EVT-0033214,2026-07-11 08:52:27.478559,0.9957026986488766,lstm
SVC-000024,EVT-0033215,2026-07-11 08:52:34.959191,0.5996611292835561,lstm
USR-000180,EVT-0033216,2026-07-11 08:54:16.451606,0.5974402106859327,lstm
SVC-000046,EVT-0033217,2026-07-11 08:54:17.334149,0.5387146033611029,lstm
USR-000094,EVT-0033218,2026-07-11 08:54:43.121673,0.8646017339445471,lstm
USR-000096,EVT-0033219,2026-07-11 08:55:48.971033,0.44550589614651614,lstm
SVC-000046,EVT-0033220,2026-07-11 08:56:16.402258,0.5877517694839706,lstm
SVC-000046,EVT-0033221,2026-07-11 08:58:15.075611,0.536009127980963,lstm
USR-000087,EVT-0033222,2026-07-11 08:58:38.122231,0.6888247953515636,lstm
SVC-000024,EVT-0033223,2026-07-11 08:58:42.033807,0.42135941676541333,lstm
SVC-000030,EVT-0033224,2026-07-11 08:58:47.412065,0.4116201793211052,lstm
SVC-000024,EVT-0033225,2026-07-11 09:01:13.311716,0.3689189565759216,lstm
SVC-000046,EVT-0033226,2026-07-11 09:01:33.998357,0.4623833321361254,lstm
USR-000095,EVT-0033227,2026-07-11 09:01:45.062022,0.5626228756018122,lstm
DEV-000020,EVT-0033228,2026-07-11 09:02:13.583222,0.23921027650328427,lstm
SVC-000046,EVT-0033229,2026-07-11 09:05:47.078403,0.4380103317278876,lstm
USR-000172,EVT-0033230,2026-07-11 09:06:18.379657,0.25833408429603094,lstm
USR-000049,EVT-0033231,2026-07-11 09:07:12.629211,0.4516708130275813,lstm
USR-000096,EVT-0033232,2026-07-11 09:07:28.984449,0.6421646292365575,lstm
SVC-000046,EVT-0033233,2026-07-11 09:08:50.817074,0.47059399159941345,lstm
DEV-000004,EVT-0033234,2026-07-11 09:09:19.029113,0.30051974004719517,lstm
SVC-000046,EVT-0033235,2026-07-11 09:11:19.128982,0.3334656043973094,lstm
USR-000054,EVT-0033236,2026-07-11 09:11:59.812364,0.33889928441779615,lstm
SVC-000042,EVT-0033237,2026-07-11 09:15:58.468268,0.37673941161204505,lstm
SVC-000024,EVT-0033238,2026-07-11 09:16:52.311986,0.3409280457506027,lstm
USR-000036,EVT-0033239,2026-07-11 09:17:38.606066,0.24996111782106178,lstm
SVC-000039,EVT-0033240,2026-07-11 09:19:28.097840,0.9956784847211229,lstm
SVC-000053,EVT-0033241,2026-07-11 09:20:13.342641,0.8045183204070511,lstm
SVC-000030,EVT-0033242,2026-07-11 09:20:35.484042,0.41833386597536565,lstm
SVC-000046,EVT-0033243,2026-07-11 09:21:29.439475,0.30045399543095347,lstm
SVC-000024,EVT-0033244,2026-07-11 09:22:22.619898,0.3346173927964803,lstm
USR-000099,EVT-0033245,2026-07-11 09:24:23.770920,0.23804725751726014,lstm
SVC-000042,EVT-0033246,2026-07-11 09:26:10.028928,0.29256939387013525,lstm
DEV-000008,EVT-0033247,2026-07-11 09:26:12.100989,0.54730621723523,lstm
SVC-000013,EVT-0033248,2026-07-11 09:27:15.711800,0.9978815260036088,lstm
DEV-000023,EVT-0033249,2026-07-11 09:27:16.570149,0.501232431298516,lstm
SVC-000024,EVT-0033250,2026-07-11 09:28:38.052835,0.26292981698845286,lstm
USR-000119,EVT-0033251,2026-07-11 09:30:05.990644,0.9885100059373914,lstm
USR-000046,EVT-0033252,2026-07-11 09:30:42.014318,0.8935669867373041,lstm
USR-000030,EVT-0033253,2026-07-11 09:31:05.895868,0.6775922982171485,lstm
USR-000194,EVT-0033254,2026-07-11 09:31:14.098461,0.7064598847875699,lstm
SVC-000013,EVT-0033255,2026-07-11 09:32:40.715964,0.7568449760419322,lstm
SVC-000039,EVT-0033256,2026-07-11 09:33:10.767608,0.5972990212434875,lstm
DEV-000019,EVT-0033257,2026-07-11 09:35:54.065276,0.8472359225728943,lstm
USR-000194,EVT-0033258,2026-07-11 09:36:42.134779,0.8198084842775101,lstm
USR-000142,EVT-0033259,2026-07-11 09:37:45.850091,0.3192910569802433,lstm
USR-000175,EVT-0033260,2026-07-11 09:37:50.039898,0.9878574858553756,lstm
DEV-000002,EVT-0033261,2026-07-11 09:39:10.401950,0.6595252505589961,lstm
SVC-000024,EVT-0033262,2026-07-11 09:40:47.298658,0.33732782968168284,lstm
SVC-000016,EVT-0033263,2026-07-11 09:40:54.604551,0.3665260463030564,lstm
SVC-000016,EVT-0033264,2026-07-11 09:41:09.204506,0.8627030809525488,lstm
USR-000094,EVT-0033265,2026-07-11 09:41:40.094358,0.5014242039845382,lstm
SVC-000042,EVT-0033266,2026-07-11 09:42:25.507451,0.24767505922632946,lstm
SVC-000024,EVT-0033267,2026-07-11 09:42:33.606186,0.5450802146670353,lstm
SVC-000011,EVT-0033268,2026-07-11 09:44:18.391438,0.4666192060164998,lstm
USR-000172,EVT-0033269,2026-07-11 09:45:04.847154,0.23585497519218943,lstm
USR-000168,EVT-0033270,2026-07-11 09:46:26.964433,0.6421510596729917,lstm
SVC-000016,EVT-0033271,2026-07-11 09:48:21.009506,0.40961384586436733,lstm
SVC-000024,EVT-0033272,2026-07-11 09:48:31.543572,0.2959013001733597,lstm
USR-000155,EVT-0033273,2026-07-11 09:48:51.056185,0.4352873390610194,lstm
SVC-000024,EVT-0033274,2026-07-11 09:49:40.289175,0.42561925164669995,lstm
SVC-000016,EVT-0033275,2026-07-11 09:50:37.121168,0.8626060546675854,lstm
USR-000022,EVT-0033276,2026-07-11 09:50:53.445481,0.30365150662484464,lstm
USR-000031,EVT-0033277,2026-07-11 09:52:10.653943,0.3755842196165204,lstm
USR-000069,EVT-0033278,2026-07-11 09:52:11.341419,0.3210164813056791,lstm
USR-000038,EVT-0033279,2026-07-11 09:53:03.817895,0.4118434132480002,lstm
USR-000048,EVT-0033280,2026-07-11 09:53:04.522904,0.7725961657613539,lstm
USR-000042,EVT-0033281,2026-07-11 09:54:32.271163,0.29501556967708925,lstm
USR-000051,EVT-0033282,2026-07-11 09:54:51.618686,0.49454018546434103,lstm
DEV-000002,EVT-0033283,2026-07-11 09:58:10.395437,0.6843443219833586,lstm
SVC-000016,EVT-0033284,2026-07-11 09:59:26.460465,0.3511575316571857,lstm
SVC-000024,EVT-0033285,2026-07-11 10:00:42.764526,0.39160611074125073,lstm
SVC-000001,EVT-0033286,2026-07-11 10:01:13.863067,0.9797325033086344,lstm
DEV-000021,EVT-0033287,2026-07-11 10:01:16.114765,0.47765831259857416,lstm
SVC-000013,EVT-0033288,2026-07-11 10:04:47.625845,0.6955163061173408,lstm
SVC-000008,EVT-0033289,2026-07-11 10:05:17.971425,0.989513466571643,lstm
USR-000200,EVT-0033290,2026-07-11 10:05:23.083844,0.47403602147287194,lstm
USR-000016,EVT-0033291,2026-07-11 10:07:07.878043,0.9132002641502007,lstm
USR-000025,EVT-0033292,2026-07-11 10:07:41.066189,0.6736406961460708,lstm
USR-000071,EVT-0033293,2026-07-11 10:08:00.103895,0.8823612545520397,lstm
USR-000057,EVT-0033294,2026-07-11 10:08:02.087955,0.7785225173266143,lstm
USR-000009,EVT-0033295,2026-07-11 10:09:39.359037,0.26570984085917454,lstm
USR-000022,EVT-0033296,2026-07-11 10:10:33.320254,0.4084480271648095,lstm
USR-000178,EVT-0033297,2026-07-11 10:10:56.228778,0.556763164200426,lstm
USR-000097,EVT-0033298,2026-07-11 10:11:49.527201,0.6006104918676599,lstm
SVC-000013,EVT-0033299,2026-07-11 10:11:50.981491,0.3747918089031652,lstm
USR-000066,EVT-0033300,2026-07-11 10:13:25.573482,0.34216664871050645,lstm
USR-000205,EVT-0033301,2026-07-11 10:13:49.508405,0.8462094109255813,lstm
DEV-000009,EVT-0033302,2026-07-11 10:14:03.256888,0.3686668164666218,lstm
USR-000153,EVT-0033303,2026-07-11 10:14:53.342137,0.43135839422227307,lstm
USR-000025,EVT-0033304,2026-07-11 10:15:49.423520,0.6711107732930186,lstm
SVC-000042,EVT-0033305,2026-07-11 10:17:09.908164,0.2862931111587993,lstm
SVC-000039,EVT-0033306,2026-07-11 10:18:10.038784,0.5156303121910585,lstm
SVC-000016,EVT-0033307,2026-07-11 10:18:12.950696,0.34102386830364295,lstm
USR-000168,EVT-0033308,2026-07-11 10:18:30.276776,0.3327065218253463,lstm
SVC-000042,EVT-0033309,2026-07-11 10:19:46.197019,0.4033189544609396,lstm
DEV-000015,EVT-0033310,2026-07-11 10:20:49.991827,0.8094171919843615,lstm
USR-000022,EVT-0033311,2026-07-11 10:22:54.528116,0.3832224322645418,lstm
USR-000047,EVT-0033312,2026-07-11 10:22:58.014691,0.25292275487256355,lstm
USR-000087,EVT-0033313,2026-07-11 10:23:03.511655,0.44373953357523416,lstm
USR-000166,EVT-0033314,2026-07-11 10:23:34.121939,0.930984894235985,lstm
USR-000205,EVT-0033315,2026-07-11 10:23:43.170337,0.6419806850522748,lstm
SVC-000042,EVT-0033316,2026-07-11 10:23:44.919440,0.2843310851188923,lstm
USR-000051,EVT-0033317,2026-07-11 10:24:59.706386,0.4194340030185418,lstm
SVC-000016,EVT-0033318,2026-07-11 10:25:18.521347,0.3888753227675206,lstm
SVC-000013,EVT-0033319,2026-07-11 10:25:23.403102,0.31967401659039285,lstm
DEV-000008,EVT-0033320,2026-07-11 10:27:28.855519,0.4665941593013142,lstm
USR-000158,EVT-0033321,2026-07-11 10:29:35.067593,0.7681669676437305,lstm
USR-000066,EVT-0033322,2026-07-11 10:29:46.351843,0.6078838229166111,lstm
USR-000016,EVT-0033323,2026-07-11 10:29:50.004773,0.8030132024104012,lstm
USR-000137,EVT-0033324,2026-07-11 10:30:24.899722,0.9070612758256038,lstm
SVC-000030,EVT-0033325,2026-07-11 10:31:32.886501,0.4257469615325447,lstm
SVC-000016,EVT-0033326,2026-07-11 10:31:53.966732,0.3029579562647059,lstm
USR-000006,EVT-0033327,2026-07-11 10:31:57.513379,0.5604043528135741,lstm
SVC-000008,EVT-0033328,2026-07-11 10:32:51.492070,0.9882276891933892,lstm
SVC-000042,EVT-0033329,2026-07-11 10:33:09.732272,0.2623167512509476,lstm
USR-000151,EVT-0033330,2026-07-11 10:33:30.405829,0.97493447361897,lstm
SVC-000013,EVT-0033331,2026-07-11 10:33:37.280151,0.30798026538721823,lstm
SVC-000008,EVT-0033332,2026-07-11 10:35:35.018310,0.9525389022528244,lstm
USR-000167,EVT-0033333,2026-07-11 10:37:38.645489,0.5000761269216184,lstm
USR-000014,EVT-0033334,2026-07-11 10:38:04.392487,0.33735383103367794,lstm
USR-000030,EVT-0033335,2026-07-11 10:38:05.173823,0.35999293984285685,lstm
USR-000042,EVT-0033336,2026-07-11 10:39:14.060543,0.21849234813106233,lstm
SVC-000053,EVT-0033337,2026-07-11 10:39:31.311919,0.2896961169551326,lstm
USR-000046,EVT-0033338,2026-07-11 10:41:21.753814,0.44769079342940576,lstm
USR-000019,EVT-0033339,2026-07-11 10:41:29.658029,0.84834160450019,lstm
USR-000019,EVT-0033340,2026-07-11 10:41:31.256234,0.8885772853402719,lstm
USR-000162,EVT-0033341,2026-07-11 10:42:34.415730,0.4277199657664951,lstm
USR-000203,EVT-0033342,2026-07-11 10:42:41.892807,0.28324479632900823,lstm
SVC-000013,EVT-0033343,2026-07-11 10:44:11.868639,0.4072089830098389,lstm
USR-000167,EVT-0033344,2026-07-11 10:45:12.107677,0.4621649319172475,lstm
USR-000110,EVT-0033345,2026-07-11 10:46:16.324266,0.4335159827421064,lstm
USR-000043,EVT-0033346,2026-07-11 10:46:56.431596,0.6692756751075425,lstm
SVC-000013,EVT-0033347,2026-07-11 10:47:14.699881,0.6601149024491234,lstm
USR-000030,EVT-0033348,2026-07-11 10:48:26.423205,0.6314858243454279,lstm
USR-000094,EVT-0033349,2026-07-11 10:50:04.783561,0.546605595169277,lstm
SVC-000013,EVT-0033350,2026-07-11 10:50:14.401991,0.5728883371665742,lstm
SVC-000013,EVT-0033351,2026-07-11 10:50:53.229357,0.6663679706376425,lstm
USR-000019,EVT-0033352,2026-07-11 10:51:06.008884,0.5169547709130113,lstm
USR-000020,EVT-0033353,2026-07-11 10:51:57.380538,0.5509794678557682,lstm
USR-000167,EVT-0033354,2026-07-11 10:52:13.401869,0.5895482778545391,lstm
DEV-000015,EVT-0033355,2026-07-11 10:52:52.357894,0.6823470377754689,lstm
USR-000168,EVT-0033356,2026-07-11 10:53:23.509425,0.2959378755206816,lstm
USR-000080,EVT-0033357,2026-07-11 10:54:30.185995,0.8863997482051124,lstm
SVC-000021,EVT-0033358,2026-07-11 10:55:48.085348,0.9898928247165362,lstm
SVC-000039,EVT-0033359,2026-07-11 10:56:31.635435,0.4416106266601892,lstm
USR-000022,EVT-0033360,2026-07-11 10:57:12.106132,0.2791049076593307,lstm
USR-000115,EVT-0033361,2026-07-11 10:57:17.626567,0.9638480528190775,lstm
DEV-000010,EVT-0033362,2026-07-11 10:57:51.935974,0.250546378506971,lstm
USR-000204,EVT-0033363,2026-07-11 10:58:46.016158,0.5889262878488094,lstm
DEV-000023,EVT-0033364,2026-07-11 10:58:48.435225,0.4643944699751365,lstm
DEV-000018,EVT-0033365,2026-07-11 10:59:32.475721,0.27540813200110836,lstm
USR-000155,EVT-0033366,2026-07-11 10:59:36.654199,0.34049400479764086,lstm
USR-000194,EVT-0033367,2026-07-11 11:00:01.084581,0.40366437878431155,lstm
USR-000206,EVT-0033368,2026-07-11 11:00:43.348822,0.4794036766683533,lstm
SVC-000042,EVT-0033369,2026-07-11 11:02:33.516774,0.23726823263035507,lstm
USR-000047,EVT-0033370,2026-07-11 11:02:43.917404,0.24312242275878915,lstm
SVC-000039,EVT-0033371,2026-07-11 11:02:44.742111,0.3718835365048524,lstm
SVC-000024,EVT-0033372,2026-07-11 11:04:14.285233,0.6150798369463784,lstm
USR-000127,EVT-0033373,2026-07-11 11:04:46.900531,0.9158560974047496,lstm
SVC-000042,EVT-0033374,2026-07-11 11:07:52.478710,0.280331306815233,lstm
USR-000195,EVT-0033375,2026-07-11 11:08:33.658323,0.5791225556252462,lstm
DEV-000006,EVT-0033376,2026-07-11 11:08:58.537263,0.2727093632490664,lstm
USR-000111,EVT-0033377,2026-07-11 11:09:00.497341,0.3475843545485467,lstm
SVC-000039,EVT-0033378,2026-07-11 11:12:06.096960,0.3440219505936819,lstm
SVC-000008,EVT-0033379,2026-07-11 11:13:25.365468,0.7730993217876828,lstm
SVC-000042,EVT-0033380,2026-07-11 11:13:49.673559,0.2637339824093737,lstm
USR-000038,EVT-0033381,2026-07-11 11:14:00.661781,0.2747691254311526,lstm
SVC-000039,EVT-0033382,2026-07-11 11:14:51.640449,0.5836493212075866,lstm
USR-000048,EVT-0033383,2026-07-11 11:14:55.829824,0.3869672276542721,lstm
USR-000050,EVT-0033384,2026-07-11 11:15:36.411272,0.4299748597005862,lstm
SVC-000008,EVT-0033385,2026-07-11 11:15:36.625679,0.7972865685571553,lstm
SVC-000008,EVT-0033386,2026-07-11 11:15:57.048949,0.9049260785523897,lstm
USR-000194,EVT-0033387,2026-07-11 11:16:33.455143,0.3260460167328059,lstm
USR-000137,EVT-0033388,2026-07-11 11:17:25.557370,0.5206201465662146,lstm
USR-000138,EVT-0033389,2026-07-11 11:18:44.830332,0.9237267447249854,lstm
USR-000171,EVT-0033390,2026-07-11 11:21:19.262748,0.4184101346537251,lstm
USR-000038,EVT-0033391,2026-07-11 11:24:13.088590,0.3485335773019076,lstm
USR-000064,EVT-0033392,2026-07-11 11:25:13.042716,0.8096734096287866,lstm
DEV-000005,EVT-0033393,2026-07-11 11:26:40.854734,0.4052400227317654,lstm
SVC-000008,EVT-0033394,2026-07-11 11:27:20.954297,0.5727432147008955,lstm
USR-000047,EVT-0033395,2026-07-11 11:28:36.661547,0.24418090757985433,lstm
USR-000155,EVT-0033396,2026-07-11 11:28:58.976342,0.3573710368020246,lstm
USR-000203,EVT-0033397,2026-07-11 11:29:21.238608,0.4292300180854002,lstm
SVC-000042,EVT-0033398,2026-07-11 11:29:23.925070,0.26118643595743657,lstm
USR-000001,EVT-0033399,2026-07-11 11:29:28.074958,0.7751927501044495,lstm
USR-000194,EVT-0033400,2026-07-11 11:29:38.330559,0.3187837394003626,lstm
SVC-000053,EVT-0033401,2026-07-11 11:30:12.523448,0.9300754904745014,lstm
USR-000171,EVT-0033402,2026-07-11 11:30:45.177367,0.49588784563027094,lstm
USR-000129,EVT-0033403,2026-07-11 11:32:22.448477,0.3677216338213717,lstm
DEV-000020,EVT-0033404,2026-07-11 11:35:36.452441,0.24349093806196276,lstm
USR-000121,EVT-0033405,2026-07-11 11:37:19.666188,0.47774492166265786,lstm
USR-000038,EVT-0033406,2026-07-11 11:37:32.162388,0.4028048738902155,lstm
SVC-000021,EVT-0033407,2026-07-11 11:37:56.830031,0.6547685356458781,lstm
USR-000091,EVT-0033408,2026-07-11 11:41:18.665767,0.32859702337468194,lstm
USR-000092,EVT-0033409,2026-07-11 11:41:25.818210,0.6800228057454327,lstm
USR-000189,EVT-0033410,2026-07-11 11:41:33.702461,0.6728032459271787,baseline_fallback
USR-000195,EVT-0033411,2026-07-11 11:41:36.686491,0.4286363558779856,lstm
USR-000173,EVT-0033412,2026-07-11 11:41:49.970601,0.42931156491735384,lstm
SVC-000039,EVT-0033413,2026-07-11 11:43:03.583852,0.39185650168152764,lstm
USR-000024,EVT-0033414,2026-07-11 11:43:58.228881,0.4265797877162419,lstm
SVC-000053,EVT-0033415,2026-07-11 11:44:10.397963,0.31104703227239044,lstm
SVC-000016,EVT-0033416,2026-07-11 11:45:01.913145,0.527003399278435,lstm
USR-000021,EVT-0033417,2026-07-11 11:47:19.529776,0.6381049818394802,lstm
USR-000170,EVT-0033418,2026-07-11 11:47:53.931772,0.63597250074806,lstm
USR-000151,EVT-0033419,2026-07-11 11:47:58.000842,0.6918352634576187,lstm
USR-000172,EVT-0033420,2026-07-11 11:48:05.679556,0.3127957804677991,lstm
USR-000030,EVT-0033421,2026-07-11 11:48:53.691792,0.41809207023007305,lstm
DEV-000001,EVT-0033422,2026-07-11 11:48:58.602168,0.7178224803692458,lstm
USR-000127,EVT-0033423,2026-07-11 11:49:25.564730,0.44437283262052285,lstm
USR-000006,EVT-0033424,2026-07-11 11:50:42.572653,0.31955749739387396,lstm
USR-000155,EVT-0033425,2026-07-11 11:51:13.097423,0.33915232738636975,lstm
USR-000138,EVT-0033426,2026-07-11 11:51:52.407405,0.6549569295574377,lstm
DEV-000015,EVT-0033427,2026-07-11 11:52:08.674861,0.46062501464353023,lstm
USR-000030,EVT-0033428,2026-07-11 11:52:36.341149,0.5703214995570364,lstm
SVC-000053,EVT-0033429,2026-07-11 11:55:08.863996,0.3261483819631091,lstm
USR-000025,EVT-0033430,2026-07-11 11:57:06.740633,0.39056934231240403,lstm
SVC-000039,EVT-0033431,2026-07-11 11:58:47.452802,0.35839132226121656,lstm
USR-000091,EVT-0033432,2026-07-11 11:59:05.776480,0.5321815952630975,lstm
SVC-000001,EVT-0033433,2026-07-11 11:59:27.519360,0.42728967711460664,lstm
SVC-000021,EVT-0033434,2026-07-11 11:59:37.825395,0.45044973427716517,lstm
SVC-000053,EVT-0033435,2026-07-11 12:00:43.728107,0.4618376514412274,lstm
USR-000121,EVT-0033436,2026-07-11 12:02:22.646181,0.6015405355900514,lstm
USR-000203,EVT-0033437,2026-07-11 12:03:40.913246,0.2851273495937201,lstm
SVC-000021,EVT-0033438,2026-07-11 12:04:02.865392,0.2781021191388887,lstm
USR-000137,EVT-0033439,2026-07-11 12:04:09.481985,0.47758211387112937,lstm
USR-000160,EVT-0033440,2026-07-11 12:04:29.575987,0.7788671640118023,lstm
USR-000190,EVT-0033441,2026-07-11 12:05:32.719152,0.765937681644297,lstm
SVC-000001,EVT-0033442,2026-07-11 12:07:39.486869,0.4319731817591605,lstm
USR-000206,EVT-0033443,2026-07-11 12:08:01.154581,0.31160837918989154,lstm
USR-000047,EVT-0033444,2026-07-11 12:08:33.346284,0.24838868546556558,lstm
USR-000174,EVT-0033445,2026-07-11 12:08:46.457443,0.8608877195155462,lstm
USR-000115,EVT-0033446,2026-07-11 12:09:37.534630,0.802902850502299,lstm
USR-000041,EVT-0033447,2026-07-11 12:09:41.020250,0.2909474151424424,lstm
SVC-000008,EVT-0033448,2026-07-11 12:10:14.410026,0.7752590979173116,lstm
USR-000083,EVT-0033449,2026-07-11 12:10:34.816824,0.6072168666961014,lstm
USR-000030,EVT-0033450,2026-07-11 12:10:58.637972,0.31414532450784904,lstm
USR-000071,EVT-0033451,2026-07-11 12:11:38.825858,0.8600710988078996,lstm
USR-000194,EVT-0033452,2026-07-11 12:12:59.326447,0.3151000652195617,lstm
USR-000166,EVT-0033453,2026-07-11 12:13:19.367970,0.6286191328914903,lstm
USR-000120,EVT-0033454,2026-07-11 12:14:12.104845,0.5459944250822615,lstm
USR-000089,EVT-0033455,2026-07-11 12:14:31.011586,0.6242852083647953,lstm
USR-000125,EVT-0033456,2026-07-11 12:14:51.007740,0.49491615372440945,lstm
USR-000111,EVT-0033457,2026-07-11 12:15:33.775558,0.2668313116714372,lstm
USR-000043,EVT-0033458,2026-07-11 12:15:38.999322,0.280456364328683,lstm
SVC-000034,EVT-0033459,2026-07-11 12:15:46.405815,0.9105269477033193,lstm
USR-000019,EVT-0033460,2026-07-11 12:17:28.058065,0.3822801429358646,lstm
SVC-000001,EVT-0033461,2026-07-11 12:18:13.785556,0.2953136081521211,lstm
USR-000205,EVT-0033462,2026-07-11 12:20:14.272934,0.45501996083441315,lstm
USR-000024,EVT-0033463,2026-07-11 12:20:16.800428,0.2875109646211719,lstm
USR-000138,EVT-0033464,2026-07-11 12:20:32.529437,0.6089571740995291,lstm
SVC-000021,EVT-0033465,2026-07-11 12:20:34.487792,0.46024835833071925,lstm
SVC-000021,EVT-0033466,2026-07-11 12:20:51.357512,0.7522306023843804,lstm
USR-000006,EVT-0033467,2026-07-11 12:22:02.062950,0.2574025242498831,lstm
USR-000172,EVT-0033468,2026-07-11 12:22:34.647925,0.4228302853228623,lstm
SVC-000039,EVT-0033469,2026-07-11 12:22:54.164640,0.3903304333575925,lstm
USR-000064,EVT-0033470,2026-07-11 12:23:13.161041,0.5471642395912446,lstm
SVC-000001,EVT-0033471,2026-07-11 12:24:59.559817,0.7763677707328333,lstm
USR-000042,EVT-0033472,2026-07-11 12:25:07.201177,0.29076782162903664,lstm
USR-000080,EVT-0033473,2026-07-11 12:25:33.297047,0.6405259231986168,lstm
USR-000053,EVT-0033474,2026-07-11 12:25:57.179937,0.5158664229043567,lstm
USR-000084,EVT-0033475,2026-07-11 12:26:19.398790,0.6294412715059412,lstm
USR-000084,EVT-0033476,2026-07-11 12:26:37.570772,0.9730113779462038,lstm
USR-000191,EVT-0033477,2026-07-11 12:29:02.580679,0.6145866110711353,lstm
USR-000036,EVT-0033478,2026-07-11 12:29:53.035281,0.3871470745807918,lstm
USR-000066,EVT-0033479,2026-07-11 12:30:02.964151,0.2759798307886745,lstm
USR-000127,EVT-0033480,2026-07-11 12:30:49.707453,0.6383869771628641,lstm
USR-000193,EVT-0033481,2026-07-11 12:33:23.855302,0.5862626535790282,lstm
USR-000024,EVT-0033482,2026-07-11 12:33:36.976961,0.49693530722832835,lstm
USR-000057,EVT-0033483,2026-07-11 12:33:47.887300,0.6315764397335568,lstm
USR-000137,EVT-0033484,2026-07-11 12:34:16.456169,0.45883950293493797,lstm
DEV-000020,EVT-0033485,2026-07-11 12:37:33.700050,0.27050963215177803,lstm
USR-000037,EVT-0033486,2026-07-11 12:37:58.468097,0.4986592741204407,lstm
USR-000138,EVT-0033487,2026-07-11 12:38:05.196137,0.4406277547621686,lstm
DEV-000010,EVT-0033488,2026-07-11 12:38:57.734526,0.2282132696696767,lstm
SVC-000053,EVT-0033489,2026-07-11 12:40:56.809808,0.40259148134647627,lstm
SVC-000021,EVT-0033490,2026-07-11 12:42:21.449101,0.5206540917515907,lstm
USR-000209,EVT-0033491,2026-07-11 12:42:25.408964,0.6478553868146651,lstm
USR-000119,EVT-0033492,2026-07-11 12:45:26.445402,0.8771039049607049,lstm
SVC-000017,EVT-0033493,2026-07-11 12:45:41.018908,0.999783229153504,lstm
DEV-000009,EVT-0033494,2026-07-11 12:46:44.045323,0.16334836046234608,lstm
SVC-000008,EVT-0033495,2026-07-11 12:46:46.199155,0.7397593910468794,lstm
USR-000152,EVT-0033496,2026-07-11 12:50:03.048066,0.5923767067908974,lstm
USR-000140,EVT-0033497,2026-07-11 12:51:03.883537,0.8023156382119577,lstm
USR-000021,EVT-0033498,2026-07-11 12:52:14.422611,0.4078368236518721,lstm
DEV-000002,EVT-0033499,2026-07-11 12:54:00.748673,0.7081732457582927,lstm
USR-000143,EVT-0033500,2026-07-11 12:54:43.447435,0.7142546771203377,lstm
USR-000137,EVT-0033501,2026-07-11 12:54:50.944575,0.512302597371095,lstm
USR-000110,EVT-0033502,2026-07-11 12:57:18.653608,0.2525685520723029,lstm
USR-000154,EVT-0033503,2026-07-11 12:57:40.332149,0.5215729683073189,lstm
USR-000016,EVT-0033504,2026-07-11 13:01:26.762560,0.606833984742513,lstm
SVC-000001,EVT-0033505,2026-07-11 13:02:35.647925,0.27872585512510767,lstm
SVC-000017,EVT-0033506,2026-07-11 13:02:45.613695,0.8534515359812689,lstm
USR-000053,EVT-0033507,2026-07-11 13:03:24.736554,0.3943536517593148,lstm
SVC-000034,EVT-0033508,2026-07-11 13:04:22.488991,0.3474501188629783,lstm
USR-000149,EVT-0033509,2026-07-11 13:04:45.705217,0.5282119061288225,lstm
USR-000193,EVT-0033510,2026-07-11 13:05:11.441424,0.3657770255708815,lstm
USR-000206,EVT-0033511,2026-07-11 13:05:45.050893,0.24029284011793922,lstm
USR-000149,EVT-0033512,2026-07-11 13:06:47.996018,0.7882978359940279,lstm
SVC-000001,EVT-0033513,2026-07-11 13:07:39.795125,0.29637719833652365,lstm
USR-000146,EVT-0033514,2026-07-11 13:08:21.893305,0.5645320813165824,lstm
DEV-000001,EVT-0033515,2026-07-11 13:08:26.969766,0.33167487435464266,lstm
USR-000047,EVT-0033516,2026-07-11 13:09:10.704053,0.26378059179637087,lstm
USR-000016,EVT-0033517,2026-07-11 13:09:25.425300,0.647177053239509,lstm
SVC-000021,EVT-0033518,2026-07-11 13:10:05.838774,0.36801625947848216,lstm
SVC-000043,EVT-0033519,2026-07-11 13:11:17.437608,0.9922060878588252,lstm
SVC-000021,EVT-0033520,2026-07-11 13:11:38.785512,0.7224341142182661,lstm
USR-000001,EVT-0033521,2026-07-11 13:11:45.013130,0.29717826975905914,lstm
USR-000061,EVT-0033522,2026-07-11 13:16:30.654477,0.8024595103286843,lstm
USR-000111,EVT-0033523,2026-07-11 13:16:57.875459,0.2562956062623076,lstm
SVC-000049,EVT-0033524,2026-07-11 13:16:59.977669,0.9998056108722176,lstm
USR-000146,EVT-0033525,2026-07-11 13:17:00.711177,0.5439369528082998,lstm
USR-000129,EVT-0033526,2026-07-11 13:18:08.848413,0.22974830046260605,lstm
USR-000109,EVT-0033527,2026-07-11 13:18:18.792463,0.5249434230984003,lstm
USR-000172,EVT-0033528,2026-07-11 13:18:47.653822,0.40609524192807683,lstm
USR-000089,EVT-0033529,2026-07-11 13:18:52.095215,0.40114363162501526,lstm
USR-000098,EVT-0033530,2026-07-11 13:19:25.028934,0.890597645808644,lstm
USR-000138,EVT-0033531,2026-07-11 13:20:16.182708,0.2428112527270207,lstm
SVC-000043,EVT-0033532,2026-07-11 13:20:17.786729,0.32164438479656243,lstm
USR-000151,EVT-0033533,2026-07-11 13:21:04.339984,0.6842954688488059,lstm
SVC-000021,EVT-0033534,2026-07-11 13:23:10.300985,0.4488117331071661,lstm
USR-000181,EVT-0033535,2026-07-11 13:24:04.523494,0.5806590286131513,lstm
USR-000151,EVT-0033536,2026-07-11 13:24:40.832792,0.6299630755880674,lstm
DEV-000020,EVT-0033537,2026-07-11 13:25:15.972373,0.2222220812043882,lstm
USR-000172,EVT-0033538,2026-07-11 13:25:48.935953,0.38004393193252567,lstm
USR-000204,EVT-0033539,2026-07-11 13:26:54.046715,0.2719536663159531,lstm
SVC-000001,EVT-0033540,2026-07-11 13:27:21.578524,0.2517160165833236,lstm
SVC-000049,EVT-0033541,2026-07-11 13:28:46.856403,0.9963670582162586,lstm
SVC-000027,EVT-0033542,2026-07-11 13:28:51.526985,0.995268642774437,lstm
USR-000155,EVT-0033543,2026-07-11 13:29:14.624283,0.4527066355497667,lstm
USR-000022,EVT-0033544,2026-07-11 13:29:37.516778,0.919062565567803,lstm
USR-000024,EVT-0033545,2026-07-11 13:30:26.529648,0.2540089814409763,lstm
USR-000017,EVT-0033546,2026-07-11 13:31:26.631131,0.4528529481557468,lstm
USR-000189,EVT-0033547,2026-07-11 13:32:39.337308,0.8610444231644466,lstm
DEV-000020,EVT-0033548,2026-07-11 13:34:39.898752,0.3465241937916132,lstm
USR-000054,EVT-0033549,2026-07-11 13:34:46.370825,0.4945901008032196,lstm
SVC-000027,EVT-0033550,2026-07-11 13:34:59.160910,0.6584198215660948,lstm
USR-000074,EVT-0033551,2026-07-11 13:35:11.010934,0.4167093836894639,lstm
USR-000137,EVT-0033552,2026-07-11 13:36:23.401954,0.3774853641911609,lstm
SVC-000043,EVT-0033553,2026-07-11 13:36:55.861238,0.27321130050990594,lstm
USR-000189,EVT-0033554,2026-07-11 13:38:22.570077,0.9272652608598576,lstm
USR-000136,EVT-0033555,2026-07-11 13:39:29.391156,0.7354987431158703,lstm
USR-000157,EVT-0033556,2026-07-11 13:39:53.126998,0.5808759646368769,lstm
DEV-000008,EVT-0033557,2026-07-11 13:40:10.595004,0.5989871764130237,lstm
USR-000210,EVT-0033558,2026-07-11 13:40:23.849252,0.3368775485252401,lstm
SVC-000021,EVT-0033559,2026-07-11 13:41:17.747202,0.8050675258156327,lstm
SVC-000022,EVT-0033560,2026-07-11 13:42:25.971748,0.9515327760625737,lstm
USR-000143,EVT-0033561,2026-07-11 13:42:51.267382,0.47930930169710567,lstm
SVC-000043,EVT-0033562,2026-07-11 13:43:11.863477,0.29770482539119447,lstm
SVC-000021,EVT-0033563,2026-07-11 13:43:43.125692,0.8919132613262096,lstm
USR-000046,EVT-0033564,2026-07-11 13:44:45.052691,0.29819834633580056,lstm
USR-000057,EVT-0033565,2026-07-11 13:44:49.467226,0.45577146612568414,lstm
SVC-000008,EVT-0033566,2026-07-11 13:44:55.901579,0.7510336572808034,lstm
USR-000038,EVT-0033567,2026-07-11 13:46:59.094178,0.2410267326324543,lstm
SVC-000043,EVT-0033568,2026-07-11 13:47:33.267837,0.35008971339311085,lstm
SVC-000017,EVT-0033569,2026-07-11 13:48:40.265574,0.5058948218238632,lstm
SVC-000027,EVT-0033570,2026-07-11 13:49:50.537360,0.4757430045041056,lstm
USR-000004,EVT-0033571,2026-07-11 13:50:22.236071,0.7236270850316802,lstm
USR-000170,EVT-0033572,2026-07-11 13:50:43.704457,0.29525847417355877,lstm
USR-000189,EVT-0033573,2026-07-11 13:50:56.018712,0.634492869879518,lstm
SVC-000027,EVT-0033574,2026-07-11 13:51:53.582594,0.5942623512995543,lstm
USR-000200,EVT-0033575,2026-07-11 13:52:27.578551,0.3943840972183,lstm
USR-000176,EVT-0033576,2026-07-11 13:52:42.475048,0.40369663389016774,lstm
USR-000180,EVT-0033577,2026-07-11 13:53:04.757399,0.43123891399630987,lstm
USR-000160,EVT-0033578,2026-07-11 13:53:39.849073,0.3404949101354487,lstm
USR-000138,EVT-0033579,2026-07-11 13:53:53.941841,0.32116087299992885,lstm
DEV-000008,EVT-0033580,2026-07-11 13:54:30.706561,0.5541611074804789,lstm
SVC-000008,EVT-0033581,2026-07-11 13:55:27.635951,0.6354295290520993,lstm
USR-000036,EVT-0033582,2026-07-11 13:57:28.937852,0.49048273496293265,lstm
SVC-000049,EVT-0033583,2026-07-11 13:58:07.475392,0.96468173794884,lstm
SVC-000027,EVT-0033584,2026-07-11 13:58:37.429273,0.5102069051882868,lstm
SVC-000034,EVT-0033585,2026-07-11 13:59:35.254243,0.23854968779496663,lstm
USR-000154,EVT-0033586,2026-07-11 14:00:15.467709,0.4682451929235591,lstm
USR-000166,EVT-0033587,2026-07-11 14:00:19.672251,0.6019328054729821,lstm
USR-000136,EVT-0033588,2026-07-11 14:00:30.219047,0.5012388386172262,lstm
USR-000092,EVT-0033589,2026-07-11 14:01:11.622116,0.2647836730053686,lstm
USR-000097,EVT-0033590,2026-07-11 14:03:35.482582,0.38796840846066216,lstm
SVC-000017,EVT-0033591,2026-07-11 14:03:58.321572,0.41934417190734663,lstm
SVC-000033,EVT-0033592,2026-07-11 14:04:24.581647,0.9999897874065773,lstm
USR-000038,EVT-0033593,2026-07-11 14:04:34.111261,0.3835306683912662,lstm
USR-000127,EVT-0033594,2026-07-11 14:04:41.324248,0.3717855970467487,lstm
DEV-000018,EVT-0033595,2026-07-11 14:05:08.404433,0.5388573409155072,lstm
USR-000176,EVT-0033596,2026-07-11 14:05:25.480824,0.43348939608896536,lstm
USR-000018,EVT-0033597,2026-07-11 14:06:09.255977,0.3310826114391536,lstm
USR-000065,EVT-0033598,2026-07-11 14:06:15.090665,0.38498244807912585,lstm
SVC-000017,EVT-0033599,2026-07-11 14:06:36.962860,0.9026877231457974,lstm
USR-000137,EVT-0033600,2026-07-11 14:06:53.020420,0.5916271210856298,lstm
USR-000112,EVT-0033601,2026-07-11 14:08:35.275972,0.3530792626284265,lstm
SVC-000017,EVT-0033602,2026-07-11 14:10:17.262108,0.7783969829379753,lstm
USR-000066,EVT-0033603,2026-07-11 14:10:35.191890,0.394792542023203,lstm
USR-000004,EVT-0033604,2026-07-11 14:12:14.974499,0.44950697605967194,lstm
USR-000129,EVT-0033605,2026-07-11 14:12:30.561106,0.3023672407489034,lstm
SVC-000001,EVT-0033606,2026-07-11 14:13:16.078878,0.3506184249060897,lstm
USR-000084,EVT-0033607,2026-07-11 14:14:15.028648,0.5083770016447723,lstm
SVC-000027,EVT-0033608,2026-07-11 14:15:06.945761,0.48951842574953264,lstm
SVC-000001,EVT-0033609,2026-07-11 14:15:28.660291,0.5809508595283674,lstm
USR-000056,EVT-0033610,2026-07-11 14:15:31.237965,0.994592989545502,lstm
USR-000173,EVT-0033611,2026-07-11 14:16:09.132072,0.34854437391167536,lstm
USR-000154,EVT-0033612,2026-07-11 14:16:38.833991,0.578769447182081,lstm
SVC-000027,EVT-0033613,2026-07-11 14:17:44.595656,0.6435264059375378,lstm
USR-000046,EVT-0033614,2026-07-11 14:17:53.676552,0.2956047279757813,lstm
USR-000095,EVT-0033615,2026-07-11 14:18:15.880113,0.5092111453904647,lstm
USR-000184,EVT-0033616,2026-07-11 14:19:25.287137,0.53687788641935,lstm
USR-000021,EVT-0033617,2026-07-11 14:21:28.570588,0.3345372808516973,lstm
USR-000126,EVT-0033618,2026-07-11 14:22:27.929973,0.774717318670345,lstm
SVC-000043,EVT-0033619,2026-07-11 14:22:34.305529,0.32949836280967487,lstm
USR-000084,EVT-0033620,2026-07-11 14:22:57.934700,0.6762202127137352,lstm
SVC-000043,EVT-0033621,2026-07-11 14:23:59.344957,0.4251566084563849,lstm
USR-000149,EVT-0033622,2026-07-11 14:24:15.284958,0.4424367163287249,lstm
USR-000210,EVT-0033623,2026-07-11 14:25:26.394510,0.26638805353751704,lstm
USR-000125,EVT-0033624,2026-07-11 14:26:04.582214,0.3473195101535437,lstm
USR-000192,EVT-0033625,2026-07-11 14:26:17.422346,0.5384708933067948,lstm
DEV-000023,EVT-0033626,2026-07-11 14:26:33.370351,0.7721657103057594,lstm
SVC-000022,EVT-0033627,2026-07-11 14:27:44.712242,0.3033018214816731,lstm
SVC-000022,EVT-0033628,2026-07-11 14:27:53.330692,0.7974875392359188,lstm
USR-000206,EVT-0033629,2026-07-11 14:28:35.311416,0.24652854713208003,lstm
SVC-000027,EVT-0033630,2026-07-11 14:28:37.497463,0.43424422899718534,lstm
SVC-000026,EVT-0033631,2026-07-11 14:28:45.499996,0.9999581086787156,lstm
SVC-000027,EVT-0033632,2026-07-11 14:29:25.246255,0.6964163200601295,lstm
USR-000157,EVT-0033633,2026-07-11 14:30:15.592480,0.5296319090874932,lstm
USR-000193,EVT-0033634,2026-07-11 14:32:36.181604,0.25239891276650217,lstm
USR-000110,EVT-0033635,2026-07-11 14:33:21.024706,0.3014703318219377,lstm
USR-000115,EVT-0033636,2026-07-11 14:33:28.184393,0.4596297822599067,lstm
SVC-000022,EVT-0033637,2026-07-11 14:33:35.125098,0.3377591255567746,lstm
USR-000176,EVT-0033638,2026-07-11 14:34:33.278429,0.3260226707387974,lstm
USR-000037,EVT-0033639,2026-07-11 14:36:44.936620,0.32287251527025784,lstm
USR-000019,EVT-0033640,2026-07-11 14:36:45.106604,0.6907584290019696,lstm
SVC-000012,EVT-0033641,2026-07-11 14:37:14.587413,0.994640060388517,lstm
SVC-000022,EVT-0033642,2026-07-11 14:37:36.912853,0.3369321623851283,lstm
SVC-000017,EVT-0033643,2026-07-11 14:38:26.784166,0.5834991463790659,lstm
USR-000136,EVT-0033644,2026-07-11 14:38:34.983567,0.32056216573366236,lstm
USR-000046,EVT-0033645,2026-07-11 14:38:43.873292,0.34174759760499396,lstm
SVC-000001,EVT-0033646,2026-07-11 14:39:22.463290,0.331655298186687,lstm
USR-000110,EVT-0033647,2026-07-11 14:39:29.216749,0.5053031321788591,lstm
USR-000189,EVT-0033648,2026-07-11 14:39:49.540679,0.5996198844548999,lstm
USR-000126,EVT-0033649,2026-07-11 14:41:01.539373,0.4235725524387831,lstm
SVC-000027,EVT-0033650,2026-07-11 14:41:05.057787,0.42046629955493675,lstm
USR-000111,EVT-0033651,2026-07-11 14:41:37.237722,0.2561410624897744,lstm
SVC-000026,EVT-0033652,2026-07-11 14:42:01.037040,0.8928423752951086,lstm
SVC-000027,EVT-0033653,2026-07-11 14:45:24.306515,0.4884080764638405,lstm
USR-000034,EVT-0033654,2026-07-11 14:46:06.563044,0.2945344162494677,baseline_fallback
USR-000056,EVT-0033655,2026-07-11 14:47:39.680035,0.8778411930871043,lstm
USR-000202,EVT-0033656,2026-07-11 14:48:58.559243,0.31595743795626563,lstm
USR-000109,EVT-0033657,2026-07-11 14:49:46.252928,0.6995419648655937,lstm
USR-000110,EVT-0033658,2026-07-11 14:51:08.587117,0.4633690147249588,lstm
USR-000193,EVT-0033659,2026-07-11 14:52:58.642418,0.2890398641736389,lstm
USR-000146,EVT-0033660,2026-07-11 14:54:05.895214,0.35961663723113013,lstm
SVC-000053,EVT-0033661,2026-07-11 14:54:24.006227,0.6675954139074484,lstm
SVC-000012,EVT-0033662,2026-07-11 14:56:09.084735,0.6117236769402855,lstm
DEV-000011,EVT-0033663,2026-07-11 14:56:35.992104,0.554207498440651,lstm
USR-000089,EVT-0033664,2026-07-11 14:56:38.176669,0.4687290171451104,lstm
USR-000030,EVT-0033665,2026-07-11 14:57:08.433710,0.3180398989575084,lstm
SVC-000012,EVT-0033666,2026-07-11 14:57:44.543346,0.8788086426338776,lstm
SVC-000012,EVT-0033667,2026-07-11 14:58:27.292368,0.8545693406744305,lstm
USR-000201,EVT-0033668,2026-07-11 14:58:44.213478,0.4259926803245394,lstm
USR-000187,EVT-0033669,2026-07-11 14:58:47.065183,0.5989136231405461,lstm
SVC-000022,EVT-0033670,2026-07-11 14:59:08.572737,0.26751398039218394,lstm
SVC-000012,EVT-0033671,2026-07-11 15:01:44.718100,0.6773480980022498,lstm
SVC-000028,EVT-0033672,2026-07-11 15:01:45.755896,0.9620806424420362,lstm
SVC-000012,EVT-0033673,2026-07-11 15:01:50.462701,0.8850196092731902,lstm
SVC-000027,EVT-0033674,2026-07-11 15:02:59.857740,0.8412471175114243,lstm
USR-000053,EVT-0033675,2026-07-11 15:04:33.947651,0.319639224080556,lstm
USR-000065,EVT-0033676,2026-07-11 15:05:18.910759,0.3262191713981208,lstm
USR-000037,EVT-0033677,2026-07-11 15:06:25.411091,0.2980218389949952,lstm
SVC-000017,EVT-0033678,2026-07-11 15:06:39.677709,0.5079724911760095,lstm
SVC-000017,EVT-0033679,2026-07-11 15:06:53.682383,0.7984481924833421,lstm
USR-000193,EVT-0033680,2026-07-11 15:07:04.060827,0.3365260210503009,lstm
USR-000178,EVT-0033681,2026-07-11 15:07:16.149286,0.22580602813520073,lstm
SVC-000028,EVT-0033682,2026-07-11 15:07:39.456435,0.4796874743869061,lstm
USR-000125,EVT-0033683,2026-07-11 15:08:45.303838,0.23075766013937335,lstm
SVC-000049,EVT-0033684,2026-07-11 15:11:08.202576,0.9144950594993733,lstm
SVC-000028,EVT-0033685,2026-07-11 15:12:08.124465,0.5386928390563188,lstm
USR-000024,EVT-0033686,2026-07-11 15:12:47.477603,0.2760460711963206,lstm
USR-000066,EVT-0033687,2026-07-11 15:14:45.146737,0.430533277669076,lstm
USR-000183,EVT-0033688,2026-07-11 15:15:45.172510,0.929984718752868,lstm
SVC-000010,EVT-0033689,2026-07-11 15:21:53.804309,0.9939611957429063,lstm
USR-000043,EVT-0033690,2026-07-11 15:23:23.469244,0.3427142275089028,lstm
SVC-000012,EVT-0033691,2026-07-11 15:25:17.733522,0.43005471199559303,lstm
SVC-000010,EVT-0033692,2026-07-11 15:28:52.643718,0.47628772780776885,lstm
DEV-000007,EVT-0033693,2026-07-11 15:30:51.071746,0.8816886922914102,lstm
SVC-000012,EVT-0033694,2026-07-11 15:31:00.186190,0.3883876087954844,lstm
USR-000201,EVT-0033695,2026-07-11 15:31:30.473219,0.5154916414283349,lstm
SVC-000049,EVT-0033696,2026-07-11 15:32:44.390341,0.8974138282099765,lstm
USR-000080,EVT-0033697,2026-07-11 15:33:15.198066,0.684121503832901,lstm
SVC-000036,EVT-0033698,2026-07-11 15:34:52.374498,0.9999949829709114,lstm
SVC-000010,EVT-0033699,2026-07-11 15:35:58.526761,0.36676762485714576,lstm
USR-000109,EVT-0033700,2026-07-11 15:36:43.452274,0.4488036588237137,lstm
USR-000046,EVT-0033701,2026-07-11 15:37:13.002090,0.3245152109052614,lstm
SVC-000027,EVT-0033702,2026-07-11 15:39:40.505917,0.8286186266116273,lstm
USR-000110,EVT-0033703,2026-07-11 15:42:10.489437,0.34815129997020916,lstm
USR-000033,EVT-0033704,2026-07-11 15:43:32.620688,0.6830976293389114,lstm
SVC-000026,EVT-0033705,2026-07-11 15:43:44.911095,0.5485770243131821,lstm
USR-000025,EVT-0033706,2026-07-11 15:44:48.478220,0.5539960800317326,lstm
USR-000200,EVT-0033707,2026-07-11 15:45:02.354841,0.26654365516229206,lstm
SVC-000017,EVT-0033708,2026-07-11 15:46:12.234322,0.549432506098962,lstm
SVC-000012,EVT-0033709,2026-07-11 15:46:21.905446,0.3964469436010935,lstm
SVC-000028,EVT-0033710,2026-07-11 15:47:08.105355,0.32502644435323463,lstm
SVC-000036,EVT-0033711,2026-07-11 15:48:38.185608,0.9980942031370855,lstm
USR-000192,EVT-0033712,2026-07-11 15:48:58.446826,0.36233328518358676,lstm
SVC-000033,EVT-0033713,2026-07-11 15:49:43.164191,0.9520667903630131,lstm
SVC-000010,EVT-0033714,2026-07-11 15:49:49.918796,0.36874705006354613,lstm
USR-000184,EVT-0033715,2026-07-11 15:53:15.265239,0.28476845708910614,lstm
USR-000074,EVT-0033716,2026-07-11 15:53:32.840058,0.4011531743482949,lstm
USR-000126,EVT-0033717,2026-07-11 15:53:46.642472,0.27389896703173106,lstm
USR-000184,EVT-0033718,2026-07-11 15:54:05.473451,0.6129054507692151,lstm
USR-000181,EVT-0033719,2026-07-11 15:54:19.954373,0.5400800804433082,lstm
USR-000107,EVT-0033720,2026-07-11 15:54:22.861020,0.6310361974160363,lstm
SVC-000036,EVT-0033721,2026-07-11 15:54:33.237460,0.9697143849937382,lstm
SVC-000017,EVT-0033722,2026-07-11 15:55:16.612134,0.6206403912758055,lstm
SVC-000036,EVT-0033723,2026-07-11 15:56:02.233057,0.9193815754501122,lstm
DEV-000010,EVT-0033724,2026-07-11 15:56:46.596192,0.22498707282346178,lstm
USR-000084,EVT-0033725,2026-07-11 15:57:35.991193,0.3403217987794827,lstm
USR-000170,EVT-0033726,2026-07-11 15:58:08.318420,0.2809209302911949,lstm
SVC-000036,EVT-0033727,2026-07-11 15:59:58.631691,0.6475453152987891,lstm
USR-000182,EVT-0033728,2026-07-11 16:00:38.423843,0.9711619813833847,lstm
DEV-000026,EVT-0033729,2026-07-11 16:01:42.346187,0.45910041303948457,lstm
USR-000186,EVT-0033730,2026-07-11 16:01:46.366945,0.3685098709377233,lstm
SVC-000036,EVT-0033731,2026-07-11 16:02:39.509055,0.5235515463575584,lstm
DEV-000011,EVT-0033732,2026-07-11 16:04:27.882930,0.32602628669326406,lstm
USR-000101,EVT-0033733,2026-07-11 16:06:56.429899,0.4830518618091018,lstm
USR-000210,EVT-0033734,2026-07-11 16:07:46.789531,0.2511047748322357,lstm
USR-000101,EVT-0033735,2026-07-11 16:07:50.751005,0.6787028592497221,lstm
USR-000194,EVT-0033736,2026-07-11 16:08:03.915410,0.4985365471040564,lstm
SVC-000010,EVT-0033737,2026-07-11 16:08:16.847177,0.37075826779356585,lstm
SVC-000033,EVT-0033738,2026-07-11 16:09:13.020688,0.8964569112891606,lstm
USR-000192,EVT-0033739,2026-07-11 16:09:58.451525,0.3257712479512882,lstm
USR-000037,EVT-0033740,2026-07-11 16:10:34.285722,0.3030182613251402,lstm
SVC-000026,EVT-0033741,2026-07-11 16:10:46.731686,0.46054502000192643,lstm
SVC-000033,EVT-0033742,2026-07-11 16:13:02.629904,0.8976063885574908,lstm
SVC-000005,EVT-0033743,2026-07-11 16:14:47.599229,0.8380105492922869,lstm
USR-000110,EVT-0033744,2026-07-11 16:18:00.559632,0.42902138957587294,lstm
SVC-000049,EVT-0033745,2026-07-11 16:18:56.043296,0.7446646173215827,lstm
USR-000193,EVT-0033746,2026-07-11 16:19:10.755923,0.30524144936733494,lstm
SVC-000010,EVT-0033747,2026-07-11 16:19:13.404688,0.3339595483133578,lstm
USR-000097,EVT-0033748,2026-07-11 16:19:37.126996,0.35790316635888775,lstm
USR-000203,EVT-0033749,2026-07-11 16:19:57.283852,0.340761662676414,lstm
USR-000175,EVT-0033750,2026-07-11 16:21:36.932514,0.6226520820631262,lstm
SVC-000027,EVT-0033751,2026-07-11 16:22:06.416362,0.6142113120590579,lstm
USR-000109,EVT-0033752,2026-07-11 16:23:29.165443,0.37945922075242666,lstm
USR-000033,EVT-0033753,2026-07-11 16:23:56.158751,0.48269317046097165,lstm
USR-000110,EVT-0033754,2026-07-11 16:24:18.332231,0.5172504243205388,lstm
USR-000147,EVT-0033755,2026-07-11 16:25:38.607858,0.878721536384524,lstm
USR-000211,EVT-0033756,2026-07-11 16:27:34.519082,0.3328769505498334,lstm
SVC-000033,EVT-0033757,2026-07-11 16:28:35.307710,0.8074801778651137,lstm
DEV-000020,EVT-0033758,2026-07-11 16:29:32.282293,0.4160083360910451,lstm
USR-000129,EVT-0033759,2026-07-11 16:30:13.527315,0.47369710601887055,lstm
SVC-000038,EVT-0033760,2026-07-11 16:32:28.254011,0.9941715359201929,lstm
SVC-000026,EVT-0033761,2026-07-11 16:32:42.290989,0.3408530784541062,lstm
USR-000033,EVT-0033762,2026-07-11 16:33:40.492032,0.42772826692027244,lstm
USR-000101,EVT-0033763,2026-07-11 16:35:27.300519,0.30213769631675613,lstm
USR-000184,EVT-0033764,2026-07-11 16:37:49.400649,0.3126297320025391,lstm
SVC-000026,EVT-0033765,2026-07-11 16:38:50.941690,0.633271507157686,lstm
SVC-000038,EVT-0033766,2026-07-11 16:38:51.989752,0.6415194946160697,lstm
DEV-000003,EVT-0033767,2026-07-11 16:42:08.506877,0.4816524930014865,lstm
USR-000211,EVT-0033768,2026-07-11 16:42:11.518058,0.4072927148799594,lstm
SVC-000026,EVT-0033769,2026-07-11 16:42:26.594640,0.489781244326037,lstm
USR-000185,EVT-0033770,2026-07-11 16:45:40.852570,0.48741616225622036,lstm
SVC-000010,EVT-0033771,2026-07-11 16:46:01.058056,0.3672581800970649,lstm
USR-000192,EVT-0033772,2026-07-11 16:46:02.099879,0.4135510955771812,lstm
SVC-000038,EVT-0033773,2026-07-11 16:48:44.856470,0.7934508905822262,lstm
USR-000146,EVT-0033774,2026-07-11 16:51:46.030720,0.4644657200049745,lstm
SVC-000038,EVT-0033775,2026-07-11 16:53:48.845182,0.5801070326001397,lstm
USR-000125,EVT-0033776,2026-07-11 16:55:44.592455,0.2985129780456215,lstm
SVC-000026,EVT-0033777,2026-07-11 16:56:26.689286,0.4273645655090247,lstm
SVC-000036,EVT-0033778,2026-07-11 16:57:00.175439,0.8417777510785959,lstm
USR-000202,EVT-0033779,2026-07-11 16:57:50.189142,0.27577381506772874,lstm
SVC-000005,EVT-0033780,2026-07-11 16:58:40.179393,0.5658437657720701,lstm
SVC-000010,EVT-0033781,2026-07-11 17:01:02.441696,0.3119674516158209,lstm
SVC-000026,EVT-0033782,2026-07-11 17:02:12.097427,0.3916616678219541,lstm
USR-000152,EVT-0033783,2026-07-11 17:02:23.451651,0.24726016736748976,lstm
SVC-000028,EVT-0033784,2026-07-11 17:03:48.794206,0.727114539509364,lstm
SVC-000010,EVT-0033785,2026-07-11 17:03:51.951995,0.42616892736750395,lstm
USR-000185,EVT-0033786,2026-07-11 17:04:26.820192,0.3642541465904988,lstm
USR-000147,EVT-0033787,2026-07-11 17:04:31.394104,0.7544300478082755,lstm
USR-000189,EVT-0033788,2026-07-11 17:05:12.772919,0.5196220071978586,lstm
USR-000147,EVT-0033789,2026-07-11 17:05:17.836738,0.9197075701109854,lstm
DEV-000005,EVT-0033790,2026-07-11 17:06:16.386552,0.22577256877547783,lstm
USR-000183,EVT-0033791,2026-07-11 17:09:50.233277,0.6647528455929882,lstm
USR-000184,EVT-0033792,2026-07-11 17:13:47.153979,0.3056051665721453,lstm
SVC-000033,EVT-0033793,2026-07-11 17:16:48.246684,0.6129609888202817,lstm
USR-000146,EVT-0033794,2026-07-11 17:17:19.195442,0.5237586545700059,lstm
DEV-000009,EVT-0033795,2026-07-11 17:17:31.042827,0.19991885228179457,lstm
DEV-000001,EVT-0033796,2026-07-11 17:17:39.496377,0.26053209317508264,lstm
SVC-000026,EVT-0033797,2026-07-11 17:21:58.199197,0.3391758729938728,lstm
SVC-000038,EVT-0033798,2026-07-11 17:22:57.465481,0.8177584060893619,lstm
USR-000053,EVT-0033799,2026-07-11 17:26:06.185002,0.48584011845461933,lstm
USR-000128,EVT-0033800,2026-07-11 17:29:19.078206,0.9088244798718249,lstm
USR-000066,EVT-0033801,2026-07-11 17:30:47.848362,0.4156148549885779,lstm
USR-000174,EVT-0033802,2026-07-11 17:33:14.402826,0.5825480353464779,lstm
USR-000101,EVT-0033803,2026-07-11 17:33:18.892311,0.41907091764925913,lstm
USR-000184,EVT-0033804,2026-07-11 17:33:47.874681,0.3449846549033047,lstm
USR-000211,EVT-0033805,2026-07-11 17:37:22.513163,0.25836423383752377,lstm
USR-000092,EVT-0033806,2026-07-11 17:39:29.360448,0.3856450525090829,lstm
USR-000146,EVT-0033807,2026-07-11 17:41:26.162427,0.3775544430401324,lstm
DEV-000001,EVT-0033808,2026-07-11 17:42:25.594797,0.4075967925732448,lstm
SVC-000033,EVT-0033809,2026-07-11 17:46:18.069920,0.9010257385999302,lstm
SVC-000023,EVT-0033810,2026-07-11 17:46:37.074985,0.916387810221532,lstm
SVC-000023,EVT-0033811,2026-07-11 17:47:03.612804,0.7444205254434082,lstm
USR-000171,EVT-0033812,2026-07-11 17:52:08.593925,0.7459149306307603,lstm
USR-000125,EVT-0033813,2026-07-11 17:53:31.408685,0.41703966151301447,lstm
USR-000033,EVT-0033814,2026-07-11 17:55:29.290475,0.3433537326578953,lstm
SVC-000004,EVT-0033815,2026-07-11 17:55:57.668075,0.9634242877960109,lstm
SVC-000033,EVT-0033816,2026-07-11 17:57:57.653552,0.7981744160764173,lstm
SVC-000023,EVT-0033817,2026-07-11 17:59:10.158947,0.2635976290687756,lstm
SVC-000005,EVT-0033818,2026-07-11 17:59:39.891748,0.8202484498371005,lstm
DEV-000008,EVT-0033819,2026-07-11 18:00:09.725500,0.7352432192707415,lstm
USR-000109,EVT-0033820,2026-07-11 18:00:37.715605,0.33198015729460817,lstm
SVC-000026,EVT-0033821,2026-07-11 18:03:40.323394,0.34512405926460515,lstm
USR-000126,EVT-0033822,2026-07-11 18:03:47.686684,0.44427402320755466,lstm
SVC-000037,EVT-0033823,2026-07-11 18:05:01.166459,0.9818450661764456,lstm
USR-000056,EVT-0033824,2026-07-11 18:06:19.560335,0.780110414017342,lstm
SVC-000038,EVT-0033825,2026-07-11 18:07:31.191011,0.46076191954797613,lstm
USR-000211,EVT-0033826,2026-07-11 18:08:00.019669,0.3577697605059956,lstm
DEV-000025,EVT-0033827,2026-07-11 18:09:09.075088,0.999554250157147,lstm
USR-000109,EVT-0033828,2026-07-11 18:09:23.900039,0.4621158863878222,lstm
USR-000152,EVT-0033829,2026-07-11 18:09:37.812136,0.30388398296409325,lstm
USR-000092,EVT-0033830,2026-07-11 18:11:59.793477,0.39946949573712753,lstm
USR-000074,EVT-0033831,2026-07-11 18:12:01.302389,0.36124066136062466,lstm
SVC-000044,EVT-0033832,2026-07-11 18:13:37.559636,0.9801128817991003,lstm
USR-000146,EVT-0033833,2026-07-11 18:17:01.954977,0.9385790120923654,lstm
SVC-000033,EVT-0033834,2026-07-11 18:19:24.524921,0.8667094055946675,lstm
SVC-000033,EVT-0033835,2026-07-11 18:19:59.563091,0.9451097387212315,lstm
USR-000100,EVT-0033836,2026-07-11 18:20:56.372493,0.6115187158059223,lstm
SVC-000033,EVT-0033837,2026-07-11 18:22:58.991707,0.8916019391390906,lstm
SVC-000037,EVT-0033838,2026-07-11 18:23:55.851117,0.5209867996616098,lstm
DEV-000018,EVT-0033839,2026-07-11 18:24:09.637175,0.8890836600656499,lstm
USR-000211,EVT-0033840,2026-07-11 18:26:32.427816,0.4095063999283528,lstm
USR-000198,EVT-0033841,2026-07-11 18:28:01.548212,0.4735892931631225,lstm
SVC-000033,EVT-0033842,2026-07-11 18:30:59.353751,0.7690408646545314,lstm
USR-000181,EVT-0033843,2026-07-11 18:31:40.415144,0.5462466102651028,lstm
SVC-000037,EVT-0033844,2026-07-11 18:33:02.360296,0.39303591311491165,lstm
USR-000184,EVT-0033845,2026-07-11 18:35:33.945121,0.3712287904308852,lstm
SVC-000026,EVT-0033846,2026-07-11 18:37:39.492886,0.7560941555734795,lstm
SVC-000052,EVT-0033847,2026-07-11 18:41:56.579153,0.9990413381168024,lstm
SVC-000006,EVT-0033848,2026-07-11 18:42:20.279155,0.9873963693201936,lstm
SVC-000023,EVT-0033849,2026-07-11 18:43:37.370995,0.26643481741274255,lstm
SVC-000004,EVT-0033850,2026-07-11 18:44:12.466226,0.33182677297506286,lstm
SVC-000044,EVT-0033851,2026-07-11 18:44:37.653132,0.5770545515895146,lstm
USR-000101,EVT-0033852,2026-07-11 18:47:28.110786,0.40582275281741603,lstm
SVC-000037,EVT-0033853,2026-07-11 18:48:19.959851,0.4629209971684723,lstm
USR-000037,EVT-0033854,2026-07-11 18:49:26.236539,0.33911012502486326,lstm
SVC-000004,EVT-0033855,2026-07-11 18:50:31.684055,0.3501982758434277,lstm
USR-000109,EVT-0033856,2026-07-11 18:50:51.442838,0.31742301595887784,lstm
DEV-000012,EVT-0033857,2026-07-11 18:50:57.955292,0.415955008540748,lstm
SVC-000006,EVT-0033858,2026-07-11 18:51:21.453703,0.5832492528238991,lstm
SVC-000023,EVT-0033859,2026-07-11 18:53:45.508183,0.7094350716390242,lstm
DEV-000024,EVT-0033860,2026-07-11 18:54:30.188416,0.4908148241456633,lstm
DEV-000009,EVT-0033861,2026-07-11 18:56:29.179421,0.20311330762553328,lstm
USR-000176,EVT-0033862,2026-07-11 18:56:36.503602,0.5059490322948952,lstm
SVC-000057,EVT-0033863,2026-07-11 18:57:01.060368,0.9496945779600586,lstm
SVC-000057,EVT-0033864,2026-07-11 18:57:15.900289,0.919028022700068,lstm
USR-000186,EVT-0033865,2026-07-11 18:58:12.574671,0.5106541996308643,lstm
SVC-000044,EVT-0033866,2026-07-11 19:03:59.830830,0.48858618410610627,lstm
SVC-000004,EVT-0033867,2026-07-11 19:04:26.587959,0.33549929683149626,lstm
SVC-000044,EVT-0033868,2026-07-11 19:05:13.565943,0.7598456312733092,lstm
SVC-000033,EVT-0033869,2026-07-11 19:05:48.399599,0.4780167794789434,lstm
SVC-000044,EVT-0033870,2026-07-11 19:10:09.510454,0.5254379103177592,lstm
SVC-000057,EVT-0033871,2026-07-11 19:11:16.736086,0.42983591463090237,lstm
SVC-000006,EVT-0033872,2026-07-11 19:15:06.164413,0.37344855564495855,lstm
SVC-000057,EVT-0033873,2026-07-11 19:15:59.401076,0.44641622401957715,lstm
SVC-000060,EVT-0033874,2026-07-11 19:16:24.388544,0.9917498071236397,lstm
SVC-000052,EVT-0033875,2026-07-11 19:17:46.748173,0.5465424649586197,lstm
SVC-000004,EVT-0033876,2026-07-11 19:18:11.353353,0.2957059447651053,lstm
SVC-000006,EVT-0033877,2026-07-11 19:19:06.734114,0.401208669038952,lstm
DEV-000010,EVT-0033878,2026-07-11 19:19:25.844930,0.40893955180617014,lstm
SVC-000037,EVT-0033879,2026-07-11 19:21:32.825198,0.3178021395571565,lstm
SVC-000057,EVT-0033880,2026-07-11 19:21:33.741959,0.6048113792898668,lstm
SVC-000044,EVT-0033881,2026-07-11 19:21:58.789263,0.46555034124121936,lstm
SVC-000006,EVT-0033882,2026-07-11 19:22:41.947616,0.3737832113611962,lstm
USR-000033,EVT-0033883,2026-07-11 19:24:09.935015,0.416001086805376,lstm
DEV-000015,EVT-0033884,2026-07-11 19:24:38.607040,0.6869789287055982,lstm
SVC-000023,EVT-0033885,2026-07-11 19:24:48.044987,0.2750553083189258,lstm
SVC-000052,EVT-0033886,2026-07-11 19:25:36.538643,0.2523422765971518,lstm
SVC-000006,EVT-0033887,2026-07-11 19:26:41.290212,0.2846474147989144,lstm
USR-000209,EVT-0033888,2026-07-11 19:27:33.539342,0.5546664239597761,lstm
SVC-000004,EVT-0033889,2026-07-11 19:27:50.808309,0.38044507133912525,lstm
SVC-000044,EVT-0033890,2026-07-11 19:28:00.268348,0.41111295849245383,lstm
SVC-000023,EVT-0033891,2026-07-11 19:30:51.244407,0.3742830353498873,lstm
USR-000128,EVT-0033892,2026-07-11 19:30:52.444898,0.8276006142586572,lstm
SVC-000052,EVT-0033893,2026-07-11 19:32:22.338198,0.6537089483544809,lstm
DEV-000012,EVT-0033894,2026-07-11 19:34:32.769848,0.33311832491437304,lstm
DEV-000026,EVT-0033895,2026-07-11 19:36:02.232261,0.26988709993549126,lstm
SVC-000005,EVT-0033896,2026-07-11 19:36:27.265523,0.5928916762278946,lstm
SVC-000023,EVT-0033897,2026-07-11 19:38:21.373650,0.39511826053006466,lstm
DEV-000025,EVT-0033898,2026-07-11 19:38:36.242393,0.960956569853084,lstm
DEV-000018,EVT-0033899,2026-07-11 19:38:38.911238,0.7054920395052509,lstm
SVC-000006,EVT-0033900,2026-07-11 19:38:50.358940,0.6453812436472497,lstm
SVC-000004,EVT-0033901,2026-07-11 19:40:08.966550,0.3464290096372019,lstm
SVC-000006,EVT-0033902,2026-07-11 19:40:45.614084,0.847244923887933,lstm
SVC-000057,EVT-0033903,2026-07-11 19:40:54.358363,0.33814374345355974,lstm
SVC-000057,EVT-0033904,2026-07-11 19:41:08.499683,0.830676066867394,lstm
SVC-000006,EVT-0033905,2026-07-11 19:41:36.773290,0.49559965516839743,lstm
USR-000147,EVT-0033906,2026-07-11 19:41:52.803848,0.7401672286089978,lstm
SVC-000057,EVT-0033907,2026-07-11 19:43:02.496217,0.6890092546774998,lstm
USR-000185,EVT-0033908,2026-07-11 19:44:46.311062,0.28634977780751847,lstm
SVC-000006,EVT-0033909,2026-07-11 19:46:48.676052,0.8365526399796122,lstm
SVC-000052,EVT-0033910,2026-07-11 19:47:18.277721,0.23577638656533773,lstm
SVC-000058,EVT-0033911,2026-07-11 19:49:11.667920,0.9810948075439371,lstm
SVC-000061,EVT-0033912,2026-07-11 19:51:11.324465,0.9882156424453212,lstm
SVC-000006,EVT-0033913,2026-07-11 19:53:24.196141,0.7909968477071347,lstm
DEV-000019,EVT-0033914,2026-07-11 19:53:38.150806,0.4953782548607823,lstm
SVC-000057,EVT-0033915,2026-07-11 19:53:59.003607,0.5026228235228832,lstm
SVC-000004,EVT-0033916,2026-07-11 19:54:08.208342,0.3291646631348013,lstm
SVC-000023,EVT-0033917,2026-07-11 19:54:19.413383,0.3617352311666628,lstm
DEV-000023,EVT-0033918,2026-07-11 19:58:25.043640,0.8285947056951427,lstm
SVC-000033,EVT-0033919,2026-07-11 19:58:34.420882,0.6484393246258685,lstm
SVC-000052,EVT-0033920,2026-07-11 19:59:16.171208,0.26375834908718143,lstm
SVC-000035,EVT-0033921,2026-07-11 20:00:02.136221,0.8905875416839599,lstm
USR-000088,EVT-0033922,2026-07-11 20:01:18.501975,0.9340540669996508,lstm
SVC-000004,EVT-0033923,2026-07-11 20:03:26.378135,0.39317537056671437,lstm
SVC-000058,EVT-0033924,2026-07-11 20:07:15.000216,0.7631062887235107,lstm
DEV-000008,EVT-0033925,2026-07-11 20:07:30.054290,0.7206318386096238,lstm
SVC-000052,EVT-0033926,2026-07-11 20:07:58.549709,0.2982774881284022,lstm
SVC-000035,EVT-0033927,2026-07-11 20:08:51.633570,0.6390887592774569,lstm
USR-000033,EVT-0033928,2026-07-11 20:09:03.578966,0.4440364009697828,lstm
SVC-000044,EVT-0033929,2026-07-11 20:09:08.751794,0.6514129630166838,lstm
SVC-000052,EVT-0033930,2026-07-11 20:15:10.329423,0.406887841487208,lstm
SVC-000052,EVT-0033931,2026-07-11 20:16:31.419713,0.3935268579141252,lstm
SVC-000061,EVT-0033932,2026-07-11 20:19:13.115840,0.3187252234597358,lstm
SVC-000048,EVT-0033933,2026-07-11 20:24:53.049689,0.9838539002799557,lstm
SVC-000004,EVT-0033934,2026-07-11 20:25:08.873811,0.3533583971194078,lstm
SVC-000048,EVT-0033935,2026-07-11 20:26:19.718522,0.9586828187270318,lstm
SVC-000044,EVT-0033936,2026-07-11 20:27:09.995597,0.5475722788500115,lstm
SVC-000033,EVT-0033937,2026-07-11 20:28:07.779211,0.7430212984067999,lstm
SVC-000047,EVT-0033938,2026-07-11 20:28:15.061217,0.9474446511729305,lstm
SVC-000023,EVT-0033939,2026-07-11 20:30:59.285516,0.314753015906086,lstm
SVC-000044,EVT-0033940,2026-07-11 20:34:38.342326,0.6098813526342193,lstm
SVC-000054,EVT-0033941,2026-07-11 20:34:56.152103,0.9951129332388394,lstm
DEV-000011,EVT-0033942,2026-07-11 20:36:19.321852,0.22025824546212136,lstm
SVC-000048,EVT-0033943,2026-07-11 20:36:49.015894,0.5051668022866913,lstm
SVC-000058,EVT-0033944,2026-07-11 20:37:01.580013,0.3096972466619565,lstm
DEV-000001,EVT-0033945,2026-07-11 20:38:10.166174,0.29410518665599417,lstm
SVC-000052,EVT-0033946,2026-07-11 20:42:05.943038,0.34961356433688706,lstm
SVC-000052,EVT-0033947,2026-07-11 20:44:20.046321,0.41839949638966173,lstm
SVC-000061,EVT-0033948,2026-07-11 20:46:23.309216,0.3865373668623173,lstm
SVC-000035,EVT-0033949,2026-07-11 20:48:38.053281,0.32232104221167973,lstm
SVC-000048,EVT-0033950,2026-07-11 20:48:50.675465,0.44070156079347894,lstm
SVC-000061,EVT-0033951,2026-07-11 20:48:56.111406,0.5121144912362819,lstm
SVC-000045,EVT-0033952,2026-07-11 20:50:56.258128,0.9923863703735264,lstm
SVC-000061,EVT-0033953,2026-07-11 20:51:39.215694,0.3527988843838361,lstm
SVC-000048,EVT-0033954,2026-07-11 20:52:49.310365,0.6197452266417018,lstm
SVC-000054,EVT-0033955,2026-07-11 20:53:50.342104,0.34873619202864264,lstm
SVC-000048,EVT-0033956,2026-07-11 20:54:05.821694,0.8976708762277301,lstm
SVC-000061,EVT-0033957,2026-07-11 20:57:33.537165,0.2703776109333511,lstm
SVC-000058,EVT-0033958,2026-07-11 20:59:12.851524,0.26925570719214104,lstm
DEV-000004,EVT-0033959,2026-07-11 21:03:02.913744,0.8200459220885657,lstm
SVC-000052,EVT-0033960,2026-07-11 21:06:36.798702,0.42774050833176974,lstm
SVC-000058,EVT-0033961,2026-07-11 21:08:23.938326,0.3450527381572197,lstm
SVC-000035,EVT-0033962,2026-07-11 21:11:43.543488,0.49308781593496687,lstm
SVC-000058,EVT-0033963,2026-07-11 21:11:50.562919,0.4500075433719145,lstm
SVC-000048,EVT-0033964,2026-07-11 21:18:59.635434,0.4324210043127575,lstm
SVC-000035,EVT-0033965,2026-07-11 21:23:50.679924,0.57066622757841,lstm
SVC-000058,EVT-0033966,2026-07-11 21:23:51.402204,0.2909982594457346,lstm
DEV-000021,EVT-0033967,2026-07-11 21:23:57.889865,0.5327892370112777,lstm
SVC-000035,EVT-0033968,2026-07-11 21:25:15.085364,0.817020975933486,lstm
USR-000195,EVT-0033969,2026-07-11 21:29:23.825237,0.643450737592019,lstm
SVC-000041,EVT-0033970,2026-07-11 21:31:54.746208,0.9811347863749801,lstm
SVC-000035,EVT-0033971,2026-07-11 21:33:12.389579,0.38103671901175074,lstm
DEV-000001,EVT-0033972,2026-07-11 21:33:28.636121,0.3945918780177098,lstm
SVC-000054,EVT-0033973,2026-07-11 21:34:19.128227,0.36843135399746607,lstm
USR-000092,EVT-0033974,2026-07-11 21:35:24.178468,0.6376595093377513,lstm
SVC-000003,EVT-0033975,2026-07-11 21:37:02.875297,0.9996800863768979,lstm
SVC-000060,EVT-0033976,2026-07-11 21:37:10.043517,0.7731961664818963,lstm
SVC-000035,EVT-0033977,2026-07-11 21:37:57.885531,0.6152871371567303,lstm
SVC-000058,EVT-0033978,2026-07-11 21:38:26.891616,0.26490446838158754,lstm
SVC-000058,EVT-0033979,2026-07-11 21:40:14.331751,0.5019729003383805,lstm
SVC-000004,EVT-0033980,2026-07-11 21:46:50.580601,0.4225112889966904,lstm
SVC-000048,EVT-0033981,2026-07-11 21:46:58.388856,0.3426721086484047,lstm
SVC-000002,EVT-0033982,2026-07-11 21:47:22.253976,0.9994124745697508,lstm
SVC-000035,EVT-0033983,2026-07-11 21:47:25.032098,0.5369115404887144,lstm
USR-000125,EVT-0033984,2026-07-11 21:49:03.214836,0.6110587171912202,lstm
SVC-000035,EVT-0033985,2026-07-11 21:51:20.493423,0.5397284487309921,lstm
SVC-000054,EVT-0033986,2026-07-11 21:53:00.150810,0.26744139055645366,lstm
SVC-000054,EVT-0033987,2026-07-11 21:53:34.339196,0.5233770638495023,lstm
SVC-000058,EVT-0033988,2026-07-11 21:58:19.575243,0.33401904850381936,lstm
SVC-000058,EVT-0033989,2026-07-11 21:59:03.915030,0.6198918586415361,lstm
SVC-000054,EVT-0033990,2026-07-11 22:01:13.495283,0.35057444436273844,lstm
SVC-000035,EVT-0033991,2026-07-11 22:01:25.858183,0.2938673453750631,lstm
SVC-000045,EVT-0033992,2026-07-11 22:01:28.799414,0.5227049944921686,lstm
SVC-000003,EVT-0033993,2026-07-11 22:04:34.371060,0.6450938204150554,lstm
SVC-000058,EVT-0033994,2026-07-11 22:05:05.477570,0.32922191500913617,lstm
SVC-000047,EVT-0033995,2026-07-11 22:05:07.247640,0.3024144738357661,lstm
SVC-000054,EVT-0033996,2026-07-11 22:07:25.723922,0.31736099812371027,lstm
SVC-000054,EVT-0033997,2026-07-11 22:08:27.583791,0.41213807197936986,lstm
USR-000211,EVT-0033998,2026-07-11 22:13:54.213483,0.671383695866414,lstm
SVC-000025,EVT-0033999,2026-07-11 22:13:57.775534,0.9373199861689128,lstm
SVC-000054,EVT-0034000,2026-07-11 22:14:08.313256,0.27619399161528874,lstm
SVC-000047,EVT-0034001,2026-07-11 22:14:42.353710,0.4226081784100803,lstm
SVC-000045,EVT-0034002,2026-07-11 22:15:39.730030,0.42340644472789163,lstm
SVC-000032,EVT-0034003,2026-07-11 22:16:11.603846,0.9982482798244211,lstm
SVC-000054,EVT-0034004,2026-07-11 22:17:28.893711,0.27145322760810847,lstm
SVC-000002,EVT-0034005,2026-07-11 22:18:16.800630,0.5381402858754814,lstm
DEV-000002,EVT-0034006,2026-07-11 22:18:46.597714,0.5384960468145331,lstm
SVC-000047,EVT-0034007,2026-07-11 22:19:10.416019,0.5769891940447077,lstm
SVC-000035,EVT-0034008,2026-07-11 22:21:19.606139,0.27103015278681003,lstm
SVC-000045,EVT-0034009,2026-07-11 22:22:25.931665,0.5384320978686775,lstm
SVC-000002,EVT-0034010,2026-07-11 22:23:07.015855,0.7137989013928371,lstm
SVC-000002,EVT-0034011,2026-07-11 22:24:14.664523,0.396519087426892,lstm
SVC-000032,EVT-0034012,2026-07-11 22:24:30.911719,0.8762526355023874,lstm
SVC-000047,EVT-0034013,2026-07-11 22:25:40.396135,0.4102211429527009,lstm
SVC-000047,EVT-0034014,2026-07-11 22:27:08.901860,0.7211751936495547,lstm
SVC-000025,EVT-0034015,2026-07-11 22:27:12.685275,0.4190121438502262,lstm
SVC-000045,EVT-0034016,2026-07-11 22:30:12.737081,0.4251047811535997,lstm
SVC-000032,EVT-0034017,2026-07-11 22:31:05.470745,0.8624577527085322,lstm
SVC-000002,EVT-0034018,2026-07-11 22:32:57.940472,0.4089797258636275,lstm
DEV-000023,EVT-0034019,2026-07-11 22:36:18.083898,0.5198680374790592,lstm
DEV-000012,EVT-0034020,2026-07-11 22:36:50.666942,0.3092619156312818,lstm
SVC-000047,EVT-0034021,2026-07-11 22:38:15.495658,0.35319841787029954,lstm
SVC-000025,EVT-0034022,2026-07-11 22:40:26.672234,0.6919982569966497,lstm
SVC-000035,EVT-0034023,2026-07-11 22:41:21.802284,0.3445001567691624,lstm
SVC-000054,EVT-0034024,2026-07-11 22:42:38.567904,0.3459020434034667,lstm
USR-000088,EVT-0034025,2026-07-11 22:42:57.669594,0.34341586695153037,lstm
SVC-000025,EVT-0034026,2026-07-11 22:46:27.718340,0.47950287465070424,lstm
SVC-000025,EVT-0034027,2026-07-11 22:47:59.052331,0.9042543733622885,lstm
SVC-000047,EVT-0034028,2026-07-11 22:50:53.512188,0.34318691515299243,lstm
SVC-000032,EVT-0034029,2026-07-11 22:52:58.254448,0.7703395327834307,lstm
SVC-000045,EVT-0034030,2026-07-11 22:53:07.563978,0.4594138224074576,lstm
SVC-000047,EVT-0034031,2026-07-11 22:55:41.848161,0.38709190660295884,lstm
DEV-000020,EVT-0034032,2026-07-11 22:56:06.387839,0.7422843630825284,lstm
USR-000106,EVT-0034033,2026-07-11 22:58:19.969081,0.9343254323220594,lstm
DEV-000013,EVT-0034034,2026-07-11 23:00:02.019186,0.8790844493664332,lstm
SVC-000056,EVT-0034035,2026-07-11 23:01:42.665331,0.9303292876697306,lstm
SVC-000045,EVT-0034036,2026-07-11 23:03:34.032633,0.37332272908816344,lstm
SVC-000002,EVT-0034037,2026-07-11 23:03:34.784190,0.32747491091147196,lstm
SVC-000002,EVT-0034038,2026-07-11 23:04:03.517146,0.5717234158604719,lstm
USR-000122,EVT-0034039,2026-07-11 23:05:42.673035,0.6519535350887924,lstm
SVC-000025,EVT-0034040,2026-07-11 23:06:57.602620,0.3256603422765461,lstm
SVC-000032,EVT-0034041,2026-07-11 23:08:35.657759,0.5051469835949856,lstm
SVC-000002,EVT-0034042,2026-07-11 23:09:29.579468,0.30581560103851546,lstm
DEV-000005,EVT-0034043,2026-07-11 23:10:38.850928,0.32373765375445057,lstm
SVC-000025,EVT-0034044,2026-07-11 23:11:11.264302,0.4061276456298237,lstm
SVC-000032,EVT-0034045,2026-07-11 23:11:37.950122,0.756986435427045,lstm
DEV-000016,EVT-0034046,2026-07-11 23:12:20.246510,0.43849152646513656,lstm
SVC-000054,EVT-0034047,2026-07-11 23:12:27.510705,0.34412658401137186,lstm
SVC-000025,EVT-0034048,2026-07-11 23:12:53.298785,0.4687674035106003,lstm
SVC-000045,EVT-0034049,2026-07-11 23:14:12.359895,0.40809128196143524,lstm
SVC-000002,EVT-0034050,2026-07-11 23:14:30.523343,0.6267224276827396,lstm
SVC-000041,EVT-0034051,2026-07-11 23:14:53.287695,0.6566369902208493,lstm
SVC-000058,EVT-0034052,2026-07-11 23:17:36.693419,0.5082733915058891,lstm
DEV-000026,EVT-0034053,2026-07-11 23:19:17.556113,0.1942077656904942,lstm
SVC-000032,EVT-0034054,2026-07-11 23:20:18.767558,0.45562071416073596,lstm
SVC-000032,EVT-0034055,2026-07-11 23:23:41.515655,0.510087214642159,lstm
SVC-000041,EVT-0034056,2026-07-11 23:24:22.991048,0.6590718044067243,lstm
SVC-000047,EVT-0034057,2026-07-11 23:24:46.939115,0.37419778378638374,lstm
DEV-000026,EVT-0034058,2026-07-11 23:26:39.905039,0.6743410991591923,lstm
USR-000106,EVT-0034059,2026-07-11 23:28:42.527719,0.4853322277092516,lstm
SVC-000032,EVT-0034060,2026-07-11 23:30:08.970027,0.2831778975678106,lstm
SVC-000002,EVT-0034061,2026-07-11 23:32:04.624086,0.3405756372392099,lstm
USR-000106,EVT-0034062,2026-07-11 23:36:00.642813,0.5436876451961954,lstm
DEV-000020,EVT-0034063,2026-07-11 23:37:18.070737,0.47605385400696265,lstm
SVC-000025,EVT-0034064,2026-07-11 23:38:07.987215,0.2961349234317289,lstm
SVC-000025,EVT-0034065,2026-07-11 23:39:23.347235,0.47667476447116297,lstm
SVC-000025,EVT-0034066,2026-07-11 23:42:43.470158,0.45338367764919857,lstm
SVC-000025,EVT-0034067,2026-07-11 23:49:03.553950,0.4160351281951689,lstm
SVC-000002,EVT-0034068,2026-07-11 23:49:28.888246,0.4978765011571555,lstm
DEV-000011,EVT-0034069,2026-07-11 23:55:03.955802,0.39604157140278556,lstm
SVC-000025,EVT-0034070,2026-07-11 23:57:49.752858,0.36986377567217277,lstm
SVC-000002,EVT-0034071,2026-07-11 23:59:24.018554,0.31988621983249177,lstm
SVC-000045,EVT-0034072,2026-07-12 00:03:13.319100,0.7789689018024981,lstm
SVC-000035,EVT-0034073,2026-07-12 00:03:43.354055,0.6773041793805227,lstm
SVC-000059,EVT-0034074,2026-07-12 00:04:34.138743,0.999885019795353,lstm
SVC-000041,EVT-0034075,2026-07-12 00:04:52.804393,0.6473580195474027,lstm
DEV-000002,EVT-0034076,2026-07-12 00:05:04.508792,0.23519921808284952,lstm
USR-000122,EVT-0034077,2026-07-12 00:09:26.601636,0.5479348102287181,lstm
USR-000116,EVT-0034078,2026-07-12 00:14:36.404545,0.834334088286536,lstm
SVC-000056,EVT-0034079,2026-07-12 00:16:41.816135,0.45835960453743274,lstm
USR-000141,EVT-0034080,2026-07-12 00:21:45.395677,0.625410785665302,lstm
SVC-000025,EVT-0034081,2026-07-12 00:26:05.219369,0.5849089149928711,lstm
DEV-000011,EVT-0034082,2026-07-12 00:34:54.886378,0.5554279505687952,lstm
USR-000165,EVT-0034083,2026-07-12 00:35:52.317276,0.4190586200111426,lstm
DEV-000001,EVT-0034084,2026-07-12 00:39:38.584076,0.5266124802656095,lstm
DEV-000025,EVT-0034085,2026-07-12 00:44:15.019878,0.995876760420461,lstm
SVC-000041,EVT-0034086,2026-07-12 00:44:52.502806,0.6580887536317989,lstm
DEV-000025,EVT-0034087,2026-07-12 00:45:40.177206,0.9990995894722257,lstm
SVC-000056,EVT-0034088,2026-07-12 00:46:49.081331,0.5278099165998967,lstm
SVC-000056,EVT-0034089,2026-07-12 00:48:11.678340,0.7342620156565342,lstm
SVC-000025,EVT-0034090,2026-07-12 00:49:20.869789,0.43568014086322565,lstm
USR-000106,EVT-0034091,2026-07-12 00:54:03.080739,0.2453147694606806,lstm
SVC-000041,EVT-0034092,2026-07-12 00:54:56.703463,0.5430653446862598,lstm
SVC-000041,EVT-0034093,2026-07-12 00:54:59.604993,0.8902632000949414,lstm
SVC-000041,EVT-0034094,2026-07-12 00:55:46.351806,0.7307857680461752,lstm
SVC-000041,EVT-0034095,2026-07-12 01:00:07.636319,0.8897042773404733,lstm
USR-000165,EVT-0034096,2026-07-12 01:01:13.602227,0.324843144711472,lstm
SVC-000056,EVT-0034097,2026-07-12 01:01:57.508544,0.5731892032650213,lstm
DEV-000014,EVT-0034098,2026-07-12 01:07:15.557862,0.820049976094672,lstm
SVC-000018,EVT-0034099,2026-07-12 01:08:06.856505,0.9949428460089335,lstm
SVC-000056,EVT-0034100,2026-07-12 01:09:15.553142,0.5563753443913253,lstm
DEV-000008,EVT-0034101,2026-07-12 01:10:14.776493,0.7428792452394438,lstm
USR-000106,EVT-0034102,2026-07-12 01:14:16.904296,0.25385960205985275,lstm
SVC-000056,EVT-0034103,2026-07-12 01:17:22.803256,0.4882800333262174,lstm
USR-000141,EVT-0034104,2026-07-12 01:18:23.390724,0.41030963902429296,lstm
DEV-000011,EVT-0034105,2026-07-12 01:19:08.123398,0.4121911703916702,lstm
DEV-000009,EVT-0034106,2026-07-12 01:22:40.381764,0.8240122861984385,lstm
DEV-000018,EVT-0034107,2026-07-12 01:24:34.664623,0.5484461533938161,lstm
SVC-000056,EVT-0034108,2026-07-12 01:25:05.099256,0.6065032754138165,lstm
DEV-000011,EVT-0034109,2026-07-12 01:26:32.621288,0.7204774366559568,lstm
SVC-000041,EVT-0034110,2026-07-12 01:26:40.166889,0.2840398445847175,lstm
SVC-000041,EVT-0034111,2026-07-12 01:29:17.139261,0.42139679551039927,lstm
DEV-000018,EVT-0034112,2026-07-12 01:32:57.184459,0.7922098007656133,lstm
SVC-000014,EVT-0034113,2026-07-12 01:34:42.086833,0.9996701380180948,lstm
USR-000122,EVT-0034114,2026-07-12 01:37:38.295038,0.49832224956429877,lstm
USR-000150,EVT-0034115,2026-07-12 01:43:46.171147,0.8079313684504955,lstm
DEV-000009,EVT-0034116,2026-07-12 01:45:56.822460,0.8324057954675712,lstm
USR-000165,EVT-0034117,2026-07-12 01:49:41.709845,0.24560012697129566,lstm
SVC-000018,EVT-0034118,2026-07-12 01:51:31.724316,0.44049727459006605,lstm
USR-000106,EVT-0034119,2026-07-12 01:51:38.218478,0.2505290942462443,lstm
SVC-000018,EVT-0034120,2026-07-12 02:01:27.970369,0.27277731757143964,lstm
SVC-000041,EVT-0034121,2026-07-12 02:04:13.337404,0.4130143045547993,lstm
DEV-000025,EVT-0034122,2026-07-12 02:04:31.324348,0.9186250234636696,lstm
SVC-000014,EVT-0034123,2026-07-12 02:09:50.407448,0.5789563605776608,lstm
DEV-000015,EVT-0034124,2026-07-12 02:10:19.277795,0.5913539371184243,lstm
DEV-000004,EVT-0034125,2026-07-12 02:12:31.122725,0.7076009275226751,lstm
USR-000106,EVT-0034126,2026-07-12 02:13:08.060130,0.23550953907347555,lstm
USR-000122,EVT-0034127,2026-07-12 02:13:19.312446,0.5595388000645534,lstm
USR-000165,EVT-0034128,2026-07-12 02:16:38.775958,0.2883984300347498,lstm
SVC-000018,EVT-0034129,2026-07-12 02:20:35.952492,0.5125444336021441,lstm
SVC-000018,EVT-0034130,2026-07-12 02:21:41.907616,0.3511947079869646,lstm
SVC-000041,EVT-0034131,2026-07-12 02:22:06.201132,0.465727554107014,lstm
DEV-000010,EVT-0034132,2026-07-12 02:24:08.740856,0.5237791621201737,lstm
SVC-000018,EVT-0034133,2026-07-12 02:25:54.304794,0.5563858420342966,lstm
DEV-000020,EVT-0034134,2026-07-12 02:27:52.121509,0.24429612365792094,lstm
DEV-000009,EVT-0034135,2026-07-12 02:32:42.304378,0.606354288297772,lstm
SVC-000018,EVT-0034136,2026-07-12 02:39:06.431511,0.3316780461291434,lstm
SVC-000018,EVT-0034137,2026-07-12 02:46:42.066017,0.309555902054039,lstm
SVC-000018,EVT-0034138,2026-07-12 02:53:03.577456,0.3240677418104076,lstm
USR-000088,EVT-0034139,2026-07-12 02:58:07.349476,0.35649374029132214,lstm
SVC-000041,EVT-0034140,2026-07-12 03:06:18.402819,0.7365676791596261,lstm
DEV-000025,EVT-0034141,2026-07-12 03:09:36.221357,0.8756774103176997,lstm
DEV-000001,EVT-0034142,2026-07-12 03:09:40.272916,0.5786357140173289,lstm
DEV-000011,EVT-0034143,2026-07-12 03:10:21.612111,0.49712275260265504,lstm
DEV-000005,EVT-0034144,2026-07-12 03:13:01.345442,0.659903425534573,lstm
SVC-000014,EVT-0034145,2026-07-12 03:13:35.442673,0.7403494016045384,lstm
SVC-000018,EVT-0034146,2026-07-12 03:22:08.922897,0.38777437104020734,lstm
SVC-000018,EVT-0034147,2026-07-12 03:30:06.425333,0.5212517396133193,lstm
SVC-000014,EVT-0034148,2026-07-12 03:32:00.292978,0.35245673094226554,lstm
SVC-000020,EVT-0034149,2026-07-12 03:32:40.559292,0.9736214909851415,lstm
SVC-000019,EVT-0034150,2026-07-12 03:34:08.936343,0.9666442939306451,lstm
SVC-000019,EVT-0034151,2026-07-12 03:38:49.448966,0.3157085578512754,lstm
DEV-000007,EVT-0034152,2026-07-12 03:39:06.423741,0.28735806874816644,lstm
SVC-000014,EVT-0034153,2026-07-12 03:40:57.701737,0.2533935307121606,lstm
SVC-000014,EVT-0034154,2026-07-12 03:44:36.335416,0.2540259454105357,lstm
SVC-000041,EVT-0034155,2026-07-12 03:46:44.310698,0.6605333826705823,lstm
SVC-000015,EVT-0034156,2026-07-12 03:50:08.051607,0.9890108186386987,lstm
USR-000165,EVT-0034157,2026-07-12 03:51:17.630942,0.2756789879510197,lstm
SVC-000014,EVT-0034158,2026-07-12 03:52:48.703921,0.25805957883201847,lstm
SVC-000014,EVT-0034159,2026-07-12 03:54:41.902517,0.310290524324722,lstm
DEV-000008,EVT-0034160,2026-07-12 03:55:30.269321,0.5408436194267402,lstm
SVC-000007,EVT-0034161,2026-07-12 04:00:55.800724,0.9906178882401131,lstm
DEV-000020,EVT-0034162,2026-07-12 04:04:47.267758,0.1933605169898802,lstm
SVC-000015,EVT-0034163,2026-07-12 04:07:05.301244,0.47353603231684166,lstm
SVC-000041,EVT-0034164,2026-07-12 04:08:57.340343,0.9097032915941785,lstm
SVC-000014,EVT-0034165,2026-07-12 04:13:14.736879,0.32131023855512064,lstm
SVC-000014,EVT-0034166,2026-07-12 04:15:30.413182,0.35393798291980977,lstm
SVC-000007,EVT-0034167,2026-07-12 04:15:39.997102,0.3072468940054991,lstm
SVC-000020,EVT-0034168,2026-07-12 04:17:20.455248,0.5241682513036946,lstm
SVC-000015,EVT-0034169,2026-07-12 04:19:10.286379,0.30677527020369183,lstm
SVC-000019,EVT-0034170,2026-07-12 04:20:12.161480,0.3022790450790692,lstm
SVC-000015,EVT-0034171,2026-07-12 04:23:30.372886,0.4163525333749227,lstm
DEV-000012,EVT-0034172,2026-07-12 04:24:20.687923,0.6672823898698473,lstm
USR-000162,EVT-0034173,2026-07-12 04:25:40.261001,0.6981332333882334,lstm
SVC-000020,EVT-0034174,2026-07-12 04:27:20.706228,0.5692474895806943,lstm
SVC-000014,EVT-0034175,2026-07-12 04:28:53.153484,0.42115125768246875,lstm
SVC-000014,EVT-0034176,2026-07-12 04:30:42.069625,0.4870143134770308,lstm
SVC-000015,EVT-0034177,2026-07-12 04:30:46.831839,0.820182410577156,lstm
USR-000122,EVT-0034178,2026-07-12 04:31:28.671371,0.6674143551954024,lstm
DEV-000008,EVT-0034179,2026-07-12 04:31:33.469572,0.5316716876320043,lstm
SVC-000014,EVT-0034180,2026-07-12 04:32:11.108737,0.3784140226826286,lstm
SVC-000019,EVT-0034181,2026-07-12 04:39:03.011642,0.2090109462630169,lstm
SVC-000007,EVT-0034182,2026-07-12 04:39:30.130383,0.22321302404575308,lstm
SVC-000014,EVT-0034183,2026-07-12 04:43:52.365083,0.3228481511444236,lstm
SVC-000020,EVT-0034184,2026-07-12 04:45:52.603289,0.47425218032198757,lstm
SVC-000020,EVT-0034185,2026-07-12 04:45:58.089443,0.8085947511728537,lstm
DEV-000013,EVT-0034186,2026-07-12 04:47:10.518258,0.9861658967170931,lstm
DEV-000019,EVT-0034187,2026-07-12 04:50:22.181041,0.6549781506508535,lstm
SVC-000015,EVT-0034188,2026-07-12 04:51:16.903320,0.3130363303708043,lstm
USR-000116,EVT-0034189,2026-07-12 04:52:38.036214,0.43031065660352513,lstm
SVC-000020,EVT-0034190,2026-07-12 04:52:47.758520,0.7616119459600518,lstm
SVC-000015,EVT-0034191,2026-07-12 04:53:15.119189,0.45668045215819514,lstm
SVC-000007,EVT-0034192,2026-07-12 04:53:57.412135,0.2682646303539816,lstm
SVC-000007,EVT-0034193,2026-07-12 04:54:26.337979,0.7179789825593383,lstm
DEV-000023,EVT-0034194,2026-07-12 04:59:56.731648,0.5465924962640666,lstm
SVC-000019,EVT-0034195,2026-07-12 05:00:47.486359,0.26305618054138935,lstm
SVC-000007,EVT-0034196,2026-07-12 05:01:34.611571,0.26351839274019445,lstm
SVC-000019,EVT-0034197,2026-07-12 05:03:06.276787,0.38816105437497467,lstm
SVC-000019,EVT-0034198,2026-07-12 05:03:42.654408,0.4751482623338605,lstm
SVC-000015,EVT-0034199,2026-07-12 05:05:05.829095,0.6153876674268766,lstm
USR-000050,EVT-0034200,2026-07-12 05:07:38.638952,0.6282347586597286,lstm
DEV-000007,EVT-0034201,2026-07-12 05:09:25.773658,0.233561263178675,lstm
DEV-000014,EVT-0034202,2026-07-12 05:11:09.601376,0.4101684208085832,lstm
SVC-000015,EVT-0034203,2026-07-12 05:16:47.861278,0.506596109261514,lstm
SVC-000015,EVT-0034204,2026-07-12 05:17:02.780527,0.6694143445470045,lstm
SVC-000031,EVT-0034205,2026-07-12 05:18:13.930528,0.9944960596278783,lstm
DEV-000015,EVT-0034206,2026-07-12 05:19:53.359730,0.36775348763119237,lstm
SVC-000009,EVT-0034207,2026-07-12 05:20:15.415684,0.9877668717682496,lstm
SVC-000007,EVT-0034208,2026-07-12 05:26:52.472691,0.23480887837952386,lstm
DEV-000003,EVT-0034209,2026-07-12 05:27:33.643501,0.6942763854143363,lstm
SVC-000014,EVT-0034210,2026-07-12 05:27:46.089813,0.4592928128708498,lstm
SVC-000015,EVT-0034211,2026-07-12 05:28:29.250368,0.3270240558326211,lstm
SVC-000007,EVT-0034212,2026-07-12 05:29:40.493406,0.3718242934683995,lstm
SVC-000051,EVT-0034213,2026-07-12 05:29:46.947753,0.8757292155181574,lstm
SVC-000020,EVT-0034214,2026-07-12 05:30:03.856967,0.28512311439426213,lstm
SVC-000009,EVT-0034215,2026-07-12 05:31:01.604477,0.3703620630557733,lstm
DEV-000009,EVT-0034216,2026-07-12 05:31:37.314776,0.646397164008648,lstm
DEV-000026,EVT-0034217,2026-07-12 05:33:04.262178,0.4092349111415387,lstm
SVC-000014,EVT-0034218,2026-07-12 05:35:41.927633,0.3977654771361395,lstm
SVC-000020,EVT-0034219,2026-07-12 05:38:22.962157,0.6073694378971413,lstm
SVC-000007,EVT-0034220,2026-07-12 05:40:36.186271,0.3155543133994032,lstm
SVC-000007,EVT-0034221,2026-07-12 05:45:24.207330,0.4497524987368661,lstm
SVC-000009,EVT-0034222,2026-07-12 05:45:26.848447,0.3004965912086469,lstm
DEV-000025,EVT-0034223,2026-07-12 05:46:28.730496,0.9758497706704182,lstm
SVC-000031,EVT-0034224,2026-07-12 05:48:29.594961,0.34564781869795147,lstm
SVC-000009,EVT-0034225,2026-07-12 05:49:58.675470,0.5532504484763427,lstm
USR-000082,EVT-0034226,2026-07-12 05:52:18.651070,0.4332144665668854,lstm
DEV-000004,EVT-0034227,2026-07-12 05:52:32.123602,0.42815815079923053,lstm
SVC-000009,EVT-0034228,2026-07-12 05:59:30.035979,0.7177928427153136,lstm
SVC-000020,EVT-0034229,2026-07-12 06:01:17.249434,0.3105221851138392,lstm
SVC-000031,EVT-0034230,2026-07-12 06:02:05.611557,0.5483438679079972,lstm
SVC-000019,EVT-0034231,2026-07-12 06:03:00.419323,0.357659927565359,lstm
SVC-000007,EVT-0034232,2026-07-12 06:04:48.171899,0.2778936767940277,lstm
USR-000207,EVT-0034233,2026-07-12 06:06:34.797690,0.8228341096497551,lstm
SVC-000031,EVT-0034234,2026-07-12 06:06:54.530728,0.4978245975538444,lstm
SVC-000009,EVT-0034235,2026-07-12 06:09:03.192535,0.3096664690268053,lstm
SVC-000009,EVT-0034236,2026-07-12 06:09:05.039109,0.6343562109644746,lstm
SVC-000009,EVT-0034237,2026-07-12 06:10:28.859265,0.7629097041310063,lstm
SVC-000009,EVT-0034238,2026-07-12 06:14:13.734975,0.691694923328255,lstm
SVC-000009,EVT-0034239,2026-07-12 06:19:45.949845,0.3232343044850071,lstm
USR-000132,EVT-0034240,2026-07-12 06:27:03.024543,0.9857657945971355,lstm
SVC-000009,EVT-0034241,2026-07-12 06:30:30.070258,0.30884452540756324,lstm
SVC-000009,EVT-0034242,2026-07-12 06:30:55.816653,0.6138342823577785,lstm
SVC-000009,EVT-0034243,2026-07-12 06:39:15.953750,0.2760883156093981,lstm
SVC-000009,EVT-0034244,2026-07-12 06:39:19.301857,0.9393636771271231,lstm
DEV-000023,EVT-0034245,2026-07-12 06:43:44.335130,0.28916420170438917,lstm
USR-000191,EVT-0034246,2026-07-12 06:43:59.643575,0.9800946780646271,lstm
SVC-000031,EVT-0034247,2026-07-12 06:44:24.058964,0.26735156343726435,lstm
SVC-000009,EVT-0034248,2026-07-12 06:49:09.591396,0.3374834434488609,lstm
SVC-000031,EVT-0034249,2026-07-12 06:50:02.496003,0.4680042355412267,lstm
SVC-000031,EVT-0034250,2026-07-12 06:51:00.994777,0.40586443024627744,lstm
SVC-000009,EVT-0034251,2026-07-12 06:51:07.654218,0.6501667856503897,lstm
DEV-000014,EVT-0034252,2026-07-12 06:51:28.784851,0.6338108594571772,lstm
USR-000060,EVT-0034253,2026-07-12 06:51:34.033725,0.8064395382024343,lstm
SVC-000055,EVT-0034254,2026-07-12 06:52:47.313758,0.9839544596329468,lstm
USR-000088,EVT-0034255,2026-07-12 06:54:11.076932,0.5567065407659669,lstm
SVC-000031,EVT-0034256,2026-07-12 06:54:30.508917,0.49832966848612487,lstm
USR-000207,EVT-0034257,2026-07-12 06:55:27.261599,0.6508500404643883,lstm
SVC-000011,EVT-0034258,2026-07-12 06:56:35.807767,0.9890259417482576,lstm
DEV-000011,EVT-0034259,2026-07-12 07:01:35.213535,0.6000245986205845,lstm
DEV-000017,EVT-0034260,2026-07-12 07:01:47.518188,0.9692712218917136,lstm
USR-000114,EVT-0034261,2026-07-12 07:02:04.721508,0.8735130551284688,lstm
DEV-000002,EVT-0034262,2026-07-12 07:02:18.161165,0.3619816824206505,lstm
USR-000096,EVT-0034263,2026-07-12 07:02:36.002001,0.44076170388269625,lstm
USR-000007,EVT-0034264,2026-07-12 07:03:22.254806,0.6529862432512528,lstm
USR-000142,EVT-0034265,2026-07-12 07:04:07.146101,0.7209698706082597,lstm
SVC-000031,EVT-0034266,2026-07-12 07:04:28.067504,0.4081129568650047,lstm
DEV-000016,EVT-0034267,2026-07-12 07:09:04.998947,0.45484953826576674,lstm
DEV-000009,EVT-0034268,2026-07-12 07:12:10.349602,0.6126379671788607,lstm
SVC-000031,EVT-0034269,2026-07-12 07:12:25.309383,0.31999038240193883,lstm
SVC-000011,EVT-0034270,2026-07-12 07:13:11.900150,0.4333960920757895,lstm
USR-000060,EVT-0034271,2026-07-12 07:14:50.155103,0.964129659094917,lstm
SVC-000011,EVT-0034272,2026-07-12 07:15:46.728383,0.480657461940789,lstm
USR-000093,EVT-0034273,2026-07-12 07:15:52.878163,0.6091072137477557,lstm
USR-000059,EVT-0034274,2026-07-12 07:17:15.271035,0.8009280884882715,lstm
USR-000183,EVT-0034275,2026-07-12 07:23:26.673089,0.8115474461934891,lstm
SVC-000011,EVT-0034276,2026-07-12 07:27:35.435548,0.30499810628057283,lstm
USR-000207,EVT-0034277,2026-07-12 07:33:29.890068,0.4676283786529078,lstm
USR-000118,EVT-0034278,2026-07-12 07:38:40.072770,0.8449460011857755,lstm
DEV-000006,EVT-0034279,2026-07-12 07:39:16.674366,0.4216190946320646,lstm
USR-000158,EVT-0034280,2026-07-12 07:41:30.222786,0.8957817468011893,lstm
SVC-000055,EVT-0034281,2026-07-12 07:41:38.743611,0.5120723179944154,lstm
DEV-000010,EVT-0034282,2026-07-12 07:41:51.966417,0.34670706787185973,lstm
SVC-000051,EVT-0034283,2026-07-12 07:42:11.459596,0.28458567971314785,lstm
SVC-000011,EVT-0034284,2026-07-12 07:45:11.800036,0.2641562329595573,lstm
USR-000016,EVT-0034285,2026-07-12 07:45:59.350114,0.4513222742098893,lstm
USR-000148,EVT-0034286,2026-07-12 07:46:12.412633,0.9953307024635923,lstm
DEV-000008,EVT-0034287,2026-07-12 07:48:05.593499,0.3136882619594046,lstm
USR-000093,EVT-0034288,2026-07-12 07:48:42.217459,0.47450833750501437,lstm
SVC-000011,EVT-0034289,2026-07-12 07:50:38.405158,0.2647692780932062,lstm
SVC-000011,EVT-0034290,2026-07-12 07:52:10.218637,0.44952707359056815,lstm
SVC-000055,EVT-0034291,2026-07-12 07:55:05.422253,0.2338128705325645,lstm
USR-000010,EVT-0034292,2026-07-12 07:55:06.194571,0.9690396520112107,lstm
DEV-000017,EVT-0034293,2026-07-12 07:57:28.949724,0.7675493804088988,lstm
USR-000076,EVT-0034294,2026-07-12 07:58:04.876294,0.6509264557723338,lstm
USR-000142,EVT-0034295,2026-07-12 07:58:32.880998,0.252167123657628,lstm
USR-000059,EVT-0034296,2026-07-12 08:01:58.510345,0.37738232641020864,lstm
DEV-000009,EVT-0034297,2026-07-12 08:06:22.566702,0.36958108765589326,lstm
SVC-000055,EVT-0034298,2026-07-12 08:06:41.923493,0.33091639376703047,lstm
USR-000207,EVT-0034299,2026-07-12 08:08:27.568676,0.4128485064804941,lstm
SVC-000011,EVT-0034300,2026-07-12 08:08:42.474261,0.36461427739878344,lstm
DEV-000002,EVT-0034301,2026-07-12 08:08:59.702398,0.2553209392000094,lstm
SVC-000030,EVT-0034302,2026-07-12 08:09:51.664683,0.9865547517624017,lstm
SVC-000055,EVT-0034303,2026-07-12 08:09:53.825071,0.4231794206041365,lstm
USR-000114,EVT-0034304,2026-07-12 08:10:45.423215,0.7551362150875172,lstm
USR-000047,EVT-0034305,2026-07-12 08:12:23.041610,0.49009744333136024,lstm
USR-000099,EVT-0034306,2026-07-12 08:12:36.607581,0.6329660687481532,lstm
USR-000119,EVT-0034307,2026-07-12 08:12:50.323998,0.6135929047818389,lstm
USR-000039,EVT-0034308,2026-07-12 08:13:10.059210,0.8554704039696988,lstm
USR-000093,EVT-0034309,2026-07-12 08:13:34.452761,0.3648723717848606,lstm
SVC-000055,EVT-0034310,2026-07-12 08:14:05.471289,0.31058178897940975,lstm
SVC-000046,EVT-0034311,2026-07-12 08:14:34.510750,0.994476453419991,lstm
USR-000138,EVT-0034312,2026-07-12 08:14:36.179354,0.5245579547076129,lstm
SVC-000013,EVT-0034313,2026-07-12 08:15:19.714052,0.9922641304378556,lstm
USR-000055,EVT-0034314,2026-07-12 08:17:22.740456,0.9104436262048836,lstm
SVC-000024,EVT-0034315,2026-07-12 08:17:36.658698,0.9890800649101413,lstm
USR-000162,EVT-0034316,2026-07-12 08:18:17.069151,0.2505771333294878,lstm
USR-000125,EVT-0034317,2026-07-12 08:19:20.995126,0.9762665181641913,lstm
SVC-000011,EVT-0034318,2026-07-12 08:20:20.208839,0.32546265223194376,lstm
USR-000182,EVT-0034319,2026-07-12 08:20:31.358829,0.43192478310227717,lstm
SVC-000051,EVT-0034320,2026-07-12 08:21:03.126133,0.34062592773579903,lstm
SVC-000011,EVT-0034321,2026-07-12 08:24:12.806589,0.6912586367229102,lstm
USR-000082,EVT-0034322,2026-07-12 08:24:25.085643,0.2089114133432268,lstm
USR-000118,EVT-0034323,2026-07-12 08:24:30.870897,0.4486152268776881,lstm
USR-000047,EVT-0034324,2026-07-12 08:27:39.967832,0.3796297522057213,lstm
SVC-000031,EVT-0034325,2026-07-12 08:28:09.975402,0.4410949951693835,lstm
SVC-000046,EVT-0034326,2026-07-12 08:29:23.615114,0.3710758756627948,lstm
SVC-000011,EVT-0034327,2026-07-12 08:30:48.549073,0.3592887958047509,lstm
USR-000069,EVT-0034328,2026-07-12 08:31:10.120712,0.39612041138845927,lstm
SVC-000030,EVT-0034329,2026-07-12 08:32:09.920269,0.530764372321346,lstm
USR-000153,EVT-0034330,2026-07-12 08:33:23.210796,0.6185406272729678,lstm
SVC-000055,EVT-0034331,2026-07-12 08:34:06.722026,0.37080241846086387,lstm
USR-000050,EVT-0034332,2026-07-12 08:34:42.935952,0.3022711371593565,lstm
USR-000155,EVT-0034333,2026-07-12 08:35:24.518663,0.2672170336942229,lstm
SVC-000040,EVT-0034334,2026-07-12 08:37:03.085416,0.9753558244717948,lstm
SVC-000039,EVT-0034335,2026-07-12 08:37:47.515120,0.9867536384243838,lstm
SVC-000030,EVT-0034336,2026-07-12 08:38:24.723062,0.7643973074766074,lstm
USR-000166,EVT-0034337,2026-07-12 08:39:45.281530,0.6672483015786758,lstm
SVC-000011,EVT-0034338,2026-07-12 08:39:54.128274,0.34262033791702534,lstm
USR-000122,EVT-0034339,2026-07-12 08:42:16.703956,1.0,lstm
USR-000042,EVT-0034340,2026-07-12 08:43:47.320530,0.3929067296002219,lstm
USR-000122,EVT-0034341,2026-07-12 08:46:27.491279,1.0,lstm
USR-000122,EVT-0034342,2026-07-12 08:47:01.117542,0.9999999999764337,lstm
USR-000173,EVT-0034343,2026-07-12 08:48:28.569085,0.6054683369002384,lstm
USR-000122,EVT-0034344,2026-07-12 08:49:15.185363,0.9999994047876674,lstm
SVC-000046,EVT-0034345,2026-07-12 08:49:22.100713,0.3401525206647835,lstm
USR-000093,EVT-0034346,2026-07-12 08:49:51.589703,0.2557385958249856,lstm
USR-000050,EVT-0034347,2026-07-12 08:50:48.568157,0.7277977854127295,lstm
SVC-000046,EVT-0034348,2026-07-12 08:51:00.357011,0.4700327699571523,lstm
USR-000122,EVT-0034349,2026-07-12 08:51:38.280958,0.9999401193336188,lstm
USR-000116,EVT-0034350,2026-07-12 08:51:38.569470,0.2820437470825519,lstm
SVC-000046,EVT-0034351,2026-07-12 08:51:39.689090,0.5254025098570655,lstm
USR-000155,EVT-0034352,2026-07-12 08:51:56.613751,0.5279606643713406,lstm
USR-000099,EVT-0034353,2026-07-12 08:52:43.491870,0.44584814399528966,lstm
USR-000122,EVT-0034354,2026-07-12 08:53:29.760871,0.9994037881834292,lstm
SVC-000051,EVT-0034355,2026-07-12 08:53:30.959822,0.34550456177700634,lstm
DEV-000007,EVT-0034356,2026-07-12 08:54:50.149747,0.25227254495431195,lstm
USR-000118,EVT-0034357,2026-07-12 08:55:02.931209,0.3655960958059299,lstm
SVC-000040,EVT-0034358,2026-07-12 08:56:03.918543,0.41276181508721227,lstm
SVC-000024,EVT-0034359,2026-07-12 08:56:14.591136,0.36626322518119436,lstm
USR-000122,EVT-0034360,2026-07-12 08:58:17.322498,0.9974620392385714,lstm
SVC-000031,EVT-0034361,2026-07-12 08:58:24.864355,0.4865891111226374,lstm
USR-000122,EVT-0034362,2026-07-12 08:59:39.363323,0.9978557165460489,lstm
USR-000122,EVT-0034363,2026-07-12 09:00:13.031712,0.9991891017159747,lstm
SVC-000011,EVT-0034364,2026-07-12 09:00:40.171227,0.3866642139160306,lstm
SVC-000024,EVT-0034365,2026-07-12 09:01:40.174217,0.3382496670228239,lstm
USR-000122,EVT-0034366,2026-07-12 09:02:22.411367,0.9928188942671489,lstm
SVC-000046,EVT-0034367,2026-07-12 09:04:09.838262,0.4858232039164652,lstm
SVC-000039,EVT-0034368,2026-07-12 09:05:15.032174,0.4548991335610415,lstm
USR-000162,EVT-0034369,2026-07-12 09:05:31.236544,0.5460641751690681,lstm
USR-000114,EVT-0034370,2026-07-12 09:05:50.574157,0.8051241022669878,lstm
USR-000156,EVT-0034371,2026-07-12 09:06:20.383667,0.6424966037806227,lstm
SVC-000042,EVT-0034372,2026-07-12 09:07:24.714842,0.9713962895440831,lstm
USR-000129,EVT-0034373,2026-07-12 09:07:41.009858,0.5356660303984355,lstm
USR-000180,EVT-0034374,2026-07-12 09:08:35.291846,0.3487150671569812,lstm
USR-000048,EVT-0034375,2026-07-12 09:08:38.931911,0.49017875602959426,lstm
SVC-000042,EVT-0034376,2026-07-12 09:10:36.975772,0.44635462541081194,lstm
SVC-000042,EVT-0034377,2026-07-12 09:10:43.196354,0.691947307504001,lstm
DEV-000018,EVT-0034378,2026-07-12 09:11:18.646297,0.4977493882529801,lstm
USR-000118,EVT-0034379,2026-07-12 09:11:28.251356,0.3168022309515738,lstm
USR-000153,EVT-0034380,2026-07-12 09:11:41.584166,0.40682451782993395,lstm
SVC-000046,EVT-0034381,2026-07-12 09:11:42.177807,0.575457172916676,lstm
SVC-000011,EVT-0034382,2026-07-12 09:11:53.240353,0.26884311726073046,lstm
SVC-000046,EVT-0034383,2026-07-12 09:12:56.459960,0.38233513741484926,lstm
USR-000207,EVT-0034384,2026-07-12 09:13:41.768334,0.29786386706581924,lstm
SVC-000046,EVT-0034385,2026-07-12 09:13:50.524370,0.7002089635851101,lstm
SVC-000046,EVT-0034386,2026-07-12 09:15:47.960208,0.33174251658904924,lstm
USR-000168,EVT-0034387,2026-07-12 09:16:12.532739,0.4302439746032582,lstm
SVC-000046,EVT-0034388,2026-07-12 09:17:44.247847,0.6796790998724599,lstm
USR-000182,EVT-0034389,2026-07-12 09:18:26.845295,0.38219306300482814,lstm
USR-000076,EVT-0034390,2026-07-12 09:19:49.876563,0.34783646236930493,lstm
USR-000142,EVT-0034391,2026-07-12 09:21:10.914994,0.32968404103920407,lstm
USR-000153,EVT-0034392,2026-07-12 09:21:39.849764,0.37266891774323696,lstm
SVC-000042,EVT-0034393,2026-07-12 09:21:43.444066,0.27902576952733427,lstm
USR-000016,EVT-0034394,2026-07-12 09:22:31.313853,0.314085237475978,lstm
SVC-000042,EVT-0034395,2026-07-12 09:26:47.353845,0.3061090621085432,lstm
SVC-000024,EVT-0034396,2026-07-12 09:27:37.145104,0.28509268297595064,lstm
USR-000142,EVT-0034397,2026-07-12 09:27:41.669927,0.6281923850442953,lstm
SVC-000024,EVT-0034398,2026-07-12 09:28:17.671367,0.5063145156110469,lstm
USR-000048,EVT-0034399,2026-07-12 09:30:52.088452,0.7289313517464004,lstm
SVC-000024,EVT-0034400,2026-07-12 09:31:05.529767,0.2926617247135252,lstm
DEV-000002,EVT-0034401,2026-07-12 09:31:20.232480,0.26635791549731797,lstm
DEV-000007,EVT-0034402,2026-07-12 09:31:34.087651,0.4877789823986009,lstm
SVC-000024,EVT-0034403,2026-07-12 09:31:48.674394,0.4258827252868824,lstm
USR-000059,EVT-0034404,2026-07-12 09:32:50.806383,0.4697836174470119,lstm
USR-000039,EVT-0034405,2026-07-12 09:33:08.899764,0.2822691007877944,lstm
SVC-000046,EVT-0034406,2026-07-12 09:33:11.841472,0.6327232581589494,lstm
USR-000066,EVT-0034407,2026-07-12 09:33:18.814691,0.4089216482737922,lstm
USR-000078,EVT-0034408,2026-07-12 09:33:51.400683,0.5079677509550768,lstm
DEV-000002,EVT-0034409,2026-07-12 09:35:00.606246,0.6842999563621959,lstm
SVC-000042,EVT-0034410,2026-07-12 09:35:42.758780,0.23889162424266933,lstm
SVC-000013,EVT-0034411,2026-07-12 09:36:23.896260,0.5506472893827171,lstm
USR-000129,EVT-0034412,2026-07-12 09:39:08.024225,0.40492368528884337,lstm
SVC-000039,EVT-0034413,2026-07-12 09:39:42.264660,0.31675548730318076,lstm
USR-000182,EVT-0034414,2026-07-12 09:40:10.648531,0.4964629140552946,lstm
SVC-000042,EVT-0034415,2026-07-12 09:42:21.030082,0.31168132478771937,lstm
DEV-000017,EVT-0034416,2026-07-12 09:42:55.733320,0.5600043272630069,lstm
USR-000118,EVT-0034417,2026-07-12 09:42:59.650920,0.26164482837318054,lstm
USR-000076,EVT-0034418,2026-07-12 09:44:12.892586,0.523068300204018,lstm
SVC-000024,EVT-0034419,2026-07-12 09:44:35.479616,0.37070621980033325,lstm
SVC-000024,EVT-0034420,2026-07-12 09:45:30.294031,0.5726803679273498,lstm
SVC-000053,EVT-0034421,2026-07-12 09:46:54.718116,0.981151083558102,lstm
USR-000038,EVT-0034422,2026-07-12 09:47:29.693107,0.45835875771586904,lstm
USR-000179,EVT-0034423,2026-07-12 09:49:47.631515,0.8873312708760894,lstm
DEV-000017,EVT-0034424,2026-07-12 09:50:16.606258,0.8296584546085521,lstm
USR-000031,EVT-0034425,2026-07-12 09:51:08.375848,0.3105520787865014,lstm
SVC-000013,EVT-0034426,2026-07-12 09:51:11.173251,0.8774259527075329,lstm
SVC-000024,EVT-0034427,2026-07-12 09:51:15.873933,0.351138336411736,lstm
USR-000168,EVT-0034428,2026-07-12 09:51:56.488019,0.26536351959312887,lstm
USR-000087,EVT-0034429,2026-07-12 09:51:59.179406,0.4417952974259458,lstm
USR-000081,EVT-0034430,2026-07-12 09:52:55.809475,0.8443475481795529,lstm
SVC-000013,EVT-0034431,2026-07-12 09:53:09.721820,0.9239568083414013,lstm
SVC-000024,EVT-0034432,2026-07-12 09:54:28.243864,0.3414951944422081,lstm
USR-000054,EVT-0034433,2026-07-12 09:55:52.023510,0.40264215375633255,lstm
USR-000039,EVT-0034434,2026-07-12 09:56:41.404503,0.3085169068760121,lstm
USR-000148,EVT-0034435,2026-07-12 09:56:48.116461,0.9101707591142891,lstm
USR-000204,EVT-0034436,2026-07-12 09:56:59.160716,0.6564979008012228,lstm
SVC-000042,EVT-0034437,2026-07-12 09:57:10.839202,0.22131836196384136,lstm
USR-000207,EVT-0034438,2026-07-12 09:57:32.693456,0.37518152106341346,lstm
SVC-000042,EVT-0034439,2026-07-12 09:58:00.153853,0.3668558246037423,lstm
USR-000177,EVT-0034440,2026-07-12 09:59:15.409932,0.5983157050369079,lstm
USR-000156,EVT-0034441,2026-07-12 09:59:18.333305,0.40610997039923863,lstm
USR-000166,EVT-0034442,2026-07-12 09:59:22.177515,0.3652816356878501,lstm
USR-000180,EVT-0034443,2026-07-12 10:00:52.353939,0.3665877404061276,lstm
SVC-000042,EVT-0034444,2026-07-12 10:01:48.430072,0.23864146443865827,lstm
USR-000087,EVT-0034445,2026-07-12 10:03:20.893592,0.42296068663128816,lstm
SVC-000013,EVT-0034446,2026-07-12 10:03:22.244507,0.4372878194788121,lstm
USR-000019,EVT-0034447,2026-07-12 10:03:46.991762,0.42887514388230297,lstm
SVC-000039,EVT-0034448,2026-07-12 10:04:22.307240,0.44614702607188195,lstm
DEV-000003,EVT-0034449,2026-07-12 10:04:35.981614,0.3390566584285539,lstm
USR-000179,EVT-0034450,2026-07-12 10:04:48.298904,0.6766407613226278,lstm
USR-000078,EVT-0034451,2026-07-12 10:05:46.470948,0.9370368560266888,lstm
USR-000114,EVT-0034452,2026-07-12 10:07:01.462468,0.4455103192897509,lstm
USR-000050,EVT-0034453,2026-07-12 10:10:47.128664,0.29074700005798576,lstm
DEV-000003,EVT-0034454,2026-07-12 10:11:55.998444,0.8215905017529886,lstm
SVC-000042,EVT-0034455,2026-07-12 10:13:05.293293,0.2736480926225034,lstm
USR-000179,EVT-0034456,2026-07-12 10:15:06.899096,0.41610851499450685,lstm
USR-000019,EVT-0034457,2026-07-12 10:15:40.062972,0.5996861553445676,lstm
SVC-000024,EVT-0034458,2026-07-12 10:15:51.810709,0.5000195058902113,lstm
SVC-000050,EVT-0034459,2026-07-12 10:15:51.938786,0.9999998596518519,lstm
DEV-000004,EVT-0034460,2026-07-12 10:17:57.976721,0.33844726547809717,lstm
SVC-000013,EVT-0034461,2026-07-12 10:19:04.949338,0.543874281574173,lstm
SVC-000008,EVT-0034462,2026-07-12 10:19:35.758811,0.9940755701142631,lstm
DEV-000007,EVT-0034463,2026-07-12 10:20:00.615905,0.4821037850935844,lstm
USR-000168,EVT-0034464,2026-07-12 10:20:04.645543,0.28624859655840074,lstm
USR-000099,EVT-0034465,2026-07-12 10:20:21.551978,0.37934198543011416,lstm
USR-000093,EVT-0034466,2026-07-12 10:21:04.387180,0.29855065975068795,lstm
SVC-000013,EVT-0034467,2026-07-12 10:22:11.330797,0.4043991908738664,lstm
USR-000105,EVT-0034468,2026-07-12 10:23:37.343501,0.5896876066793445,lstm
USR-000059,EVT-0034469,2026-07-12 10:25:52.203356,0.5160629132390646,lstm
USR-000199,EVT-0034470,2026-07-12 10:29:34.472402,0.6634434519022075,lstm
USR-000132,EVT-0034471,2026-07-12 10:30:04.490614,0.6992833000351344,lstm
USR-000077,EVT-0034472,2026-07-12 10:31:35.191810,0.9725266873478547,lstm
USR-000042,EVT-0034473,2026-07-12 10:33:58.928561,0.265561129400321,lstm
SVC-000013,EVT-0034474,2026-07-12 10:34:17.157241,0.5908220287450715,lstm
SVC-000053,EVT-0034475,2026-07-12 10:35:12.268826,0.47035014150812005,lstm
USR-000173,EVT-0034476,2026-07-12 10:36:19.320953,0.31469156637694656,lstm
USR-000016,EVT-0034477,2026-07-12 10:36:38.607166,0.29021287282791786,lstm
USR-000017,EVT-0034478,2026-07-12 10:38:30.939507,0.7888710624925961,lstm
SVC-000008,EVT-0034479,2026-07-12 10:39:59.320187,0.957911932781869,lstm
USR-000195,EVT-0034480,2026-07-12 10:41:15.739532,0.6002684305161765,lstm
SVC-000039,EVT-0034481,2026-07-12 10:41:22.947097,0.7233414412487964,lstm
SVC-000042,EVT-0034482,2026-07-12 10:42:12.414124,0.2629671467941898,lstm
USR-000159,EVT-0034483,2026-07-12 10:44:00.198652,0.8651741776894851,lstm
SVC-000013,EVT-0034484,2026-07-12 10:44:37.690272,0.5736147394452481,lstm
SVC-000042,EVT-0034485,2026-07-12 10:45:29.083525,0.26909834864693477,lstm
USR-000194,EVT-0034486,2026-07-12 10:48:59.409766,0.4252714142402663,lstm
USR-000142,EVT-0034487,2026-07-12 10:52:04.092639,0.24745678627137985,lstm
DEV-000001,EVT-0034488,2026-07-12 10:52:21.076909,0.4476824361007656,lstm
USR-000177,EVT-0034489,2026-07-12 10:52:38.692040,0.4595765055233289,lstm
SVC-000013,EVT-0034490,2026-07-12 10:53:37.027326,0.37264075954109876,lstm
USR-000084,EVT-0034491,2026-07-12 10:57:37.019404,0.37313770393619966,lstm
SVC-000013,EVT-0034492,2026-07-12 10:57:58.462743,0.40223354397474365,lstm
SVC-000039,EVT-0034493,2026-07-12 10:58:32.723469,0.3378444358639105,lstm
SVC-000008,EVT-0034494,2026-07-12 11:00:15.527704,0.43851040890023024,lstm
USR-000007,EVT-0034495,2026-07-12 11:00:32.778566,0.2799334174694739,lstm
SVC-000013,EVT-0034496,2026-07-12 11:00:38.297329,0.49725003064158807,lstm
USR-000102,EVT-0034497,2026-07-12 11:00:56.466695,0.6823874002095422,lstm
SVC-000013,EVT-0034498,2026-07-12 11:01:12.794133,0.6681118472950509,lstm
SVC-000039,EVT-0034499,2026-07-12 11:02:00.574995,0.3846775393266751,lstm
USR-000064,EVT-0034500,2026-07-12 11:04:52.997730,0.5303533690531532,lstm
USR-000200,EVT-0034501,2026-07-12 11:05:19.188265,0.6562311973874703,lstm
USR-000049,EVT-0034502,2026-07-12 11:05:49.948119,0.37938648796453345,lstm
USR-000168,EVT-0034503,2026-07-12 11:06:44.837744,0.2979424625535514,lstm
USR-000026,EVT-0034504,2026-07-12 11:07:01.039624,0.901856062128861,lstm
USR-000129,EVT-0034505,2026-07-12 11:09:21.598577,0.2532165715140029,lstm
SVC-000042,EVT-0034506,2026-07-12 11:09:36.355229,0.2668002913211237,lstm
USR-000103,EVT-0034507,2026-07-12 11:11:54.680914,0.6313284118611026,lstm
DEV-000011,EVT-0034508,2026-07-12 11:12:13.761854,0.5026839500414477,lstm
USR-000001,EVT-0034509,2026-07-12 11:12:49.885013,0.2948406108777472,lstm
USR-000006,EVT-0034510,2026-07-12 11:12:59.515712,0.5865729620655755,lstm
SVC-000053,EVT-0034511,2026-07-12 11:13:03.324235,0.35333132530449207,lstm
USR-000016,EVT-0034512,2026-07-12 11:13:03.780520,0.2524389547117227,lstm
USR-000111,EVT-0034513,2026-07-12 11:13:04.044199,0.38227961091332563,lstm
DEV-000025,EVT-0034514,2026-07-12 11:13:17.505916,0.9453539864125224,lstm
USR-000200,EVT-0034515,2026-07-12 11:14:21.427958,0.4644747453990166,lstm
USR-000060,EVT-0034516,2026-07-12 11:15:30.141838,0.22708752987022757,lstm
USR-000081,EVT-0034517,2026-07-12 11:16:57.804493,0.5625352770231878,lstm
USR-000039,EVT-0034518,2026-07-12 11:18:19.282563,0.23085217649240417,lstm
USR-000118,EVT-0034519,2026-07-12 11:19:22.784680,0.25976756626275355,lstm
USR-000111,EVT-0034520,2026-07-12 11:19:35.302534,0.6260933549360487,lstm
SVC-000008,EVT-0034521,2026-07-12 11:20:19.377595,0.42787784894529024,lstm
USR-000028,EVT-0034522,2026-07-12 11:20:51.592373,0.8801930196569416,lstm
USR-000138,EVT-0034523,2026-07-12 11:21:18.709299,0.6037100109317118,lstm
USR-000105,EVT-0034524,2026-07-12 11:21:22.152649,0.4868295621051039,lstm
SVC-000039,EVT-0034525,2026-07-12 11:22:01.937482,0.29696792494642704,lstm
USR-000076,EVT-0034526,2026-07-12 11:24:15.089642,0.41571436265307904,lstm
USR-000187,EVT-0034527,2026-07-12 11:25:53.484890,0.5836007061784076,lstm
SVC-000053,EVT-0034528,2026-07-12 11:26:17.054704,0.31865120133778074,lstm
SVC-000013,EVT-0034529,2026-07-12 11:27:30.035839,0.4692486562122789,lstm
USR-000010,EVT-0034530,2026-07-12 11:29:54.101803,0.8906432273661674,lstm
USR-000049,EVT-0034531,2026-07-12 11:31:24.341395,0.4331954542131266,lstm
USR-000166,EVT-0034532,2026-07-12 11:33:48.588002,0.2930187466721993,lstm
SVC-000053,EVT-0034533,2026-07-12 11:35:20.948646,0.5011438434131615,lstm
USR-000148,EVT-0034534,2026-07-12 11:36:19.550423,0.6983292145755734,lstm
USR-000099,EVT-0034535,2026-07-12 11:36:50.903500,0.3143786934205536,lstm
USR-000138,EVT-0034536,2026-07-12 11:38:15.132347,0.3153095610844425,lstm
USR-000038,EVT-0034537,2026-07-12 11:39:55.652435,0.26641541029220445,lstm
USR-000047,EVT-0034538,2026-07-12 11:41:18.379199,0.20128511419347977,lstm
USR-000103,EVT-0034539,2026-07-12 11:41:30.348820,0.5007863774144566,lstm
SVC-000039,EVT-0034540,2026-07-12 11:43:05.754905,0.4177460800960109,lstm
USR-000098,EVT-0034541,2026-07-12 11:43:41.484393,0.8361029970368103,lstm
USR-000055,EVT-0034542,2026-07-12 11:46:06.873497,0.5893550414958915,lstm
USR-000039,EVT-0034543,2026-07-12 11:46:07.406606,0.2860849855872176,lstm
SVC-000024,EVT-0034544,2026-07-12 11:46:50.947620,0.7163783721416903,lstm
USR-000206,EVT-0034545,2026-07-12 11:46:56.133082,0.3800259119779668,lstm
USR-000135,EVT-0034546,2026-07-12 11:47:32.943553,0.38341799828341283,lstm
USR-000138,EVT-0034547,2026-07-12 11:48:01.663643,0.4690960140147121,lstm
USR-000006,EVT-0034548,2026-07-12 11:48:57.417651,0.6941701026290893,lstm
SVC-000034,EVT-0034549,2026-07-12 11:49:00.414631,0.8632835745316465,lstm
USR-000028,EVT-0034550,2026-07-12 11:49:04.056678,0.4310272256354501,lstm
USR-000038,EVT-0034551,2026-07-12 11:49:07.190663,0.353701623337056,lstm
USR-000077,EVT-0034552,2026-07-12 11:49:13.651298,0.6926847009894004,lstm
SVC-000039,EVT-0034553,2026-07-12 11:49:36.103041,0.6771633012725353,lstm
SVC-000034,EVT-0034554,2026-07-12 11:50:03.402275,0.8421748985733496,lstm
USR-000094,EVT-0034555,2026-07-12 11:55:07.194915,0.2540327994364488,lstm
USR-000194,EVT-0034556,2026-07-12 11:55:58.369260,0.32063714463835624,lstm
USR-000194,EVT-0034557,2026-07-12 11:56:13.734493,0.6134610399659152,lstm
USR-000153,EVT-0034558,2026-07-12 11:56:20.095595,0.4646254375186161,lstm
USR-000019,EVT-0034559,2026-07-12 11:56:38.342220,0.3458363762494501,lstm
USR-000078,EVT-0034560,2026-07-12 11:58:33.445730,0.28902615779724344,lstm
SVC-000050,EVT-0034561,2026-07-12 11:58:47.750941,0.9993431801323956,lstm
USR-000194,EVT-0034562,2026-07-12 12:00:12.053236,0.36241761781585885,lstm
SVC-000053,EVT-0034563,2026-07-12 12:01:03.547622,0.47742581339166656,lstm
USR-000069,EVT-0034564,2026-07-12 12:02:39.489780,0.36031759371492345,lstm
USR-000105,EVT-0034565,2026-07-12 12:06:15.250708,0.31014256921726385,lstm
DEV-000026,EVT-0034566,2026-07-12 12:06:36.298134,0.5427467889097526,lstm
USR-000138,EVT-0034567,2026-07-12 12:06:42.665020,0.8154926062848804,lstm
SVC-000008,EVT-0034568,2026-07-12 12:08:15.113783,0.6992094741978301,lstm
USR-000199,EVT-0034569,2026-07-12 12:08:26.273305,0.531265254324493,lstm
USR-000199,EVT-0034570,2026-07-12 12:08:37.518608,0.9053951942920642,lstm
SVC-000008,EVT-0034571,2026-07-12 12:10:37.158179,0.6894334576436699,lstm
SVC-000053,EVT-0034572,2026-07-12 12:11:03.305468,0.6419811506806169,lstm
SVC-000053,EVT-0034573,2026-07-12 12:11:33.754741,0.6992550076241824,lstm
USR-000001,EVT-0034574,2026-07-12 12:13:47.191324,0.32801734038678926,lstm
SVC-000050,EVT-0034575,2026-07-12 12:14:39.239224,0.9954411094541574,lstm
USR-000060,EVT-0034576,2026-07-12 12:14:50.483822,0.2610225623036044,lstm
SVC-000001,EVT-0034577,2026-07-12 12:15:31.523306,0.913224351986842,lstm
SVC-000050,EVT-0034578,2026-07-12 12:15:51.344984,0.9988438531951415,lstm
SVC-000039,EVT-0034579,2026-07-12 12:16:47.981277,0.524567902218115,lstm
USR-000039,EVT-0034580,2026-07-12 12:17:43.989170,0.2589310144830078,lstm
USR-000159,EVT-0034581,2026-07-12 12:18:09.420469,0.8257757835828711,lstm
SVC-000008,EVT-0034582,2026-07-12 12:18:41.821221,0.8514203256612118,lstm
USR-000005,EVT-0034583,2026-07-12 12:21:31.567856,0.6736152521041476,lstm
USR-000030,EVT-0034584,2026-07-12 12:24:20.376900,0.3219932512073228,lstm
SVC-000053,EVT-0034585,2026-07-12 12:24:41.129460,0.6433048947325056,lstm
USR-000082,EVT-0034586,2026-07-12 12:25:08.869786,0.8303364365293752,lstm
DEV-000020,EVT-0034587,2026-07-12 12:25:09.231640,0.36592466660388384,lstm
SVC-000053,EVT-0034588,2026-07-12 12:27:14.138775,0.5141740937369637,lstm
USR-000006,EVT-0034589,2026-07-12 12:28:12.212538,0.2811610519972362,lstm
USR-000038,EVT-0034590,2026-07-12 12:28:15.870507,0.2836541613352285,lstm
USR-000151,EVT-0034591,2026-07-12 12:28:49.516706,0.7113711227413403,lstm
SVC-000034,EVT-0034592,2026-07-12 12:30:34.918863,0.2599168878815851,lstm
SVC-000008,EVT-0034593,2026-07-12 12:30:44.889520,0.5646199882485444,lstm
USR-000019,EVT-0034594,2026-07-12 12:31:24.266039,0.3027196643399813,lstm
SVC-000001,EVT-0034595,2026-07-12 12:32:52.670837,0.32351549524902606,lstm
USR-000031,EVT-0034596,2026-07-12 12:37:51.650610,0.5134877930786806,lstm
USR-000086,EVT-0034597,2026-07-12 12:38:12.796622,0.9424314530469712,lstm
DEV-000008,EVT-0034598,2026-07-12 12:38:45.527235,0.48583350446099244,lstm
SVC-000043,EVT-0034599,2026-07-12 12:41:16.147589,0.9762413706084099,lstm
DEV-000007,EVT-0034600,2026-07-12 12:41:54.606360,0.6208205423233806,lstm
SVC-000027,EVT-0034601,2026-07-12 12:42:49.509788,0.9922256463257741,lstm
USR-000030,EVT-0034602,2026-07-12 12:44:51.727120,0.2993790421192576,lstm
USR-000154,EVT-0034603,2026-07-12 12:49:22.609028,0.5226080542698054,lstm
USR-000198,EVT-0034604,2026-07-12 12:49:46.349109,0.680744868390181,lstm
SVC-000043,EVT-0034605,2026-07-12 12:51:24.344749,0.3231886295291595,lstm
USR-000093,EVT-0034606,2026-07-12 12:51:38.323044,0.4528569733366756,lstm
USR-000213,EVT-0034607,2026-07-12 12:52:02.214385,0.7895299425313419,lstm
DEV-000014,EVT-0034608,2026-07-12 12:52:59.577917,0.633193584630105,lstm
USR-000118,EVT-0034609,2026-07-12 12:53:36.239176,0.35946583139074634,lstm
USR-000173,EVT-0034610,2026-07-12 12:54:44.385330,0.25541322090183,lstm
SVC-000034,EVT-0034611,2026-07-12 12:55:24.004656,0.31274777361958855,lstm
USR-000087,EVT-0034612,2026-07-12 12:55:28.225576,0.3793370997673562,lstm
USR-000154,EVT-0034613,2026-07-12 12:55:42.541494,0.42035593670545657,lstm
SVC-000001,EVT-0034614,2026-07-12 12:57:02.050412,0.2982414309991874,lstm
SVC-000034,EVT-0034615,2026-07-12 12:59:12.331666,0.47172201136979425,lstm
USR-000092,EVT-0034616,2026-07-12 13:01:34.369967,0.3270712227810527,lstm
USR-000151,EVT-0034617,2026-07-12 13:01:42.618564,0.4814741284887269,lstm
SVC-000050,EVT-0034618,2026-07-12 13:01:48.947875,0.9870472921334429,lstm
DEV-000005,EVT-0034619,2026-07-12 13:02:26.934982,0.31893609534066614,lstm
USR-000200,EVT-0034620,2026-07-12 13:02:39.824361,0.24589854913175282,lstm
USR-000030,EVT-0034621,2026-07-12 13:05:03.854533,0.25685394310779786,lstm
USR-000038,EVT-0034622,2026-07-12 13:05:39.148527,0.23396991064157552,lstm
USR-000111,EVT-0034623,2026-07-12 13:06:28.899490,0.22673990780964168,lstm
USR-000154,EVT-0034624,2026-07-12 13:08:13.216511,0.420638211403484,lstm
DEV-000011,EVT-0034625,2026-07-12 13:08:32.264700,0.41820864543521413,lstm
USR-000009,EVT-0034626,2026-07-12 13:09:16.961282,0.5623913524392739,lstm
USR-000078,EVT-0034627,2026-07-12 13:10:44.218043,0.2873620142190825,lstm
USR-000195,EVT-0034628,2026-07-12 13:11:11.898362,0.33255520527385085,lstm
USR-000044,EVT-0034629,2026-07-12 13:11:51.345158,0.38234381967119374,lstm
USR-000084,EVT-0034630,2026-07-12 13:12:03.213096,0.23472847639470945,lstm
SVC-000053,EVT-0034631,2026-07-12 13:12:39.569857,0.7178343269621358,lstm
USR-000126,EVT-0034632,2026-07-12 13:13:14.205605,0.35269756832432614,lstm
USR-000086,EVT-0034633,2026-07-12 13:13:32.112754,0.37966734181825657,lstm
SVC-000049,EVT-0034634,2026-07-12 13:13:58.057882,0.9935746373154364,lstm
USR-000031,EVT-0034635,2026-07-12 13:14:53.742502,0.6105585409103598,lstm
USR-000187,EVT-0034636,2026-07-12 13:15:07.945386,0.2874227011520469,lstm
SVC-000043,EVT-0034637,2026-07-12 13:15:24.020660,0.24876407735127523,lstm
SVC-000001,EVT-0034638,2026-07-12 13:16:00.683194,0.22597055134579902,lstm
DEV-000002,EVT-0034639,2026-07-12 13:16:13.931583,0.5385216986420006,lstm
USR-000138,EVT-0034640,2026-07-12 13:17:26.067929,0.30312069865177854,lstm
USR-000038,EVT-0034641,2026-07-12 13:18:14.633997,0.5128241581943271,lstm
USR-000078,EVT-0034642,2026-07-12 13:21:20.909015,0.4849523734927641,lstm
USR-000155,EVT-0034643,2026-07-12 13:21:27.382730,0.4051850082282757,lstm
USR-000026,EVT-0034644,2026-07-12 13:24:58.071015,0.46408623217116635,lstm
SVC-000050,EVT-0034645,2026-07-12 13:25:29.140347,0.9535614260030478,lstm
USR-000105,EVT-0034646,2026-07-12 13:26:17.479019,0.31690447553524265,lstm
USR-000024,EVT-0034647,2026-07-12 13:26:42.740366,0.4258678326618158,lstm
USR-000053,EVT-0034648,2026-07-12 13:28:03.126320,0.4656709021451583,lstm
USR-000001,EVT-0034649,2026-07-12 13:30:07.057626,0.3108080921415527,lstm
USR-000204,EVT-0034650,2026-07-12 13:30:39.275372,0.24981607733880717,lstm
SVC-000022,EVT-0034651,2026-07-12 13:31:04.582626,0.9932135669115119,lstm
USR-000057,EVT-0034652,2026-07-12 13:32:20.880771,0.5275898338266543,lstm
USR-000101,EVT-0034653,2026-07-12 13:33:24.854107,0.32678530027645947,lstm
DEV-000018,EVT-0034654,2026-07-12 13:35:01.058724,0.584671102446782,lstm
USR-000129,EVT-0034655,2026-07-12 13:35:15.877405,0.3621835731767273,lstm
SVC-000050,EVT-0034656,2026-07-12 13:36:22.056852,0.9755453403231487,lstm
SVC-000027,EVT-0034657,2026-07-12 13:36:50.557910,0.5726287614651843,lstm
SVC-000034,EVT-0034658,2026-07-12 13:36:51.958099,0.36109748152134424,lstm
SVC-000017,EVT-0034659,2026-07-12 13:37:48.399316,0.9525144025643054,lstm
SVC-000027,EVT-0034660,2026-07-12 13:38:14.189833,0.6467610233060536,lstm
USR-000024,EVT-0034661,2026-07-12 13:38:44.182593,0.30352351192967836,lstm
USR-000069,EVT-0034662,2026-07-12 13:40:36.196510,0.44425382271437275,lstm
DEV-000013,EVT-0034663,2026-07-12 13:40:58.280546,0.95651039822359,lstm
DEV-000002,EVT-0034664,2026-07-12 13:41:23.239701,0.5461564629920337,lstm
DEV-000008,EVT-0034665,2026-07-12 13:43:19.771709,0.4626902557767023,lstm
USR-000011,EVT-0034666,2026-07-12 13:43:23.337867,0.8500528116365522,lstm
USR-000003,EVT-0034667,2026-07-12 13:43:49.549400,0.7387238743003307,lstm
USR-000025,EVT-0034668,2026-07-12 13:44:45.796512,0.43791471186493464,lstm
USR-000138,EVT-0034669,2026-07-12 13:44:50.651901,0.35719666062254257,lstm
DEV-000010,EVT-0034670,2026-07-12 13:45:57.553066,0.25484431540140806,lstm
USR-000006,EVT-0034671,2026-07-12 13:46:04.945915,0.29017646758682863,lstm
USR-000100,EVT-0034672,2026-07-12 13:47:49.523747,0.41374666536379756,lstm
DEV-000023,EVT-0034673,2026-07-12 13:49:13.308073,0.5036388260580362,lstm
SVC-000008,EVT-0034674,2026-07-12 13:49:34.400710,0.7026041907800609,lstm
SVC-000050,EVT-0034675,2026-07-12 13:49:58.934282,0.8990020799242624,lstm
USR-000052,EVT-0034676,2026-07-12 13:50:02.277955,0.78114789269306,lstm
SVC-000050,EVT-0034677,2026-07-12 13:51:24.713398,0.9005689177716488,lstm
USR-000038,EVT-0034678,2026-07-12 13:51:52.277326,0.24967378088309433,lstm
USR-000155,EVT-0034679,2026-07-12 13:51:56.750833,0.3827238638466151,lstm
USR-000028,EVT-0034680,2026-07-12 13:52:19.727362,0.5085575734172088,lstm
SVC-000010,EVT-0034681,2026-07-12 13:55:05.563809,0.991375349392218,lstm
USR-000076,EVT-0034682,2026-07-12 13:59:22.853965,0.3576183159844086,lstm
USR-000204,EVT-0034683,2026-07-12 13:59:39.826780,0.4078641724962781,lstm
USR-000131,EVT-0034684,2026-07-12 14:00:03.397968,0.9960983627640961,lstm
USR-000052,EVT-0034685,2026-07-12 14:01:06.118242,0.5993385342278422,lstm
SVC-000027,EVT-0034686,2026-07-12 14:01:20.127800,0.44080559267070196,lstm
USR-000195,EVT-0034687,2026-07-12 14:01:36.794344,0.39451537609344145,lstm
DEV-000023,EVT-0034688,2026-07-12 14:02:45.307349,0.6645664578747336,lstm
USR-000038,EVT-0034689,2026-07-12 14:03:22.517160,0.33292444300057467,lstm
SVC-000022,EVT-0034690,2026-07-12 14:04:00.784805,0.3387764075215956,lstm
USR-000018,EVT-0034691,2026-07-12 14:06:05.555236,0.44059993137210973,lstm
USR-000104,EVT-0034692,2026-07-12 14:08:07.093465,0.4756743163540122,lstm
SVC-000017,EVT-0034693,2026-07-12 14:08:37.926028,0.24764793725750617,lstm
USR-000131,EVT-0034694,2026-07-12 14:10:02.773181,0.9546137291447859,lstm
SVC-000027,EVT-0034695,2026-07-12 14:10:41.730262,0.4917494610072883,lstm
USR-000123,EVT-0034696,2026-07-12 14:12:20.111517,0.7957615277076893,lstm
USR-000129,EVT-0034697,2026-07-12 14:14:24.184576,0.3279156357681891,lstm
SVC-000017,EVT-0034698,2026-07-12 14:15:09.122886,0.6577863541386467,lstm
SVC-000050,EVT-0034699,2026-07-12 14:15:23.697502,0.6777090771516447,lstm
USR-000108,EVT-0034700,2026-07-12 14:15:47.140178,0.5334247555575319,lstm
SVC-000028,EVT-0034701,2026-07-12 14:16:36.291281,0.9418865436753793,lstm
SVC-000017,EVT-0034702,2026-07-12 14:16:41.666557,0.5833885040713903,lstm
SVC-000027,EVT-0034703,2026-07-12 14:16:49.024204,0.5095331125511648,lstm
USR-000052,EVT-0034704,2026-07-12 14:17:04.556528,0.3544003881924232,lstm
USR-000047,EVT-0034705,2026-07-12 14:17:29.098090,0.2996587135603289,lstm
DEV-000013,EVT-0034706,2026-07-12 14:17:45.623917,0.8702811555337735,lstm
DEV-000014,EVT-0034707,2026-07-12 14:17:50.060698,0.5813171560922304,lstm
SVC-000028,EVT-0034708,2026-07-12 14:20:12.957874,0.6552969172618223,lstm
USR-000131,EVT-0034709,2026-07-12 14:20:14.384841,0.8801296328146856,lstm
SVC-000022,EVT-0034710,2026-07-12 14:22:01.357853,0.7065787365168302,lstm
USR-000183,EVT-0034711,2026-07-12 14:22:22.133993,0.42168951758645906,lstm
SVC-000050,EVT-0034712,2026-07-12 14:22:28.178360,0.9434977319502971,lstm
DEV-000025,EVT-0034713,2026-07-12 14:22:31.474021,0.8372501203093566,lstm
USR-000104,EVT-0034714,2026-07-12 14:23:50.905107,0.3305043622230399,lstm
USR-000200,EVT-0034715,2026-07-12 14:25:12.126481,0.3308232298721253,lstm
USR-000040,EVT-0034716,2026-07-12 14:25:35.962564,0.7480187424268487,lstm
DEV-000013,EVT-0034717,2026-07-12 14:31:42.243711,0.817163391927525,lstm
USR-000086,EVT-0034718,2026-07-12 14:31:58.382520,0.2677732627666658,lstm
USR-000052,EVT-0034719,2026-07-12 14:32:10.977118,0.37583945679884756,lstm
USR-000048,EVT-0034720,2026-07-12 14:33:56.593982,0.3407183511356173,lstm
SVC-000026,EVT-0034721,2026-07-12 14:35:19.957341,0.9357229319657655,lstm
USR-000027,EVT-0034722,2026-07-12 14:36:08.365019,0.9509225198071205,lstm
USR-000040,EVT-0034723,2026-07-12 14:38:14.584754,0.5761817146780698,lstm
USR-000040,EVT-0034724,2026-07-12 14:38:53.219522,0.7637507701702302,lstm
DEV-000015,EVT-0034725,2026-07-12 14:38:56.148973,0.45882721358567113,lstm
SVC-000027,EVT-0034726,2026-07-12 14:39:26.163052,0.4005362465239526,lstm
DEV-000010,EVT-0034727,2026-07-12 14:39:40.360987,0.3159573439871854,lstm
USR-000038,EVT-0034728,2026-07-12 14:39:47.040552,0.3020785569399111,lstm
SVC-000017,EVT-0034729,2026-07-12 14:39:53.212032,0.31936910723779266,lstm
USR-000086,EVT-0034730,2026-07-12 14:40:13.453519,0.31990657954655866,lstm
SVC-000028,EVT-0034731,2026-07-12 14:40:31.720116,0.5307814237665829,lstm
USR-000125,EVT-0034732,2026-07-12 14:40:42.724110,0.37176117025357347,lstm
USR-000206,EVT-0034733,2026-07-12 14:40:45.857071,0.2655073158441982,lstm
USR-000066,EVT-0034734,2026-07-12 14:41:44.563532,0.32653354822621206,lstm
USR-000089,EVT-0034735,2026-07-12 14:43:35.151613,0.5459787582530493,lstm
SVC-000049,EVT-0034736,2026-07-12 14:44:42.345412,0.8073914219686806,lstm
SVC-000026,EVT-0034737,2026-07-12 14:46:17.000300,0.3613074285271559,lstm
USR-000048,EVT-0034738,2026-07-12 14:48:29.984639,0.5660189365903098,lstm
USR-000139,EVT-0034739,2026-07-12 14:48:56.865477,0.595229254367297,lstm
SVC-000008,EVT-0034740,2026-07-12 14:49:02.156768,0.9129749927402946,lstm
SVC-000027,EVT-0034741,2026-07-12 14:49:19.629961,0.5720292058537797,lstm
USR-000030,EVT-0034742,2026-07-12 14:49:49.165303,0.8288471639385769,lstm
SVC-000026,EVT-0034743,2026-07-12 14:51:47.890977,0.4581172335261632,lstm
SVC-000049,EVT-0034744,2026-07-12 14:53:09.986492,0.8238869667999986,lstm
USR-000028,EVT-0034745,2026-07-12 14:53:10.271053,0.28010413203969814,lstm
USR-000092,EVT-0034746,2026-07-12 14:53:15.796214,0.2092320009047338,lstm
SVC-000010,EVT-0034747,2026-07-12 14:53:41.781822,0.4029546743125045,lstm
SVC-000027,EVT-0034748,2026-07-12 14:55:22.483820,0.4943495527307504,lstm
USR-000126,EVT-0034749,2026-07-12 14:56:06.752522,0.24064764492367555,lstm
USR-000042,EVT-0034750,2026-07-12 14:56:58.937805,0.3254343036276554,lstm
USR-000200,EVT-0034751,2026-07-12 14:57:31.056642,0.3558009772927186,lstm
USR-000055,EVT-0034752,2026-07-12 14:57:40.450037,0.6048141141634689,lstm
USR-000154,EVT-0034753,2026-07-12 14:57:48.805513,0.3945207295357603,lstm
SVC-000017,EVT-0034754,2026-07-12 14:58:13.499236,0.3818403567259382,lstm
USR-000185,EVT-0034755,2026-07-12 15:00:41.559618,0.42906894025126735,lstm
USR-000077,EVT-0034756,2026-07-12 15:01:32.198042,0.6532922196293546,lstm
USR-000092,EVT-0034757,2026-07-12 15:03:32.118483,0.48935495634556486,lstm
USR-000028,EVT-0034758,2026-07-12 15:04:50.549837,0.4474867644976201,lstm
USR-000100,EVT-0034759,2026-07-12 15:04:53.062799,0.3860939198412787,lstm
USR-000087,EVT-0034760,2026-07-12 15:06:16.559590,0.43433939669316396,lstm
USR-000004,EVT-0034761,2026-07-12 15:06:44.409166,0.48294183046085076,lstm
USR-000077,EVT-0034762,2026-07-12 15:06:46.822298,0.704396210264876,lstm
SVC-000026,EVT-0034763,2026-07-12 15:06:47.611049,0.6274207323505026,lstm
SVC-000036,EVT-0034764,2026-07-12 15:08:35.531805,0.9996302131782017,lstm
USR-000089,EVT-0034765,2026-07-12 15:10:13.192786,0.40430001453956943,lstm
USR-000052,EVT-0034766,2026-07-12 15:11:19.264296,0.23853520245460316,lstm
SVC-000027,EVT-0034767,2026-07-12 15:13:05.893396,0.58194600443846,lstm
SVC-000027,EVT-0034768,2026-07-12 15:13:06.703044,0.8723975767431126,lstm
SVC-000022,EVT-0034769,2026-07-12 15:13:25.122199,0.287406184227369,lstm
USR-000131,EVT-0034770,2026-07-12 15:17:04.123025,0.723858857642288,lstm
SVC-000028,EVT-0034771,2026-07-12 15:18:09.298398,0.5145047362972709,lstm
SVC-000022,EVT-0034772,2026-07-12 15:18:19.676446,0.37749906483948115,lstm
SVC-000017,EVT-0034773,2026-07-12 15:19:05.618426,0.30098267584442495,lstm
USR-000200,EVT-0034774,2026-07-12 15:19:09.107422,0.600004534925759,lstm
USR-000148,EVT-0034775,2026-07-12 15:19:56.404018,0.6712656965533532,lstm
SVC-000010,EVT-0034776,2026-07-12 15:21:18.705155,0.4415843158729955,lstm
USR-000211,EVT-0034777,2026-07-12 15:23:03.746129,0.30999885265876914,lstm
USR-000064,EVT-0034778,2026-07-12 15:25:22.755441,0.6090772865217736,lstm
DEV-000010,EVT-0034779,2026-07-12 15:26:50.427785,0.28794060732035687,lstm
USR-000026,EVT-0034780,2026-07-12 15:27:45.055906,0.5536144910908085,lstm
SVC-000010,EVT-0034781,2026-07-12 15:27:45.387228,0.30349987594546346,lstm
USR-000117,EVT-0034782,2026-07-12 15:29:00.338069,0.8040230684436114,lstm
SVC-000036,EVT-0034783,2026-07-12 15:31:54.927592,0.8188371141048636,lstm
USR-000149,EVT-0034784,2026-07-12 15:32:53.885084,0.34246425652147827,lstm
SVC-000017,EVT-0034785,2026-07-12 15:34:10.549369,0.8256407959693244,lstm
SVC-000027,EVT-0034786,2026-07-12 15:35:41.945968,0.5542830537465723,lstm
USR-000011,EVT-0034787,2026-07-12 15:36:34.112571,0.45537874882880663,lstm
USR-000154,EVT-0034788,2026-07-12 15:39:15.025971,0.4743513667804795,lstm
DEV-000012,EVT-0034789,2026-07-12 15:39:52.121763,0.3881151366706656,lstm
SVC-000036,EVT-0034790,2026-07-12 15:40:14.051973,0.9177537943798292,lstm
SVC-000010,EVT-0034791,2026-07-12 15:41:29.427833,0.431655765637606,lstm
SVC-000027,EVT-0034792,2026-07-12 15:42:47.820867,0.536315793676429,lstm
USR-000057,EVT-0034793,2026-07-12 15:43:34.126438,0.38399002857979614,lstm
SVC-000036,EVT-0034794,2026-07-12 15:43:47.129596,0.80110911331992,lstm
USR-000187,EVT-0034795,2026-07-12 15:44:52.962853,0.4187335774049365,lstm
USR-000040,EVT-0034796,2026-07-12 15:45:39.436971,0.7997342749107379,lstm
DEV-000013,EVT-0034797,2026-07-12 15:46:39.310289,0.7391018317911339,lstm
USR-000048,EVT-0034798,2026-07-12 15:46:50.249546,0.43068588438848415,lstm
SVC-000026,EVT-0034799,2026-07-12 15:48:37.475595,0.5844398052006902,lstm
USR-000173,EVT-0034800,2026-07-12 15:48:39.063142,0.35053847382827474,lstm
SVC-000026,EVT-0034801,2026-07-12 15:48:40.434202,0.7871367186577007,lstm
USR-000077,EVT-0034802,2026-07-12 15:48:52.995565,0.4857827730338317,lstm
SVC-000028,EVT-0034803,2026-07-12 15:49:34.085984,0.7243010328158291,lstm
USR-000028,EVT-0034804,2026-07-12 15:51:01.467021,0.2979919225697228,lstm
USR-000066,EVT-0034805,2026-07-12 15:52:00.966859,0.3105638465358981,lstm
USR-000040,EVT-0034806,2026-07-12 15:52:46.247771,0.48978772501799234,lstm
USR-000032,EVT-0034807,2026-07-12 15:54:22.289366,0.9759040692360371,lstm
USR-000053,EVT-0034808,2026-07-12 15:56:39.414105,0.29359340453012844,lstm
USR-000125,EVT-0034809,2026-07-12 15:56:51.089444,0.22823003165194738,lstm
USR-000140,EVT-0034810,2026-07-12 15:57:54.122239,0.7766024650216661,lstm
SVC-000036,EVT-0034811,2026-07-12 15:58:14.938213,0.891214365705,lstm
SVC-000036,EVT-0034812,2026-07-12 15:58:24.879315,0.8991202656134387,lstm
SVC-000029,EVT-0034813,2026-07-12 15:59:28.286683,0.9890867277374042,lstm
SVC-000038,EVT-0034814,2026-07-12 16:01:50.876439,0.9968794973524018,lstm
USR-000154,EVT-0034815,2026-07-12 16:02:36.707071,0.4231616923567641,lstm
USR-000017,EVT-0034816,2026-07-12 16:02:52.668522,0.27588841836202505,lstm
USR-000027,EVT-0034817,2026-07-12 16:02:57.886667,0.29965132272937395,lstm
USR-000154,EVT-0034818,2026-07-12 16:03:14.612630,0.8387224553037854,lstm
USR-000152,EVT-0034819,2026-07-12 16:03:15.130689,0.314053625308295,lstm
SVC-000036,EVT-0034820,2026-07-12 16:03:15.978279,0.8005772138074345,lstm
USR-000028,EVT-0034821,2026-07-12 16:04:51.849853,0.4057334036490643,lstm
DEV-000026,EVT-0034822,2026-07-12 16:05:10.965308,0.37134294490062986,lstm
SVC-000023,EVT-0034823,2026-07-12 16:09:12.323638,0.9606522828207785,lstm
USR-000115,EVT-0034824,2026-07-12 16:09:29.520012,0.6905047215471588,lstm
SVC-000012,EVT-0034825,2026-07-12 16:10:28.701942,0.9770177362979379,lstm
SVC-000038,EVT-0034826,2026-07-12 16:10:36.704739,0.5970530800981214,lstm
SVC-000036,EVT-0034827,2026-07-12 16:11:51.121622,0.9018544752025901,lstm
USR-000044,EVT-0034828,2026-07-12 16:13:39.848432,0.2602341094188043,lstm
SVC-000026,EVT-0034829,2026-07-12 16:13:57.370061,0.28152748709445946,lstm
DEV-000010,EVT-0034830,2026-07-12 16:15:02.442025,0.35568476764479934,lstm
SVC-000036,EVT-0034831,2026-07-12 16:15:03.526875,0.3527456265293842,lstm
SVC-000027,EVT-0034832,2026-07-12 16:15:36.315795,0.5678422330587193,lstm
USR-000053,EVT-0034833,2026-07-12 16:16:24.706071,0.5015933536179698,lstm
USR-000146,EVT-0034834,2026-07-12 16:16:54.638119,0.6646022544865916,lstm
SVC-000023,EVT-0034835,2026-07-12 16:17:15.353752,0.49911497441232755,lstm
USR-000211,EVT-0034836,2026-07-12 16:18:42.131792,0.3336080802123353,lstm
SVC-000026,EVT-0034837,2026-07-12 16:20:06.814536,0.3748597508140106,lstm
SVC-000036,EVT-0034838,2026-07-12 16:21:55.655969,0.6905579048470686,lstm
USR-000101,EVT-0034839,2026-07-12 16:22:58.712463,0.2405015972347506,lstm
SVC-000023,EVT-0034840,2026-07-12 16:24:08.838643,0.42562367151109537,lstm
SVC-000036,EVT-0034841,2026-07-12 16:25:01.577846,0.6188883957290261,lstm
SVC-000036,EVT-0034842,2026-07-12 16:25:19.489108,0.7203732563456986,lstm
DEV-000014,EVT-0034843,2026-07-12 16:26:00.753276,0.6804841279005879,lstm
SVC-000038,EVT-0034844,2026-07-12 16:27:45.901492,0.5922409740290688,lstm
USR-000146,EVT-0034845,2026-07-12 16:28:23.856162,0.45939968875432635,lstm
SVC-000026,EVT-0034846,2026-07-12 16:28:56.328392,0.6304489159120118,lstm
DEV-000009,EVT-0034847,2026-07-12 16:29:50.162902,0.4755056392229972,lstm
USR-000125,EVT-0034848,2026-07-12 16:30:24.022845,0.3723735882935325,lstm
USR-000101,EVT-0034849,2026-07-12 16:31:31.322044,0.503840243124214,lstm
SVC-000036,EVT-0034850,2026-07-12 16:32:50.178690,0.4985138704211942,lstm
SVC-000036,EVT-0034851,2026-07-12 16:33:30.851949,0.5790976004150126,lstm
SVC-000036,EVT-0034852,2026-07-12 16:35:55.105455,0.8487303434348743,lstm
SVC-000029,EVT-0034853,2026-07-12 16:36:10.094983,0.6542033313361815,lstm
USR-000125,EVT-0034854,2026-07-12 16:36:37.191352,0.49578056984901614,lstm
DEV-000009,EVT-0034855,2026-07-12 16:38:14.583692,0.8116316862410581,lstm
DEV-000001,EVT-0034856,2026-07-12 16:40:34.443667,0.16545485810163474,lstm
DEV-000013,EVT-0034857,2026-07-12 16:48:31.941588,0.654223079319883,lstm
USR-000211,EVT-0034858,2026-07-12 16:48:34.327273,0.2734447308862079,lstm
USR-000018,EVT-0034859,2026-07-12 16:49:00.105061,0.3986892773924298,lstm
DEV-000015,EVT-0034860,2026-07-12 16:49:04.730176,0.5794930272824883,lstm
USR-000126,EVT-0034861,2026-07-12 16:49:47.148955,0.2133998505413696,lstm
USR-000173,EVT-0034862,2026-07-12 16:50:12.617377,0.4324620134169719,lstm
USR-000185,EVT-0034863,2026-07-12 16:52:27.493635,0.286166523675596,lstm
SVC-000010,EVT-0034864,2026-07-12 16:56:36.796151,0.4588627674359589,lstm
SVC-000010,EVT-0034865,2026-07-12 16:58:15.691425,0.6433807900528061,lstm
SVC-000036,EVT-0034866,2026-07-12 16:58:41.453024,0.6176520887846689,lstm
SVC-000023,EVT-0034867,2026-07-12 17:00:04.717606,0.28155555947886,lstm
SVC-000005,EVT-0034868,2026-07-12 17:02:12.216659,0.944382630559141,lstm
SVC-000010,EVT-0034869,2026-07-12 17:08:22.712276,0.35058841259162576,lstm
SVC-000038,EVT-0034870,2026-07-12 17:15:49.794211,0.576989700422323,lstm
SVC-000010,EVT-0034871,2026-07-12 17:16:06.031389,0.31156054114730536,lstm
SVC-000005,EVT-0034872,2026-07-12 17:17:33.403496,0.8166261629060122,lstm
USR-000032,EVT-0034873,2026-07-12 17:23:42.328994,0.9060496491141233,lstm
USR-000044,EVT-0034874,2026-07-12 17:28:15.440851,0.3115151513539542,lstm
SVC-000036,EVT-0034875,2026-07-12 17:28:56.889078,0.711582921842892,lstm
DEV-000024,EVT-0034876,2026-07-12 17:28:59.836728,0.5479193240568705,lstm
USR-000066,EVT-0034877,2026-07-12 17:31:19.075156,0.4525315706251951,lstm
SVC-000026,EVT-0034878,2026-07-12 17:31:56.178375,0.5880982652056368,lstm
USR-000206,EVT-0034879,2026-07-12 17:33:29.795665,0.47991351616395045,lstm
USR-000146,EVT-0034880,2026-07-12 17:33:53.773587,0.3065128230461444,lstm
USR-000084,EVT-0034881,2026-07-12 17:34:01.083179,0.38662247365288244,lstm
USR-000198,EVT-0034882,2026-07-12 17:34:59.562463,0.30401878740264376,lstm
USR-000198,EVT-0034883,2026-07-12 17:35:50.886815,0.6409288136522449,lstm
USR-000152,EVT-0034884,2026-07-12 17:36:06.563811,0.25954911134063335,lstm
USR-000211,EVT-0034885,2026-07-12 17:37:51.441832,0.2372247815665667,lstm
USR-000192,EVT-0034886,2026-07-12 17:39:55.996468,0.4492235182586678,lstm
DEV-000009,EVT-0034887,2026-07-12 17:41:04.867379,0.49724350501034126,lstm
DEV-000011,EVT-0034888,2026-07-12 17:41:06.171722,0.3745155770561214,lstm
SVC-000005,EVT-0034889,2026-07-12 17:41:59.656232,0.583531019311824,lstm
USR-000146,EVT-0034890,2026-07-12 17:42:44.431322,0.5129274301825119,lstm
USR-000147,EVT-0034891,2026-07-12 17:43:01.536135,0.8959595745674487,lstm
USR-000101,EVT-0034892,2026-07-12 17:43:28.286454,0.376042677913904,lstm
USR-000092,EVT-0034893,2026-07-12 17:43:47.123524,0.3734835262565474,lstm
USR-000198,EVT-0034894,2026-07-12 17:44:10.080226,0.3954221103883921,lstm
DEV-000011,EVT-0034895,2026-07-12 17:46:07.977308,0.7655406229700944,lstm
USR-000018,EVT-0034896,2026-07-12 17:49:56.577259,0.6671143859848042,lstm
DEV-000003,EVT-0034897,2026-07-12 17:50:38.556959,0.5581573932764524,lstm
DEV-000023,EVT-0034898,2026-07-12 17:50:49.643800,0.4474279515681568,lstm
USR-000003,EVT-0034899,2026-07-12 17:51:15.020913,0.46364076236847757,lstm
SVC-000044,EVT-0034900,2026-07-12 17:54:05.988298,0.9830025412211203,lstm
USR-000040,EVT-0034901,2026-07-12 17:55:27.902644,0.39074773554168013,lstm
SVC-000044,EVT-0034902,2026-07-12 17:56:25.367330,0.6783410970198256,lstm
SVC-000037,EVT-0034903,2026-07-12 17:58:53.256759,0.9451127215308743,lstm
SVC-000010,EVT-0034904,2026-07-12 18:01:15.666453,0.3834907017601179,lstm
SVC-000023,EVT-0034905,2026-07-12 18:01:19.929664,0.6876983322433105,lstm
USR-000125,EVT-0034906,2026-07-12 18:03:59.270715,0.5641767602868341,lstm
SVC-000052,EVT-0034907,2026-07-12 18:11:59.776970,0.980378900339452,lstm
SVC-000023,EVT-0034908,2026-07-12 18:12:25.150612,0.2203666977982708,lstm
DEV-000022,EVT-0034909,2026-07-12 18:12:59.804374,0.8991268237915202,lstm
SVC-000004,EVT-0034910,2026-07-12 18:13:13.013589,0.9895557251271241,lstm
SVC-000037,EVT-0034911,2026-07-12 18:13:58.992094,0.52963339305567,lstm
SVC-000023,EVT-0034912,2026-07-12 18:17:01.220676,0.27678244963612453,lstm
USR-000198,EVT-0034913,2026-07-12 18:17:47.676188,0.3086961374789075,lstm
SVC-000044,EVT-0034914,2026-07-12 18:18:10.837392,0.3905991747313036,lstm
USR-000100,EVT-0034915,2026-07-12 18:21:10.491291,0.4446325100708188,lstm
USR-000117,EVT-0034916,2026-07-12 18:22:30.853461,0.40880440209882785,lstm
SVC-000023,EVT-0034917,2026-07-12 18:26:40.812428,0.22206192304346675,lstm
USR-000125,EVT-0034918,2026-07-12 18:29:36.397341,0.5662159453624458,lstm
SVC-000044,EVT-0034919,2026-07-12 18:29:37.069090,0.3646901028768963,lstm
SVC-000044,EVT-0034920,2026-07-12 18:32:53.109205,0.6091863523845917,lstm
USR-000185,EVT-0034921,2026-07-12 18:34:11.168983,0.2436073281085977,lstm
USR-000185,EVT-0034922,2026-07-12 18:34:20.126805,0.7434068736989295,lstm
USR-000211,EVT-0034923,2026-07-12 18:35:09.385563,0.2660996130601645,lstm
USR-000204,EVT-0034924,2026-07-12 18:35:57.996530,0.3612016450257928,lstm
USR-000011,EVT-0034925,2026-07-12 18:37:49.979662,0.4436116020155211,lstm
DEV-000017,EVT-0034926,2026-07-12 18:41:35.017835,0.6555853310602473,lstm
USR-000192,EVT-0034927,2026-07-12 18:42:19.276789,0.32329095630311483,lstm
DEV-000010,EVT-0034928,2026-07-12 18:44:02.553096,0.40340744922648875,lstm
USR-000185,EVT-0034929,2026-07-12 18:44:21.870891,0.5760750941993659,lstm
SVC-000057,EVT-0034930,2026-07-12 18:44:35.688344,0.9768449786890248,lstm
SVC-000004,EVT-0034931,2026-07-12 18:46:17.876535,0.4380513707579101,lstm
SVC-000044,EVT-0034932,2026-07-12 18:46:32.976734,0.4531067031892123,lstm
USR-000027,EVT-0034933,2026-07-12 18:46:51.947151,0.2753060206661949,lstm
USR-000117,EVT-0034934,2026-07-12 18:47:24.086366,0.5415052023634607,lstm
SVC-000044,EVT-0034935,2026-07-12 18:53:30.390917,0.7495918177335533,lstm
DEV-000013,EVT-0034936,2026-07-12 19:03:02.102375,0.608059519065425,lstm
DEV-000002,EVT-0034937,2026-07-12 19:06:58.022036,0.8766983197683172,lstm
SVC-000037,EVT-0034938,2026-07-12 19:09:54.757958,0.5116877894069987,lstm
SVC-000060,EVT-0034939,2026-07-12 19:12:53.556913,0.9407962203718644,lstm
SVC-000004,EVT-0034940,2026-07-12 19:13:46.356003,0.2823425246206487,lstm
SVC-000037,EVT-0034941,2026-07-12 19:17:27.178955,0.5655824270274729,lstm
USR-000032,EVT-0034942,2026-07-12 19:18:24.283620,0.8751819763446066,lstm
SVC-000052,EVT-0034943,2026-07-12 19:18:30.794218,0.35851502941224705,lstm
DEV-000008,EVT-0034944,2026-07-12 19:18:36.022376,0.8735981594764562,lstm
SVC-000052,EVT-0034945,2026-07-12 19:21:56.746152,0.3959207971578532,lstm
SVC-000060,EVT-0034946,2026-07-12 19:22:55.983369,0.8326727919747691,lstm
SVC-000037,EVT-0034947,2026-07-12 19:27:36.262140,0.915227052934772,lstm
DEV-000024,EVT-0034948,2026-07-12 19:31:11.871233,0.4033055825750141,lstm
USR-000146,EVT-0034949,2026-07-12 19:31:54.691979,0.418751356086748,lstm
SVC-000044,EVT-0034950,2026-07-12 19:32:25.240968,0.7780479087983602,lstm
SVC-000037,EVT-0034951,2026-07-12 19:33:31.258140,0.4874372390870064,lstm
SVC-000061,EVT-0034952,2026-07-12 19:34:56.726177,0.9930331508965614,lstm
SVC-000057,EVT-0034953,2026-07-12 19:35:36.964677,0.6131440366864523,lstm
SVC-000006,EVT-0034954,2026-07-12 19:39:21.599750,0.9966926051901464,lstm
SVC-000023,EVT-0034955,2026-07-12 19:39:50.677589,0.2965553434413759,lstm
SVC-000044,EVT-0034956,2026-07-12 19:40:19.627429,0.458469391705527,lstm
USR-000198,EVT-0034957,2026-07-12 19:42:06.941041,0.3494615749272805,lstm
SVC-000052,EVT-0034958,2026-07-12 19:42:47.545055,0.23708576586949204,lstm
SVC-000006,EVT-0034959,2026-07-12 19:43:33.121585,0.41925073482673275,lstm
SVC-000052,EVT-0034960,2026-07-12 19:44:30.563710,0.40930109242732204,lstm
SVC-000058,EVT-0034961,2026-07-12 19:45:20.954546,0.9687819598427774,lstm
SVC-000052,EVT-0034962,2026-07-12 19:45:21.953334,0.4955822068115222,lstm
SVC-000006,EVT-0034963,2026-07-12 19:47:44.880962,0.3976437740159589,lstm
SVC-000006,EVT-0034964,2026-07-12 19:48:12.376319,0.7005255796088687,lstm
DEV-000020,EVT-0034965,2026-07-12 19:49:24.911551,0.6644697159788711,lstm
USR-000089,EVT-0034966,2026-07-12 19:50:55.954224,0.47166395580496967,lstm
SVC-000006,EVT-0034967,2026-07-12 19:52:31.761404,0.44477359005924555,lstm
SVC-000048,EVT-0034968,2026-07-12 19:55:30.092019,0.9223818089433204,lstm
USR-000211,EVT-0034969,2026-07-12 19:59:13.545460,0.44017908975660036,lstm
SVC-000052,EVT-0034970,2026-07-12 20:01:46.567489,0.32394665658269484,lstm
DEV-000016,EVT-0034971,2026-07-12 20:03:20.138923,0.37638920641257667,lstm
SVC-000057,EVT-0034972,2026-07-12 20:03:57.059153,0.409575643592907,lstm
USR-000146,EVT-0034973,2026-07-12 20:05:44.383051,0.32209157843628833,lstm
USR-000084,EVT-0034974,2026-07-12 20:06:14.765906,0.515118619567365,lstm
SVC-000004,EVT-0034975,2026-07-12 20:09:29.110387,0.30657783061872657,lstm
SVC-000004,EVT-0034976,2026-07-12 20:09:35.050601,0.7564970888497352,lstm
SVC-000058,EVT-0034977,2026-07-12 20:10:57.552102,0.40438694795537655,lstm
SVC-000048,EVT-0034978,2026-07-12 20:10:59.987466,0.36700925317418753,lstm
SVC-000061,EVT-0034979,2026-07-12 20:11:12.705509,0.4208456905552599,lstm
SVC-000004,EVT-0034980,2026-07-12 20:13:17.059557,0.3306897711830075,lstm
SVC-000061,EVT-0034981,2026-07-12 20:13:55.816818,0.35522647807461555,lstm
SVC-000006,EVT-0034982,2026-07-12 20:15:22.439308,0.46856137567861905,lstm
DEV-000015,EVT-0034983,2026-07-12 20:16:37.280833,0.7620623568159849,lstm
SVC-000061,EVT-0034984,2026-07-12 20:16:53.058148,0.3411590742904722,lstm
SVC-000061,EVT-0034985,2026-07-12 20:22:15.956462,0.33391071595648636,lstm
SVC-000006,EVT-0034986,2026-07-12 20:24:54.636923,0.44315896727673393,lstm
SVC-000006,EVT-0034987,2026-07-12 20:26:35.787456,0.4420598972725208,lstm
USR-000185,EVT-0034988,2026-07-12 20:28:09.055973,0.38070092170098707,lstm
DEV-000004,EVT-0034989,2026-07-12 20:28:36.540247,0.5389755761839385,lstm
SVC-000048,EVT-0034990,2026-07-12 20:28:53.039536,0.2889738826494633,lstm
SVC-000052,EVT-0034991,2026-07-12 20:28:55.122293,0.49885263702398347,lstm
SVC-000061,EVT-0034992,2026-07-12 20:31:01.024052,0.4584832257636726,lstm
SVC-000006,EVT-0034993,2026-07-12 20:32:45.360214,0.6839493411140916,lstm
SVC-000035,EVT-0034994,2026-07-12 20:34:49.958367,0.945644160845702,lstm
SVC-000004,EVT-0034995,2026-07-12 20:36:27.946450,0.3124871395113076,lstm
SVC-000061,EVT-0034996,2026-07-12 20:37:21.910262,0.330250298923814,lstm
SVC-000061,EVT-0034997,2026-07-12 20:42:47.534605,0.3669436373864808,lstm
SVC-000006,EVT-0034998,2026-07-12 20:43:07.011376,0.49407961846981713,lstm
SVC-000035,EVT-0034999,2026-07-12 20:45:56.825069,0.492566728817017,lstm
SVC-000058,EVT-0035000,2026-07-12 20:46:53.721435,0.36096890663403086,lstm
SVC-000048,EVT-0035001,2026-07-12 20:49:08.520445,0.32745495352873827,lstm
SVC-000052,EVT-0035002,2026-07-12 20:49:27.766321,0.3807170741765409,lstm
SVC-000058,EVT-0035003,2026-07-12 20:49:35.721414,0.36127215440849697,lstm
DEV-000001,EVT-0035004,2026-07-12 20:51:50.767357,0.2177793565433926,lstm
DEV-000003,EVT-0035005,2026-07-12 20:52:34.707299,0.5144816298444644,lstm
SVC-000048,EVT-0035006,2026-07-12 20:53:01.293929,0.5434184210085279,lstm
SVC-000061,EVT-0035007,2026-07-12 20:54:40.000515,0.29504796484417606,lstm
SVC-000048,EVT-0035008,2026-07-12 20:54:48.462109,0.657845496723686,lstm
SVC-000054,EVT-0035009,2026-07-12 20:55:00.505522,0.9744879648616918,lstm
USR-000152,EVT-0035010,2026-07-12 20:55:32.729933,0.44937725798058653,lstm
SVC-000048,EVT-0035011,2026-07-12 20:57:31.899384,0.49138812131737275,lstm
SVC-000035,EVT-0035012,2026-07-12 20:58:27.849713,0.30126150173900373,lstm
DEV-000020,EVT-0035013,2026-07-12 21:03:55.143635,0.46367666628474535,lstm
DEV-000015,EVT-0035014,2026-07-12 21:05:35.571854,0.8330037791180812,lstm
SVC-000044,EVT-0035015,2026-07-12 21:07:18.440736,0.7598864627369143,lstm
DEV-000026,EVT-0035016,2026-07-12 21:07:53.508737,0.2563057335759923,lstm
USR-000211,EVT-0035017,2026-07-12 21:08:12.111620,0.37991265924747797,lstm
SVC-000054,EVT-0035018,2026-07-12 21:09:02.642845,0.3206862856993999,lstm
SVC-000035,EVT-0035019,2026-07-12 21:12:04.720491,0.3117238968344442,lstm
DEV-000002,EVT-0035020,2026-07-12 21:12:14.886195,0.8334576068953674,lstm
DEV-000011,EVT-0035021,2026-07-12 21:12:33.430483,0.24872239484069195,lstm
DEV-000002,EVT-0035022,2026-07-12 21:12:38.976774,0.9938783467069456,lstm
DEV-000025,EVT-0035023,2026-07-12 21:13:32.616548,0.7852270116421483,lstm
SVC-000054,EVT-0035024,2026-07-12 21:14:01.296884,0.36616292723705923,lstm
SVC-000004,EVT-0035025,2026-07-12 21:21:27.598512,0.3631496312427629,lstm
SVC-000054,EVT-0035026,2026-07-12 21:23:42.387804,0.4279282752575619,lstm
USR-000106,EVT-0035027,2026-07-12 21:24:19.983642,0.5287392544162366,lstm
SVC-000060,EVT-0035028,2026-07-12 21:25:47.769655,0.5630974361227516,lstm
SVC-000061,EVT-0035029,2026-07-12 21:26:32.189721,0.49448824400018215,lstm
DEV-000019,EVT-0035030,2026-07-12 21:28:15.974326,0.34016152512998343,lstm
SVC-000061,EVT-0035031,2026-07-12 21:29:11.208298,0.4787651238815165,lstm
SVC-000054,EVT-0035032,2026-07-12 21:29:11.820501,0.24374152467756474,lstm
SVC-000054,EVT-0035033,2026-07-12 21:29:12.571304,0.4967910194714071,lstm
SVC-000003,EVT-0035034,2026-07-12 21:33:38.694668,0.991220435655152,lstm
SVC-000058,EVT-0035035,2026-07-12 21:34:31.933732,0.26663241234127105,lstm
SVC-000047,EVT-0035036,2026-07-12 21:35:45.366536,0.9901932943583724,lstm
SVC-000047,EVT-0035037,2026-07-12 21:38:29.426908,0.4376770897874568,lstm
SVC-000048,EVT-0035038,2026-07-12 21:39:23.583452,0.5879733343032172,lstm
SVC-000054,EVT-0035039,2026-07-12 21:39:59.431788,0.28794914114172065,lstm
SVC-000045,EVT-0035040,2026-07-12 21:43:03.540850,0.9951038614828932,lstm
SVC-000004,EVT-0035041,2026-07-12 21:43:19.278886,0.41139306392511243,lstm
SVC-000048,EVT-0035042,2026-07-12 21:46:54.099725,0.5596531969093487,lstm
SVC-000035,EVT-0035043,2026-07-12 21:49:06.704959,0.7989528779124065,lstm
SVC-000054,EVT-0035044,2026-07-12 21:50:04.494457,0.22023492757938035,lstm
SVC-000045,EVT-0035045,2026-07-12 21:50:18.658900,0.4038703733324114,lstm
SVC-000054,EVT-0035046,2026-07-12 21:51:58.799599,0.3322321228119055,lstm
SVC-000003,EVT-0035047,2026-07-12 21:52:38.666092,0.8302772011908719,lstm
DEV-000010,EVT-0035048,2026-07-12 21:55:20.681253,0.6325109030868603,lstm
SVC-000054,EVT-0035049,2026-07-12 21:56:04.294231,0.31257255024755537,lstm
SVC-000047,EVT-0035050,2026-07-12 21:56:31.147843,0.29254347682075155,lstm
SVC-000035,EVT-0035051,2026-07-12 22:00:19.735436,0.42258494538033853,lstm
SVC-000048,EVT-0035052,2026-07-12 22:02:46.033545,0.6713643859478052,lstm
SVC-000054,EVT-0035053,2026-07-12 22:03:15.684617,0.22568630212242305,lstm
SVC-000054,EVT-0035054,2026-07-12 22:03:43.659930,0.5920807800975323,lstm
SVC-000054,EVT-0035055,2026-07-12 22:05:48.204244,0.3132847478696366,lstm
SVC-000003,EVT-0035056,2026-07-12 22:06:50.766910,0.4315721487281943,lstm
SVC-000054,EVT-0035057,2026-07-12 22:08:03.558666,0.41024437638541444,lstm
DEV-000004,EVT-0035058,2026-07-12 22:10:52.728481,0.456246607522261,lstm
SVC-000002,EVT-0035059,2026-07-12 22:11:22.162175,0.9928065411378942,lstm
SVC-000035,EVT-0035060,2026-07-12 22:12:19.561882,0.28269436345198123,lstm
SVC-000003,EVT-0035061,2026-07-12 22:12:51.887904,0.7630515264516169,lstm
SVC-000045,EVT-0035062,2026-07-12 22:13:33.449759,0.4036352900451623,lstm
SVC-000054,EVT-0035063,2026-07-12 22:15:36.082340,0.3744674816678071,lstm
SVC-000054,EVT-0035064,2026-07-12 22:16:14.874721,0.2898074021778376,lstm
SVC-000045,EVT-0035065,2026-07-12 22:19:16.442137,0.47580646697979734,lstm
DEV-000009,EVT-0035066,2026-07-12 22:20:08.068148,0.4990702913709,lstm
SVC-000003,EVT-0035067,2026-07-12 22:21:14.939334,0.6589213130227994,lstm
SVC-000054,EVT-0035068,2026-07-12 22:21:51.433357,0.2831206711913814,lstm
SVC-000054,EVT-0035069,2026-07-12 22:24:40.621028,0.32502758224586603,lstm
SVC-000025,EVT-0035070,2026-07-12 22:26:22.505086,0.9897337773056472,lstm
USR-000106,EVT-0035071,2026-07-12 22:26:25.085553,0.3485971745346505,lstm
SVC-000002,EVT-0035072,2026-07-12 22:29:06.946960,0.27019299796052443,lstm
SVC-000045,EVT-0035073,2026-07-12 22:31:18.283640,0.4955367151801859,lstm
DEV-000014,EVT-0035074,2026-07-12 22:33:51.468893,0.4464317779802562,lstm
SVC-000054,EVT-0035075,2026-07-12 22:33:59.319601,0.36069597756677685,lstm
SVC-000002,EVT-0035076,2026-07-12 22:34:28.878410,0.4759441873026044,lstm
DEV-000022,EVT-0035077,2026-07-12 22:34:48.693891,0.4501341645009118,lstm
SVC-000047,EVT-0035078,2026-07-12 22:37:41.751256,0.24732584293071494,lstm
USR-000027,EVT-0035079,2026-07-12 22:39:36.291981,0.4955984183053908,lstm
SVC-000002,EVT-0035080,2026-07-12 22:39:56.144279,0.26541492742284784,lstm
SVC-000041,EVT-0035081,2026-07-12 22:40:20.089621,0.9953451590836819,lstm
USR-000088,EVT-0035082,2026-07-12 22:40:29.490094,0.390789176632594,lstm
SVC-000002,EVT-0035083,2026-07-12 22:43:18.878043,0.3838095672815727,lstm
SVC-000045,EVT-0035084,2026-07-12 22:44:49.939922,0.37969221536937875,lstm
USR-000141,EVT-0035085,2026-07-12 22:49:54.569752,0.25456271440637923,lstm
SVC-000047,EVT-0035086,2026-07-12 22:50:29.829062,0.2512665369439195,lstm
SVC-000054,EVT-0035087,2026-07-12 22:51:08.633634,0.35746218014386916,lstm
SVC-000025,EVT-0035088,2026-07-12 22:54:13.282980,0.7396997030637564,lstm
USR-000150,EVT-0035089,2026-07-12 22:55:00.295242,0.482293253909543,lstm
USR-000106,EVT-0035090,2026-07-12 23:00:25.272677,0.2964796098625003,lstm
SVC-000054,EVT-0035091,2026-07-12 23:00:27.647050,0.3566648924912672,lstm
DEV-000025,EVT-0035092,2026-07-12 23:02:52.644472,0.6457400116875622,lstm
SVC-000056,EVT-0035093,2026-07-12 23:03:37.417397,0.9620012198525513,lstm
SVC-000032,EVT-0035094,2026-07-12 23:05:45.352422,0.9623088287845292,lstm
SVC-000058,EVT-0035095,2026-07-12 23:06:03.198447,0.4825283382982454,lstm
SVC-000054,EVT-0035096,2026-07-12 23:06:35.813747,0.3461041014436348,lstm
SVC-000059,EVT-0035097,2026-07-12 23:07:38.683067,0.9970135598851964,lstm
DEV-000010,EVT-0035098,2026-07-12 23:09:18.115855,0.6594066547800613,lstm
SVC-000045,EVT-0035099,2026-07-12 23:12:40.065680,0.35238552155595054,lstm
SVC-000032,EVT-0035100,2026-07-12 23:12:57.560848,0.2692013091233268,lstm
SVC-000025,EVT-0035101,2026-07-12 23:13:06.628091,0.3408803807451022,lstm
SVC-000047,EVT-0035102,2026-07-12 23:13:14.494938,0.32987431216973806,lstm
SVC-000047,EVT-0035103,2026-07-12 23:15:43.385355,0.32942727150294504,lstm
SVC-000035,EVT-0035104,2026-07-12 23:18:42.167985,0.36646027766084965,lstm
SVC-000004,EVT-0035105,2026-07-12 23:19:12.670507,0.6505491225791102,lstm
SVC-000059,EVT-0035106,2026-07-12 23:20:35.872106,0.3898864215458359,lstm
SVC-000025,EVT-0035107,2026-07-12 23:21:53.210911,0.34128249583200193,lstm
SVC-000059,EVT-0035108,2026-07-12 23:22:07.500042,0.42872793120872293,lstm
SVC-000041,EVT-0035109,2026-07-12 23:22:52.052919,0.638177635283137,lstm
SVC-000002,EVT-0035110,2026-07-12 23:27:42.912595,0.39899089505692126,lstm
SVC-000059,EVT-0035111,2026-07-12 23:32:43.413266,0.2648745224727593,lstm
SVC-000032,EVT-0035112,2026-07-12 23:33:49.385064,0.2081138616808739,lstm
SVC-000041,EVT-0035113,2026-07-12 23:33:53.088391,0.4236529863918885,lstm
USR-000141,EVT-0035114,2026-07-12 23:34:04.355032,0.33780283088399743,lstm
USR-000150,EVT-0035115,2026-07-12 23:35:57.241873,0.3909945986393106,lstm
SVC-000002,EVT-0035116,2026-07-12 23:38:26.512489,0.3869501022449818,lstm
SVC-000059,EVT-0035117,2026-07-12 23:40:15.448706,0.22683570249013424,lstm
SVC-000059,EVT-0035118,2026-07-12 23:40:27.553615,0.45852811330788634,lstm
SVC-000025,EVT-0035119,2026-07-12 23:40:38.598797,0.24617850806833955,lstm
SVC-000059,EVT-0035120,2026-07-12 23:42:48.363808,0.2506854329780672,lstm
USR-000165,EVT-0035121,2026-07-12 23:45:17.908503,0.5207024765745902,lstm
SVC-000059,EVT-0035122,2026-07-12 23:45:46.499781,0.22913659735452696,lstm
SVC-000032,EVT-0035123,2026-07-12 23:46:15.127197,0.2277376386835488,lstm
SVC-000059,EVT-0035124,2026-07-12 23:46:17.512612,0.36765267593087086,lstm
SVC-000041,EVT-0035125,2026-07-12 23:46:29.892390,0.4673805871608033,lstm
SVC-000059,EVT-0035126,2026-07-12 23:49:21.902994,0.27918446421711046,lstm
SVC-000041,EVT-0035127,2026-07-12 23:50:27.789792,0.8014876740739897,lstm
SVC-000059,EVT-0035128,2026-07-12 23:51:46.418408,0.2797711498760607,lstm
SVC-000059,EVT-0035129,2026-07-12 23:53:03.322826,0.347803972769614,lstm
DEV-000024,EVT-0035130,2026-07-12 23:55:31.846803,0.512520624280137,lstm
SVC-000032,EVT-0035131,2026-07-12 23:55:46.990977,0.2823101109345318,lstm
SVC-000059,EVT-0035132,2026-07-12 23:56:20.573155,0.24698736173480043,lstm
SVC-000047,EVT-0035133,2026-07-12 23:57:28.484914,0.5865073902794211,lstm
DEV-000001,EVT-0035134,2026-07-13 00:00:02.147710,0.3783508490643811,lstm
USR-000150,EVT-0035135,2026-07-13 00:03:13.107030,0.4470869085919818,lstm
SVC-000032,EVT-0035136,2026-07-13 00:06:46.578252,0.45449685925922,lstm
USR-000141,EVT-0035137,2026-07-13 00:14:21.175434,0.4749211746679663,lstm
DEV-000026,EVT-0035138,2026-07-13 00:15:43.317671,0.24354697536668315,lstm
SVC-000059,EVT-0035139,2026-07-13 00:16:36.394445,0.36006399482391754,lstm
SVC-000056,EVT-0035140,2026-07-13 00:22:44.370193,0.6236410664526942,lstm
DEV-000019,EVT-0035141,2026-07-13 00:23:51.145914,0.27750217153551404,lstm
DEV-000007,EVT-0035142,2026-07-13 00:31:40.315137,0.5317998602611386,lstm
SVC-000035,EVT-0035143,2026-07-13 00:32:15.978247,0.6306046510867097,lstm
SVC-000025,EVT-0035144,2026-07-13 00:34:20.784870,0.57652560996243,lstm
USR-000088,EVT-0035145,2026-07-13 00:35:43.279221,0.28470256466302174,lstm
USR-000165,EVT-0035146,2026-07-13 00:46:15.450954,0.35325324811743164,lstm
USR-000150,EVT-0035147,2026-07-13 00:57:05.484236,0.37300629992585704,lstm
USR-000088,EVT-0035148,2026-07-13 01:02:34.624279,0.48548449997942383,lstm
USR-000165,EVT-0035149,2026-07-13 01:11:32.235635,0.29645254043583513,lstm
USR-000106,EVT-0035150,2026-07-13 01:12:32.455051,0.21714669753603572,lstm
USR-000088,EVT-0035151,2026-07-13 01:14:28.654804,0.8598239476842946,lstm
DEV-000023,EVT-0035152,2026-07-13 01:21:37.822562,0.7563706356419972,lstm
SVC-000018,EVT-0035153,2026-07-13 01:21:49.474026,0.9778648300742351,lstm
DEV-000002,EVT-0035154,2026-07-13 01:22:22.371829,0.5505321781223103,lstm
SVC-000041,EVT-0035155,2026-07-13 01:24:36.135735,0.40833389659002156,lstm
DEV-000023,EVT-0035156,2026-07-13 01:24:56.042659,0.9123177507931733,lstm
SVC-000014,EVT-0035157,2026-07-13 01:29:13.801191,0.9953452387289969,lstm
SVC-000056,EVT-0035158,2026-07-13 01:32:14.004957,0.38963607761712715,lstm
SVC-000056,EVT-0035159,2026-07-13 01:34:48.574353,0.852364074497339,lstm
SVC-000041,EVT-0035160,2026-07-13 01:46:55.575298,0.6727729047430546,lstm
USR-000113,EVT-0035161,2026-07-13 01:49:37.838190,0.6105642362936603,lstm
SVC-000041,EVT-0035162,2026-07-13 01:49:55.814883,0.9633678063908812,lstm
SVC-000041,EVT-0035163,2026-07-13 01:55:14.428354,0.49964765291882246,lstm
DEV-000011,EVT-0035164,2026-07-13 01:56:30.976992,0.3957553507704112,lstm
SVC-000056,EVT-0035165,2026-07-13 01:59:00.027059,0.3488483807272847,lstm
USR-000150,EVT-0035166,2026-07-13 02:01:15.066791,0.2516933938665385,lstm
SVC-000018,EVT-0035167,2026-07-13 02:03:57.030016,0.44027664767291624,lstm
DEV-000023,EVT-0035168,2026-07-13 02:05:24.692065,0.5755357333229977,lstm
SVC-000018,EVT-0035169,2026-07-13 02:05:57.235654,0.7411267502642602,lstm
SVC-000018,EVT-0035170,2026-07-13 02:06:00.974241,0.6956747686395836,lstm
DEV-000017,EVT-0035171,2026-07-13 02:07:12.072524,0.5984344183432905,lstm
SVC-000018,EVT-0035172,2026-07-13 02:15:24.964572,0.24433977068676332,lstm
SVC-000018,EVT-0035173,2026-07-13 02:15:44.216785,0.7292206577202327,lstm
USR-000106,EVT-0035174,2026-07-13 02:21:55.119408,0.27206010417435406,lstm
USR-000124,EVT-0035175,2026-07-13 02:23:46.452993,0.9756669964840015,lstm
SVC-000018,EVT-0035176,2026-07-13 02:24:42.142929,0.4475134438213594,lstm
SVC-000018,EVT-0035177,2026-07-13 02:24:43.711214,0.5669036711615004,lstm
DEV-000013,EVT-0035178,2026-07-13 02:29:30.583114,0.5496438794735795,lstm
SVC-000018,EVT-0035179,2026-07-13 02:29:58.698972,0.3496811966024396,lstm
SVC-000041,EVT-0035180,2026-07-13 02:32:23.083898,0.26466002998568566,lstm
USR-000106,EVT-0035181,2026-07-13 02:34:42.012185,0.32327565087709437,lstm
SVC-000018,EVT-0035182,2026-07-13 02:35:52.601027,0.5650019850225602,lstm
SVC-000014,EVT-0035183,2026-07-13 02:36:45.254712,0.5798118728683729,lstm
SVC-000014,EVT-0035184,2026-07-13 02:38:40.743269,0.4863197460877027,lstm
SVC-000018,EVT-0035185,2026-07-13 02:39:02.839247,0.5563278666179102,lstm
DEV-000009,EVT-0035186,2026-07-13 02:39:35.728297,0.47869646151878953,lstm
DEV-000017,EVT-0035187,2026-07-13 02:42:22.014401,0.6855397722287997,lstm
SVC-000014,EVT-0035188,2026-07-13 02:44:52.755889,0.3445469087260003,lstm
DEV-000011,EVT-0035189,2026-07-13 02:46:31.005258,0.29224849729172914,lstm
DEV-000014,EVT-0035190,2026-07-13 02:54:42.071782,0.3718384558915366,lstm
DEV-000007,EVT-0035191,2026-07-13 03:00:39.144859,0.1974423000755381,lstm
DEV-000007,EVT-0035192,2026-07-13 03:04:20.333517,0.8020977422256831,lstm
DEV-000017,EVT-0035193,2026-07-13 03:04:47.829525,0.5638364251822434,lstm
SVC-000018,EVT-0035194,2026-07-13 03:05:47.977181,0.5307207099599729,lstm
DEV-000010,EVT-0035195,2026-07-13 03:07:49.989289,0.6322925880537049,lstm
DEV-000016,EVT-0035196,2026-07-13 03:08:04.596380,0.30721554304738147,lstm
DEV-000012,EVT-0035197,2026-07-13 03:08:58.496835,0.5441070421841206,lstm
SVC-000041,EVT-0035198,2026-07-13 03:12:58.674543,0.6163723134391046,lstm
SVC-000019,EVT-0035199,2026-07-13 03:16:38.203481,0.9944924374444395,lstm
SVC-000041,EVT-0035200,2026-07-13 03:20:33.366803,0.692676232055989,lstm
USR-000106,EVT-0035201,2026-07-13 03:20:38.788060,0.2449310152872521,lstm
SVC-000014,EVT-0035202,2026-07-13 03:29:47.368257,0.4138182927641253,lstm
SVC-000019,EVT-0035203,2026-07-13 03:35:27.123516,0.30917607636344924,lstm
SVC-000014,EVT-0035204,2026-07-13 03:39:35.440622,0.3083649826035457,lstm
DEV-000012,EVT-0035205,2026-07-13 03:41:35.366047,0.47986227693226235,lstm
SVC-000014,EVT-0035206,2026-07-13 03:43:33.186349,0.2766486166354243,lstm
SVC-000014,EVT-0035207,2026-07-13 03:51:19.198447,0.2639339512889991,lstm
SVC-000014,EVT-0035208,2026-07-13 03:52:50.910806,0.37117360098627294,lstm
SVC-000014,EVT-0035209,2026-07-13 03:56:20.904462,0.24701868682525813,lstm
SVC-000015,EVT-0035210,2026-07-13 04:07:23.856335,0.9653736198935771,lstm
SVC-000014,EVT-0035211,2026-07-13 04:11:11.674911,0.20752976062852022,lstm
SVC-000007,EVT-0035212,2026-07-13 04:18:52.056779,0.9842740411239719,lstm
SVC-000014,EVT-0035213,2026-07-13 04:20:40.274412,0.2672364498901734,lstm
SVC-000019,EVT-0035214,2026-07-13 04:21:33.093058,0.29261186086901597,lstm
SVC-000007,EVT-0035215,2026-07-13 04:21:45.706187,0.6713689961277204,lstm
SVC-000020,EVT-0035216,2026-07-13 04:22:18.279391,0.9719602553028859,lstm
SVC-000007,EVT-0035217,2026-07-13 04:25:38.815337,0.3805970636850289,lstm
DEV-000006,EVT-0035218,2026-07-13 04:29:27.584022,0.5309592908942794,lstm
SVC-000014,EVT-0035219,2026-07-13 04:29:28.433909,0.28770882796924835,lstm
SVC-000007,EVT-0035220,2026-07-13 04:31:45.613148,0.4534527972356439,lstm
SVC-000014,EVT-0035221,2026-07-13 04:33:26.615142,0.36730906225470444,lstm
SVC-000019,EVT-0035222,2026-07-13 04:34:16.744046,0.27909051093855,lstm
USR-000182,EVT-0035223,2026-07-13 04:34:45.701378,0.49172838476514474,lstm
SVC-000007,EVT-0035224,2026-07-13 04:35:29.587870,0.4285576777048257,lstm
SVC-000015,EVT-0035225,2026-07-13 04:37:15.977805,0.45164809439321457,lstm
SVC-000007,EVT-0035226,2026-07-13 04:39:11.431564,0.4233985215815992,lstm
SVC-000014,EVT-0035227,2026-07-13 04:39:55.454740,0.32612017767793444,lstm
SVC-000015,EVT-0035228,2026-07-13 04:42:48.617075,0.3630686140761451,lstm
SVC-000007,EVT-0035229,2026-07-13 04:43:17.529436,0.8000557207754164,lstm
DEV-000013,EVT-0035230,2026-07-13 04:43:59.422849,0.37362460861360297,lstm
SVC-000007,EVT-0035231,2026-07-13 04:46:16.968534,0.40328197244603875,lstm
SVC-000007,EVT-0035232,2026-07-13 04:46:33.929769,0.5819110685857746,lstm
SVC-000019,EVT-0035233,2026-07-13 04:49:01.782901,0.6483503352919646,lstm
SVC-000020,EVT-0035234,2026-07-13 04:52:54.086718,0.6031577970266868,lstm
SVC-000019,EVT-0035235,2026-07-13 04:53:24.666785,0.3803998205020122,lstm
SVC-000019,EVT-0035236,2026-07-13 04:55:20.090974,0.451509842585931,lstm
SVC-000014,EVT-0035237,2026-07-13 04:58:14.765789,0.37093666426821714,lstm
SVC-000019,EVT-0035238,2026-07-13 05:01:45.691509,0.30757612021007175,lstm
SVC-000007,EVT-0035239,2026-07-13 05:01:45.905166,0.28261290420659085,lstm
SVC-000007,EVT-0035240,2026-07-13 05:05:13.625333,0.5187082660062778,lstm
DEV-000002,EVT-0035241,2026-07-13 05:05:33.479407,0.33137915183997513,lstm
USR-000207,EVT-0035242,2026-07-13 05:11:16.746349,0.40879643512318736,lstm
DEV-000026,EVT-0035243,2026-07-13 05:11:51.434684,0.4397765773120037,lstm
DEV-000010,EVT-0035244,2026-07-13 05:11:52.196338,0.606183405374845,lstm
SVC-000007,EVT-0035245,2026-07-13 05:12:36.635057,0.4207366128182488,lstm
DEV-000008,EVT-0035246,2026-07-13 05:12:57.725079,0.7649454744485014,lstm
SVC-000019,EVT-0035247,2026-07-13 05:13:13.597854,0.25157671501908774,lstm
SVC-000014,EVT-0035248,2026-07-13 05:13:51.650359,0.2993505286116377,lstm
SVC-000007,EVT-0035249,2026-07-13 05:16:43.955634,0.3702467168674982,lstm
SVC-000007,EVT-0035250,2026-07-13 05:16:45.418294,0.6629387554422834,lstm
SVC-000020,EVT-0035251,2026-07-13 05:18:06.636525,0.26052975880699547,lstm
SVC-000014,EVT-0035252,2026-07-13 05:20:52.337324,0.3042099437444129,lstm
SVC-000015,EVT-0035253,2026-07-13 05:26:56.087913,0.4548893956797025,lstm
SVC-000014,EVT-0035254,2026-07-13 05:31:45.942784,0.23942725339582452,lstm
DEV-000019,EVT-0035255,2026-07-13 05:39:25.515888,0.48731558208631803,lstm
SVC-000014,EVT-0035256,2026-07-13 05:39:28.711857,0.34122691183475606,lstm
DEV-000024,EVT-0035257,2026-07-13 05:40:43.902223,0.7629173059733226,lstm
SVC-000019,EVT-0035258,2026-07-13 05:41:18.799024,0.6569797520227921,lstm
USR-000124,EVT-0035259,2026-07-13 05:41:55.667738,0.9353283365434519,lstm
SVC-000041,EVT-0035260,2026-07-13 05:45:47.755243,0.8178242105345569,lstm
SVC-000031,EVT-0035261,2026-07-13 05:47:07.526556,0.9725707818023585,lstm
SVC-000019,EVT-0035262,2026-07-13 05:56:01.316539,0.2761247698944198,lstm
USR-000162,EVT-0035263,2026-07-13 05:56:51.105242,0.4686645274543975,lstm
SVC-000019,EVT-0035264,2026-07-13 05:57:04.511039,0.5290770377609346,lstm
SVC-000019,EVT-0035265,2026-07-13 06:00:50.276494,0.4104304016945349,lstm
SVC-000031,EVT-0035266,2026-07-13 06:01:29.434145,0.4165568040107331,lstm
SVC-000009,EVT-0035267,2026-07-13 06:03:26.350494,0.9952330348878429,lstm
SVC-000031,EVT-0035268,2026-07-13 06:09:33.154498,0.693771201637073,lstm
SVC-000009,EVT-0035269,2026-07-13 06:13:19.338377,0.3635040183461932,lstm
SVC-000009,EVT-0035270,2026-07-13 06:15:10.000971,0.3737644803483281,lstm
SVC-000009,EVT-0035271,2026-07-13 06:17:18.814685,0.5497103878908753,lstm
SVC-000009,EVT-0035272,2026-07-13 06:18:35.797843,0.3564651802264081,lstm
SVC-000009,EVT-0035273,2026-07-13 06:18:53.968007,0.5766986875121228,lstm
SVC-000019,EVT-0035274,2026-07-13 06:23:42.837059,0.39080842596306214,lstm
SVC-000009,EVT-0035275,2026-07-13 06:24:17.241710,0.33770590933841094,lstm
USR-000162,EVT-0035276,2026-07-13 06:24:24.488526,0.4913390870672909,lstm
SVC-000031,EVT-0035277,2026-07-13 06:24:38.320033,0.3508080915915006,lstm
DEV-000024,EVT-0035278,2026-07-13 06:25:09.918590,0.8229808446104853,lstm
SVC-000009,EVT-0035279,2026-07-13 06:29:14.471835,0.7293920395645362,lstm
SVC-000009,EVT-0035280,2026-07-13 06:29:45.462481,0.7129524702925883,lstm
SVC-000031,EVT-0035281,2026-07-13 06:31:32.212108,0.3043379380297409,lstm
USR-000026,EVT-0035282,2026-07-13 06:34:48.211428,0.6067175326994209,lstm
DEV-000012,EVT-0035283,2026-07-13 06:38:48.907915,0.30266467863804764,lstm
SVC-000009,EVT-0035284,2026-07-13 06:40:26.169281,0.46087448047877727,lstm
SVC-000031,EVT-0035285,2026-07-13 06:40:35.497983,0.34510945620674804,lstm
SVC-000009,EVT-0035286,2026-07-13 06:42:31.743540,0.5252890271201145,lstm
DEV-000002,EVT-0035287,2026-07-13 06:45:09.830616,0.24193156012626543,lstm
USR-000007,EVT-0035288,2026-07-13 06:49:18.286132,0.3888196284764008,lstm
SVC-000009,EVT-0035289,2026-07-13 06:49:21.345198,0.3444534245537137,lstm
USR-000153,EVT-0035290,2026-07-13 06:50:31.149924,0.5578064963110553,lstm
SVC-000031,EVT-0035291,2026-07-13 06:52:52.273516,0.3241666106528003,lstm
SVC-000055,EVT-0035292,2026-07-13 06:59:38.813594,0.9927356084253933,lstm
USR-000036,EVT-0035293,2026-07-13 07:00:35.095903,0.6096002734769935,lstm
SVC-000009,EVT-0035294,2026-07-13 07:00:48.062326,0.6999036419263286,lstm
DEV-000011,EVT-0035295,2026-07-13 07:01:21.483403,0.4053851850527584,lstm
DEV-000019,EVT-0035296,2026-07-13 07:06:09.556995,0.4255540005270459,lstm
USR-000036,EVT-0035297,2026-07-13 07:08:18.051388,0.5305241675022102,lstm
USR-000164,EVT-0035298,2026-07-13 07:11:58.585459,0.9314218146671989,lstm
USR-000013,EVT-0035299,2026-07-13 07:17:34.589759,0.7864436632388287,lstm
SVC-000055,EVT-0035300,2026-07-13 07:19:01.975972,0.38806636743242473,lstm
USR-000114,EVT-0035301,2026-07-13 07:19:37.840022,0.3134721036483423,lstm
SVC-000031,EVT-0035302,2026-07-13 07:23:11.953938,0.3456299372826368,lstm
SVC-000055,EVT-0035303,2026-07-13 07:23:49.649976,0.5979466682290456,lstm
SVC-000031,EVT-0035304,2026-07-13 07:25:32.679128,0.4516749235227338,lstm
USR-000093,EVT-0035305,2026-07-13 07:28:27.321010,0.39236959577995395,lstm
SVC-000009,EVT-0035306,2026-07-13 07:28:31.766447,0.5137145348219405,lstm
USR-000153,EVT-0035307,2026-07-13 07:29:37.024805,0.38296887218597175,lstm
SVC-000011,EVT-0035308,2026-07-13 07:31:44.206977,0.9900209180412796,lstm
USR-000015,EVT-0035309,2026-07-13 07:34:53.208119,0.8063023468182539,lstm
USR-000155,EVT-0035310,2026-07-13 07:35:25.420586,0.5328972805826526,lstm
USR-000060,EVT-0035311,2026-07-13 07:40:48.412373,0.5717072464985032,lstm
USR-000162,EVT-0035312,2026-07-13 07:42:37.205142,0.23737067408227291,lstm
SVC-000055,EVT-0035313,2026-07-13 07:44:09.850643,0.7117506869815446,lstm
USR-000153,EVT-0035314,2026-07-13 07:44:24.201116,0.33896363252144485,lstm
USR-000060,EVT-0035315,2026-07-13 07:44:34.510186,0.5747474531015132,lstm
USR-000162,EVT-0035316,2026-07-13 07:46:46.457901,0.5855471017511059,lstm
USR-000104,EVT-0035317,2026-07-13 07:48:29.831281,0.7661694872261094,lstm
USR-000096,EVT-0035318,2026-07-13 07:53:03.707923,0.316667839677878,lstm
USR-000155,EVT-0035319,2026-07-13 07:55:00.026692,0.28454139211886104,lstm
USR-000060,EVT-0035320,2026-07-13 07:55:15.430056,0.40257787023405267,lstm
USR-000171,EVT-0035321,2026-07-13 07:57:36.556001,0.7888561709532382,lstm
SVC-000055,EVT-0035322,2026-07-13 07:57:42.688112,0.28336440934098245,lstm
SVC-000011,EVT-0035323,2026-07-13 07:58:11.677096,0.488034097076496,lstm
USR-000171,EVT-0035324,2026-07-13 07:58:25.268901,0.8417993772947907,lstm
SVC-000011,EVT-0035325,2026-07-13 07:59:11.139582,0.5400065317405149,lstm
USR-000036,EVT-0035326,2026-07-13 07:59:42.164561,0.30995538090225494,lstm
DEV-000023,EVT-0035327,2026-07-13 08:05:07.784591,0.5336993688561931,lstm
SVC-000030,EVT-0035328,2026-07-13 08:11:03.860493,0.9929480604861908,lstm
SVC-000011,EVT-0035329,2026-07-13 08:12:15.129897,0.34747199249746996,lstm
DEV-000005,EVT-0035330,2026-07-13 08:14:11.738703,0.856546726648067,lstm
SVC-000011,EVT-0035331,2026-07-13 08:14:47.774084,0.35855538314621027,lstm
SVC-000011,EVT-0035332,2026-07-13 08:19:50.487224,0.35646975258289004,lstm
SVC-000011,EVT-0035333,2026-07-13 08:21:35.068258,0.6940759762634878,lstm
USR-000142,EVT-0035334,2026-07-13 08:22:00.527602,0.3850596593432023,lstm
SVC-000011,EVT-0035335,2026-07-13 08:22:04.755211,0.4108024215227717,lstm
SVC-000030,EVT-0035336,2026-07-13 08:24:09.025094,0.43829266089923885,lstm
SVC-000011,EVT-0035337,2026-07-13 08:26:38.573621,0.3462797631820919,lstm
SVC-000011,EVT-0035338,2026-07-13 08:26:59.087588,0.4780111220606557,lstm
SVC-000055,EVT-0035339,2026-07-13 08:29:04.587999,0.4716302419651159,lstm
SVC-000011,EVT-0035340,2026-07-13 08:31:01.052101,0.3136526062336781,lstm
SVC-000011,EVT-0035341,2026-07-13 08:31:31.850964,0.5046135400370637,lstm
SVC-000031,EVT-0035342,2026-07-13 08:32:50.257275,0.4903207491175919,lstm
USR-000177,EVT-0035343,2026-07-13 08:33:05.867445,0.3127289526385903,lstm
SVC-000055,EVT-0035344,2026-07-13 08:33:11.756962,0.3344673980196835,lstm
USR-000116,EVT-0035345,2026-07-13 08:33:19.436503,0.3180979996372978,lstm
SVC-000011,EVT-0035346,2026-07-13 08:35:33.866423,0.31364242952978766,lstm
SVC-000030,EVT-0035347,2026-07-13 08:35:40.058467,0.4507289546463499,lstm
USR-000155,EVT-0035348,2026-07-13 08:36:15.603604,0.38243178085644225,lstm
DEV-000012,EVT-0035349,2026-07-13 08:38:46.460825,0.3480394384253135,lstm
SVC-000011,EVT-0035350,2026-07-13 08:38:59.971340,0.3352852936169909,lstm
SVC-000046,EVT-0035351,2026-07-13 08:39:30.293162,0.9994777588730049,lstm
SVC-000011,EVT-0035352,2026-07-13 08:41:16.730633,0.354813645205094,lstm
USR-000162,EVT-0035353,2026-07-13 08:42:33.495831,0.4539939350810875,lstm
SVC-000046,EVT-0035354,2026-07-13 08:46:33.449309,0.2859145018580043,lstm
SVC-000046,EVT-0035355,2026-07-13 08:46:55.677305,0.48776654338602354,lstm
USR-000079,EVT-0035356,2026-07-13 08:47:03.138879,0.9511940280844273,lstm
SVC-000016,EVT-0035357,2026-07-13 08:48:49.576785,0.9981237973297148,lstm
SVC-000030,EVT-0035358,2026-07-13 08:49:01.536097,0.653625646557639,lstm
DEV-000011,EVT-0035359,2026-07-13 08:49:44.741768,0.3447737165401503,lstm
SVC-000046,EVT-0035360,2026-07-13 08:50:00.722951,0.5619029198845903,lstm
USR-000162,EVT-0035361,2026-07-13 08:51:07.992217,0.6490146186899847,lstm
USR-000019,EVT-0035362,2026-07-13 08:52:07.527693,0.7043344802227892,lstm
DEV-000011,EVT-0035363,2026-07-13 08:52:16.227191,0.7532402979801572,lstm
USR-000158,EVT-0035364,2026-07-13 08:52:32.951722,0.9384183382247537,lstm
SVC-000030,EVT-0035365,2026-07-13 08:52:47.558585,0.7271187737058217,lstm
SVC-000016,EVT-0035366,2026-07-13 08:53:11.895303,0.9555819927420082,lstm
SVC-000024,EVT-0035367,2026-07-13 08:54:44.043196,0.9812058070387538,lstm
USR-000051,EVT-0035368,2026-07-13 08:54:51.831997,0.7952991155476701,lstm
USR-000060,EVT-0035369,2026-07-13 08:59:10.658970,0.41703392468489825,lstm
SVC-000030,EVT-0035370,2026-07-13 09:02:16.241303,0.5562310790037315,lstm
USR-000111,EVT-0035371,2026-07-13 09:04:12.139339,0.4199042438383108,lstm
USR-000138,EVT-0035372,2026-07-13 09:06:48.152810,0.5198693890112336,lstm
SVC-000013,EVT-0035373,2026-07-13 09:10:32.972339,0.9914108919223468,lstm
USR-000114,EVT-0035374,2026-07-13 09:13:30.080917,0.378282929212997,lstm
USR-000060,EVT-0035375,2026-07-13 09:14:24.291544,0.2938567248720203,lstm
SVC-000024,EVT-0035376,2026-07-13 09:17:57.601645,0.3362822874693687,lstm
USR-000072,EVT-0035377,2026-07-13 09:18:10.036468,0.9815179177254848,lstm
USR-000087,EVT-0035378,2026-07-13 09:18:11.229837,0.37062400294669573,lstm
USR-000171,EVT-0035379,2026-07-13 09:20:08.201385,0.471399823193301,lstm
SVC-000024,EVT-0035380,2026-07-13 09:23:15.441973,0.3160671084560721,lstm
USR-000112,EVT-0035381,2026-07-13 09:25:09.015112,0.9712596817375375,lstm
USR-000182,EVT-0035382,2026-07-13 09:25:18.431823,0.8036899752377346,lstm
USR-000133,EVT-0035383,2026-07-13 09:25:24.602862,0.9390289296442543,lstm
USR-000054,EVT-0035384,2026-07-13 09:25:44.738046,0.572392618238797,lstm
DEV-000016,EVT-0035385,2026-07-13 09:29:07.547910,0.36111980871691646,lstm
SVC-000016,EVT-0035386,2026-07-13 09:32:22.958813,0.42461422382481795,lstm
USR-000118,EVT-0035387,2026-07-13 09:32:27.232033,0.28028616451064176,lstm
USR-000164,EVT-0035388,2026-07-13 09:32:59.352485,0.5050912862596924,lstm
USR-000102,EVT-0035389,2026-07-13 09:33:58.265204,0.7541622430790961,lstm
USR-000039,EVT-0035390,2026-07-13 09:34:11.129735,0.37425464288871,lstm
USR-000064,EVT-0035391,2026-07-13 09:34:52.702833,0.3912865359856019,lstm
SVC-000024,EVT-0035392,2026-07-13 09:37:11.402916,0.24172814865291362,lstm
SVC-000008,EVT-0035393,2026-07-13 09:37:24.917207,0.9847680753586124,lstm
USR-000137,EVT-0035394,2026-07-13 09:37:49.668367,0.8761299535695274,lstm
USR-000171,EVT-0035395,2026-07-13 09:38:41.843820,0.3949077739049552,lstm
USR-000129,EVT-0035396,2026-07-13 09:39:01.544826,0.4176938067883112,lstm
USR-000179,EVT-0035397,2026-07-13 09:39:21.904409,0.5664627884287161,lstm
USR-000133,EVT-0035398,2026-07-13 09:42:21.620652,0.726914183829152,lstm
USR-000129,EVT-0035399,2026-07-13 09:45:02.021847,0.4758727044057393,lstm
SVC-000024,EVT-0035400,2026-07-13 09:47:05.532480,0.37909314455180276,lstm
SVC-000016,EVT-0035401,2026-07-13 09:48:08.989816,0.3611997471273703,lstm
SVC-000053,EVT-0035402,2026-07-13 09:48:26.773508,0.9574984341958611,lstm
SVC-000046,EVT-0035403,2026-07-13 09:48:38.650759,0.6816695250718193,lstm
SVC-000024,EVT-0035404,2026-07-13 09:51:30.027637,0.2986506907676374,lstm
SVC-000024,EVT-0035405,2026-07-13 09:52:07.470125,0.5397104832891085,lstm
SVC-000013,EVT-0035406,2026-07-13 09:53:13.773640,0.6755927824722221,lstm
USR-000138,EVT-0035407,2026-07-13 09:53:47.995234,0.4315258486723653,lstm
SVC-000016,EVT-0035408,2026-07-13 09:55:26.786392,0.3099349232400449,lstm
SVC-000024,EVT-0035409,2026-07-13 09:57:30.177669,0.3679484142985603,lstm
USR-000132,EVT-0035410,2026-07-13 09:57:54.376684,0.9611352827287832,lstm
SVC-000013,EVT-0035411,2026-07-13 09:58:06.205576,0.5840976284314482,lstm
USR-000162,EVT-0035412,2026-07-13 09:59:14.644077,0.40338410844035855,lstm
USR-000132,EVT-0035413,2026-07-13 09:59:33.166034,0.7868351322853161,lstm
SVC-000013,EVT-0035414,2026-07-13 10:01:24.058280,0.4879898128715192,lstm
DEV-000002,EVT-0035415,2026-07-13 10:07:24.676817,0.2557534954447437,lstm
USR-000118,EVT-0035416,2026-07-13 10:08:32.403182,0.4761457518018997,lstm
USR-000139,EVT-0035417,2026-07-13 10:08:47.126880,0.5581665989622624,lstm
USR-000116,EVT-0035418,2026-07-13 10:09:41.054451,0.40637093540962876,lstm
SVC-000024,EVT-0035419,2026-07-13 10:09:46.850249,0.3497417405287753,lstm
DEV-000025,EVT-0035420,2026-07-13 10:09:58.650829,0.9214591163152636,lstm
USR-000026,EVT-0035421,2026-07-13 10:11:46.364272,0.3836385283054123,lstm
SVC-000013,EVT-0035422,2026-07-13 10:12:39.590480,0.5293630701298441,lstm
DEV-000007,EVT-0035423,2026-07-13 10:12:41.743254,0.29643303893592604,lstm
USR-000050,EVT-0035424,2026-07-13 10:16:55.937639,0.2953862139832498,lstm
SVC-000053,EVT-0035425,2026-07-13 10:17:18.343511,0.4441946029544348,lstm
SVC-000008,EVT-0035426,2026-07-13 10:19:22.464776,0.6069330467800903,lstm
USR-000036,EVT-0035427,2026-07-13 10:19:24.096572,0.25558703619506556,lstm
USR-000207,EVT-0035428,2026-07-13 10:19:59.853912,0.3860716320682617,lstm
USR-000170,EVT-0035429,2026-07-13 10:20:12.469850,0.7966128691313458,lstm
SVC-000013,EVT-0035430,2026-07-13 10:20:47.361453,0.3247377302599122,lstm
USR-000112,EVT-0035431,2026-07-13 10:21:05.561220,0.4646923942044352,lstm
USR-000076,EVT-0035432,2026-07-13 10:21:12.458294,0.41275075226523067,lstm
SVC-000008,EVT-0035433,2026-07-13 10:21:52.870324,0.7456759885605929,lstm
USR-000015,EVT-0035434,2026-07-13 10:22:39.238119,0.3846486532807929,lstm
USR-000051,EVT-0035435,2026-07-13 10:23:52.339015,0.5112181819051159,lstm
SVC-000013,EVT-0035436,2026-07-13 10:25:27.660663,0.5029997031786966,lstm
SVC-000013,EVT-0035437,2026-07-13 10:27:02.407767,0.5572999669578433,lstm
USR-000086,EVT-0035438,2026-07-13 10:27:16.049223,0.6933653088500639,lstm
USR-000038,EVT-0035439,2026-07-13 10:28:06.017608,0.5525661822130484,lstm
USR-000118,EVT-0035440,2026-07-13 10:29:11.282519,0.3279268469205492,lstm
SVC-000024,EVT-0035441,2026-07-13 10:29:52.512872,0.30224193125490423,lstm
USR-000057,EVT-0035442,2026-07-13 10:29:59.884511,0.6220889095756248,lstm
USR-000164,EVT-0035443,2026-07-13 10:30:46.471235,0.40429721581485545,lstm
USR-000171,EVT-0035444,2026-07-13 10:30:48.738301,0.4464130251413563,lstm
USR-000051,EVT-0035445,2026-07-13 10:33:40.047395,0.6037971573460263,lstm
USR-000011,EVT-0035446,2026-07-13 10:35:35.069100,0.6662418271190478,lstm
USR-000166,EVT-0035447,2026-07-13 10:36:25.129923,0.4102118077714467,lstm
SVC-000021,EVT-0035448,2026-07-13 10:36:51.838120,0.9997409214148096,lstm
SVC-000013,EVT-0035449,2026-07-13 10:37:29.844429,0.39465064325364996,lstm
USR-000056,EVT-0035450,2026-07-13 10:38:29.682557,0.8666175710691248,lstm
DEV-000025,EVT-0035451,2026-07-13 10:38:56.219939,0.7958718815201037,lstm
USR-000129,EVT-0035452,2026-07-13 10:39:15.850605,0.23096731261449893,lstm
SVC-000053,EVT-0035453,2026-07-13 10:39:28.160697,0.30955824589224107,lstm
USR-000132,EVT-0035454,2026-07-13 10:40:01.738906,0.39017277633660297,lstm
SVC-000008,EVT-0035455,2026-07-13 10:41:25.866500,0.4138551754371432,lstm
SVC-000024,EVT-0035456,2026-07-13 10:41:29.918021,0.7020852020763446,lstm
DEV-000015,EVT-0035457,2026-07-13 10:41:49.204295,0.2876912522172699,lstm
USR-000111,EVT-0035458,2026-07-13 10:41:51.682340,0.3526887971952938,lstm
USR-000162,EVT-0035459,2026-07-13 10:44:35.053850,0.4907981005390446,lstm
SVC-000053,EVT-0035460,2026-07-13 10:46:23.820651,0.821643280580069,lstm
DEV-000016,EVT-0035461,2026-07-13 10:46:33.044074,0.4274329230662475,lstm
USR-000205,EVT-0035462,2026-07-13 10:47:10.490450,0.5990691373807311,lstm
SVC-000024,EVT-0035463,2026-07-13 10:47:15.653549,0.40647433948726475,lstm
USR-000137,EVT-0035464,2026-07-13 10:47:29.998622,0.4642683469563217,lstm
USR-000024,EVT-0035465,2026-07-13 10:48:25.761228,0.5640067146104636,lstm
USR-000069,EVT-0035466,2026-07-13 10:48:47.620308,0.37703799096746865,lstm
USR-000087,EVT-0035467,2026-07-13 10:49:50.130835,0.22822052847233143,lstm
USR-000054,EVT-0035468,2026-07-13 10:50:52.758526,0.35115270809529325,lstm
USR-000104,EVT-0035469,2026-07-13 10:51:02.173127,0.3875404650334769,lstm
SVC-000042,EVT-0035470,2026-07-13 10:51:38.733450,0.9844476422489714,lstm
USR-000011,EVT-0035471,2026-07-13 10:51:49.711673,0.6439833295986859,lstm
DEV-000001,EVT-0035472,2026-07-13 10:52:05.478243,0.6525608322706831,lstm
SVC-000024,EVT-0035473,2026-07-13 10:52:35.556307,0.37065220438424473,lstm
USR-000028,EVT-0035474,2026-07-13 10:52:47.230840,0.49479764779334934,lstm
USR-000179,EVT-0035475,2026-07-13 10:54:05.602147,0.4352345530046545,lstm
DEV-000025,EVT-0035476,2026-07-13 10:54:13.758690,0.6726726885178232,lstm
USR-000039,EVT-0035477,2026-07-13 10:55:24.193304,0.23503103230850067,lstm
USR-000133,EVT-0035478,2026-07-13 10:56:49.166171,0.4631263001943703,lstm
SVC-000008,EVT-0035479,2026-07-13 10:58:07.548439,0.5109673492349731,lstm
USR-000057,EVT-0035480,2026-07-13 10:58:09.693016,0.5647342885343607,lstm
SVC-000053,EVT-0035481,2026-07-13 10:58:20.117900,0.24876336422207143,lstm
DEV-000018,EVT-0035482,2026-07-13 10:59:20.163082,0.7045911061835931,lstm
USR-000072,EVT-0035483,2026-07-13 11:01:09.973409,0.9922181322781142,lstm
DEV-000025,EVT-0035484,2026-07-13 11:03:01.722364,0.7054165563916863,lstm
USR-000015,EVT-0035485,2026-07-13 11:04:10.970879,0.42807701013051175,lstm
SVC-000042,EVT-0035486,2026-07-13 11:04:36.361151,0.27938191643328497,lstm
USR-000048,EVT-0035487,2026-07-13 11:05:26.444969,0.37656349016340246,lstm
SVC-000042,EVT-0035488,2026-07-13 11:05:52.534311,0.3979366673925978,lstm
SVC-000024,EVT-0035489,2026-07-13 11:05:59.415671,0.5242262438290239,lstm
USR-000093,EVT-0035490,2026-07-13 11:07:58.397800,0.2936925347445453,lstm
USR-000138,EVT-0035491,2026-07-13 11:08:36.854902,0.2334254279153697,lstm
USR-000035,EVT-0035492,2026-07-13 11:10:01.667699,0.9305837986356614,lstm
USR-000205,EVT-0035493,2026-07-13 11:10:09.627610,0.7296986510536975,lstm
USR-000205,EVT-0035494,2026-07-13 11:10:15.737273,0.8076787476368058,lstm
SVC-000053,EVT-0035495,2026-07-13 11:11:12.902283,0.27325397793973155,lstm
USR-000162,EVT-0035496,2026-07-13 11:11:20.699194,0.4835107776411126,lstm
USR-000133,EVT-0035497,2026-07-13 11:12:33.590141,0.43357873807950265,lstm
DEV-000002,EVT-0035498,2026-07-13 11:13:41.247042,0.1567778047099106,lstm
USR-000010,EVT-0035499,2026-07-13 11:14:47.000184,0.536863734464734,lstm
USR-000154,EVT-0035500,2026-07-13 11:15:09.870674,0.6706041869070366,lstm
USR-000084,EVT-0035501,2026-07-13 11:15:52.290328,0.4877806830411999,lstm
USR-000002,EVT-0035502,2026-07-13 11:16:47.554320,0.8990086704156091,lstm
SVC-000008,EVT-0035503,2026-07-13 11:17:51.378089,0.3751905713765336,lstm
SVC-000021,EVT-0035504,2026-07-13 11:18:38.115076,0.8236057543755444,lstm
USR-000035,EVT-0035505,2026-07-13 11:18:52.381039,0.8308966520929114,lstm
USR-000162,EVT-0035506,2026-07-13 11:19:37.194768,0.41254865481763964,lstm
SVC-000021,EVT-0035507,2026-07-13 11:19:44.780435,0.8673410905861497,lstm
SVC-000042,EVT-0035508,2026-07-13 11:19:51.068207,0.231609246005369,lstm
USR-000060,EVT-0035509,2026-07-13 11:20:28.773581,0.41074101303389843,lstm
USR-000182,EVT-0035510,2026-07-13 11:20:38.172227,0.7747795644038616,lstm
USR-000063,EVT-0035511,2026-07-13 11:23:55.525308,0.7473937164236181,lstm
USR-000115,EVT-0035512,2026-07-13 11:25:11.203249,0.8072772601196775,lstm
USR-000080,EVT-0035513,2026-07-13 11:25:35.399939,0.9793278238333418,lstm
USR-000175,EVT-0035514,2026-07-13 11:26:13.075386,0.5698938287801033,lstm
SVC-000053,EVT-0035515,2026-07-13 11:29:55.366254,0.7293664156181293,lstm
SVC-000042,EVT-0035516,2026-07-13 11:30:09.014455,0.28386115288772745,lstm
USR-000155,EVT-0035517,2026-07-13 11:30:25.623162,0.23934376262305113,lstm
USR-000142,EVT-0035518,2026-07-13 11:30:29.574797,0.6942835744202134,lstm
USR-000060,EVT-0035519,2026-07-13 11:30:42.340033,0.34085657912114664,lstm
USR-000038,EVT-0035520,2026-07-13 11:31:45.174458,0.34901456747609877,lstm
USR-000028,EVT-0035521,2026-07-13 11:31:52.401580,0.2870040102503472,lstm
DEV-000009,EVT-0035522,2026-07-13 11:33:13.181081,0.4948757406353684,lstm
SVC-000021,EVT-0035523,2026-07-13 11:33:39.969408,0.6660765942358415,lstm
SVC-000053,EVT-0035524,2026-07-13 11:35:14.873177,0.4902544578184058,lstm
USR-000076,EVT-0035525,2026-07-13 11:35:19.121140,0.26297202922588836,lstm
USR-000179,EVT-0035526,2026-07-13 11:36:37.147450,0.40165693693000487,lstm
USR-000029,EVT-0035527,2026-07-13 11:36:39.371654,0.7739754756145066,lstm
USR-000153,EVT-0035528,2026-07-13 11:37:16.986700,0.3930002985746269,lstm
USR-000084,EVT-0035529,2026-07-13 11:37:57.934174,0.46135415431888976,lstm
SVC-000021,EVT-0035530,2026-07-13 11:39:21.520148,0.6891721298380167,lstm
USR-000205,EVT-0035531,2026-07-13 11:42:59.935794,0.4144640060799429,lstm
USR-000164,EVT-0035532,2026-07-13 11:44:39.976461,0.3511656494859431,lstm
USR-000137,EVT-0035533,2026-07-13 11:44:50.481153,0.3921357644329566,lstm
USR-000022,EVT-0035534,2026-07-13 11:45:31.381589,0.5393964086156502,lstm
USR-000054,EVT-0035535,2026-07-13 11:47:31.116935,0.39729704586001807,lstm
USR-000094,EVT-0035536,2026-07-13 11:47:45.979227,0.23013044768896695,lstm
USR-000138,EVT-0035537,2026-07-13 11:47:49.515964,0.2166827129731481,lstm
USR-000115,EVT-0035538,2026-07-13 11:48:02.661003,0.622945353639365,lstm
USR-000130,EVT-0035539,2026-07-13 11:49:24.419622,0.9255375698175812,lstm
USR-000029,EVT-0035540,2026-07-13 11:49:26.626953,0.5775203788659404,lstm
DEV-000007,EVT-0035541,2026-07-13 11:49:44.238369,0.3172388919095943,lstm
USR-000115,EVT-0035542,2026-07-13 11:50:00.804894,0.8087764155559096,lstm
USR-000069,EVT-0035543,2026-07-13 11:51:24.742863,0.2897979448522637,lstm
USR-000063,EVT-0035544,2026-07-13 11:51:31.918126,0.7998623977292995,lstm
USR-000177,EVT-0035545,2026-07-13 11:52:03.386942,0.20607033184877108,lstm
USR-000028,EVT-0035546,2026-07-13 11:53:31.898780,0.35077291234450647,lstm
DEV-000010,EVT-0035547,2026-07-13 11:53:55.445367,0.37328860228569904,lstm
USR-000205,EVT-0035548,2026-07-13 11:53:57.163949,0.4714763517527475,lstm
USR-000127,EVT-0035549,2026-07-13 11:55:31.337944,0.8843747824847281,lstm
SVC-000008,EVT-0035550,2026-07-13 11:56:44.727441,0.4400579431653724,lstm
USR-000133,EVT-0035551,2026-07-13 11:57:07.945541,0.4447554640955231,lstm
SVC-000021,EVT-0035552,2026-07-13 11:57:12.176626,0.6959892027655701,lstm
USR-000039,EVT-0035553,2026-07-13 11:58:34.498960,0.3131266697990633,lstm
USR-000173,EVT-0035554,2026-07-13 11:58:36.477433,0.36032934606357325,lstm
USR-000161,EVT-0035555,2026-07-13 11:59:04.475028,0.6079848349876218,lstm
USR-000072,EVT-0035556,2026-07-13 11:59:10.048814,0.9997341727662717,lstm
SVC-000008,EVT-0035557,2026-07-13 11:59:11.938055,0.5847243265878278,lstm
USR-000121,EVT-0035558,2026-07-13 12:00:06.684527,0.6178731798755008,lstm
USR-000114,EVT-0035559,2026-07-13 12:00:48.884353,0.5297433927859292,lstm
DEV-000023,EVT-0035560,2026-07-13 12:03:15.765275,0.38211530984226694,lstm
USR-000002,EVT-0035561,2026-07-13 12:03:24.639198,0.6196001551773678,lstm
SVC-000053,EVT-0035562,2026-07-13 12:04:06.656106,0.5217159473265297,lstm
USR-000164,EVT-0035563,2026-07-13 12:04:47.968004,0.3291820468955924,lstm
USR-000195,EVT-0035564,2026-07-13 12:07:08.068079,0.5259164681350844,lstm
USR-000205,EVT-0035565,2026-07-13 12:07:27.403541,0.44374532886726925,lstm
SVC-000053,EVT-0035566,2026-07-13 12:08:16.459868,0.7361167301243611,lstm
USR-000102,EVT-0035567,2026-07-13 12:08:23.270825,0.4991681777778843,lstm
SVC-000050,EVT-0035568,2026-07-13 12:10:33.405510,0.9495843716072077,lstm
SVC-000050,EVT-0035569,2026-07-13 12:12:20.775506,0.7661611048531521,lstm
USR-000029,EVT-0035570,2026-07-13 12:12:52.811425,0.4052065565546592,lstm
USR-000140,EVT-0035571,2026-07-13 12:13:08.478961,0.6531563591758481,lstm
USR-000213,EVT-0035572,2026-07-13 12:14:31.365972,0.6931200034919935,lstm
USR-000080,EVT-0035573,2026-07-13 12:16:27.097679,0.7530466321610835,lstm
USR-000080,EVT-0035574,2026-07-13 12:17:43.557682,0.9351053683296184,lstm
DEV-000010,EVT-0035575,2026-07-13 12:18:10.041842,0.4281755867149358,lstm
DEV-000003,EVT-0035576,2026-07-13 12:19:29.278232,0.3678486852876641,lstm
USR-000069,EVT-0035577,2026-07-13 12:19:31.527579,0.37687766285566177,lstm
USR-000132,EVT-0035578,2026-07-13 12:22:03.141353,0.3925765573525867,lstm
DEV-000001,EVT-0035579,2026-07-13 12:22:47.476880,0.3285883636353267,lstm
USR-000178,EVT-0035580,2026-07-13 12:23:29.195826,0.6927489127948664,lstm
SVC-000021,EVT-0035581,2026-07-13 12:23:33.688402,0.3591834413233639,lstm
DEV-000013,EVT-0035582,2026-07-13 12:24:45.754345,0.3449638687981545,lstm
USR-000029,EVT-0035583,2026-07-13 12:25:13.265972,0.33824827467974655,lstm
DEV-000020,EVT-0035584,2026-07-13 12:27:31.138785,0.36595047293121813,lstm
SVC-000028,EVT-0035585,2026-07-13 12:28:06.783740,0.9516940582849391,lstm
USR-000021,EVT-0035586,2026-07-13 12:28:58.679877,0.6951519538736175,lstm
USR-000044,EVT-0035587,2026-07-13 12:29:31.633962,0.5093243186112243,lstm
USR-000110,EVT-0035588,2026-07-13 12:30:17.025076,0.7259997814461023,lstm
USR-000021,EVT-0035589,2026-07-13 12:30:42.087028,0.8669703669483546,lstm
SVC-000043,EVT-0035590,2026-07-13 12:32:40.762554,0.9732843483109893,lstm
USR-000087,EVT-0035591,2026-07-13 12:33:19.557643,0.42862049981046774,lstm
SVC-000053,EVT-0035592,2026-07-13 12:33:22.862213,0.3351416717806896,lstm
USR-000171,EVT-0035593,2026-07-13 12:35:06.900071,0.345863873692331,lstm
SVC-000053,EVT-0035594,2026-07-13 12:35:14.515372,0.5255049044352288,lstm
SVC-000050,EVT-0035595,2026-07-13 12:36:06.781548,0.5523373168287808,lstm
USR-000115,EVT-0035596,2026-07-13 12:37:42.057934,0.5666265556788392,lstm
USR-000205,EVT-0035597,2026-07-13 12:37:54.947975,0.39851875387045765,lstm
USR-000064,EVT-0035598,2026-07-13 12:40:28.108571,0.505637896394847,lstm
USR-000014,EVT-0035599,2026-07-13 12:41:10.537401,0.775520772355252,lstm
USR-000022,EVT-0035600,2026-07-13 12:41:11.854906,0.3515081219061118,lstm
USR-000187,EVT-0035601,2026-07-13 12:41:18.255202,0.34126126923893135,lstm
USR-000125,EVT-0035602,2026-07-13 12:42:58.443393,0.4804528485691349,lstm
USR-000127,EVT-0035603,2026-07-13 12:43:31.660825,0.30567277240276175,lstm
USR-000080,EVT-0035604,2026-07-13 12:45:29.550434,0.692612352804122,lstm
USR-000186,EVT-0035605,2026-07-13 12:46:55.806435,0.736767335460386,lstm
USR-000017,EVT-0035606,2026-07-13 12:47:45.363119,0.48707203657427833,lstm
USR-000033,EVT-0035607,2026-07-13 12:49:11.608492,0.677207909207446,lstm
USR-000170,EVT-0035608,2026-07-13 12:49:15.402047,0.34087067249114117,lstm
USR-000175,EVT-0035609,2026-07-13 12:50:40.031587,0.3303476099192836,lstm
USR-000002,EVT-0035610,2026-07-13 12:50:57.694920,0.46085324866158567,lstm
USR-000161,EVT-0035611,2026-07-13 12:51:58.879835,0.5770009665109433,lstm
USR-000057,EVT-0035612,2026-07-13 12:53:46.811744,0.42347892503349,lstm
USR-000023,EVT-0035613,2026-07-13 12:53:51.315362,0.8176143201459644,lstm
USR-000002,EVT-0035614,2026-07-13 12:54:26.995323,0.5885369688595486,lstm
USR-000011,EVT-0035615,2026-07-13 12:54:35.854118,0.3661229549028969,lstm
SVC-000027,EVT-0035616,2026-07-13 12:55:17.750627,0.9917442470145559,lstm
USR-000108,EVT-0035617,2026-07-13 12:59:03.356913,0.45749258808627685,lstm
USR-000178,EVT-0035618,2026-07-13 12:59:08.086667,0.6179005044873128,lstm
USR-000054,EVT-0035619,2026-07-13 12:59:19.635245,0.29569610361040893,lstm
SVC-000034,EVT-0035620,2026-07-13 12:59:19.879772,0.944888740991496,lstm
USR-000024,EVT-0035621,2026-07-13 13:00:52.825099,0.2226794281643349,lstm
USR-000038,EVT-0035622,2026-07-13 13:02:02.920383,0.2796925745793428,lstm
USR-000205,EVT-0035623,2026-07-13 13:02:12.774887,0.534824654215745,lstm
USR-000133,EVT-0035624,2026-07-13 13:03:32.770242,0.40597930759150214,lstm
USR-000036,EVT-0035625,2026-07-13 13:07:42.999043,0.36594495172340274,lstm
USR-000126,EVT-0035626,2026-07-13 13:08:09.805521,0.38590309800796485,lstm
USR-000070,EVT-0035627,2026-07-13 13:08:51.112483,0.815152693416205,lstm
USR-000087,EVT-0035628,2026-07-13 13:09:22.510931,0.43976344658874583,lstm
USR-000084,EVT-0035629,2026-07-13 13:10:40.827951,0.264911185141799,lstm
USR-000115,EVT-0035630,2026-07-13 13:11:02.111332,0.2944036197896424,lstm
SVC-000008,EVT-0035631,2026-07-13 13:11:13.384273,0.7601144366951251,lstm
SVC-000021,EVT-0035632,2026-07-13 13:12:08.507615,0.45158566545497497,lstm
SVC-000001,EVT-0035633,2026-07-13 13:12:08.946153,0.9811944679435995,lstm
USR-000210,EVT-0035634,2026-07-13 13:12:17.730297,0.6531168158167578,lstm
USR-000193,EVT-0035635,2026-07-13 13:12:19.234593,0.7090163427207178,lstm
SVC-000034,EVT-0035636,2026-07-13 13:12:27.817443,0.7514569272056211,lstm
USR-000022,EVT-0035637,2026-07-13 13:17:25.803550,0.3753675016650177,lstm
SVC-000021,EVT-0035638,2026-07-13 13:19:13.478826,0.34454001454748545,lstm
USR-000085,EVT-0035639,2026-07-13 13:19:17.607204,0.8639135246141996,lstm
SVC-000001,EVT-0035640,2026-07-13 13:20:13.199979,0.41069653986320626,lstm
USR-000029,EVT-0035641,2026-07-13 13:21:22.426085,0.2926085908553358,lstm
USR-000005,EVT-0035642,2026-07-13 13:22:04.101168,0.39780531839359085,lstm
USR-000023,EVT-0035643,2026-07-13 13:22:19.894436,0.39620908338911864,lstm
USR-000095,EVT-0035644,2026-07-13 13:22:48.740482,0.9199836642528448,lstm
USR-000085,EVT-0035645,2026-07-13 13:22:53.359207,0.920979897903876,lstm
USR-000154,EVT-0035646,2026-07-13 13:22:57.385690,0.5114423861913199,lstm
SVC-000050,EVT-0035647,2026-07-13 13:23:27.356030,0.28912904448519466,lstm
DEV-000021,EVT-0035648,2026-07-13 13:27:25.618197,0.7357583533900465,lstm
SVC-000053,EVT-0035649,2026-07-13 13:27:51.060173,0.40498240185040324,lstm
SVC-000043,EVT-0035650,2026-07-13 13:29:41.349152,0.30034745099171095,lstm
SVC-000027,EVT-0035651,2026-07-13 13:30:12.065989,0.8925316442027618,lstm
USR-000064,EVT-0035652,2026-07-13 13:30:50.085028,0.38523016230864415,lstm
USR-000177,EVT-0035653,2026-07-13 13:30:56.424316,0.434823798921158,lstm
USR-000110,EVT-0035654,2026-07-13 13:32:19.863958,0.3756475427019615,lstm
USR-000084,EVT-0035655,2026-07-13 13:32:50.760763,0.2901415303759985,lstm
SVC-000043,EVT-0035656,2026-07-13 13:33:46.050948,0.4088314552193279,lstm
USR-000139,EVT-0035657,2026-07-13 13:35:51.986411,0.4089915824828983,lstm
SVC-000021,EVT-0035658,2026-07-13 13:36:15.286383,0.4474755583898831,lstm
USR-000193,EVT-0035659,2026-07-13 13:38:03.369050,0.3708809148598414,lstm
USR-000092,EVT-0035660,2026-07-13 13:38:18.560874,0.4003532139067086,lstm
DEV-000015,EVT-0035661,2026-07-13 13:38:37.211440,0.2026869237787872,lstm
USR-000147,EVT-0035662,2026-07-13 13:38:43.502533,0.515690154904397,lstm
SVC-000034,EVT-0035663,2026-07-13 13:39:11.604232,0.3228413315041963,lstm
USR-000175,EVT-0035664,2026-07-13 13:40:38.517426,0.388216662231827,lstm
USR-000017,EVT-0035665,2026-07-13 13:41:57.174314,0.27285871334327333,lstm
DEV-000007,EVT-0035666,2026-07-13 13:42:42.470817,0.43695018783665845,lstm
USR-000127,EVT-0035667,2026-07-13 13:43:01.391033,0.25693786808600116,lstm
USR-000054,EVT-0035668,2026-07-13 13:45:13.881688,0.3843188670472201,lstm
USR-000080,EVT-0035669,2026-07-13 13:45:54.629819,0.8936216694631917,lstm
USR-000170,EVT-0035670,2026-07-13 13:46:26.040060,0.3098253787996635,lstm
USR-000054,EVT-0035671,2026-07-13 13:47:23.128479,0.6868378792300976,lstm
USR-000017,EVT-0035672,2026-07-13 13:48:08.572655,0.49003426633402913,lstm
USR-000175,EVT-0035673,2026-07-13 13:48:10.369024,0.6626686205456955,lstm
USR-000017,EVT-0035674,2026-07-13 13:48:27.457433,0.5920972804147675,lstm
USR-000118,EVT-0035675,2026-07-13 13:49:15.603371,0.8409652344691356,lstm
USR-000178,EVT-0035676,2026-07-13 13:49:15.828023,0.34400092439233293,lstm
DEV-000012,EVT-0035677,2026-07-13 13:49:59.146990,0.33287090756581,lstm
USR-000028,EVT-0035678,2026-07-13 13:50:27.252436,0.2382271195410284,lstm
USR-000017,EVT-0035679,2026-07-13 13:52:12.528809,0.4055305113068577,lstm
SVC-000012,EVT-0035680,2026-07-13 13:52:38.659162,0.9869284027807816,lstm
SVC-000027,EVT-0035681,2026-07-13 13:54:00.086325,0.4838714106870205,lstm
USR-000178,EVT-0035682,2026-07-13 13:54:26.621764,0.5832104894309793,lstm
SVC-000027,EVT-0035683,2026-07-13 13:55:00.550970,0.7099290904785364,lstm
USR-000003,EVT-0035684,2026-07-13 13:56:10.255034,0.47027879146584906,lstm
USR-000178,EVT-0035685,2026-07-13 13:56:44.381577,0.7761812345129341,lstm
DEV-000025,EVT-0035686,2026-07-13 13:57:56.415540,0.5457669082366425,lstm
USR-000035,EVT-0035687,2026-07-13 13:59:41.910242,0.6454403114395222,lstm
SVC-000026,EVT-0035688,2026-07-13 13:59:51.165637,0.9959479349426611,lstm
USR-000069,EVT-0035689,2026-07-13 14:01:29.212405,0.42051098053399927,lstm
USR-000197,EVT-0035690,2026-07-13 14:02:24.646623,0.8624322903165526,lstm
USR-000063,EVT-0035691,2026-07-13 14:03:48.820626,0.3819514908305464,lstm
DEV-000002,EVT-0035692,2026-07-13 14:04:10.231022,0.2419176437605018,lstm
USR-000026,EVT-0035693,2026-07-13 14:04:48.424329,0.502153892406214,lstm
DEV-000024,EVT-0035694,2026-07-13 14:05:38.564064,0.3918135491464285,lstm
USR-000147,EVT-0035695,2026-07-13 14:06:48.466839,0.5078706897685269,lstm
SVC-000022,EVT-0035696,2026-07-13 14:09:50.592900,0.9563149788506083,lstm
SVC-000027,EVT-0035697,2026-07-13 14:10:07.350965,0.6154701257600674,lstm
USR-000084,EVT-0035698,2026-07-13 14:10:16.103056,0.3608001240821021,lstm
USR-000029,EVT-0035699,2026-07-13 14:10:23.262183,0.32035170351580833,lstm
SVC-000049,EVT-0035700,2026-07-13 14:11:39.491897,0.9940827084794822,lstm
USR-000080,EVT-0035701,2026-07-13 14:11:41.295208,0.3789789775987243,lstm
SVC-000008,EVT-0035702,2026-07-13 14:12:18.327113,0.7309171792596063,lstm
USR-000144,EVT-0035703,2026-07-13 14:12:19.443587,0.8013799036744843,lstm
USR-000110,EVT-0035704,2026-07-13 14:12:47.612277,0.26198830232596226,lstm
USR-000197,EVT-0035705,2026-07-13 14:13:33.757714,0.7274388794960214,lstm
USR-000166,EVT-0035706,2026-07-13 14:14:23.611167,0.28176764993760545,lstm
SVC-000012,EVT-0035707,2026-07-13 14:15:08.509614,0.5999142637651932,lstm
USR-000140,EVT-0035708,2026-07-13 14:16:12.530690,0.41770488183436055,lstm
SVC-000043,EVT-0035709,2026-07-13 14:16:19.945596,0.2569614555304665,lstm
USR-000044,EVT-0035710,2026-07-13 14:17:12.573302,0.2641707533373851,lstm
SVC-000043,EVT-0035711,2026-07-13 14:17:24.169337,0.63199101297524,lstm
USR-000087,EVT-0035712,2026-07-13 14:20:38.833588,0.48843699516455413,lstm
SVC-000027,EVT-0035713,2026-07-13 14:20:42.445905,0.4652874509628259,lstm
USR-000011,EVT-0035714,2026-07-13 14:21:01.005125,0.2828424874571284,lstm
USR-000100,EVT-0035715,2026-07-13 14:21:12.777144,0.44673797003663746,lstm
USR-000003,EVT-0035716,2026-07-13 14:22:11.921124,0.358853255209796,lstm
USR-000070,EVT-0035717,2026-07-13 14:22:32.208644,0.5586575945818093,lstm
SVC-000008,EVT-0035718,2026-07-13 14:23:35.400336,0.681226040181215,lstm
SVC-000027,EVT-0035719,2026-07-13 14:24:24.358214,0.4280867106818313,lstm
DEV-000017,EVT-0035720,2026-07-13 14:24:45.921061,0.5908632268735301,lstm
SVC-000026,EVT-0035721,2026-07-13 14:25:46.473613,0.4254175808202125,lstm
USR-000185,EVT-0035722,2026-07-13 14:26:01.089571,0.3716439196924422,lstm
SVC-000027,EVT-0035723,2026-07-13 14:27:09.260151,0.44657931079699276,lstm
DEV-000009,EVT-0035724,2026-07-13 14:27:37.372236,0.31190955621626276,lstm
USR-000078,EVT-0035725,2026-07-13 14:28:07.069363,0.33813001356405675,lstm
SVC-000026,EVT-0035726,2026-07-13 14:28:30.752019,0.6059326561866613,lstm
SVC-000022,EVT-0035727,2026-07-13 14:30:17.116948,0.3090767613201388,lstm
USR-000128,EVT-0035728,2026-07-13 14:31:06.467502,0.6636830776716076,lstm
USR-000111,EVT-0035729,2026-07-13 14:31:36.496390,0.34116949679099634,lstm
SVC-000008,EVT-0035730,2026-07-13 14:31:42.546533,0.6622932620381736,lstm
SVC-000027,EVT-0035731,2026-07-13 14:31:59.134207,0.7121753894814119,lstm
SVC-000017,EVT-0035732,2026-07-13 14:32:06.515871,0.9963107609449711,lstm
USR-000018,EVT-0035733,2026-07-13 14:32:13.830898,0.2976442152268453,lstm
SVC-000028,EVT-0035734,2026-07-13 14:32:21.686050,0.7191997320548812,lstm
SVC-000027,EVT-0035735,2026-07-13 14:35:10.127512,0.36668951745053857,lstm
USR-000033,EVT-0035736,2026-07-13 14:35:10.430112,0.26686476401269993,lstm
USR-000127,EVT-0035737,2026-07-13 14:35:14.306615,0.24111457351851356,lstm
SVC-000017,EVT-0035738,2026-07-13 14:35:31.186201,0.5107914534867156,lstm
USR-000207,EVT-0035739,2026-07-13 14:35:55.059644,0.5392428278241148,lstm
SVC-000027,EVT-0035740,2026-07-13 14:36:07.338393,0.48957734371707684,lstm
DEV-000004,EVT-0035741,2026-07-13 14:36:37.801097,0.6596909516910715,lstm
USR-000145,EVT-0035742,2026-07-13 14:36:56.587920,0.584523090709025,lstm
USR-000017,EVT-0035743,2026-07-13 14:37:23.196755,0.2454207407935614,lstm
SVC-000050,EVT-0035744,2026-07-13 14:38:04.262382,0.4204548705248993,lstm
USR-000207,EVT-0035745,2026-07-13 14:38:20.222701,1.0,lstm
USR-000207,EVT-0035746,2026-07-13 14:38:46.118890,0.9522886359180465,lstm
USR-000144,EVT-0035747,2026-07-13 14:39:24.280831,0.39254172177253926,lstm
USR-000108,EVT-0035748,2026-07-13 14:39:29.846505,0.3426019701169262,lstm
USR-000029,EVT-0035749,2026-07-13 14:41:22.345703,0.3081595287451759,lstm
USR-000196,EVT-0035750,2026-07-13 14:42:55.451331,0.8507329494516719,lstm
USR-000210,EVT-0035751,2026-07-13 14:43:26.047728,0.4794521816552198,lstm
SVC-000017,EVT-0035752,2026-07-13 14:44:50.015007,0.36895492557525084,lstm
SVC-000027,EVT-0035753,2026-07-13 14:44:53.654369,0.3868260852854287,lstm
USR-000051,EVT-0035754,2026-07-13 14:46:35.095402,0.5531991340283834,lstm
USR-000166,EVT-0035755,2026-07-13 14:48:04.576549,0.5006305665513177,lstm
SVC-000036,EVT-0035756,2026-07-13 14:48:41.996069,0.9984120027737952,lstm
SVC-000027,EVT-0035757,2026-07-13 14:48:54.473331,0.33112573175983356,lstm
SVC-000036,EVT-0035758,2026-07-13 14:49:52.279069,0.7065775997228788,lstm
USR-000046,EVT-0035759,2026-07-13 14:50:04.056333,0.38325186145730344,lstm
SVC-000027,EVT-0035760,2026-07-13 14:51:37.739703,0.7304037226872436,lstm
USR-000126,EVT-0035761,2026-07-13 14:51:40.140469,0.2761106268466011,lstm
USR-000028,EVT-0035762,2026-07-13 14:52:14.909644,0.4670000342601929,lstm
SVC-000023,EVT-0035763,2026-07-13 14:52:47.020527,0.9911181481185327,lstm
SVC-000017,EVT-0035764,2026-07-13 14:53:31.339630,0.5432165896335492,lstm
USR-000149,EVT-0035765,2026-07-13 14:55:06.334995,0.5563765153861323,lstm
USR-000104,EVT-0035766,2026-07-13 14:55:30.592692,0.2426152284138902,lstm
SVC-000027,EVT-0035767,2026-07-13 14:55:46.442393,0.6567274650138819,lstm
SVC-000027,EVT-0035768,2026-07-13 14:57:32.091425,0.4125282084510102,lstm
SVC-000027,EVT-0035769,2026-07-13 14:57:57.462019,0.5395207722423229,lstm
USR-000035,EVT-0035770,2026-07-13 14:58:13.962472,0.3919513235943871,lstm
USR-000075,EVT-0035771,2026-07-13 14:59:55.553479,0.673622603868844,lstm
USR-000038,EVT-0035772,2026-07-13 15:01:35.627752,0.5169810056392303,lstm
USR-000184,EVT-0035773,2026-07-13 15:02:17.997130,0.7507984342046666,lstm
USR-000170,EVT-0035774,2026-07-13 15:03:39.754943,0.26912491935243843,lstm
USR-000064,EVT-0035775,2026-07-13 15:04:51.759733,0.35996794234795176,lstm
SVC-000012,EVT-0035776,2026-07-13 15:04:55.866385,0.4015163973736843,lstm
SVC-000022,EVT-0035777,2026-07-13 15:05:25.711237,0.2783748282574095,lstm
USR-000035,EVT-0035778,2026-07-13 15:08:26.667842,0.43318392461201133,lstm
USR-000086,EVT-0035779,2026-07-13 15:08:48.209828,0.27657109330752916,lstm
USR-000029,EVT-0035780,2026-07-13 15:08:53.964856,0.32736562911664213,lstm
SVC-000012,EVT-0035781,2026-07-13 15:09:08.759745,0.43870409609367195,lstm
SVC-000026,EVT-0035782,2026-07-13 15:09:28.356334,0.4050473069596627,lstm
USR-000075,EVT-0035783,2026-07-13 15:10:11.948819,0.41070820966075305,lstm
USR-000186,EVT-0035784,2026-07-13 15:11:09.189234,0.4274670032910819,lstm
DEV-000003,EVT-0035785,2026-07-13 15:11:45.411925,0.3313275337335122,lstm
SVC-000017,EVT-0035786,2026-07-13 15:13:11.048377,0.5742316257120872,lstm
USR-000201,EVT-0035787,2026-07-13 15:14:39.541005,0.5474126119944345,lstm
USR-000104,EVT-0035788,2026-07-13 15:16:06.607826,0.43205231065840005,lstm
USR-000126,EVT-0035789,2026-07-13 15:18:29.210421,0.2307366753852612,lstm
SVC-000036,EVT-0035790,2026-07-13 15:21:19.517650,0.7086180600172561,lstm
USR-000028,EVT-0035791,2026-07-13 15:21:20.302459,0.30406658602585956,lstm
SVC-000036,EVT-0035792,2026-07-13 15:21:55.097267,0.6559724811558558,lstm
USR-000086,EVT-0035793,2026-07-13 15:22:06.684775,0.31508123091159007,lstm
USR-000187,EVT-0035794,2026-07-13 15:23:10.407442,0.29367145517858634,lstm
USR-000149,EVT-0035795,2026-07-13 15:23:21.031144,0.48099992295483207,lstm
USR-000186,EVT-0035796,2026-07-13 15:25:34.548621,0.40234129921720535,lstm
SVC-000043,EVT-0035797,2026-07-13 15:25:46.834416,0.4393030460406624,lstm
USR-000185,EVT-0035798,2026-07-13 15:26:11.932806,0.33766425218235563,lstm
SVC-000050,EVT-0035799,2026-07-13 15:26:43.904229,0.47838485650957846,lstm
USR-000097,EVT-0035800,2026-07-13 15:28:22.933926,0.45658286728850733,lstm
USR-000175,EVT-0035801,2026-07-13 15:29:03.750966,0.50149472750657,lstm
USR-000199,EVT-0035802,2026-07-13 15:30:02.262986,0.6621137167142572,lstm
DEV-000006,EVT-0035803,2026-07-13 15:30:13.868364,0.5527041268601361,lstm
SVC-000036,EVT-0035804,2026-07-13 15:30:37.795335,0.6208688334658288,lstm
SVC-000004,EVT-0035805,2026-07-13 15:30:48.614510,0.9853538393314438,lstm
SVC-000027,EVT-0035806,2026-07-13 15:34:42.897191,0.9363074785977799,lstm
SVC-000028,EVT-0035807,2026-07-13 15:35:56.800840,0.7378458396428479,lstm
USR-000162,EVT-0035808,2026-07-13 15:35:59.312996,0.7788419609818779,lstm
USR-000140,EVT-0035809,2026-07-13 15:36:33.451663,0.4901700439298499,lstm
USR-000117,EVT-0035810,2026-07-13 15:37:34.554616,0.4447279093899232,lstm
DEV-000008,EVT-0035811,2026-07-13 15:38:40.890920,0.39026853749432977,lstm
USR-000038,EVT-0035812,2026-07-13 15:38:55.764765,0.3007905509126938,lstm
USR-000079,EVT-0035813,2026-07-13 15:39:22.861460,0.9050835124956604,lstm
SVC-000038,EVT-0035814,2026-07-13 15:39:25.654448,0.9828631134065184,lstm
SVC-000027,EVT-0035815,2026-07-13 15:43:06.284134,0.4114834785027728,lstm
USR-000100,EVT-0035816,2026-07-13 15:43:06.645745,0.5941535721816024,lstm
USR-000147,EVT-0035817,2026-07-13 15:43:12.280481,0.347553136127259,lstm
DEV-000020,EVT-0035818,2026-07-13 15:43:31.851622,0.16674162952438779,lstm
DEV-000005,EVT-0035819,2026-07-13 15:43:33.786535,0.28780336681231034,lstm
USR-000147,EVT-0035820,2026-07-13 15:44:47.426692,0.565505258565634,lstm
USR-000085,EVT-0035821,2026-07-13 15:45:50.061020,0.6990768455620936,lstm
USR-000144,EVT-0035822,2026-07-13 15:46:03.872096,0.7384461162814436,lstm
USR-000128,EVT-0035823,2026-07-13 15:46:18.628624,0.48388274554548244,lstm
SVC-000017,EVT-0035824,2026-07-13 15:46:26.578023,0.4092483529673166,lstm
USR-000170,EVT-0035825,2026-07-13 15:46:58.311092,0.3107503479192602,lstm
SVC-000036,EVT-0035826,2026-07-13 15:47:21.922399,0.6678082491302928,lstm
USR-000002,EVT-0035827,2026-07-13 15:49:08.668380,0.4529021321758382,lstm
USR-000201,EVT-0035828,2026-07-13 15:49:30.516770,0.41221976346718125,lstm
USR-000210,EVT-0035829,2026-07-13 15:49:45.508400,0.25498421472885957,lstm
USR-000192,EVT-0035830,2026-07-13 15:50:10.460120,0.7101969788620434,lstm
USR-000003,EVT-0035831,2026-07-13 15:50:35.787267,0.2259002472094401,lstm
SVC-000036,EVT-0035832,2026-07-13 15:50:53.006914,0.5504874112934157,lstm
USR-000092,EVT-0035833,2026-07-13 15:53:16.433221,0.2671321537465781,lstm
SVC-000037,EVT-0035834,2026-07-13 15:54:58.840532,0.9931723493385971,lstm
USR-000027,EVT-0035835,2026-07-13 15:55:34.494236,0.43237121257358285,lstm
USR-000087,EVT-0035836,2026-07-13 15:56:04.643755,0.677623434774064,lstm
SVC-000026,EVT-0035837,2026-07-13 15:56:36.006579,0.3975929631141713,lstm
USR-000185,EVT-0035838,2026-07-13 15:56:43.369983,0.8634713870425551,lstm
USR-000048,EVT-0035839,2026-07-13 15:58:09.084139,0.4362771948921418,lstm
SVC-000029,EVT-0035840,2026-07-13 15:59:49.908985,0.9260931283200676,lstm
USR-000161,EVT-0035841,2026-07-13 16:00:03.986082,0.4829841727920169,lstm
SVC-000036,EVT-0035842,2026-07-13 16:01:07.625654,0.4093162661572379,lstm
USR-000173,EVT-0035843,2026-07-13 16:01:38.641952,0.28744006596707833,lstm
SVC-000036,EVT-0035844,2026-07-13 16:02:23.089156,0.470634086996141,lstm
DEV-000026,EVT-0035845,2026-07-13 16:04:27.056677,0.5944511821373357,lstm
SVC-000028,EVT-0035846,2026-07-13 16:04:42.733619,0.5629472224487216,lstm
USR-000027,EVT-0035847,2026-07-13 16:04:47.704182,0.5835686051443063,lstm
SVC-000012,EVT-0035848,2026-07-13 16:05:02.824802,0.43776028558970514,lstm
DEV-000006,EVT-0035849,2026-07-13 16:05:44.507790,0.6054129006612944,lstm
SVC-000049,EVT-0035850,2026-07-13 16:07:11.300703,0.9038398731464633,lstm
SVC-000010,EVT-0035851,2026-07-13 16:09:01.064679,0.931512262305398,lstm
USR-000029,EVT-0035852,2026-07-13 16:09:03.204625,0.4586777149875025,lstm
USR-000029,EVT-0035853,2026-07-13 16:09:09.081072,0.6885763194136741,lstm
SVC-000029,EVT-0035854,2026-07-13 16:09:12.807320,0.6950061815879524,lstm
USR-000147,EVT-0035855,2026-07-13 16:09:50.083750,0.3313692083599833,lstm
USR-000092,EVT-0035856,2026-07-13 16:10:09.943172,0.3072624070226039,lstm
SVC-000005,EVT-0035857,2026-07-13 16:10:23.821384,0.9848285879937311,lstm
DEV-000010,EVT-0035858,2026-07-13 16:11:23.316011,0.22600053855805688,lstm
USR-000185,EVT-0035859,2026-07-13 16:11:35.625117,0.359448603664858,lstm
USR-000024,EVT-0035860,2026-07-13 16:13:10.690815,0.509654231278464,lstm
USR-000127,EVT-0035861,2026-07-13 16:13:16.611990,0.34730096302339186,lstm
SVC-000012,EVT-0035862,2026-07-13 16:15:44.989887,0.30100835205806853,lstm
USR-000085,EVT-0035863,2026-07-13 16:16:13.897397,0.5159346546210958,lstm
DEV-000007,EVT-0035864,2026-07-13 16:16:37.094852,0.5385435058491183,lstm
SVC-000027,EVT-0035865,2026-07-13 16:17:11.310250,0.40992674412848995,lstm
USR-000149,EVT-0035866,2026-07-13 16:17:26.562518,0.454128002000201,lstm
SVC-000036,EVT-0035867,2026-07-13 16:20:16.277373,0.3912634561383957,lstm
SVC-000010,EVT-0035868,2026-07-13 16:20:25.124161,0.41255029595484816,lstm
SVC-000036,EVT-0035869,2026-07-13 16:20:40.554407,0.4850918984813549,lstm
USR-000210,EVT-0035870,2026-07-13 16:21:09.219921,0.30765044969872885,lstm
USR-000139,EVT-0035871,2026-07-13 16:21:35.343545,0.9079994816151105,lstm
DEV-000006,EVT-0035872,2026-07-13 16:22:45.789614,0.6571396386808431,lstm
USR-000070,EVT-0035873,2026-07-13 16:23:30.315660,0.4130050252549816,lstm
USR-000017,EVT-0035874,2026-07-13 16:26:21.190670,0.2364842132270718,lstm
USR-000127,EVT-0035875,2026-07-13 16:26:39.756601,0.45476424149447014,lstm
SVC-000050,EVT-0035876,2026-07-13 16:27:09.038940,0.6722779607775061,lstm
USR-000092,EVT-0035877,2026-07-13 16:28:29.313360,0.3047660078030467,lstm
USR-000061,EVT-0035878,2026-07-13 16:28:37.348373,0.7931635744684147,lstm
DEV-000011,EVT-0035879,2026-07-13 16:31:02.308809,0.6538423842311653,lstm
SVC-000005,EVT-0035880,2026-07-13 16:32:26.527318,0.6014560309760403,lstm
SVC-000026,EVT-0035881,2026-07-13 16:32:42.872329,0.3786209761572057,lstm
USR-000075,EVT-0035882,2026-07-13 16:33:18.521221,0.509918084252727,lstm
SVC-000027,EVT-0035883,2026-07-13 16:34:13.213809,0.8457755224968488,lstm
SVC-000029,EVT-0035884,2026-07-13 16:35:23.498853,0.4329754985727724,lstm
SVC-000029,EVT-0035885,2026-07-13 16:37:09.872255,0.7467472187683811,lstm
USR-000029,EVT-0035886,2026-07-13 16:37:45.731880,0.4222534481395329,lstm
USR-000144,EVT-0035887,2026-07-13 16:38:57.650647,0.28539237155021185,lstm
USR-000192,EVT-0035888,2026-07-13 16:39:02.861170,0.35830239811568,lstm
SVC-000038,EVT-0035889,2026-07-13 16:39:55.349658,0.742175583632851,lstm
USR-000029,EVT-0035890,2026-07-13 16:40:48.648269,0.5319752335455993,lstm
DEV-000016,EVT-0035891,2026-07-13 16:41:03.568684,0.46103449750229447,lstm
USR-000198,EVT-0035892,2026-07-13 16:42:03.658500,0.38732411023958396,lstm
SVC-000005,EVT-0035893,2026-07-13 16:42:22.535797,0.582927800469999,lstm
SVC-000026,EVT-0035894,2026-07-13 16:42:39.339866,0.6115785438112546,lstm
SVC-000026,EVT-0035895,2026-07-13 16:42:49.618562,0.8312239689969582,lstm
SVC-000026,EVT-0035896,2026-07-13 16:43:57.541540,0.5577338735147159,lstm
SVC-000038,EVT-0035897,2026-07-13 16:45:57.359907,0.5382884602571596,lstm
SVC-000038,EVT-0035898,2026-07-13 16:46:06.272652,0.9799552414162284,lstm
SVC-000026,EVT-0035899,2026-07-13 16:47:31.455429,0.3972533162581802,lstm
SVC-000036,EVT-0035900,2026-07-13 16:47:46.938402,0.3587221361893668,lstm
SVC-000036,EVT-0035901,2026-07-13 16:49:04.973883,0.4760939613817625,lstm
USR-000018,EVT-0035902,2026-07-13 16:49:36.852026,0.20864423553387093,lstm
DEV-000010,EVT-0035903,2026-07-13 16:52:01.026090,0.24986157686488095,lstm
SVC-000029,EVT-0035904,2026-07-13 16:53:13.056111,0.8997032027217515,lstm
DEV-000023,EVT-0035905,2026-07-13 16:53:13.646815,0.5126243116954992,lstm
SVC-000010,EVT-0035906,2026-07-13 16:54:51.942833,0.35209212898823794,lstm
USR-000108,EVT-0035907,2026-07-13 16:56:28.810552,0.42495889946497606,lstm
SVC-000010,EVT-0035908,2026-07-13 16:57:20.095427,0.45674373424769826,lstm
USR-000184,EVT-0035909,2026-07-13 16:58:24.508745,0.32475996850074584,lstm
USR-000084,EVT-0035910,2026-07-13 16:59:25.558327,0.3551807275571701,lstm
DEV-000008,EVT-0035911,2026-07-13 17:02:05.835541,0.2946046163725483,lstm
SVC-000023,EVT-0035912,2026-07-13 17:04:31.873983,0.8246751859383608,lstm
SVC-000026,EVT-0035913,2026-07-13 17:06:27.510444,0.4102948602863133,lstm
SVC-000026,EVT-0035914,2026-07-13 17:06:58.042949,0.7203785101494911,lstm
USR-000205,EVT-0035915,2026-07-13 17:08:56.301493,0.6313922743661808,lstm
SVC-000005,EVT-0035916,2026-07-13 17:09:10.070047,0.570262251976686,lstm
SVC-000005,EVT-0035917,2026-07-13 17:09:31.305648,0.9787771814539343,lstm
SVC-000038,EVT-0035918,2026-07-13 17:10:28.668856,0.7728899376674884,lstm
USR-000002,EVT-0035919,2026-07-13 17:10:55.206828,0.42859732582157106,lstm
USR-000186,EVT-0035920,2026-07-13 17:11:38.288377,0.269574805513906,lstm
SVC-000010,EVT-0035921,2026-07-13 17:12:25.335778,0.36152269631072914,lstm
USR-000192,EVT-0035922,2026-07-13 17:13:04.357043,0.2840523323946755,lstm
USR-000144,EVT-0035923,2026-07-13 17:13:27.328619,0.38475278584363093,lstm
USR-000002,EVT-0035924,2026-07-13 17:13:41.246960,0.6898564793992585,lstm
USR-000011,EVT-0035925,2026-07-13 17:14:34.020868,0.37544001348609324,lstm
SVC-000038,EVT-0035926,2026-07-13 17:14:36.164148,0.9525597202230495,lstm
USR-000084,EVT-0035927,2026-07-13 17:17:25.210573,0.4229218197823734,lstm
USR-000209,EVT-0035928,2026-07-13 17:17:38.641641,0.612885645053751,lstm
USR-000185,EVT-0035929,2026-07-13 17:22:09.482681,0.28956977383115956,lstm
SVC-000026,EVT-0035930,2026-07-13 17:23:15.353844,0.36551086128428006,lstm
USR-000032,EVT-0035931,2026-07-13 17:23:58.906195,0.49950443405692596,lstm
SVC-000029,EVT-0035932,2026-07-13 17:24:30.006455,0.43683832554148544,lstm
SVC-000004,EVT-0035933,2026-07-13 17:25:17.280603,0.5695123708997706,lstm
USR-000100,EVT-0035934,2026-07-13 17:25:46.137257,0.33271319544706185,lstm
SVC-000010,EVT-0035935,2026-07-13 17:26:44.542440,0.294173922572915,lstm
SVC-000044,EVT-0035936,2026-07-13 17:26:56.124793,0.9852032813034793,lstm
USR-000193,EVT-0035937,2026-07-13 17:29:05.157503,0.3222793837192112,lstm
DEV-000015,EVT-0035938,2026-07-13 17:29:43.746628,0.5175818846908142,lstm
USR-000185,EVT-0035939,2026-07-13 17:31:57.703434,0.280818170436036,lstm
USR-000033,EVT-0035940,2026-07-13 17:32:30.185926,0.34817231718726627,lstm
DEV-000001,EVT-0035941,2026-07-13 17:33:31.331286,0.17335393534968913,lstm
USR-000044,EVT-0035942,2026-07-13 17:34:07.873174,0.2415086072420583,lstm
DEV-000019,EVT-0035943,2026-07-13 17:35:15.961944,0.8764735449569854,lstm
USR-000065,EVT-0035944,2026-07-13 17:35:24.496708,0.567781799846119,lstm
SVC-000038,EVT-0035945,2026-07-13 17:36:25.056545,0.5816546669408487,lstm
USR-000110,EVT-0035946,2026-07-13 17:39:53.330130,0.38968909643224264,lstm
USR-000185,EVT-0035947,2026-07-13 17:40:10.772408,0.282850268545479,lstm
USR-000185,EVT-0035948,2026-07-13 17:42:37.549609,0.38026285187942926,lstm
USR-000113,EVT-0035949,2026-07-13 17:44:23.451060,0.6781298944796019,lstm
SVC-000010,EVT-0035950,2026-07-13 17:44:34.106513,0.29186635444155157,lstm
USR-000028,EVT-0035951,2026-07-13 17:46:10.017854,0.3784936437883106,lstm
SVC-000049,EVT-0035952,2026-07-13 17:49:54.379728,0.9604844297842748,lstm
SVC-000049,EVT-0035953,2026-07-13 17:50:08.889204,0.992957223490867,lstm
SVC-000010,EVT-0035954,2026-07-13 17:50:22.052373,0.3202648926224503,lstm
DEV-000001,EVT-0035955,2026-07-13 17:53:00.803909,0.30627243686869043,lstm
DEV-000009,EVT-0035956,2026-07-13 17:53:12.792693,0.3077385251219678,lstm
USR-000117,EVT-0035957,2026-07-13 17:54:21.078539,0.32363070439374886,lstm
SVC-000005,EVT-0035958,2026-07-13 17:58:04.842954,0.757506528996149,lstm
SVC-000037,EVT-0035959,2026-07-13 18:00:05.103914,0.5278324829808567,lstm
USR-000192,EVT-0035960,2026-07-13 18:03:36.950710,0.46170825336325977,lstm
DEV-000021,EVT-0035961,2026-07-13 18:03:43.528907,0.26919473477958394,lstm
DEV-000010,EVT-0035962,2026-07-13 18:04:29.822760,0.20982302932247873,lstm
SVC-000044,EVT-0035963,2026-07-13 18:04:50.120383,0.4132782486868579,lstm
USR-000092,EVT-0035964,2026-07-13 18:05:43.672225,0.25194662731321255,lstm
USR-000187,EVT-0035965,2026-07-13 18:06:19.246804,0.3476839073065625,lstm
USR-000198,EVT-0035966,2026-07-13 18:06:25.826410,0.24378289869278616,lstm
DEV-000002,EVT-0035967,2026-07-13 18:07:05.733465,0.6368269563935101,lstm
USR-000003,EVT-0035968,2026-07-13 18:07:16.044785,0.3060473416800401,lstm
USR-000075,EVT-0035969,2026-07-13 18:08:08.498131,0.25807100366547686,lstm
SVC-000004,EVT-0035970,2026-07-13 18:12:13.517906,0.3379944796380438,lstm
SVC-000044,EVT-0035971,2026-07-13 18:17:23.680630,0.4555502898714555,lstm
USR-000185,EVT-0035972,2026-07-13 18:20:32.365488,0.20766402648370527,lstm
SVC-000044,EVT-0035973,2026-07-13 18:21:04.276062,0.5028774112142631,lstm
USR-000187,EVT-0035974,2026-07-13 18:21:25.980357,0.6172384572130679,lstm
USR-000005,EVT-0035975,2026-07-13 18:23:28.916241,0.636715414310716,lstm
SVC-000004,EVT-0035976,2026-07-13 18:24:20.873482,0.3416148748239921,lstm
SVC-000004,EVT-0035977,2026-07-13 18:24:38.028366,0.8097094158953263,lstm
SVC-000037,EVT-0035978,2026-07-13 18:26:19.202631,0.532597573575002,lstm
USR-000088,EVT-0035979,2026-07-13 18:27:43.581294,0.44814001810791426,lstm
SVC-000037,EVT-0035980,2026-07-13 18:27:45.907028,0.7003751478926172,lstm
DEV-000002,EVT-0035981,2026-07-13 18:32:47.539772,0.445811215980822,lstm
SVC-000023,EVT-0035982,2026-07-13 18:33:09.089143,0.4298453211920406,lstm
SVC-000037,EVT-0035983,2026-07-13 18:37:02.258658,0.4223986415328513,lstm
SVC-000037,EVT-0035984,2026-07-13 18:40:10.746863,0.5762873081877395,lstm
USR-000075,EVT-0035985,2026-07-13 18:41:33.215571,0.4155150662233823,lstm
SVC-000010,EVT-0035986,2026-07-13 18:43:11.887144,0.5813340938262179,lstm
SVC-000004,EVT-0035987,2026-07-13 18:44:43.998189,0.39865953042896685,lstm
USR-000084,EVT-0035988,2026-07-13 18:46:10.384066,0.41370953377064673,lstm
SVC-000010,EVT-0035989,2026-07-13 18:46:24.020034,0.4349120244236603,lstm
SVC-000010,EVT-0035990,2026-07-13 18:47:07.462155,0.9424232794320496,lstm
USR-000149,EVT-0035991,2026-07-13 18:49:20.502276,0.6730179102237548,lstm
SVC-000004,EVT-0035992,2026-07-13 18:53:40.464068,0.31112754264123665,lstm
DEV-000010,EVT-0035993,2026-07-13 18:54:46.448258,0.17124154148165188,lstm
SVC-000037,EVT-0035994,2026-07-13 18:58:01.117803,0.33500663103181305,lstm
SVC-000048,EVT-0035995,2026-07-13 18:58:01.230404,0.9612047237166738,lstm
USR-000056,EVT-0035996,2026-07-13 18:59:00.666907,0.7187262475631574,lstm
SVC-000044,EVT-0035997,2026-07-13 18:59:10.527553,0.3386157729004771,lstm
USR-000056,EVT-0035998,2026-07-13 19:02:11.295007,0.8781005108918458,lstm
SVC-000037,EVT-0035999,2026-07-13 19:02:25.470566,0.5119082146892486,lstm
SVC-000006,EVT-0036000,2026-07-13 19:03:55.266618,0.9945880917433285,lstm
USR-000149,EVT-0036001,2026-07-13 19:05:13.346544,0.46866160418275965,lstm
SVC-000044,EVT-0036002,2026-07-13 19:05:54.429794,0.5752780234133801,lstm
DEV-000010,EVT-0036003,2026-07-13 19:07:25.240282,0.3271319276375404,lstm
USR-000027,EVT-0036004,2026-07-13 19:07:44.496545,0.35319064353223495,lstm
SVC-000037,EVT-0036005,2026-07-13 19:07:48.728418,0.9200201021723928,lstm
SVC-000004,EVT-0036006,2026-07-13 19:08:33.882532,0.2596317757613744,lstm
USR-000125,EVT-0036007,2026-07-13 19:10:26.998143,0.43036803886651154,lstm
USR-000185,EVT-0036008,2026-07-13 19:10:49.420074,0.2586338184851156,lstm
DEV-000002,EVT-0036009,2026-07-13 19:16:30.085035,0.31344545085955133,lstm
SVC-000006,EVT-0036010,2026-07-13 19:16:56.595988,0.44898965025936755,lstm
SVC-000006,EVT-0036011,2026-07-13 19:20:51.474837,0.43761176840266974,lstm
SVC-000006,EVT-0036012,2026-07-13 19:22:34.590278,0.7004272970608163,lstm
SVC-000004,EVT-0036013,2026-07-13 19:23:12.160594,0.23546560045814044,lstm
SVC-000044,EVT-0036014,2026-07-13 19:24:47.477077,0.37931807138514123,lstm
SVC-000044,EVT-0036015,2026-07-13 19:24:55.430784,0.8534549092797801,lstm
SVC-000006,EVT-0036016,2026-07-13 19:25:36.979833,0.5195446264438808,lstm
SVC-000023,EVT-0036017,2026-07-13 19:25:45.182051,0.45305151007216654,lstm
SVC-000006,EVT-0036018,2026-07-13 19:27:59.011324,0.5551979744794076,lstm
USR-000209,EVT-0036019,2026-07-13 19:28:44.709232,0.4975296599730693,lstm
SVC-000006,EVT-0036020,2026-07-13 19:30:23.561764,0.8419004797249293,lstm
SVC-000044,EVT-0036021,2026-07-13 19:31:59.304790,0.448110640937583,lstm
USR-000198,EVT-0036022,2026-07-13 19:33:04.423146,0.32026728610841515,lstm
SVC-000037,EVT-0036023,2026-07-13 19:36:10.776312,0.40457010443874397,lstm
USR-000003,EVT-0036024,2026-07-13 19:38:21.758014,0.34572733556308943,lstm
SVC-000010,EVT-0036025,2026-07-13 19:38:30.492103,0.6268923914752244,lstm
SVC-000004,EVT-0036026,2026-07-13 19:38:44.353669,0.2682204084748621,lstm
SVC-000023,EVT-0036027,2026-07-13 19:43:42.605768,0.38048602766992223,lstm
SVC-000004,EVT-0036028,2026-07-13 19:49:27.109659,0.527638689103341,lstm
SVC-000048,EVT-0036029,2026-07-13 19:50:28.069429,0.3201253803231151,lstm
SVC-000023,EVT-0036030,2026-07-13 19:51:03.822018,0.5535166455396866,lstm
SVC-000006,EVT-0036031,2026-07-13 19:56:35.172588,0.3842018252836092,lstm
SVC-000058,EVT-0036032,2026-07-13 20:00:17.557244,0.9641491293038431,lstm
SVC-000006,EVT-0036033,2026-07-13 20:02:53.780830,0.43953879133831425,lstm
SVC-000061,EVT-0036034,2026-07-13 20:03:27.023810,0.9664750767012444,lstm
SVC-000006,EVT-0036035,2026-07-13 20:05:04.482480,0.5223500905064575,lstm
SVC-000044,EVT-0036036,2026-07-13 20:05:58.273161,0.6168354189257036,lstm
SVC-000006,EVT-0036037,2026-07-13 20:08:09.671747,0.949513378611752,lstm
SVC-000004,EVT-0036038,2026-07-13 20:10:16.710345,0.36390570247531495,lstm
SVC-000006,EVT-0036039,2026-07-13 20:13:32.753799,0.6796185698117944,lstm
SVC-000061,EVT-0036040,2026-07-13 20:13:50.532569,0.23971559836604128,lstm
SVC-000061,EVT-0036041,2026-07-13 20:18:29.146732,0.3076278670420007,lstm
SVC-000058,EVT-0036042,2026-07-13 20:20:11.305262,0.28570739807100654,lstm
USR-000198,EVT-0036043,2026-07-13 20:22:16.405280,0.3772682399026027,lstm
SVC-000004,EVT-0036044,2026-07-13 20:26:24.288375,0.4377166994519528,lstm
USR-000054,EVT-0036045,2026-07-13 20:28:47.353745,0.8539635104702301,lstm
SVC-000006,EVT-0036046,2026-07-13 20:29:47.103052,0.40052434435462375,lstm
SVC-000035,EVT-0036047,2026-07-13 20:31:12.032344,0.9650926924392459,lstm
SVC-000061,EVT-0036048,2026-07-13 20:31:51.436786,0.24818960757194347,lstm
SVC-000035,EVT-0036049,2026-07-13 20:32:16.368450,0.724864117246467,lstm
SVC-000006,EVT-0036050,2026-07-13 20:32:30.069301,0.7280491224681759,lstm
SVC-000006,EVT-0036051,2026-07-13 20:32:44.968062,0.7348959980920842,lstm
SVC-000061,EVT-0036052,2026-07-13 20:33:46.305485,0.3304124065488601,lstm
SVC-000004,EVT-0036053,2026-07-13 20:34:37.529775,0.438938494245064,lstm
SVC-000006,EVT-0036054,2026-07-13 20:35:55.593615,0.7910476058735006,lstm
SVC-000061,EVT-0036055,2026-07-13 20:37:26.406362,0.25181439433575487,lstm
SVC-000044,EVT-0036056,2026-07-13 20:38:49.509297,0.5361307508649442,lstm
SVC-000058,EVT-0036057,2026-07-13 20:41:33.463439,0.28024553954533615,lstm
SVC-000061,EVT-0036058,2026-07-13 20:45:57.772223,0.24029983897131002,lstm
SVC-000058,EVT-0036059,2026-07-13 20:47:07.445001,0.31193790211617656,lstm
DEV-000025,EVT-0036060,2026-07-13 20:51:30.767451,0.6675872212279144,lstm
SVC-000054,EVT-0036061,2026-07-13 20:52:24.019705,0.9981253929371035,lstm
SVC-000054,EVT-0036062,2026-07-13 20:53:43.049755,0.4708202807990958,lstm
SVC-000048,EVT-0036063,2026-07-13 20:55:30.756713,0.2512632680542436,lstm
DEV-000025,EVT-0036064,2026-07-13 20:56:18.689876,0.9008249450361518,lstm
SVC-000058,EVT-0036065,2026-07-13 20:56:40.873166,0.29163641782312805,lstm
USR-000149,EVT-0036066,2026-07-13 20:57:46.298738,0.4849526104334908,lstm
SVC-000061,EVT-0036067,2026-07-13 20:58:07.707821,0.258753078817974,lstm
DEV-000004,EVT-0036068,2026-07-13 20:59:40.677506,0.4515888551067838,lstm
SVC-000003,EVT-0036069,2026-07-13 20:59:54.167130,0.9701727402384196,lstm
SVC-000003,EVT-0036070,2026-07-13 21:00:18.828718,0.8799292332258668,lstm
SVC-000048,EVT-0036071,2026-07-13 21:00:43.897331,0.5959116816811575,lstm
SVC-000003,EVT-0036072,2026-07-13 21:01:14.566254,0.9519828203786559,lstm
SVC-000003,EVT-0036073,2026-07-13 21:02:39.574682,1.0,lstm
SVC-000035,EVT-0036074,2026-07-13 21:03:24.944002,0.49510984586344203,lstm
USR-000149,EVT-0036075,2026-07-13 21:03:27.566915,0.7044883963254404,lstm
SVC-000048,EVT-0036076,2026-07-13 21:03:36.598576,0.4192935827405236,lstm
SVC-000004,EVT-0036077,2026-07-13 21:03:59.369188,0.5125914551196933,lstm
SVC-000035,EVT-0036078,2026-07-13 21:04:00.432751,0.7328234779510369,lstm
SVC-000003,EVT-0036079,2026-07-13 21:04:33.811685,0.9985640267474475,lstm
SVC-000060,EVT-0036080,2026-07-13 21:04:49.583525,0.9624470670751213,lstm
SVC-000003,EVT-0036081,2026-07-13 21:05:46.572435,0.9801183923467042,lstm
SVC-000044,EVT-0036082,2026-07-13 21:07:27.839957,0.548679044182667,lstm
SVC-000048,EVT-0036083,2026-07-13 21:08:20.484551,0.4757861012427809,lstm
SVC-000061,EVT-0036084,2026-07-13 21:09:46.395284,0.3653188181738163,lstm
SVC-000004,EVT-0036085,2026-07-13 21:10:15.142993,0.45778461270948867,lstm
SVC-000004,EVT-0036086,2026-07-13 21:13:35.281361,0.48173252303781816,lstm
SVC-000048,EVT-0036087,2026-07-13 21:14:01.683148,0.5399604071668124,lstm
USR-000165,EVT-0036088,2026-07-13 21:14:05.983905,0.5081174462797312,lstm
DEV-000014,EVT-0036089,2026-07-13 21:16:38.109754,0.3521835417196426,lstm
DEV-000026,EVT-0036090,2026-07-13 21:16:39.316557,0.2485260823298195,lstm
SVC-000058,EVT-0036091,2026-07-13 21:17:03.414177,0.3123028453676445,lstm
DEV-000009,EVT-0036092,2026-07-13 21:20:42.063666,0.28596952701248496,lstm
SVC-000004,EVT-0036093,2026-07-13 21:21:39.855723,0.349730601969935,lstm
SVC-000060,EVT-0036094,2026-07-13 21:23:56.434206,0.6278107892974222,lstm
DEV-000026,EVT-0036095,2026-07-13 21:27:01.374803,0.6323150358971228,lstm
DEV-000025,EVT-0036096,2026-07-13 21:28:19.324886,0.7045430832755941,lstm
SVC-000054,EVT-0036097,2026-07-13 21:31:21.251707,0.4824019002118614,lstm
DEV-000011,EVT-0036098,2026-07-13 21:31:30.599700,0.5053249421884639,lstm
SVC-000047,EVT-0036099,2026-07-13 21:33:45.680098,0.9821978493818525,lstm
SVC-000058,EVT-0036100,2026-07-13 21:34:56.543563,0.3193800275635069,lstm
SVC-000058,EVT-0036101,2026-07-13 21:36:52.239680,0.6327989834688953,lstm
SVC-000045,EVT-0036102,2026-07-13 21:40:27.564090,0.9675374524328523,lstm
SVC-000047,EVT-0036103,2026-07-13 21:40:45.103678,0.3314291262332656,lstm
SVC-000003,EVT-0036104,2026-07-13 21:41:03.502562,0.9148215001079197,lstm
DEV-000020,EVT-0036105,2026-07-13 21:42:38.078177,0.35868931594387754,lstm
SVC-000054,EVT-0036106,2026-07-13 21:44:02.903131,0.26796363330151185,lstm
SVC-000045,EVT-0036107,2026-07-13 21:45:01.766390,0.5266021009111249,lstm
DEV-000012,EVT-0036108,2026-07-13 21:45:16.562728,0.35283980066747844,lstm
SVC-000045,EVT-0036109,2026-07-13 21:45:37.239929,0.8267571654709671,lstm
SVC-000045,EVT-0036110,2026-07-13 21:45:55.308663,0.7091976867640601,lstm
SVC-000044,EVT-0036111,2026-07-13 21:49:18.710435,0.7674463677788574,lstm
USR-000149,EVT-0036112,2026-07-13 21:51:35.628191,0.6995918584078297,lstm
DEV-000001,EVT-0036113,2026-07-13 21:51:47.769818,0.19723017997812894,lstm
SVC-000058,EVT-0036114,2026-07-13 21:56:28.702222,0.3289919892231238,lstm
SVC-000047,EVT-0036115,2026-07-13 21:56:56.661660,0.29398087700035086,lstm
SVC-000004,EVT-0036116,2026-07-13 21:57:04.799307,0.4614034633169569,lstm
SVC-000002,EVT-0036117,2026-07-13 21:57:11.985640,0.9861800331616191,lstm
SVC-000047,EVT-0036118,2026-07-13 21:58:58.884838,0.5070452724029545,lstm
SVC-000002,EVT-0036119,2026-07-13 21:59:16.080979,0.5114720992564666,lstm
SVC-000003,EVT-0036120,2026-07-13 22:00:26.406253,0.9426948383674634,lstm
DEV-000003,EVT-0036121,2026-07-13 22:01:09.806592,0.5084469988110787,lstm
DEV-000015,EVT-0036122,2026-07-13 22:02:58.598079,0.684396346477619,lstm
SVC-000045,EVT-0036123,2026-07-13 22:04:35.186853,0.3578962054715067,lstm
SVC-000003,EVT-0036124,2026-07-13 22:04:58.806615,0.8283345029944975,lstm
SVC-000054,EVT-0036125,2026-07-13 22:05:00.732222,0.25244781512867376,lstm
SVC-000054,EVT-0036126,2026-07-13 22:05:25.281842,0.420507574771446,lstm
SVC-000047,EVT-0036127,2026-07-13 22:05:56.359072,0.32766576958850485,lstm
DEV-000004,EVT-0036128,2026-07-13 22:06:25.292770,0.4346356858021718,lstm
SVC-000003,EVT-0036129,2026-07-13 22:09:00.905611,0.7747497246925106,lstm
SVC-000002,EVT-0036130,2026-07-13 22:09:15.103640,0.4465914704338911,lstm
SVC-000045,EVT-0036131,2026-07-13 22:09:31.404688,0.5804373586970819,lstm
SVC-000035,EVT-0036132,2026-07-13 22:09:55.578536,0.4247442087258777,lstm
DEV-000006,EVT-0036133,2026-07-13 22:11:09.761474,0.6361227654533695,lstm
SVC-000045,EVT-0036134,2026-07-13 22:12:12.189320,0.45431058681011105,lstm
SVC-000058,EVT-0036135,2026-07-13 22:12:22.655246,0.33947115312315734,lstm
SVC-000035,EVT-0036136,2026-07-13 22:18:08.684092,0.3810330491677664,lstm
SVC-000002,EVT-0036137,2026-07-13 22:20:39.161846,0.2584188964532708,lstm
SVC-000047,EVT-0036138,2026-07-13 22:22:38.265493,0.27718990387600706,lstm
SVC-000058,EVT-0036139,2026-07-13 22:23:20.854139,0.3473730118774412,lstm
SVC-000054,EVT-0036140,2026-07-13 22:24:43.191246,0.325528113607375,lstm
DEV-000019,EVT-0036141,2026-07-13 22:25:10.996206,0.2895941506972129,lstm
SVC-000002,EVT-0036142,2026-07-13 22:26:20.151032,0.4464756634760816,lstm
SVC-000047,EVT-0036143,2026-07-13 22:27:06.278637,0.42996477802685074,lstm
SVC-000047,EVT-0036144,2026-07-13 22:27:33.262204,0.642588499928142,lstm
DEV-000018,EVT-0036145,2026-07-13 22:28:01.803654,0.6734715188908571,lstm
SVC-000025,EVT-0036146,2026-07-13 22:29:03.947332,0.973567254721404,lstm
USR-000165,EVT-0036147,2026-07-13 22:29:55.835871,0.2989943916935006,lstm
SVC-000047,EVT-0036148,2026-07-13 22:30:26.333707,0.3113988688451163,lstm
SVC-000035,EVT-0036149,2026-07-13 22:32:53.364196,0.39062924671937443,lstm
SVC-000045,EVT-0036150,2026-07-13 22:36:38.002434,0.49511836614142585,lstm
SVC-000002,EVT-0036151,2026-07-13 22:38:23.981092,0.24635221027703538,lstm
SVC-000002,EVT-0036152,2026-07-13 22:38:54.368873,0.5886350873587428,lstm
SVC-000045,EVT-0036153,2026-07-13 22:39:12.476492,0.5157101837303576,lstm
SVC-000045,EVT-0036154,2026-07-13 22:39:17.588461,0.7159833148898221,lstm
USR-000113,EVT-0036155,2026-07-13 22:41:31.954613,0.9590991963738967,lstm
SVC-000002,EVT-0036156,2026-07-13 22:42:43.050570,0.4506101968906111,lstm
SVC-000002,EVT-0036157,2026-07-13 22:42:45.574893,0.5615427897679883,lstm
SVC-000045,EVT-0036158,2026-07-13 22:51:03.259379,0.5181074554031738,lstm
SVC-000002,EVT-0036159,2026-07-13 22:51:53.887153,0.26424012281313014,lstm
SVC-000048,EVT-0036160,2026-07-13 22:52:36.027874,0.8238466247038834,lstm
SVC-000025,EVT-0036161,2026-07-13 22:54:06.000400,0.31842219456985327,lstm
SVC-000058,EVT-0036162,2026-07-13 22:54:44.295135,0.3465260519810948,lstm
SVC-000002,EVT-0036163,2026-07-13 22:56:57.377777,0.30651566096881483,lstm
DEV-000015,EVT-0036164,2026-07-13 22:57:39.584016,0.6292735744853264,lstm
SVC-000032,EVT-0036165,2026-07-13 23:02:10.883266,0.9681537872709866,lstm
SVC-000059,EVT-0036166,2026-07-13 23:02:34.617584,0.9915084097066281,lstm
SVC-000032,EVT-0036167,2026-07-13 23:03:27.357884,0.46244945795796877,lstm
SVC-000002,EVT-0036168,2026-07-13 23:05:02.976682,0.5439926925870352,lstm
SVC-000054,EVT-0036169,2026-07-13 23:05:36.338138,0.4136116634359885,lstm
SVC-000059,EVT-0036170,2026-07-13 23:06:45.279017,0.2735764994218422,lstm
USR-000113,EVT-0036171,2026-07-13 23:12:52.424258,0.49653550973003574,lstm
SVC-000047,EVT-0036172,2026-07-13 23:15:59.438549,0.3417906992541065,lstm
SVC-000002,EVT-0036173,2026-07-13 23:16:57.729227,0.4673402660099592,lstm
SVC-000059,EVT-0036174,2026-07-13 23:18:25.748615,0.24550753387450203,lstm
SVC-000032,EVT-0036175,2026-07-13 23:22:03.326885,0.2266094526130918,lstm
SVC-000047,EVT-0036176,2026-07-13 23:23:21.688550,0.3045815872716294,lstm
SVC-000056,EVT-0036177,2026-07-13 23:24:34.893451,0.92481211058128,lstm
SVC-000059,EVT-0036178,2026-07-13 23:25:14.517303,0.20944259395460288,lstm
SVC-000054,EVT-0036179,2026-07-13 23:26:38.312403,0.35869961980604853,lstm
DEV-000003,EVT-0036180,2026-07-13 23:27:41.298388,0.5193261682735382,lstm
SVC-000032,EVT-0036181,2026-07-13 23:31:44.313278,0.22577341213115157,lstm
DEV-000003,EVT-0036182,2026-07-13 23:35:01.269702,0.8809688222929584,lstm
DEV-000025,EVT-0036183,2026-07-13 23:35:45.634932,0.5917181775939668,lstm
SVC-000002,EVT-0036184,2026-07-13 23:36:15.477089,0.30889446063769366,lstm
SVC-000059,EVT-0036185,2026-07-13 23:37:46.497138,0.2122065864154967,lstm
SVC-000035,EVT-0036186,2026-07-13 23:38:13.347934,0.5725318908164502,lstm
SVC-000045,EVT-0036187,2026-07-13 23:38:24.450298,0.5078611150946039,lstm
DEV-000015,EVT-0036188,2026-07-13 23:40:18.427610,0.5448086517578807,lstm
SVC-000025,EVT-0036189,2026-07-13 23:42:10.624440,0.30495500924347646,lstm
SVC-000059,EVT-0036190,2026-07-13 23:42:56.227532,0.19830442113173355,lstm
SVC-000032,EVT-0036191,2026-07-13 23:44:23.023982,0.2812356232461982,lstm
SVC-000056,EVT-0036192,2026-07-13 23:44:44.804539,0.4174281381151399,lstm
SVC-000002,EVT-0036193,2026-07-13 23:46:00.491725,0.48008302687447085,lstm
SVC-000059,EVT-0036194,2026-07-13 23:50:31.736845,0.2154855991350466,lstm
SVC-000059,EVT-0036195,2026-07-13 23:52:14.903607,0.253020365230226,lstm
SVC-000047,EVT-0036196,2026-07-13 23:57:19.813196,0.41880358365454945,lstm
SVC-000041,EVT-0036197,2026-07-14 00:01:04.937865,0.9175934259445946,lstm
DEV-000021,EVT-0036198,2026-07-14 00:01:58.626501,0.7998412593477665,lstm
SVC-000047,EVT-0036199,2026-07-14 00:02:26.704721,0.8485043273981915,lstm
DEV-000010,EVT-0036200,2026-07-14 00:02:40.835719,0.5244311670572777,lstm
SVC-000059,EVT-0036201,2026-07-14 00:03:00.191910,0.7454630155155546,lstm
SVC-000041,EVT-0036202,2026-07-14 00:05:02.563615,0.6999362300668568,lstm
SVC-000041,EVT-0036203,2026-07-14 00:05:30.087560,0.8620892634000024,lstm
SVC-000059,EVT-0036204,2026-07-14 00:07:06.014815,0.2834937083586862,lstm
DEV-000008,EVT-0036205,2026-07-14 00:11:52.346583,0.7785435588436368,lstm
USR-000089,EVT-0036206,2026-07-14 00:13:46.209291,0.91774705039988,lstm
DEV-000024,EVT-0036207,2026-07-14 00:16:01.279214,0.6003926043737438,lstm
DEV-000016,EVT-0036208,2026-07-14 00:20:17.277862,0.28149018902772,lstm
DEV-000013,EVT-0036209,2026-07-14 00:23:46.981464,0.7365559341056869,lstm
SVC-000056,EVT-0036210,2026-07-14 00:24:50.848157,0.7023881637451117,lstm
DEV-000016,EVT-0036211,2026-07-14 00:25:31.163002,0.6727831442682042,lstm
SVC-000056,EVT-0036212,2026-07-14 00:27:05.589201,0.7337797717637385,lstm
SVC-000041,EVT-0036213,2026-07-14 00:28:23.247623,0.44414458947931523,lstm
SVC-000041,EVT-0036214,2026-07-14 00:30:29.699730,0.5239219329129924,lstm
SVC-000059,EVT-0036215,2026-07-14 00:35:20.770022,0.2855921256699997,lstm
DEV-000003,EVT-0036216,2026-07-14 00:35:27.810779,0.46660544420275496,lstm
SVC-000041,EVT-0036217,2026-07-14 00:35:28.686685,0.7079735089212803,lstm
USR-000106,EVT-0036218,2026-07-14 00:39:48.367852,0.5054523746672054,lstm
USR-000088,EVT-0036219,2026-07-14 00:40:35.193614,0.28120533073884113,lstm
DEV-000013,EVT-0036220,2026-07-14 00:41:40.144441,0.9261382570721918,lstm
DEV-000021,EVT-0036221,2026-07-14 00:44:03.143257,0.6840825739213879,lstm
SVC-000041,EVT-0036222,2026-07-14 00:46:03.187618,0.5177272367423764,lstm
SVC-000056,EVT-0036223,2026-07-14 00:51:23.193087,0.42327872045406995,lstm
DEV-000002,EVT-0036224,2026-07-14 00:59:33.996300,0.6364770630945871,lstm
SVC-000056,EVT-0036225,2026-07-14 00:59:45.613263,0.5389093707367855,lstm
SVC-000041,EVT-0036226,2026-07-14 01:00:37.443374,0.7117164818377275,lstm
DEV-000014,EVT-0036227,2026-07-14 01:05:51.566840,0.3909177528597774,lstm
USR-000106,EVT-0036228,2026-07-14 01:07:09.766603,0.23505793829030397,lstm
DEV-000002,EVT-0036229,2026-07-14 01:07:59.983002,0.6975694208949654,lstm
USR-000150,EVT-0036230,2026-07-14 01:12:05.070717,0.4070495942453344,lstm
SVC-000056,EVT-0036231,2026-07-14 01:14:23.118489,0.5262025046563388,lstm
USR-000124,EVT-0036232,2026-07-14 01:20:25.734230,0.554378308393504,lstm
DEV-000022,EVT-0036233,2026-07-14 01:24:03.250785,0.95994411270023,lstm
SVC-000056,EVT-0036234,2026-07-14 01:25:43.155005,0.8260403532466252,lstm
USR-000122,EVT-0036235,2026-07-14 01:29:11.412175,1.0,lstm
SVC-000041,EVT-0036236,2026-07-14 01:29:16.138828,0.4717660318192489,lstm
SVC-000056,EVT-0036237,2026-07-14 01:36:06.404904,0.41691712048217816,lstm
SVC-000041,EVT-0036238,2026-07-14 01:47:10.787833,0.7553910578338687,lstm
USR-000106,EVT-0036239,2026-07-14 01:50:56.320822,0.35234942540339176,lstm
DEV-000013,EVT-0036240,2026-07-14 01:51:08.472532,0.735188284952214,lstm
SVC-000018,EVT-0036241,2026-07-14 01:52:36.026727,0.9921274386984552,lstm
SVC-000041,EVT-0036242,2026-07-14 01:55:04.738255,0.693571619834245,lstm
USR-000150,EVT-0036243,2026-07-14 01:55:40.309511,0.33108715461670085,lstm
SVC-000056,EVT-0036244,2026-07-14 02:04:38.747712,0.5091965364115274,lstm
USR-000124,EVT-0036245,2026-07-14 02:05:23.058395,0.8263325261165758,lstm
SVC-000018,EVT-0036246,2026-07-14 02:10:55.291069,0.5619708086631751,lstm
SVC-000018,EVT-0036247,2026-07-14 02:14:41.842467,0.44570219184582843,lstm
DEV-000008,EVT-0036248,2026-07-14 02:16:53.383017,0.591819659800409,lstm
SVC-000018,EVT-0036249,2026-07-14 02:18:28.424704,0.2795188811445371,lstm
USR-000106,EVT-0036250,2026-07-14 02:23:26.026455,0.23159883667151182,lstm
SVC-000018,EVT-0036251,2026-07-14 02:24:06.415822,0.8661318554663423,lstm
USR-000119,EVT-0036252,2026-07-14 02:26:57.720893,0.9395242645342918,lstm
SVC-000018,EVT-0036253,2026-07-14 02:29:18.282894,0.45181311083129666,lstm
SVC-000018,EVT-0036254,2026-07-14 02:31:32.298246,0.4166960680447914,lstm
DEV-000015,EVT-0036255,2026-07-14 02:33:17.257526,0.6382446002273972,lstm
DEV-000002,EVT-0036256,2026-07-14 02:35:48.583766,0.2970541251124881,lstm
USR-000122,EVT-0036257,2026-07-14 02:38:11.141748,0.9999998107324782,lstm
SVC-000041,EVT-0036258,2026-07-14 02:38:18.570926,0.8736600893801371,lstm
SVC-000018,EVT-0036259,2026-07-14 02:40:01.067594,0.4455113450780209,lstm
SVC-000018,EVT-0036260,2026-07-14 02:40:26.574317,0.5361668683489004,lstm
DEV-000003,EVT-0036261,2026-07-14 02:50:49.514698,0.44943205108591916,lstm
DEV-000026,EVT-0036262,2026-07-14 02:54:22.092502,0.5424537424051731,lstm
SVC-000018,EVT-0036263,2026-07-14 02:56:32.779283,0.3433323713613921,lstm
SVC-000018,EVT-0036264,2026-07-14 02:57:23.997483,0.4064019616473648,lstm
SVC-000018,EVT-0036265,2026-07-14 03:01:44.266809,0.3479703210133123,lstm
SVC-000041,EVT-0036266,2026-07-14 03:03:15.707775,0.6228321969566175,lstm
USR-000122,EVT-0036267,2026-07-14 03:04:27.794956,0.9696889783504702,lstm
DEV-000011,EVT-0036268,2026-07-14 03:05:28.941227,0.46894094198715885,lstm
SVC-000041,EVT-0036269,2026-07-14 03:06:50.488327,0.6959833391854022,lstm
DEV-000002,EVT-0036270,2026-07-14 03:07:33.211497,0.29905588063816546,lstm
DEV-000003,EVT-0036271,2026-07-14 03:16:23.231551,0.527805164254678,lstm
SVC-000018,EVT-0036272,2026-07-14 03:23:17.170871,0.3632903501998563,lstm
USR-000088,EVT-0036273,2026-07-14 03:25:27.100731,0.3480464649112076,lstm
DEV-000001,EVT-0036274,2026-07-14 03:26:21.073844,0.7034114330706147,lstm
SVC-000020,EVT-0036275,2026-07-14 03:33:01.268430,0.9858222718337984,lstm
DEV-000017,EVT-0036276,2026-07-14 03:34:52.811748,0.5250536905453455,lstm
DEV-000021,EVT-0036277,2026-07-14 03:36:41.228979,0.6096627881989872,lstm
DEV-000015,EVT-0036278,2026-07-14 03:38:06.898782,0.6180913455466549,lstm
DEV-000018,EVT-0036279,2026-07-14 03:38:23.383311,0.7482388260148564,lstm
SVC-000018,EVT-0036280,2026-07-14 03:39:54.657563,0.362859818238219,lstm
DEV-000001,EVT-0036281,2026-07-14 03:40:16.800884,0.7816887370544429,lstm
SVC-000041,EVT-0036282,2026-07-14 03:45:26.485706,0.9075024720500212,lstm
DEV-000025,EVT-0036283,2026-07-14 03:46:20.326972,0.6255994406049283,lstm
SVC-000019,EVT-0036284,2026-07-14 03:51:03.469314,0.9751938168158928,lstm
USR-000113,EVT-0036285,2026-07-14 03:54:04.857356,0.6621029992725951,lstm
DEV-000016,EVT-0036286,2026-07-14 03:54:40.569750,0.1947748310751032,lstm
SVC-000007,EVT-0036287,2026-07-14 03:59:49.643357,0.9957729712433905,lstm
DEV-000003,EVT-0036288,2026-07-14 04:09:57.753008,0.38385284222090665,lstm
SVC-000019,EVT-0036289,2026-07-14 04:21:26.997001,0.29414569177318106,lstm
SVC-000018,EVT-0036290,2026-07-14 04:27:53.499740,0.7716047583308302,lstm
DEV-000007,EVT-0036291,2026-07-14 04:29:27.763446,0.4926270690374333,lstm
SVC-000007,EVT-0036292,2026-07-14 04:32:09.525653,0.37800852374217664,lstm
SVC-000019,EVT-0036293,2026-07-14 04:32:30.999498,0.24245406989865473,lstm
SVC-000007,EVT-0036294,2026-07-14 04:35:52.550582,0.32008685479039695,lstm
SVC-000020,EVT-0036295,2026-07-14 04:37:55.191592,0.4884249243587183,lstm
SVC-000020,EVT-0036296,2026-07-14 04:38:50.932176,0.923172756479035,lstm
SVC-000007,EVT-0036297,2026-07-14 04:40:08.035878,0.2797975774104871,lstm
SVC-000020,EVT-0036298,2026-07-14 04:41:06.318317,0.5863059364944527,lstm
SVC-000019,EVT-0036299,2026-07-14 04:41:52.481505,0.24319536838960706,lstm
USR-000036,EVT-0036300,2026-07-14 04:42:44.829747,0.5343198333679021,lstm
SVC-000015,EVT-0036301,2026-07-14 04:46:26.979648,0.991015276107363,lstm
SVC-000009,EVT-0036302,2026-07-14 04:47:12.913775,0.9987820872857431,lstm
SVC-000015,EVT-0036303,2026-07-14 04:49:09.893746,0.48051544822275033,lstm
SVC-000007,EVT-0036304,2026-07-14 04:50:06.562215,0.39583573728054006,lstm
USR-000041,EVT-0036305,2026-07-14 04:50:51.947032,0.892975513957685,lstm
USR-000153,EVT-0036306,2026-07-14 04:55:23.308129,0.6597412370349531,lstm
SVC-000019,EVT-0036307,2026-07-14 04:56:52.363447,0.5340029227000036,lstm
SVC-000019,EVT-0036308,2026-07-14 04:57:25.611770,0.47077774681546447,lstm
SVC-000007,EVT-0036309,2026-07-14 04:58:52.843617,0.35252473348619034,lstm
SVC-000007,EVT-0036310,2026-07-14 05:00:12.193560,0.5457231392615236,lstm
SVC-000015,EVT-0036311,2026-07-14 05:08:01.521253,0.43596114931946034,lstm
SVC-000015,EVT-0036312,2026-07-14 05:08:49.612699,0.9367269437174813,lstm
SVC-000007,EVT-0036313,2026-07-14 05:11:46.107260,0.2775850233525944,lstm
USR-000124,EVT-0036314,2026-07-14 05:26:33.000000,0.44312836288065044,lstm
SVC-000019,EVT-0036315,2026-07-14 05:28:28.203527,0.26755246533593363,lstm
DEV-000026,EVT-0036316,2026-07-14 05:28:51.647297,0.6072990214108643,lstm
SVC-000009,EVT-0036317,2026-07-14 05:35:34.921081,0.6647155816141803,lstm
USR-000164,EVT-0036318,2026-07-14 05:37:25.715353,0.5556366532741454,lstm
SVC-000007,EVT-0036319,2026-07-14 05:40:10.000651,0.43771491225845244,lstm
SVC-000031,EVT-0036320,2026-07-14 05:40:31.543933,0.9626780540249201,lstm
DEV-000001,EVT-0036321,2026-07-14 05:44:11.238223,0.485347949238578,lstm
SVC-000007,EVT-0036322,2026-07-14 05:45:29.377437,0.3481982527566559,lstm
SVC-000031,EVT-0036323,2026-07-14 05:47:16.255143,0.5124071443133931,lstm
DEV-000016,EVT-0036324,2026-07-14 05:50:04.699205,0.24698965126730513,lstm
SVC-000007,EVT-0036325,2026-07-14 05:50:39.480880,0.2697321815212594,lstm
USR-000119,EVT-0036326,2026-07-14 05:51:18.503921,0.8036913596480771,lstm
SVC-000019,EVT-0036327,2026-07-14 05:51:20.615262,0.2803865528275146,lstm
DEV-000014,EVT-0036328,2026-07-14 05:52:23.861638,0.5613559157433037,lstm
SVC-000031,EVT-0036329,2026-07-14 05:52:33.162736,0.4647220627369849,lstm
DEV-000007,EVT-0036330,2026-07-14 05:57:34.666159,0.19717556187651686,lstm
DEV-000009,EVT-0036331,2026-07-14 06:01:20.840261,0.6343734427391817,lstm
USR-000162,EVT-0036332,2026-07-14 06:01:26.419419,0.41455005155086516,lstm
USR-000171,EVT-0036333,2026-07-14 06:02:06.342258,0.7487548288607125,lstm
SVC-000019,EVT-0036334,2026-07-14 06:05:35.770263,0.24084509791874076,lstm
USR-000059,EVT-0036335,2026-07-14 06:05:55.398736,0.9176588925269314,lstm
DEV-000006,EVT-0036336,2026-07-14 06:08:57.421052,0.5920182201044809,lstm
SVC-000019,EVT-0036337,2026-07-14 06:11:36.476514,0.3192354056949829,lstm
USR-000036,EVT-0036338,2026-07-14 06:11:46.681867,0.276177704464099,lstm
SVC-000009,EVT-0036339,2026-07-14 06:13:22.970062,0.47092960837185033,lstm
SVC-000031,EVT-0036340,2026-07-14 06:14:51.586504,0.3631535554948574,lstm
SVC-000020,EVT-0036341,2026-07-14 06:15:19.141329,0.4464402486555679,lstm
SVC-000019,EVT-0036342,2026-07-14 06:15:28.646615,0.3030584994402087,lstm
DEV-000008,EVT-0036343,2026-07-14 06:15:47.999694,0.5284598097171789,lstm
SVC-000009,EVT-0036344,2026-07-14 06:19:48.207451,0.47962404187192303,lstm
SVC-000009,EVT-0036345,2026-07-14 06:23:07.896487,0.5605904375586506,lstm
USR-000182,EVT-0036346,2026-07-14 06:24:02.147777,0.5841173371147417,lstm
DEV-000007,EVT-0036347,2026-07-14 06:26:40.694678,0.19092394034455043,lstm
SVC-000055,EVT-0036348,2026-07-14 06:27:12.715799,0.9779108837538902,lstm
DEV-000013,EVT-0036349,2026-07-14 06:27:39.333748,0.7133080704604235,lstm
SVC-000055,EVT-0036350,2026-07-14 06:29:51.091720,0.9128864337852332,lstm
SVC-000009,EVT-0036351,2026-07-14 06:30:04.890637,0.5563777219106939,lstm
DEV-000017,EVT-0036352,2026-07-14 06:30:39.705529,0.31436019061133463,lstm
SVC-000009,EVT-0036353,2026-07-14 06:31:55.874966,0.6336967865518588,lstm
SVC-000009,EVT-0036354,2026-07-14 06:32:49.104916,0.5188702340862481,lstm
USR-000014,EVT-0036355,2026-07-14 06:37:11.788230,0.544301799410939,lstm
USR-000115,EVT-0036356,2026-07-14 06:37:38.553377,0.8646286615510557,lstm
USR-000199,EVT-0036357,2026-07-14 06:38:04.047689,0.547280555078254,lstm
DEV-000007,EVT-0036358,2026-07-14 06:38:21.725870,0.33663740400704906,lstm
SVC-000009,EVT-0036359,2026-07-14 06:39:48.282745,0.3940139841285078,lstm
SVC-000009,EVT-0036360,2026-07-14 06:41:33.376290,0.49204880615149893,lstm
SVC-000055,EVT-0036361,2026-07-14 06:43:34.429641,0.3623982422619243,lstm
USR-000093,EVT-0036362,2026-07-14 06:46:53.734254,0.4406003113108481,lstm
USR-000119,EVT-0036363,2026-07-14 06:48:43.994161,0.8642304228026997,lstm
USR-000009,EVT-0036364,2026-07-14 06:51:30.212466,0.6929548247964097,lstm
SVC-000031,EVT-0036365,2026-07-14 06:53:57.450003,0.3237948829879116,lstm
SVC-000031,EVT-0036366,2026-07-14 06:55:42.994448,0.4376770897874568,lstm
USR-000014,EVT-0036367,2026-07-14 06:56:59.441487,0.5859509532404172,lstm
SVC-000031,EVT-0036368,2026-07-14 06:57:01.402291,0.4254298607669733,lstm
SVC-000040,EVT-0036369,2026-07-14 06:58:34.427569,0.9994499531343928,lstm
USR-000142,EVT-0036370,2026-07-14 06:59:39.842822,0.634483519976311,lstm
USR-000009,EVT-0036371,2026-07-14 07:00:00.140431,0.5863168402817861,lstm
SVC-000031,EVT-0036372,2026-07-14 07:00:25.980623,0.31519684411503157,lstm
DEV-000008,EVT-0036373,2026-07-14 07:00:32.822884,0.363608504138821,lstm
DEV-000010,EVT-0036374,2026-07-14 07:01:00.571435,0.8210008874574812,lstm
USR-000162,EVT-0036375,2026-07-14 07:01:12.383443,0.34666102200278925,lstm
SVC-000031,EVT-0036376,2026-07-14 07:04:21.945852,0.3055587571969633,lstm
SVC-000055,EVT-0036377,2026-07-14 07:07:07.100916,0.2994853639437106,lstm
USR-000105,EVT-0036378,2026-07-14 07:08:15.511340,0.8357008539508315,lstm
SVC-000055,EVT-0036379,2026-07-14 07:10:49.656426,0.4632167976769681,lstm
USR-000036,EVT-0036380,2026-07-14 07:14:16.021339,0.3076329719515851,lstm
SVC-000031,EVT-0036381,2026-07-14 07:16:57.223684,0.46494100359094126,lstm
SVC-000055,EVT-0036382,2026-07-14 07:17:12.010712,0.6215702216141035,lstm
DEV-000006,EVT-0036383,2026-07-14 07:18:55.327956,0.3253978680893342,lstm
SVC-000040,EVT-0036384,2026-07-14 07:19:42.290156,0.5846231347022122,lstm
SVC-000011,EVT-0036385,2026-07-14 07:19:59.615324,0.9985866502111689,lstm
SVC-000055,EVT-0036386,2026-07-14 07:22:23.657090,0.3946641143683089,lstm
USR-000036,EVT-0036387,2026-07-14 07:24:24.847130,0.38663273757136307,lstm
DEV-000017,EVT-0036388,2026-07-14 07:24:43.752936,0.2764010192011582,lstm
USR-000156,EVT-0036389,2026-07-14 07:26:17.648936,0.7440115118160631,lstm
SVC-000011,EVT-0036390,2026-07-14 07:26:57.190445,0.390043583650141,lstm
SVC-000055,EVT-0036391,2026-07-14 07:28:03.491375,0.2932243297767242,lstm
SVC-000055,EVT-0036392,2026-07-14 07:28:53.027483,0.7440492463031321,lstm
USR-000124,EVT-0036393,2026-07-14 07:29:37.599367,1.0,lstm
SVC-000030,EVT-0036394,2026-07-14 07:30:59.101947,0.9743317456735641,lstm
USR-000137,EVT-0036395,2026-07-14 07:32:06.579730,0.7572235399585507,lstm
USR-000093,EVT-0036396,2026-07-14 07:35:21.564568,0.3870143455277958,lstm
USR-000022,EVT-0036397,2026-07-14 07:36:40.894345,0.6366002633512666,lstm
SVC-000031,EVT-0036398,2026-07-14 07:38:11.322026,0.29566806154999054,lstm
SVC-000011,EVT-0036399,2026-07-14 07:38:23.738949,0.4732658284677211,lstm
SVC-000011,EVT-0036400,2026-07-14 07:39:16.853800,0.4587652557915788,lstm
USR-000071,EVT-0036401,2026-07-14 07:41:29.341240,0.5854217451199188,lstm
SVC-000011,EVT-0036402,2026-07-14 07:41:38.593287,0.3347553917765738,lstm
USR-000135,EVT-0036403,2026-07-14 07:41:48.101082,0.757566315159455,lstm
DEV-000016,EVT-0036404,2026-07-14 07:44:26.025435,0.3099135567480807,lstm
DEV-000016,EVT-0036405,2026-07-14 07:45:05.166125,0.9488458148646048,lstm
USR-000013,EVT-0036406,2026-07-14 07:45:37.119173,0.5396365017020003,lstm
SVC-000031,EVT-0036407,2026-07-14 07:45:59.026422,0.4921003643228309,lstm
DEV-000013,EVT-0036408,2026-07-14 07:47:15.286827,0.4056832117767849,lstm
USR-000116,EVT-0036409,2026-07-14 07:48:08.031850,0.3857453522016258,lstm
DEV-000011,EVT-0036410,2026-07-14 07:48:40.968023,0.25681840721550914,lstm
SVC-000011,EVT-0036411,2026-07-14 07:48:43.195995,0.3108020779536937,lstm
USR-000171,EVT-0036412,2026-07-14 07:49:46.914656,0.30643533509360327,lstm
USR-000007,EVT-0036413,2026-07-14 07:53:00.633363,0.36737980954063604,lstm
USR-000135,EVT-0036414,2026-07-14 07:57:01.168114,0.8330753998320448,lstm
USR-000207,EVT-0036415,2026-07-14 07:57:23.524876,0.7317633622819534,lstm
DEV-000019,EVT-0036416,2026-07-14 07:59:47.049852,1.0,lstm
DEV-000019,EVT-0036417,2026-07-14 08:00:26.617578,1.0,lstm
DEV-000019,EVT-0036418,2026-07-14 08:02:01.365607,1.0,lstm
DEV-000019,EVT-0036419,2026-07-14 08:02:53.407072,0.9999999999715457,lstm
DEV-000019,EVT-0036420,2026-07-14 08:05:24.286202,0.9999999988311028,lstm
DEV-000001,EVT-0036421,2026-07-14 08:06:05.686595,0.4159997180183239,lstm
DEV-000019,EVT-0036422,2026-07-14 08:06:41.982886,0.9999999974584626,lstm
SVC-000055,EVT-0036423,2026-07-14 08:07:32.157403,0.4473242059517012,lstm
DEV-000010,EVT-0036424,2026-07-14 08:09:19.928629,0.6033929225937692,lstm
USR-000007,EVT-0036425,2026-07-14 08:10:14.638853,0.5720676163977275,lstm
SVC-000024,EVT-0036426,2026-07-14 08:10:29.348733,0.9910564513020603,lstm
SVC-000011,EVT-0036427,2026-07-14 08:12:09.201429,0.3227361144970473,lstm
SVC-000011,EVT-0036428,2026-07-14 08:13:43.823964,0.3682312203198155,lstm
SVC-000030,EVT-0036429,2026-07-14 08:13:58.820451,0.5465218976421896,lstm
SVC-000055,EVT-0036430,2026-07-14 08:15:08.331582,0.5674814448680682,lstm
USR-000059,EVT-0036431,2026-07-14 08:15:43.024039,0.3355503529409886,lstm
SVC-000030,EVT-0036432,2026-07-14 08:16:26.525116,0.9415575292986927,lstm
USR-000014,EVT-0036433,2026-07-14 08:17:06.093704,0.35508133715930673,lstm
USR-000010,EVT-0036434,2026-07-14 08:22:50.405070,0.4126726343179527,lstm
SVC-000030,EVT-0036435,2026-07-14 08:23:11.295711,0.5047943193690552,lstm
USR-000031,EVT-0036436,2026-07-14 08:23:12.463064,0.5109960175825262,lstm
USR-000118,EVT-0036437,2026-07-14 08:23:29.240599,0.7031047959252119,lstm
SVC-000053,EVT-0036438,2026-07-14 08:23:33.418431,0.9796019349746795,lstm
SVC-000039,EVT-0036439,2026-07-14 08:24:15.878424,0.9991845272760143,lstm
SVC-000040,EVT-0036440,2026-07-14 08:25:00.309442,0.38654349888418976,lstm
DEV-000016,EVT-0036441,2026-07-14 08:25:08.947846,0.3083599183206289,lstm
USR-000182,EVT-0036442,2026-07-14 08:26:18.859495,0.2892695794920382,lstm
DEV-000013,EVT-0036443,2026-07-14 08:26:25.373911,0.49828168079592283,lstm
USR-000102,EVT-0036444,2026-07-14 08:27:14.233820,0.6015762328892713,lstm
SVC-000055,EVT-0036445,2026-07-14 08:27:40.184738,0.2769409075215309,lstm
USR-000036,EVT-0036446,2026-07-14 08:31:02.408720,0.31833703325286383,lstm
USR-000013,EVT-0036447,2026-07-14 08:31:14.337160,0.5441582959865415,lstm
USR-000053,EVT-0036448,2026-07-14 08:31:40.568844,0.8856308084675245,lstm
USR-000009,EVT-0036449,2026-07-14 08:32:38.071373,0.31583640932404977,lstm
DEV-000021,EVT-0036450,2026-07-14 08:32:43.770208,0.5382238730360169,lstm
SVC-000011,EVT-0036451,2026-07-14 08:32:49.800722,0.36221641820510414,lstm
SVC-000011,EVT-0036452,2026-07-14 08:34:37.681098,0.32310056321375036,lstm
USR-000036,EVT-0036453,2026-07-14 08:35:45.676439,0.5799204507397376,lstm
SVC-000055,EVT-0036454,2026-07-14 08:35:49.108484,0.3315492883620321,lstm
USR-000190,EVT-0036455,2026-07-14 08:36:22.730711,0.7947994162993408,lstm
USR-000013,EVT-0036456,2026-07-14 08:39:33.789724,0.5544395023288572,lstm
SVC-000024,EVT-0036457,2026-07-14 08:41:17.733413,0.47175631921586253,lstm
SVC-000046,EVT-0036458,2026-07-14 08:41:42.291952,0.9977822882992069,lstm
SVC-000053,EVT-0036459,2026-07-14 08:42:05.606959,0.5738965577781747,lstm
SVC-000039,EVT-0036460,2026-07-14 08:42:13.228963,0.7631008771850941,lstm
USR-000059,EVT-0036461,2026-07-14 08:44:13.978428,0.4269627588791509,lstm
SVC-000046,EVT-0036462,2026-07-14 08:47:07.171248,0.4756284265974689,lstm
SVC-000046,EVT-0036463,2026-07-14 08:47:11.375106,0.9332959027504852,lstm
USR-000116,EVT-0036464,2026-07-14 08:48:32.847999,0.3851997493876234,lstm
USR-000022,EVT-0036465,2026-07-14 08:51:39.018297,0.336914793370537,lstm
USR-000182,EVT-0036466,2026-07-14 08:51:49.290685,0.4403203153603153,lstm
USR-000207,EVT-0036467,2026-07-14 08:52:34.774990,0.6046390621172606,lstm
USR-000132,EVT-0036468,2026-07-14 08:53:50.085973,0.5015497470773901,lstm
USR-000009,EVT-0036469,2026-07-14 08:54:14.043077,0.35934347051776494,lstm
SVC-000046,EVT-0036470,2026-07-14 08:54:51.980661,0.3344038504414163,lstm
SVC-000053,EVT-0036471,2026-07-14 08:55:14.096935,0.4432748954558394,lstm
SVC-000046,EVT-0036472,2026-07-14 08:55:53.587055,0.7872089652762554,lstm
DEV-000017,EVT-0036473,2026-07-14 08:55:54.588280,0.18028314246679822,lstm
SVC-000024,EVT-0036474,2026-07-14 08:59:00.090724,0.44565390203462624,lstm
USR-000158,EVT-0036475,2026-07-14 08:59:18.523506,0.8881858807128916,lstm
SVC-000046,EVT-0036476,2026-07-14 08:59:45.527289,0.37469902832845076,lstm
SVC-000046,EVT-0036477,2026-07-14 09:00:08.103235,0.5925312844919615,lstm
SVC-000011,EVT-0036478,2026-07-14 09:00:43.648624,0.4028400565882117,lstm
USR-000023,EVT-0036479,2026-07-14 09:03:13.295289,0.5847241393944651,lstm
SVC-000046,EVT-0036480,2026-07-14 09:04:23.933600,0.4603507030675658,lstm
SVC-000011,EVT-0036481,2026-07-14 09:04:30.514403,0.3755370601612903,lstm
SVC-000013,EVT-0036482,2026-07-14 09:04:35.295613,0.99600297493635,lstm
SVC-000053,EVT-0036483,2026-07-14 09:06:06.515924,0.8623212453589227,lstm
SVC-000053,EVT-0036484,2026-07-14 09:06:10.302902,0.9743909045056774,lstm
SVC-000011,EVT-0036485,2026-07-14 09:08:04.162021,0.7531423753596579,lstm
USR-000068,EVT-0036486,2026-07-14 09:08:18.467123,0.9662911293487982,lstm
DEV-000011,EVT-0036487,2026-07-14 09:09:26.565211,0.2221580328779751,lstm
SVC-000046,EVT-0036488,2026-07-14 09:11:13.633141,0.39223586879931843,lstm
USR-000069,EVT-0036489,2026-07-14 09:13:20.547256,0.5259331426509969,lstm
SVC-000046,EVT-0036490,2026-07-14 09:14:11.976939,0.5950370601072391,lstm
USR-000102,EVT-0036491,2026-07-14 09:14:54.778397,0.4870617272113428,lstm
SVC-000042,EVT-0036492,2026-07-14 09:15:07.384032,0.9860855163117362,lstm
USR-000118,EVT-0036493,2026-07-14 09:15:09.683817,0.22300416414101315,lstm
SVC-000046,EVT-0036494,2026-07-14 09:15:25.550046,0.380727014563863,lstm
SVC-000046,EVT-0036495,2026-07-14 09:15:49.012053,0.8263874431829342,lstm
DEV-000013,EVT-0036496,2026-07-14 09:15:51.777375,0.4340911949659358,lstm
USR-000171,EVT-0036497,2026-07-14 09:15:59.630855,0.24412284224460423,lstm
USR-000207,EVT-0036498,2026-07-14 09:16:00.619955,0.575170244602122,lstm
USR-000103,EVT-0036499,2026-07-14 09:18:02.761111,0.5428682330410914,lstm
DEV-000025,EVT-0036500,2026-07-14 09:18:36.856250,0.5948193103302034,lstm
SVC-000053,EVT-0036501,2026-07-14 09:18:54.206075,0.27420508128046733,lstm
SVC-000024,EVT-0036502,2026-07-14 09:20:11.872634,0.3564766026677646,lstm
USR-000164,EVT-0036503,2026-07-14 09:22:14.158508,0.2946279455008135,lstm
SVC-000008,EVT-0036504,2026-07-14 09:22:25.142607,0.9862940765350502,lstm
USR-000007,EVT-0036505,2026-07-14 09:23:14.245635,0.3011080792322311,lstm
USR-000164,EVT-0036506,2026-07-14 09:24:48.368986,0.5006040051734679,lstm
SVC-000053,EVT-0036507,2026-07-14 09:25:23.295812,0.45057156606194054,lstm
USR-000132,EVT-0036508,2026-07-14 09:25:50.576587,0.4873439944040489,lstm
SVC-000042,EVT-0036509,2026-07-14 09:26:04.732627,0.36660498212081205,lstm
DEV-000001,EVT-0036510,2026-07-14 09:28:53.950862,0.3758804352513712,lstm
USR-000087,EVT-0036511,2026-07-14 09:29:27.469298,0.3558893676975955,lstm
USR-000087,EVT-0036512,2026-07-14 09:29:49.041476,0.6633485525250183,lstm
USR-000190,EVT-0036513,2026-07-14 09:32:16.933056,0.5926350042144207,lstm
DEV-000025,EVT-0036514,2026-07-14 09:32:50.376197,0.5832261359742337,lstm
SVC-000042,EVT-0036515,2026-07-14 09:32:57.810151,0.34585818850781064,lstm
SVC-000050,EVT-0036516,2026-07-14 09:33:47.240956,0.9979844718163632,lstm
USR-000006,EVT-0036517,2026-07-14 09:34:00.016439,0.7647328706583736,lstm
DEV-000012,EVT-0036518,2026-07-14 09:34:31.091269,0.6084423039023777,lstm
USR-000078,EVT-0036519,2026-07-14 09:34:40.916824,0.5551962777483732,lstm
DEV-000003,EVT-0036520,2026-07-14 09:36:24.122471,0.5152888668633938,lstm
USR-000009,EVT-0036521,2026-07-14 09:36:39.637144,0.23459853790053461,lstm
SVC-000013,EVT-0036522,2026-07-14 09:37:22.477245,0.6351944722592476,lstm
USR-000104,EVT-0036523,2026-07-14 09:37:37.438545,0.5817221600122316,lstm
SVC-000046,EVT-0036524,2026-07-14 09:38:57.615831,0.5587500948366398,lstm
SVC-000053,EVT-0036525,2026-07-14 09:39:38.110842,0.5806812672223473,lstm
USR-000171,EVT-0036526,2026-07-14 09:40:36.729894,0.4460602034967266,lstm
USR-000030,EVT-0036527,2026-07-14 09:41:55.972249,0.8025168716949959,lstm
USR-000138,EVT-0036528,2026-07-14 09:41:56.695826,0.4792015224924649,lstm
DEV-000010,EVT-0036529,2026-07-14 09:42:18.038538,0.4115497445352032,lstm
SVC-000016,EVT-0036530,2026-07-14 09:42:48.077901,0.9871006953058414,lstm
USR-000019,EVT-0036531,2026-07-14 09:44:45.808626,0.907221571233859,lstm
USR-000013,EVT-0036532,2026-07-14 09:44:46.287269,0.2451896043515894,lstm
SVC-000042,EVT-0036533,2026-07-14 09:48:03.392297,0.285036431525756,lstm
SVC-000050,EVT-0036534,2026-07-14 09:49:06.788720,0.7286516075255914,lstm
USR-000031,EVT-0036535,2026-07-14 09:49:25.836137,0.3307809020648379,lstm
SVC-000039,EVT-0036536,2026-07-14 09:49:42.063371,0.711310335649361,lstm
SVC-000008,EVT-0036537,2026-07-14 09:50:04.542336,0.5859684861593111,lstm
USR-000017,EVT-0036538,2026-07-14 09:51:46.714418,0.607574454895374,lstm
SVC-000013,EVT-0036539,2026-07-14 09:52:06.830455,0.52045577490128,lstm
USR-000177,EVT-0036540,2026-07-14 09:54:58.883664,0.286864276958133,lstm
USR-000069,EVT-0036541,2026-07-14 09:56:05.014111,0.25742667531445174,lstm
USR-000009,EVT-0036542,2026-07-14 09:56:14.381415,0.4788435745362912,lstm
USR-000093,EVT-0036543,2026-07-14 09:56:47.877043,0.32861844938263035,lstm
USR-000138,EVT-0036544,2026-07-14 09:57:16.656403,0.32451853799873204,lstm
SVC-000013,EVT-0036545,2026-07-14 09:57:47.460888,0.6349572556837065,lstm
USR-000157,EVT-0036546,2026-07-14 09:58:06.305822,0.8245710596906644,lstm
SVC-000024,EVT-0036547,2026-07-14 09:58:21.572432,0.34737919358029573,lstm
SVC-000013,EVT-0036548,2026-07-14 10:01:12.563367,0.5063715606946632,lstm
USR-000135,EVT-0036549,2026-07-14 10:01:24.078156,0.5862434403823941,lstm
USR-000059,EVT-0036550,2026-07-14 10:02:29.534848,0.5176482418971765,lstm
SVC-000013,EVT-0036551,2026-07-14 10:04:43.138768,0.4108602259229156,lstm
SVC-000024,EVT-0036552,2026-07-14 10:05:43.865731,0.3356217138729071,lstm
SVC-000013,EVT-0036553,2026-07-14 10:06:15.461508,0.42081152166416413,lstm
USR-000021,EVT-0036554,2026-07-14 10:06:28.603259,0.6565755503944654,lstm
USR-000173,EVT-0036555,2026-07-14 10:06:34.651276,0.4302145876548453,lstm
SVC-000053,EVT-0036556,2026-07-14 10:07:08.651926,0.5495894076464056,lstm
SVC-000013,EVT-0036557,2026-07-14 10:07:24.075441,0.480498505925907,lstm
SVC-000039,EVT-0036558,2026-07-14 10:07:30.019103,0.5305321776526657,lstm
SVC-000024,EVT-0036559,2026-07-14 10:07:32.277695,0.5426392568762674,lstm
USR-000112,EVT-0036560,2026-07-14 10:08:28.047401,0.5422563616689986,lstm
SVC-000042,EVT-0036561,2026-07-14 10:08:47.307718,0.23034293123292188,lstm
USR-000177,EVT-0036562,2026-07-14 10:11:02.626901,0.4205290690396974,lstm
SVC-000013,EVT-0036563,2026-07-14 10:11:15.574124,0.3572771911872921,lstm
DEV-000001,EVT-0036564,2026-07-14 10:11:18.544826,0.329890009072595,lstm
USR-000063,EVT-0036565,2026-07-14 10:12:21.181328,0.39903309951966454,lstm
DEV-000024,EVT-0036566,2026-07-14 10:13:15.495402,0.4996976093395938,lstm
SVC-000050,EVT-0036567,2026-07-14 10:15:04.487240,0.5777155705235986,lstm
USR-000142,EVT-0036568,2026-07-14 10:15:23.584737,0.3276629534799534,lstm
USR-000199,EVT-0036569,2026-07-14 10:15:31.149361,0.3739629977652994,lstm
USR-000177,EVT-0036570,2026-07-14 10:17:27.742183,0.49762718789304666,lstm
USR-000010,EVT-0036571,2026-07-14 10:17:35.758264,0.31329249199744363,lstm
USR-000129,EVT-0036572,2026-07-14 10:17:43.447305,0.5123562211814557,lstm
USR-000036,EVT-0036573,2026-07-14 10:17:52.110362,0.2971925726390471,lstm
SVC-000024,EVT-0036574,2026-07-14 10:18:19.054214,0.7027122168158391,lstm
SVC-000053,EVT-0036575,2026-07-14 10:18:49.393379,0.3130769476735274,lstm
SVC-000016,EVT-0036576,2026-07-14 10:19:14.384457,0.43284408970043253,lstm
USR-000069,EVT-0036577,2026-07-14 10:21:23.358612,0.35022414844658545,lstm
SVC-000013,EVT-0036578,2026-07-14 10:21:34.057183,0.5505611178572709,lstm
USR-000031,EVT-0036579,2026-07-14 10:22:07.991389,0.38320676507193,lstm
SVC-000039,EVT-0036580,2026-07-14 10:23:19.245851,0.34656023124089647,lstm
SVC-000008,EVT-0036581,2026-07-14 10:23:20.930213,0.4467994760343365,lstm
DEV-000007,EVT-0036582,2026-07-14 10:23:23.096788,0.17753324516653565,lstm
SVC-000042,EVT-0036583,2026-07-14 10:23:34.333306,0.2583920314596703,lstm
USR-000132,EVT-0036584,2026-07-14 10:23:59.446341,0.5233124886271298,lstm
USR-000057,EVT-0036585,2026-07-14 10:25:02.505565,0.4804754031479978,lstm
SVC-000016,EVT-0036586,2026-07-14 10:25:20.281447,0.7396435448931828,lstm
SVC-000008,EVT-0036587,2026-07-14 10:25:47.775922,0.6597123406144089,lstm
USR-000086,EVT-0036588,2026-07-14 10:25:48.484660,0.6076287362416316,lstm
USR-000022,EVT-0036589,2026-07-14 10:26:57.996591,0.23798620247238653,lstm
SVC-000008,EVT-0036590,2026-07-14 10:28:13.250959,0.7979457622204819,lstm
SVC-000013,EVT-0036591,2026-07-14 10:29:32.038625,0.42797957377624124,lstm
USR-000206,EVT-0036592,2026-07-14 10:31:43.429187,0.6834446769653211,lstm
SVC-000024,EVT-0036593,2026-07-14 10:31:55.274220,0.7079297246623065,lstm
USR-000162,EVT-0036594,2026-07-14 10:32:17.696146,0.2567840777912241,lstm
SVC-000001,EVT-0036595,2026-07-14 10:32:47.330271,0.9870515960419854,lstm
SVC-000013,EVT-0036596,2026-07-14 10:33:36.943266,0.48173722188353657,lstm
SVC-000039,EVT-0036597,2026-07-14 10:33:46.192066,0.4835918816878261,lstm
SVC-000013,EVT-0036598,2026-07-14 10:33:56.188008,0.5869501632670879,lstm
USR-000125,EVT-0036599,2026-07-14 10:34:13.043847,0.738904182064568,lstm
DEV-000008,EVT-0036600,2026-07-14 10:34:26.495744,0.4140680495926235,lstm
USR-000023,EVT-0036601,2026-07-14 10:35:26.070319,0.36862784431004003,lstm
SVC-000008,EVT-0036602,2026-07-14 10:35:58.173481,0.6092154945299751,lstm
SVC-000024,EVT-0036603,2026-07-14 10:36:46.860330,0.5194968330973359,lstm
SVC-000013,EVT-0036604,2026-07-14 10:36:49.010642,0.43698109647747935,lstm
SVC-000008,EVT-0036605,2026-07-14 10:36:52.624410,0.7455723278614387,lstm
DEV-000008,EVT-0036606,2026-07-14 10:41:35.459834,0.6871831320912056,lstm
SVC-000039,EVT-0036607,2026-07-14 10:45:05.276918,0.3285421254050692,lstm
USR-000127,EVT-0036608,2026-07-14 10:45:55.324687,0.483343292899354,lstm
SVC-000039,EVT-0036609,2026-07-14 10:46:18.230383,0.8394213984571096,lstm
USR-000008,EVT-0036610,2026-07-14 10:46:31.503865,0.6964841835786294,lstm
USR-000148,EVT-0036611,2026-07-14 10:46:37.384833,0.7581442680274503,lstm
SVC-000024,EVT-0036612,2026-07-14 10:46:50.848663,0.45365285749272255,lstm
USR-000064,EVT-0036613,2026-07-14 10:46:59.826660,0.5154078573791601,lstm
USR-000171,EVT-0036614,2026-07-14 10:48:14.119932,0.40833076567902726,lstm
USR-000171,EVT-0036615,2026-07-14 10:48:28.273926,0.7150093464643573,lstm
USR-000127,EVT-0036616,2026-07-14 10:48:32.364563,0.5359423449730862,lstm
USR-000194,EVT-0036617,2026-07-14 10:49:33.521903,0.6587272950218512,lstm
DEV-000023,EVT-0036618,2026-07-14 10:50:01.174932,0.6333960678395695,lstm
USR-000171,EVT-0036619,2026-07-14 10:50:03.505906,0.6403658584295674,lstm
SVC-000013,EVT-0036620,2026-07-14 10:52:26.415326,0.45115516391298577,lstm
USR-000022,EVT-0036621,2026-07-14 10:52:30.575945,0.25897075524823476,lstm
SVC-000024,EVT-0036622,2026-07-14 10:52:31.236623,0.4699682058753738,lstm
SVC-000039,EVT-0036623,2026-07-14 10:52:39.726556,0.36001584995091346,lstm
USR-000171,EVT-0036624,2026-07-14 10:53:54.104101,0.4699328664373861,lstm
SVC-000013,EVT-0036625,2026-07-14 10:54:10.008087,0.44454154534368917,lstm
SVC-000039,EVT-0036626,2026-07-14 10:55:57.629101,0.3762646073284967,lstm
SVC-000016,EVT-0036627,2026-07-14 10:56:17.529382,0.3823734243061989,lstm
USR-000199,EVT-0036628,2026-07-14 10:56:27.629255,0.37393632002569976,lstm
SVC-000013,EVT-0036629,2026-07-14 10:56:55.439125,0.7088366084696366,lstm
SVC-000039,EVT-0036630,2026-07-14 10:58:57.138644,0.3829580753994794,lstm
USR-000123,EVT-0036631,2026-07-14 11:01:01.420565,0.4161229200240366,lstm
SVC-000024,EVT-0036632,2026-07-14 11:01:11.031644,0.36745034246204356,lstm
USR-000195,EVT-0036633,2026-07-14 11:01:36.772993,0.7859219809098622,lstm
USR-000156,EVT-0036634,2026-07-14 11:03:17.716230,0.41619722344122095,lstm
USR-000103,EVT-0036635,2026-07-14 11:03:24.819174,0.4587377771959378,lstm
USR-000206,EVT-0036636,2026-07-14 11:04:07.979034,0.3588433791544607,lstm
USR-000082,EVT-0036637,2026-07-14 11:04:14.793284,0.5877628255857138,lstm
USR-000029,EVT-0036638,2026-07-14 11:05:05.581628,0.6378718669015021,lstm
USR-000190,EVT-0036639,2026-07-14 11:06:54.346557,0.30860719809468545,lstm
USR-000053,EVT-0036640,2026-07-14 11:07:50.866362,0.5096469118295173,lstm
USR-000130,EVT-0036641,2026-07-14 11:08:21.651716,0.7911784150803255,lstm
USR-000127,EVT-0036642,2026-07-14 11:12:19.270950,0.25932897645261554,lstm
USR-000014,EVT-0036643,2026-07-14 11:15:02.341292,0.4987930586095179,lstm
SVC-000008,EVT-0036644,2026-07-14 11:15:15.597045,0.4616895148958316,lstm
USR-000132,EVT-0036645,2026-07-14 11:16:39.715907,0.39363430191406584,lstm
USR-000069,EVT-0036646,2026-07-14 11:17:35.702602,0.371273602513258,lstm
USR-000037,EVT-0036647,2026-07-14 11:17:39.716064,0.9202227551075676,lstm
USR-000160,EVT-0036648,2026-07-14 11:20:00.984387,0.7781946795964699,lstm
DEV-000026,EVT-0036649,2026-07-14 11:20:45.292342,0.6323558994213632,lstm
DEV-000009,EVT-0036650,2026-07-14 11:21:45.136208,0.32078125792778883,lstm
USR-000111,EVT-0036651,2026-07-14 11:23:30.472991,0.33717813455479234,lstm
USR-000097,EVT-0036652,2026-07-14 11:25:10.921770,0.6072976352543208,lstm
USR-000158,EVT-0036653,2026-07-14 11:25:25.671227,0.5591449387381344,lstm
USR-000095,EVT-0036654,2026-07-14 11:25:31.928435,0.4491979937087166,lstm
USR-000162,EVT-0036655,2026-07-14 11:25:36.606771,0.24516189936214944,lstm
DEV-000011,EVT-0036656,2026-07-14 11:26:31.815043,0.2743153729262604,lstm
USR-000130,EVT-0036657,2026-07-14 11:27:14.936570,0.4193809321305089,lstm
USR-000030,EVT-0036658,2026-07-14 11:30:00.366596,0.42078163689954434,lstm
USR-000069,EVT-0036659,2026-07-14 11:31:53.721638,0.4238395103980041,lstm
USR-000069,EVT-0036660,2026-07-14 11:32:37.942498,0.6725421288327177,lstm
USR-000014,EVT-0036661,2026-07-14 11:33:21.062791,0.47253222657875976,lstm
SVC-000008,EVT-0036662,2026-07-14 11:33:41.067795,0.4091618318143336,lstm
SVC-000013,EVT-0036663,2026-07-14 11:33:58.688101,0.7560924065062281,lstm
USR-000111,EVT-0036664,2026-07-14 11:34:16.119822,0.44164821163547285,lstm
USR-000008,EVT-0036665,2026-07-14 11:34:55.002395,0.33312925107952035,lstm
USR-000168,EVT-0036666,2026-07-14 11:36:17.013977,0.6336986475313828,lstm
USR-000177,EVT-0036667,2026-07-14 11:36:33.248891,0.3019944405840038,lstm
USR-000061,EVT-0036668,2026-07-14 11:37:02.563867,0.700160091380407,lstm
USR-000138,EVT-0036669,2026-07-14 11:37:16.004700,0.260475207816005,lstm
USR-000140,EVT-0036670,2026-07-14 11:37:38.454709,0.6489797191920919,lstm
USR-000157,EVT-0036671,2026-07-14 11:39:58.242446,0.5610144662376451,lstm
SVC-000008,EVT-0036672,2026-07-14 11:40:35.569132,0.5359957860581649,lstm
SVC-000001,EVT-0036673,2026-07-14 11:41:06.300955,0.5415324111324417,lstm
USR-000021,EVT-0036674,2026-07-14 11:41:55.518567,0.40196343886149616,lstm
USR-000115,EVT-0036675,2026-07-14 11:43:32.084485,0.3643218916575235,lstm
USR-000118,EVT-0036676,2026-07-14 11:46:36.235362,0.25170141163810994,lstm
USR-000209,EVT-0036677,2026-07-14 11:47:17.059438,0.6214918234419665,lstm
USR-000029,EVT-0036678,2026-07-14 11:48:57.904423,0.354741304817675,lstm
USR-000086,EVT-0036679,2026-07-14 11:50:35.156279,0.2513312970068284,lstm
USR-000178,EVT-0036680,2026-07-14 11:52:14.926511,0.37923752133426625,lstm
USR-000137,EVT-0036681,2026-07-14 11:55:28.661895,0.38074087278913177,lstm
USR-000138,EVT-0036682,2026-07-14 11:56:04.351250,0.44235972768827253,lstm
USR-000014,EVT-0036683,2026-07-14 11:56:43.636284,0.40969485476711565,lstm
USR-000022,EVT-0036684,2026-07-14 11:57:37.998632,0.23287108712490348,lstm
USR-000171,EVT-0036685,2026-07-14 11:58:20.069690,0.5500368876935934,lstm
SVC-000034,EVT-0036686,2026-07-14 11:59:13.523068,0.9270223250560226,lstm
USR-000157,EVT-0036687,2026-07-14 12:00:21.356204,0.37086641718376234,lstm
SVC-000053,EVT-0036688,2026-07-14 12:02:04.693079,0.6900035221003442,lstm
USR-000153,EVT-0036689,2026-07-14 12:02:21.163638,0.5111337670909738,lstm
SVC-000008,EVT-0036690,2026-07-14 12:02:22.007436,0.7975186029148293,lstm
USR-000182,EVT-0036691,2026-07-14 12:02:56.069116,0.3862339249518536,lstm
DEV-000007,EVT-0036692,2026-07-14 12:03:15.018517,0.183780575447032,lstm
SVC-000039,EVT-0036693,2026-07-14 12:05:48.254764,0.7812062306719206,lstm
SVC-000053,EVT-0036694,2026-07-14 12:07:48.395483,0.6953623491082288,lstm
USR-000138,EVT-0036695,2026-07-14 12:10:25.129275,0.3784152654337103,lstm
SVC-000001,EVT-0036696,2026-07-14 12:10:29.755653,0.38861000391745654,lstm
DEV-000018,EVT-0036697,2026-07-14 12:11:10.273223,0.5037187702295921,lstm
USR-000041,EVT-0036698,2026-07-14 12:11:24.965258,0.5541172563161809,lstm
USR-000173,EVT-0036699,2026-07-14 12:12:08.175803,0.28166890026059005,lstm
USR-000120,EVT-0036700,2026-07-14 12:13:43.935300,0.8354061128880668,lstm
USR-000206,EVT-0036701,2026-07-14 12:14:42.416993,0.24769278347059026,lstm
USR-000008,EVT-0036702,2026-07-14 12:14:48.911143,0.3043989974692304,lstm
USR-000132,EVT-0036703,2026-07-14 12:15:14.637470,0.6586210324489685,lstm
USR-000021,EVT-0036704,2026-07-14 12:17:24.112045,0.4449371989540688,lstm
SVC-000001,EVT-0036705,2026-07-14 12:20:01.857391,0.36405649663639844,lstm
SVC-000008,EVT-0036706,2026-07-14 12:20:37.098915,0.5341180136432205,lstm
USR-000032,EVT-0036707,2026-07-14 12:20:48.069300,0.5404732657175633,lstm
USR-000065,EVT-0036708,2026-07-14 12:20:53.821935,0.48949223758295857,lstm
USR-000017,EVT-0036709,2026-07-14 12:22:16.692239,0.24002225326190513,lstm
USR-000129,EVT-0036710,2026-07-14 12:22:50.507905,0.284532882924985,lstm
SVC-000053,EVT-0036711,2026-07-14 12:27:57.013776,0.6977483021996922,lstm
USR-000087,EVT-0036712,2026-07-14 12:28:44.788923,0.2590442855543391,lstm
SVC-000039,EVT-0036713,2026-07-14 12:30:48.498440,0.4100497908399943,lstm
SVC-000001,EVT-0036714,2026-07-14 12:31:58.833267,0.7662369761497305,lstm
USR-000158,EVT-0036715,2026-07-14 12:33:23.984223,0.5612512302786178,lstm
SVC-000050,EVT-0036716,2026-07-14 12:34:05.944134,0.4682611175369789,lstm
USR-000125,EVT-0036717,2026-07-14 12:34:58.775496,0.2740387747863461,lstm
SVC-000039,EVT-0036718,2026-07-14 12:35:39.767399,0.5126888667031164,lstm
USR-000047,EVT-0036719,2026-07-14 12:36:51.524740,0.6461440712637252,lstm
USR-000129,EVT-0036720,2026-07-14 12:36:53.162470,0.2607469292611364,lstm
USR-000125,EVT-0036721,2026-07-14 12:37:04.030029,0.6356630043312586,lstm
SVC-000053,EVT-0036722,2026-07-14 12:37:06.686651,0.7230546931628097,lstm
SVC-000017,EVT-0036723,2026-07-14 12:37:19.873990,0.975488752887819,lstm
SVC-000034,EVT-0036724,2026-07-14 12:39:21.766980,0.3156303661877239,lstm
DEV-000013,EVT-0036725,2026-07-14 12:39:27.173354,0.438555687323932,lstm
USR-000029,EVT-0036726,2026-07-14 12:39:31.469544,0.342564928774674,lstm
USR-000069,EVT-0036727,2026-07-14 12:39:50.834994,0.3291227024816056,lstm
USR-000138,EVT-0036728,2026-07-14 12:41:35.522487,0.32548084877528904,lstm
USR-000105,EVT-0036729,2026-07-14 12:42:08.375608,0.40664628734964464,lstm
USR-000021,EVT-0036730,2026-07-14 12:42:28.791061,0.33341976728858946,lstm
DEV-000005,EVT-0036731,2026-07-14 12:42:38.026890,0.5899107514727319,lstm
USR-000052,EVT-0036732,2026-07-14 12:42:43.844628,0.7669524650358865,lstm
USR-000008,EVT-0036733,2026-07-14 12:42:55.457827,0.6353425166596438,lstm
USR-000156,EVT-0036734,2026-07-14 12:45:44.520090,0.5604656674325909,lstm
DEV-000009,EVT-0036735,2026-07-14 12:47:06.851377,0.25175245683328934,lstm
SVC-000001,EVT-0036736,2026-07-14 12:48:31.388124,0.2789239877574604,lstm
USR-000016,EVT-0036737,2026-07-14 12:48:55.632322,0.6763604445658636,lstm
USR-000053,EVT-0036738,2026-07-14 12:51:22.737516,0.8668980868800671,lstm
USR-000002,EVT-0036739,2026-07-14 12:53:16.411514,0.36507079507411666,lstm
DEV-000003,EVT-0036740,2026-07-14 12:55:22.758886,0.4638133034793913,lstm
USR-000086,EVT-0036741,2026-07-14 12:57:04.053734,0.20152272383053793,lstm
USR-000127,EVT-0036742,2026-07-14 12:57:56.938614,0.7926106335894658,lstm
USR-000123,EVT-0036743,2026-07-14 12:58:08.935545,0.45499975999418985,lstm
USR-000213,EVT-0036744,2026-07-14 12:58:47.267541,0.5957563014578272,lstm
USR-000101,EVT-0036745,2026-07-14 12:59:12.956521,0.6549578942557269,lstm
SVC-000027,EVT-0036746,2026-07-14 12:59:50.834199,0.9964456952944655,lstm
USR-000123,EVT-0036747,2026-07-14 13:00:59.036455,0.7719071056288979,lstm
USR-000030,EVT-0036748,2026-07-14 13:01:46.497047,0.3196648956895575,lstm
SVC-000001,EVT-0036749,2026-07-14 13:01:52.034110,0.3513974537204591,lstm
SVC-000001,EVT-0036750,2026-07-14 13:02:19.021399,0.7472611437400065,lstm
SVC-000001,EVT-0036751,2026-07-14 13:02:34.881683,0.8260350720290836,lstm
USR-000064,EVT-0036752,2026-07-14 13:02:42.198584,0.22096027910860042,lstm
USR-000137,EVT-0036753,2026-07-14 13:05:02.066220,0.40775884678330804,lstm
USR-000140,EVT-0036754,2026-07-14 13:05:54.601521,0.3547493661632574,lstm
USR-000129,EVT-0036755,2026-07-14 13:06:08.843161,0.2828419943786176,lstm
SVC-000017,EVT-0036756,2026-07-14 13:07:19.844142,0.5084887293598391,lstm
USR-000199,EVT-0036757,2026-07-14 13:07:54.413326,0.3387388386240995,lstm
SVC-000034,EVT-0036758,2026-07-14 13:07:57.747140,0.4875272468704361,lstm
USR-000086,EVT-0036759,2026-07-14 13:08:14.565773,0.34820560686976615,lstm
SVC-000001,EVT-0036760,2026-07-14 13:08:50.873364,0.3872128254495977,lstm
USR-000030,EVT-0036761,2026-07-14 13:08:57.411403,0.4446940301593253,lstm
USR-000064,EVT-0036762,2026-07-14 13:09:35.492822,0.632598280875203,lstm
USR-000210,EVT-0036763,2026-07-14 13:10:02.387593,0.3514808493025802,lstm
USR-000085,EVT-0036764,2026-07-14 13:10:10.470220,0.32860178464814105,lstm
USR-000023,EVT-0036765,2026-07-14 13:10:15.808151,0.8869724752105287,lstm
USR-000182,EVT-0036766,2026-07-14 13:10:16.918943,0.4631357053526002,lstm
SVC-000050,EVT-0036767,2026-07-14 13:10:40.420639,0.2661867210652983,lstm
DEV-000018,EVT-0036768,2026-07-14 13:10:41.618653,0.3925473108934015,lstm
DEV-000003,EVT-0036769,2026-07-14 13:11:39.112737,0.5813799282120973,lstm
USR-000127,EVT-0036770,2026-07-14 13:13:53.468475,0.3049277344174672,lstm
USR-000053,EVT-0036771,2026-07-14 13:14:09.427706,0.289465770108851,lstm
USR-000112,EVT-0036772,2026-07-14 13:14:31.835526,0.4905919948660012,lstm
USR-000008,EVT-0036773,2026-07-14 13:14:32.901092,0.31133259317428197,lstm
SVC-000017,EVT-0036774,2026-07-14 13:15:55.151494,0.46619463209050177,lstm
SVC-000008,EVT-0036775,2026-07-14 13:16:21.941034,0.7268116292576815,lstm
SVC-000008,EVT-0036776,2026-07-14 13:16:26.421555,0.97385112547752,lstm
SVC-000001,EVT-0036777,2026-07-14 13:17:02.843328,0.2956520295424781,lstm
SVC-000039,EVT-0036778,2026-07-14 13:18:38.280295,0.6108305293306108,lstm
SVC-000017,EVT-0036779,2026-07-14 13:20:33.568274,0.4882814774132108,lstm
USR-000069,EVT-0036780,2026-07-14 13:26:56.966690,0.31892754702681675,lstm
USR-000115,EVT-0036781,2026-07-14 13:27:03.959660,0.23828551597862507,lstm
SVC-000010,EVT-0036782,2026-07-14 13:27:23.984759,0.9935593534187122,lstm
USR-000130,EVT-0036783,2026-07-14 13:27:29.637240,0.567105106965157,lstm
DEV-000021,EVT-0036784,2026-07-14 13:27:35.111048,0.4532711422961486,lstm
SVC-000008,EVT-0036785,2026-07-14 13:27:43.245135,0.5477803589341611,lstm
USR-000115,EVT-0036786,2026-07-14 13:27:55.416919,0.5385927156209919,lstm
USR-000115,EVT-0036787,2026-07-14 13:29:17.776352,0.6602145701047767,lstm
USR-000097,EVT-0036788,2026-07-14 13:29:26.679901,0.4114403465312454,lstm
SVC-000001,EVT-0036789,2026-07-14 13:31:30.235322,0.3208207605970116,lstm
USR-000125,EVT-0036790,2026-07-14 13:31:44.056849,0.32765046696385175,lstm
SVC-000034,EVT-0036791,2026-07-14 13:33:14.213419,0.3327239507891142,lstm
USR-000017,EVT-0036792,2026-07-14 13:33:49.672211,0.33817916272095183,lstm
USR-000120,EVT-0036793,2026-07-14 13:33:59.473769,0.46591697965865764,lstm
USR-000104,EVT-0036794,2026-07-14 13:35:22.769257,0.3700044737440344,lstm
USR-000190,EVT-0036795,2026-07-14 13:35:25.144949,0.3248023418687444,lstm
SVC-000043,EVT-0036796,2026-07-14 13:37:04.456236,0.9475689370307158,lstm
USR-000171,EVT-0036797,2026-07-14 13:37:37.631402,0.5724812521888437,lstm
SVC-000017,EVT-0036798,2026-07-14 13:38:45.609883,0.6335651992546099,lstm
USR-000187,EVT-0036799,2026-07-14 13:39:10.683006,0.3625032742460094,lstm
SVC-000043,EVT-0036800,2026-07-14 13:41:38.449004,0.390862884087127,lstm
SVC-000008,EVT-0036801,2026-07-14 13:42:33.296116,0.6877229342097465,lstm
USR-000098,EVT-0036802,2026-07-14 13:43:21.792780,0.5800814586507849,lstm
SVC-000027,EVT-0036803,2026-07-14 13:43:37.270305,0.791561143659653,lstm
USR-000126,EVT-0036804,2026-07-14 13:44:32.705672,0.444025511417034,lstm
USR-000101,EVT-0036805,2026-07-14 13:48:17.225378,0.3597787782933405,lstm
SVC-000043,EVT-0036806,2026-07-14 13:50:28.656801,0.3108380127737625,lstm
USR-000073,EVT-0036807,2026-07-14 13:50:28.799034,0.9034685373414613,lstm
USR-000087,EVT-0036808,2026-07-14 13:51:49.549650,0.27481230974674575,lstm
USR-000209,EVT-0036809,2026-07-14 13:52:52.654549,0.4254088248994172,lstm
SVC-000028,EVT-0036810,2026-07-14 13:52:52.928923,0.9715152620555237,lstm
USR-000148,EVT-0036811,2026-07-14 13:52:56.002272,0.6473140452789256,lstm
USR-000037,EVT-0036812,2026-07-14 13:53:44.122287,0.504618502053451,lstm
USR-000005,EVT-0036813,2026-07-14 13:54:19.699021,0.5277382524699683,lstm
DEV-000001,EVT-0036814,2026-07-14 13:54:43.323890,0.32362741787197713,lstm
SVC-000026,EVT-0036815,2026-07-14 13:54:44.055620,0.9850557198895386,lstm
SVC-000050,EVT-0036816,2026-07-14 13:54:47.716669,0.40560664596856916,lstm
SVC-000027,EVT-0036817,2026-07-14 13:55:29.213577,0.549219277394771,lstm
SVC-000012,EVT-0036818,2026-07-14 13:58:52.066925,0.9817999457502443,lstm
SVC-000017,EVT-0036819,2026-07-14 13:58:59.296817,0.6796845847070999,lstm
DEV-000013,EVT-0036820,2026-07-14 13:58:59.419895,0.5315010720916157,lstm
SVC-000001,EVT-0036821,2026-07-14 13:59:02.574147,0.27597703849941657,lstm
USR-000017,EVT-0036822,2026-07-14 14:01:36.004259,0.24371340108611764,lstm
DEV-000003,EVT-0036823,2026-07-14 14:02:12.412790,0.41100979197147697,lstm
SVC-000017,EVT-0036824,2026-07-14 14:03:11.867396,0.9267368260190727,lstm
SVC-000001,EVT-0036825,2026-07-14 14:04:02.712461,0.39358113177892307,lstm
USR-000023,EVT-0036826,2026-07-14 14:04:35.870306,0.33946297071549947,lstm
USR-000056,EVT-0036827,2026-07-14 14:04:53.989756,0.536480547797081,lstm
SVC-000017,EVT-0036828,2026-07-14 14:04:58.164665,0.8209217878521246,lstm
SVC-000017,EVT-0036829,2026-07-14 14:06:26.259203,0.5945162339198665,lstm
USR-000176,EVT-0036830,2026-07-14 14:07:03.003960,0.6277667118010809,lstm
USR-000107,EVT-0036831,2026-07-14 14:07:10.034191,0.7516381552690428,lstm
USR-000173,EVT-0036832,2026-07-14 14:09:08.852330,0.23245031392227408,lstm
USR-000111,EVT-0036833,2026-07-14 14:09:19.394576,0.2801405375381312,lstm
USR-000023,EVT-0036834,2026-07-14 14:10:20.259415,0.47398996019748924,lstm
USR-000069,EVT-0036835,2026-07-14 14:11:45.859416,0.35532758208004206,lstm
USR-000036,EVT-0036836,2026-07-14 14:12:23.126535,0.6085194173274526,lstm
USR-000064,EVT-0036837,2026-07-14 14:12:37.657417,0.2941924184457553,lstm
USR-000036,EVT-0036838,2026-07-14 14:12:41.527867,0.8136910047821355,lstm
SVC-000017,EVT-0036839,2026-07-14 14:13:04.464052,0.3775644324106334,lstm
SVC-000053,EVT-0036840,2026-07-14 14:13:57.089627,0.9145181858579243,lstm
USR-000118,EVT-0036841,2026-07-14 14:14:11.106265,0.5489507913530058,lstm
USR-000115,EVT-0036842,2026-07-14 14:14:25.426720,0.3128412543460384,lstm
USR-000101,EVT-0036843,2026-07-14 14:15:12.712415,0.2963996546872797,lstm
USR-000115,EVT-0036844,2026-07-14 14:15:15.979082,0.45531378655403587,lstm
USR-000062,EVT-0036845,2026-07-14 14:16:15.510054,0.8112218874337973,lstm
SVC-000017,EVT-0036846,2026-07-14 14:16:58.180881,0.8740620279263804,lstm
USR-000173,EVT-0036847,2026-07-14 14:18:19.202682,0.3939488193714315,lstm
SVC-000008,EVT-0036848,2026-07-14 14:18:33.380292,0.7364193930388606,lstm
USR-000125,EVT-0036849,2026-07-14 14:18:41.102425,0.28883964323770617,lstm
USR-000037,EVT-0036850,2026-07-14 14:19:29.965060,0.6205117404602798,lstm
USR-000055,EVT-0036851,2026-07-14 14:20:33.276691,0.5579393082579327,lstm
USR-000173,EVT-0036852,2026-07-14 14:21:23.993211,0.5144932854000576,lstm
DEV-000004,EVT-0036853,2026-07-14 14:21:59.025672,0.6448446070512721,lstm
SVC-000043,EVT-0036854,2026-07-14 14:22:09.456177,0.2802944150601757,lstm
USR-000062,EVT-0036855,2026-07-14 14:22:45.176782,0.6022026920832382,lstm
USR-000077,EVT-0036856,2026-07-14 14:22:50.938929,0.5889030351901271,lstm
USR-000108,EVT-0036857,2026-07-14 14:22:54.102344,0.3241925151557372,lstm
USR-000016,EVT-0036858,2026-07-14 14:24:19.250658,0.5856689368590832,lstm
USR-000007,EVT-0036859,2026-07-14 14:24:50.834875,0.5339696538647211,lstm
SVC-000033,EVT-0036860,2026-07-14 14:24:53.214352,0.9999907919030667,lstm
SVC-000012,EVT-0036861,2026-07-14 14:25:03.709318,0.354000269079483,lstm
USR-000126,EVT-0036862,2026-07-14 14:25:06.306868,0.30659058662342276,lstm
DEV-000010,EVT-0036863,2026-07-14 14:25:51.634373,0.28273086995682445,lstm
USR-000040,EVT-0036864,2026-07-14 14:26:21.289055,0.7289578266437308,lstm
USR-000206,EVT-0036865,2026-07-14 14:26:21.827271,0.2739683877340234,lstm
SVC-000027,EVT-0036866,2026-07-14 14:26:26.189407,0.679093486035816,lstm
USR-000023,EVT-0036867,2026-07-14 14:27:25.689687,0.401221884167737,lstm
DEV-000007,EVT-0036868,2026-07-14 14:27:43.144747,0.40650859653308813,lstm
SVC-000043,EVT-0036869,2026-07-14 14:29:03.084802,0.343184510061078,lstm
USR-000064,EVT-0036870,2026-07-14 14:30:05.880718,0.512875735076269,lstm
SVC-000036,EVT-0036871,2026-07-14 14:30:43.845936,0.9974580238319626,lstm
USR-000003,EVT-0036872,2026-07-14 14:31:20.439882,0.3998605791090236,lstm
USR-000065,EVT-0036873,2026-07-14 14:31:44.788141,0.3690455824349761,lstm
SVC-000050,EVT-0036874,2026-07-14 14:32:48.620767,0.38257807744014755,lstm
USR-000104,EVT-0036875,2026-07-14 14:33:04.920838,0.2921594735656253,lstm
SVC-000028,EVT-0036876,2026-07-14 14:33:17.637714,0.6629563717818646,lstm
USR-000029,EVT-0036877,2026-07-14 14:35:42.434751,0.36233235368135575,lstm
USR-000040,EVT-0036878,2026-07-14 14:36:39.775636,0.3690180823610563,lstm
DEV-000003,EVT-0036879,2026-07-14 14:37:24.650367,0.41515857002583906,lstm
DEV-000012,EVT-0036880,2026-07-14 14:38:19.333888,0.38320558241127234,lstm
USR-000052,EVT-0036881,2026-07-14 14:38:36.113995,0.29397614939258027,lstm
USR-000102,EVT-0036882,2026-07-14 14:38:36.188904,0.5577724218839872,lstm
USR-000021,EVT-0036883,2026-07-14 14:39:06.096853,0.26008680661158723,lstm
DEV-000006,EVT-0036884,2026-07-14 14:39:11.929826,0.32583613684299007,lstm
SVC-000028,EVT-0036885,2026-07-14 14:39:17.591262,0.7201351598686506,lstm
USR-000085,EVT-0036886,2026-07-14 14:39:28.385214,0.3282135165861554,lstm
USR-000030,EVT-0036887,2026-07-14 14:40:31.929812,0.3690300376099471,lstm
USR-000147,EVT-0036888,2026-07-14 14:40:59.581231,0.3864135334333299,lstm
SVC-000043,EVT-0036889,2026-07-14 14:41:00.132875,0.30729329468005445,lstm
USR-000132,EVT-0036890,2026-07-14 14:41:01.560453,0.501269461131187,lstm
USR-000034,EVT-0036891,2026-07-14 14:41:51.246382,0.9873941310391524,lstm
DEV-000020,EVT-0036892,2026-07-14 14:42:00.645654,0.45695417131564425,lstm
USR-000195,EVT-0036893,2026-07-14 14:45:44.083725,0.5095073081102491,lstm
USR-000178,EVT-0036894,2026-07-14 14:48:23.188894,0.2680679034288924,lstm
SVC-000017,EVT-0036895,2026-07-14 14:51:18.476344,0.8519653722272003,lstm
SVC-000050,EVT-0036896,2026-07-14 14:54:10.120734,0.3787762420689479,lstm
SVC-000017,EVT-0036897,2026-07-14 14:54:43.450971,0.3655413460714394,lstm
USR-000078,EVT-0036898,2026-07-14 14:54:44.671242,0.37062151358001866,lstm
SVC-000017,EVT-0036899,2026-07-14 14:55:18.073717,0.7138457334881374,lstm
SVC-000017,EVT-0036900,2026-07-14 14:57:51.390177,0.4152507543871408,lstm
SVC-000028,EVT-0036901,2026-07-14 14:58:02.134657,0.4187956480094006,lstm
SVC-000027,EVT-0036902,2026-07-14 14:58:12.029550,0.46779112711897963,lstm
USR-000003,EVT-0036903,2026-07-14 14:58:15.475142,0.49042121554713747,lstm
USR-000032,EVT-0036904,2026-07-14 14:59:09.241275,0.24336794863720163,lstm
USR-000037,EVT-0036905,2026-07-14 15:00:32.181595,0.3082580933206801,lstm
SVC-000008,EVT-0036906,2026-07-14 15:00:37.102925,0.7835707454800501,lstm
USR-000198,EVT-0036907,2026-07-14 15:02:04.501721,0.42378707078212574,lstm
USR-000077,EVT-0036908,2026-07-14 15:03:06.953260,0.34420977993684976,lstm
USR-000176,EVT-0036909,2026-07-14 15:03:20.843169,0.399982658792851,lstm
USR-000078,EVT-0036910,2026-07-14 15:03:24.290701,0.4897448474827728,lstm
USR-000157,EVT-0036911,2026-07-14 15:03:40.710649,0.5290495110849541,lstm
DEV-000010,EVT-0036912,2026-07-14 15:03:50.614441,0.23967216846840356,lstm
USR-000192,EVT-0036913,2026-07-14 15:04:07.893002,0.3717191311166428,lstm
USR-000086,EVT-0036914,2026-07-14 15:04:18.352624,0.2624267894680176,lstm
USR-000127,EVT-0036915,2026-07-14 15:04:49.635640,0.3771138895520939,lstm
DEV-000002,EVT-0036916,2026-07-14 15:06:10.560869,0.7153905205552765,lstm
USR-000075,EVT-0036917,2026-07-14 15:06:11.416026,0.2951303841198589,lstm
USR-000136,EVT-0036918,2026-07-14 15:09:22.392486,0.7330881499663304,lstm
SVC-000017,EVT-0036919,2026-07-14 15:09:50.656251,0.749907123253718,lstm
SVC-000036,EVT-0036920,2026-07-14 15:11:53.482004,0.7278452703453052,lstm
DEV-000001,EVT-0036921,2026-07-14 15:12:31.511956,0.3135791149339172,lstm
SVC-000010,EVT-0036922,2026-07-14 15:13:12.649869,0.5153971330790967,lstm
USR-000073,EVT-0036923,2026-07-14 15:14:16.144113,0.46157914534734684,lstm
SVC-000026,EVT-0036924,2026-07-14 15:15:49.388353,0.4801072550035222,lstm
SVC-000017,EVT-0036925,2026-07-14 15:15:59.635835,0.3398982809174867,lstm
SVC-000036,EVT-0036926,2026-07-14 15:19:28.978165,0.5302636849413684,lstm
SVC-000027,EVT-0036927,2026-07-14 15:23:48.957145,0.7529388760299695,lstm
SVC-000012,EVT-0036928,2026-07-14 15:23:50.389241,0.37815579820977613,lstm
USR-000037,EVT-0036929,2026-07-14 15:24:01.438141,0.2626394243980684,lstm
SVC-000036,EVT-0036930,2026-07-14 15:25:17.525041,0.3706842675450448,lstm
USR-000152,EVT-0036931,2026-07-14 15:25:54.099116,0.6130617452712912,lstm
USR-000181,EVT-0036932,2026-07-14 15:25:55.982234,0.5178127392921218,lstm
SVC-000036,EVT-0036933,2026-07-14 15:26:48.056874,0.6793112123383177,lstm
SVC-000026,EVT-0036934,2026-07-14 15:27:34.295683,0.3749939822638879,lstm
SVC-000012,EVT-0036935,2026-07-14 15:29:15.215749,0.515672727853319,lstm
SVC-000026,EVT-0036936,2026-07-14 15:29:25.525343,0.5642447648304344,lstm
DEV-000009,EVT-0036937,2026-07-14 15:29:28.518765,0.1904691939907316,lstm
USR-000005,EVT-0036938,2026-07-14 15:30:06.809642,0.3528922100481174,lstm
SVC-000026,EVT-0036939,2026-07-14 15:30:30.747969,0.56791700033056,lstm
USR-000152,EVT-0036940,2026-07-14 15:30:54.229246,0.5958692685407891,lstm
SVC-000027,EVT-0036941,2026-07-14 15:31:57.351861,0.9189964333172036,lstm
USR-000113,EVT-0036942,2026-07-14 15:31:58.321248,0.6484688483420169,lstm
USR-000126,EVT-0036943,2026-07-14 15:33:37.014320,0.36104718459017343,lstm
USR-000198,EVT-0036944,2026-07-14 15:33:58.750798,0.4022931407941069,lstm
USR-000117,EVT-0036945,2026-07-14 15:34:10.643270,0.4807091821802303,lstm
USR-000052,EVT-0036946,2026-07-14 15:35:03.219753,0.34455201669919516,lstm
USR-000086,EVT-0036947,2026-07-14 15:36:54.741913,0.2648916390439832,lstm
USR-000209,EVT-0036948,2026-07-14 15:36:56.348453,0.30331743816649065,lstm
SVC-000026,EVT-0036949,2026-07-14 15:37:12.211091,0.30601610236692744,lstm
USR-000008,EVT-0036950,2026-07-14 15:37:38.110214,0.4036718573276325,lstm
SVC-000036,EVT-0036951,2026-07-14 15:37:53.534951,0.49639265844359864,lstm
USR-000115,EVT-0036952,2026-07-14 15:38:21.207386,0.2822580262914724,lstm
DEV-000011,EVT-0036953,2026-07-14 15:39:50.299394,0.5093894774424959,lstm
SVC-000036,EVT-0036954,2026-07-14 15:40:19.138516,0.41556168845137004,lstm
USR-000062,EVT-0036955,2026-07-14 15:40:43.545546,0.3625590679667063,lstm
SVC-000038,EVT-0036956,2026-07-14 15:41:19.249924,0.9499113734398719,lstm
USR-000041,EVT-0036957,2026-07-14 15:41:51.636965,0.5927390301982943,lstm
DEV-000021,EVT-0036958,2026-07-14 15:43:06.875446,0.40654135009886305,lstm
SVC-000026,EVT-0036959,2026-07-14 15:43:28.565779,0.2814092510527399,lstm
SVC-000036,EVT-0036960,2026-07-14 15:44:56.515602,0.24473973046550718,lstm
SVC-000026,EVT-0036961,2026-07-14 15:46:06.257774,0.7248118017793644,lstm
USR-000068,EVT-0036962,2026-07-14 15:46:18.262345,0.5706548797853267,lstm
SVC-000036,EVT-0036963,2026-07-14 15:46:32.097179,0.43674678410624485,lstm
USR-000037,EVT-0036964,2026-07-14 15:47:23.914453,0.2958003641908704,lstm
SVC-000028,EVT-0036965,2026-07-14 15:47:46.618868,0.642554055525169,lstm
SVC-000026,EVT-0036966,2026-07-14 15:48:05.042790,0.2827942012207269,lstm
SVC-000010,EVT-0036967,2026-07-14 15:48:18.832228,0.4089709856922792,lstm
USR-000034,EVT-0036968,2026-07-14 15:48:45.288376,0.8693286678699937,lstm
SVC-000026,EVT-0036969,2026-07-14 15:49:43.796670,0.365880841319277,lstm
SVC-000010,EVT-0036970,2026-07-14 15:49:50.173625,0.6531370194532266,lstm
SVC-000012,EVT-0036971,2026-07-14 15:50:00.351683,0.33695888074697455,lstm
SVC-000049,EVT-0036972,2026-07-14 15:50:41.350042,0.9031990252765346,lstm
DEV-000002,EVT-0036973,2026-07-14 15:51:27.236797,0.43351928724715105,lstm
SVC-000033,EVT-0036974,2026-07-14 15:53:23.209155,0.9501705927326377,lstm
USR-000079,EVT-0036975,2026-07-14 15:54:29.698234,0.5924995919671145,lstm
SVC-000036,EVT-0036976,2026-07-14 15:54:31.451526,0.7804062856652404,lstm
DEV-000001,EVT-0036977,2026-07-14 15:55:38.269519,0.31062266476505884,lstm
USR-000061,EVT-0036978,2026-07-14 16:01:02.999348,0.47372377138137656,lstm
USR-000073,EVT-0036979,2026-07-14 16:01:07.807855,0.38318751073276736,lstm
USR-000065,EVT-0036980,2026-07-14 16:01:47.476552,0.3383370899659076,lstm
USR-000030,EVT-0036981,2026-07-14 16:02:51.479472,0.3523890683866933,lstm
USR-000160,EVT-0036982,2026-07-14 16:03:33.064756,0.4775778240698982,lstm
USR-000162,EVT-0036983,2026-07-14 16:04:53.530682,0.5664848326264396,lstm
USR-000160,EVT-0036984,2026-07-14 16:05:57.210532,0.7661413169582167,lstm
SVC-000049,EVT-0036985,2026-07-14 16:06:16.061052,0.4256557702271352,lstm
USR-000126,EVT-0036986,2026-07-14 16:08:10.364128,0.29714612378361127,lstm
USR-000029,EVT-0036987,2026-07-14 16:10:08.915981,0.3064243724835619,lstm
SVC-000036,EVT-0036988,2026-07-14 16:10:53.455784,0.37587750560146116,lstm
SVC-000028,EVT-0036989,2026-07-14 16:10:55.731298,0.543900236104939,lstm
USR-000017,EVT-0036990,2026-07-14 16:11:02.026407,0.32330679392622585,lstm
SVC-000026,EVT-0036991,2026-07-14 16:11:50.032060,0.32888140729786597,lstm
SVC-000033,EVT-0036992,2026-07-14 16:11:52.252134,0.8027413092738441,lstm
SVC-000036,EVT-0036993,2026-07-14 16:11:54.527971,0.8448949961411699,lstm
SVC-000029,EVT-0036994,2026-07-14 16:12:17.457312,0.9615918211185266,lstm
SVC-000028,EVT-0036995,2026-07-14 16:14:52.678505,0.682771724949353,lstm
SVC-000033,EVT-0036996,2026-07-14 16:15:03.451723,0.824346645175174,lstm
USR-000032,EVT-0036997,2026-07-14 16:16:04.215087,0.23974533699212672,lstm
SVC-000036,EVT-0036998,2026-07-14 16:16:42.892192,0.3793213859335735,lstm
SVC-000010,EVT-0036999,2026-07-14 16:17:10.512315,0.26644588901100813,lstm
SVC-000026,EVT-0037000,2026-07-14 16:18:11.896515,0.28764894296202975,lstm
SVC-000036,EVT-0037001,2026-07-14 16:18:39.055947,0.7101796957609987,lstm
USR-000052,EVT-0037002,2026-07-14 16:18:43.447997,0.33039691396814247,lstm
SVC-000036,EVT-0037003,2026-07-14 16:19:10.978845,0.8123465489788293,lstm
SVC-000038,EVT-0037004,2026-07-14 16:20:48.524616,0.6928334383901599,lstm
SVC-000026,EVT-0037005,2026-07-14 16:22:10.461097,0.28571164723303266,lstm
SVC-000036,EVT-0037006,2026-07-14 16:22:27.750366,0.4661584172191052,lstm
USR-000144,EVT-0037007,2026-07-14 16:23:00.514181,0.45992678233586964,lstm
USR-000127,EVT-0037008,2026-07-14 16:23:50.664132,0.5234666869213968,lstm
DEV-000026,EVT-0037009,2026-07-14 16:25:54.717680,0.4158639091617758,lstm
SVC-000029,EVT-0037010,2026-07-14 16:27:20.012624,0.6106096275961684,lstm
USR-000204,EVT-0037011,2026-07-14 16:27:34.788991,0.5661772384584853,lstm
SVC-000033,EVT-0037012,2026-07-14 16:28:20.433375,0.907486398872817,lstm
USR-000144,EVT-0037013,2026-07-14 16:30:15.155261,0.37141652328397173,lstm
SVC-000038,EVT-0037014,2026-07-14 16:30:27.731116,0.768995904334529,lstm
USR-000040,EVT-0037015,2026-07-14 16:30:59.158442,0.3043272570165134,lstm
USR-000097,EVT-0037016,2026-07-14 16:32:41.323202,0.31258729420562176,lstm
SVC-000036,EVT-0037017,2026-07-14 16:33:12.127108,0.3473346461550401,lstm
USR-000136,EVT-0037018,2026-07-14 16:33:47.795061,0.5309426125987678,lstm
USR-000182,EVT-0037019,2026-07-14 16:35:06.008334,0.6500650693072904,lstm
SVC-000036,EVT-0037020,2026-07-14 16:35:10.121640,0.5860882045445852,lstm
USR-000079,EVT-0037021,2026-07-14 16:40:26.696761,0.4759666959213039,lstm
USR-000017,EVT-0037022,2026-07-14 16:40:45.620760,0.30850866021460494,lstm
SVC-000010,EVT-0037023,2026-07-14 16:44:34.692723,0.33585821808257815,lstm
SVC-000010,EVT-0037024,2026-07-14 16:46:30.707990,0.5608641639347463,lstm
SVC-000010,EVT-0037025,2026-07-14 16:47:23.139101,0.6313607065651687,lstm
SVC-000038,EVT-0037026,2026-07-14 16:49:13.122752,0.6695539703325262,lstm
USR-000003,EVT-0037027,2026-07-14 16:52:39.148838,0.3104415348425637,lstm
SVC-000029,EVT-0037028,2026-07-14 16:53:14.145478,0.42343086563206345,lstm
USR-000065,EVT-0037029,2026-07-14 16:53:21.857468,0.31697114231692136,lstm
USR-000037,EVT-0037030,2026-07-14 16:53:57.414138,0.2845383022378301,lstm
USR-000040,EVT-0037031,2026-07-14 16:56:26.289585,0.4468794150102551,lstm
USR-000018,EVT-0037032,2026-07-14 16:57:17.040764,0.5956300724399973,lstm
USR-000198,EVT-0037033,2026-07-14 16:59:32.792145,0.2465441419303701,lstm
SVC-000033,EVT-0037034,2026-07-14 16:59:52.653313,0.5765116080931918,lstm
SVC-000033,EVT-0037035,2026-07-14 17:01:15.462515,0.9020858254836737,lstm
USR-000209,EVT-0037036,2026-07-14 17:01:21.850944,0.2764220896382937,lstm
DEV-000013,EVT-0037037,2026-07-14 17:05:20.696672,0.7333866466299249,lstm
SVC-000044,EVT-0037038,2026-07-14 17:05:51.486371,0.9651278820123745,lstm
SVC-000023,EVT-0037039,2026-07-14 17:08:38.770552,0.9455932852914964,lstm
SVC-000005,EVT-0037040,2026-07-14 17:09:32.168030,0.9600844654268277,lstm
SVC-000010,EVT-0037041,2026-07-14 17:09:39.752184,0.5799526007249601,lstm
SVC-000005,EVT-0037042,2026-07-14 17:10:18.607314,0.9140189491056872,lstm
SVC-000038,EVT-0037043,2026-07-14 17:10:18.982129,0.4553856304171531,lstm
USR-000029,EVT-0037044,2026-07-14 17:10:56.612344,0.29698617911638175,lstm
SVC-000036,EVT-0037045,2026-07-14 17:11:19.290177,0.4736210791821431,lstm
SVC-000026,EVT-0037046,2026-07-14 17:11:52.608460,0.8276308055696141,lstm
DEV-000023,EVT-0037047,2026-07-14 17:13:21.790773,0.5917703049871641,lstm
USR-000040,EVT-0037048,2026-07-14 17:13:45.570601,0.5702631499965365,lstm
SVC-000052,EVT-0037049,2026-07-14 17:21:10.837576,0.9995304054403271,lstm
USR-000055,EVT-0037050,2026-07-14 17:24:07.323126,0.39745591939811203,lstm
SVC-000033,EVT-0037051,2026-07-14 17:25:41.322589,0.4749428242600316,lstm
DEV-000018,EVT-0037052,2026-07-14 17:28:29.432411,0.45047001105363627,lstm
SVC-000026,EVT-0037053,2026-07-14 17:30:15.804269,0.3448361382588321,lstm
DEV-000002,EVT-0037054,2026-07-14 17:34:06.912719,0.31525627956225005,lstm
USR-000089,EVT-0037055,2026-07-14 17:34:12.500641,0.4238915752806381,lstm
USR-000213,EVT-0037056,2026-07-14 17:34:38.287440,0.8565738525905644,lstm
DEV-000010,EVT-0037057,2026-07-14 17:36:34.460059,0.22091068265460254,lstm
USR-000136,EVT-0037058,2026-07-14 17:37:49.565221,0.4511468041874083,lstm
DEV-000017,EVT-0037059,2026-07-14 17:38:36.647135,0.8694283479981426,lstm
SVC-000004,EVT-0037060,2026-07-14 17:38:48.716137,0.982764270583212,lstm
USR-000053,EVT-0037061,2026-07-14 17:39:10.089250,0.5219947180674657,lstm
USR-000064,EVT-0037062,2026-07-14 17:39:51.252999,0.5135782608758379,lstm
USR-000181,EVT-0037063,2026-07-14 17:40:50.096351,0.4698002168108292,lstm
USR-000017,EVT-0037064,2026-07-14 17:43:07.266152,0.3529967123723827,lstm
SVC-000044,EVT-0037065,2026-07-14 17:47:51.045235,0.6592762601176361,lstm
USR-000084,EVT-0037066,2026-07-14 17:49:11.395107,0.482632472424585,lstm
USR-000075,EVT-0037067,2026-07-14 17:49:20.167244,0.2566568946603935,lstm
USR-000101,EVT-0037068,2026-07-14 17:50:28.830051,0.39104401184354637,lstm
USR-000198,EVT-0037069,2026-07-14 17:50:52.251892,0.3037320469418996,lstm
SVC-000033,EVT-0037070,2026-07-14 17:51:26.096600,0.5729677829585593,lstm
SVC-000023,EVT-0037071,2026-07-14 17:51:55.538028,0.39108017911893367,lstm
USR-000185,EVT-0037072,2026-07-14 17:53:49.359390,0.6144709964441075,lstm
USR-000089,EVT-0037073,2026-07-14 17:54:22.666048,0.47659758894044807,lstm
USR-000185,EVT-0037074,2026-07-14 17:56:01.189334,0.39175029956250323,lstm
USR-000004,EVT-0037075,2026-07-14 17:56:33.702811,0.8624846445321944,lstm
SVC-000023,EVT-0037076,2026-07-14 17:57:44.227834,0.5054927896059638,lstm
USR-000097,EVT-0037077,2026-07-14 17:59:28.938113,0.35336050843468136,lstm
SVC-000004,EVT-0037078,2026-07-14 17:59:46.941497,0.3623979169600985,lstm
SVC-000033,EVT-0037079,2026-07-14 18:01:54.258627,0.4515498089582203,lstm
SVC-000005,EVT-0037080,2026-07-14 18:04:51.908100,0.5281007962645546,lstm
SVC-000052,EVT-0037081,2026-07-14 18:04:58.527742,0.6708882154856206,lstm
SVC-000010,EVT-0037082,2026-07-14 18:06:34.243188,0.31875019451581504,lstm
SVC-000033,EVT-0037083,2026-07-14 18:11:10.161336,0.59820240440515,lstm
SVC-000037,EVT-0037084,2026-07-14 18:15:30.974668,0.9960510032006517,lstm
DEV-000017,EVT-0037085,2026-07-14 18:15:43.692383,0.8385673248770302,lstm
SVC-000023,EVT-0037086,2026-07-14 18:16:56.519716,0.30993097725182983,lstm
USR-000017,EVT-0037087,2026-07-14 18:19:24.395563,0.4833011261833831,lstm
USR-000210,EVT-0037088,2026-07-14 18:19:41.546411,0.37045794960227924,lstm
SVC-000044,EVT-0037089,2026-07-14 18:21:36.601160,0.36600830677696866,lstm
SVC-000044,EVT-0037090,2026-07-14 18:27:05.727840,0.4069865343758146,lstm
USR-000176,EVT-0037091,2026-07-14 18:29:12.441640,0.415235089918662,lstm
USR-000037,EVT-0037092,2026-07-14 18:30:30.152606,0.4075047884100556,lstm
DEV-000001,EVT-0037093,2026-07-14 18:30:43.968348,0.2946885678982402,lstm
SVC-000037,EVT-0037094,2026-07-14 18:32:05.325011,0.9268496176536047,lstm
USR-000040,EVT-0037095,2026-07-14 18:37:18.593723,0.41033233344642706,lstm
SVC-000049,EVT-0037096,2026-07-14 18:38:12.514750,0.6976433747812992,lstm
SVC-000004,EVT-0037097,2026-07-14 18:38:50.540540,0.32048572643302814,lstm
USR-000107,EVT-0037098,2026-07-14 18:46:50.590208,0.6385620400876388,lstm
SVC-000052,EVT-0037099,2026-07-14 18:48:27.287582,0.5775605380263737,lstm
DEV-000008,EVT-0037100,2026-07-14 18:51:57.672109,0.7748849608057083,lstm
DEV-000002,EVT-0037101,2026-07-14 18:52:14.837857,0.20653787625721468,lstm
SVC-000023,EVT-0037102,2026-07-14 18:52:32.136481,0.29372593951714265,lstm
SVC-000006,EVT-0037103,2026-07-14 18:53:56.026573,0.9987007323689316,lstm
SVC-000006,EVT-0037104,2026-07-14 18:55:06.421390,0.6514760219098155,lstm
DEV-000009,EVT-0037105,2026-07-14 18:55:33.177764,0.2075592207160294,lstm
SVC-000052,EVT-0037106,2026-07-14 18:55:46.208291,0.6285935174392752,lstm
SVC-000052,EVT-0037107,2026-07-14 18:59:41.613708,0.5183638950818249,lstm
DEV-000006,EVT-0037108,2026-07-14 18:59:56.670002,0.3233854113956392,lstm
SVC-000006,EVT-0037109,2026-07-14 19:01:19.466822,0.4529355091412908,lstm
USR-000029,EVT-0037110,2026-07-14 19:02:04.305022,0.37212076994161714,lstm
SVC-000052,EVT-0037111,2026-07-14 19:03:04.275352,0.5042003733116522,lstm
SVC-000006,EVT-0037112,2026-07-14 19:08:56.331227,0.6958259394107706,lstm
USR-000017,EVT-0037113,2026-07-14 19:10:34.217976,0.3802864372293774,lstm
USR-000068,EVT-0037114,2026-07-14 19:11:02.114277,0.5650965577843304,lstm
SVC-000057,EVT-0037115,2026-07-14 19:12:02.170347,0.9994568242502059,lstm
USR-000101,EVT-0037116,2026-07-14 19:13:20.987308,0.33563606925368095,lstm
SVC-000006,EVT-0037117,2026-07-14 19:13:25.691009,0.34136398915821653,lstm
SVC-000006,EVT-0037118,2026-07-14 19:15:12.261543,0.3413235911516414,lstm
SVC-000006,EVT-0037119,2026-07-14 19:15:28.894623,0.6266068011361748,lstm
SVC-000052,EVT-0037120,2026-07-14 19:15:51.203758,0.38820708995567393,lstm
DEV-000016,EVT-0037121,2026-07-14 19:17:06.105876,0.7371485044464963,lstm
SVC-000006,EVT-0037122,2026-07-14 19:23:19.078441,0.358241672028645,lstm
USR-000209,EVT-0037123,2026-07-14 19:23:29.603369,0.31339532267532816,lstm
DEV-000024,EVT-0037124,2026-07-14 19:24:36.754459,0.30469121642934716,lstm
DEV-000007,EVT-0037125,2026-07-14 19:26:27.532571,0.7175580094068078,lstm
SVC-000006,EVT-0037126,2026-07-14 19:27:25.886274,0.3237349236493811,lstm
USR-000185,EVT-0037127,2026-07-14 19:27:28.476337,0.25018277103768516,lstm
USR-000209,EVT-0037128,2026-07-14 19:29:41.636952,0.6233005685302117,lstm
USR-000117,EVT-0037129,2026-07-14 19:29:51.546160,0.36406447805078074,lstm
DEV-000007,EVT-0037130,2026-07-14 19:30:26.103043,0.9247895128378221,lstm
SVC-000052,EVT-0037131,2026-07-14 19:31:36.634225,0.2699660325421852,lstm
DEV-000001,EVT-0037132,2026-07-14 19:32:04.081882,0.34512790782657177,lstm
DEV-000009,EVT-0037133,2026-07-14 19:34:15.087858,0.2988276235099037,lstm
SVC-000006,EVT-0037134,2026-07-14 19:36:05.460276,0.38859183597697894,lstm
SVC-000052,EVT-0037135,2026-07-14 19:36:35.147681,0.3520649154393775,lstm
SVC-000052,EVT-0037136,2026-07-14 19:41:56.843777,0.46088780984266337,lstm
SVC-000004,EVT-0037137,2026-07-14 19:42:06.481198,0.30822389554753027,lstm
SVC-000010,EVT-0037138,2026-07-14 19:42:14.973550,0.740322679491512,lstm
SVC-000052,EVT-0037139,2026-07-14 19:42:47.240978,0.6215724525257366,lstm
SVC-000006,EVT-0037140,2026-07-14 19:43:15.983950,0.8062984625047949,lstm
SVC-000061,EVT-0037141,2026-07-14 19:49:22.846894,0.9810427879945468,lstm
DEV-000007,EVT-0037142,2026-07-14 19:51:29.332247,0.745604025227215,lstm
SVC-000057,EVT-0037143,2026-07-14 19:54:12.015196,0.8632729049924941,lstm
USR-000198,EVT-0037144,2026-07-14 19:57:50.547254,0.33625784945691645,lstm
SVC-000061,EVT-0037145,2026-07-14 20:04:57.506733,0.3216462116759937,lstm
SVC-000061,EVT-0037146,2026-07-14 20:05:41.711065,0.8612495597432517,lstm
SVC-000044,EVT-0037147,2026-07-14 20:05:49.790680,0.6178580596016208,lstm
SVC-000010,EVT-0037148,2026-07-14 20:06:02.434996,0.45389811424678644,lstm
SVC-000004,EVT-0037149,2026-07-14 20:07:18.193540,0.22689755226647676,lstm
DEV-000004,EVT-0037150,2026-07-14 20:08:12.192013,0.3355518997250526,lstm
SVC-000052,EVT-0037151,2026-07-14 20:13:19.269388,0.4407155507325487,lstm
DEV-000004,EVT-0037152,2026-07-14 20:16:05.121261,0.8415210863060482,lstm
SVC-000058,EVT-0037153,2026-07-14 20:16:34.703941,0.9316746595617703,lstm
SVC-000004,EVT-0037154,2026-07-14 20:19:12.908030,0.23796292766681992,lstm
USR-000198,EVT-0037155,2026-07-14 20:19:45.337759,0.33848613200262545,lstm
USR-000075,EVT-0037156,2026-07-14 20:19:50.004802,0.3582987720635347,lstm
DEV-000005,EVT-0037157,2026-07-14 20:21:20.659583,0.32386510918694467,lstm
SVC-000061,EVT-0037158,2026-07-14 20:24:15.304327,0.26242722023052656,lstm
SVC-000057,EVT-0037159,2026-07-14 20:25:16.260554,0.6498010159796801,lstm
SVC-000004,EVT-0037160,2026-07-14 20:27:18.715727,0.4303579280584862,lstm
DEV-000004,EVT-0037161,2026-07-14 20:27:31.153514,0.7649647045815473,lstm
SVC-000048,EVT-0037162,2026-07-14 20:28:52.386162,0.9716034646596735,lstm
SVC-000061,EVT-0037163,2026-07-14 20:29:36.259339,0.4130895375581992,lstm
SVC-000048,EVT-0037164,2026-07-14 20:30:27.477730,0.59441152149369,lstm
SVC-000044,EVT-0037165,2026-07-14 20:33:40.846923,0.5483501439215381,lstm
SVC-000061,EVT-0037166,2026-07-14 20:34:48.850027,0.2507792549668736,lstm
SVC-000061,EVT-0037167,2026-07-14 20:35:32.628916,0.54169403665073,lstm
SVC-000052,EVT-0037168,2026-07-14 20:35:43.510008,0.3744438077433604,lstm
SVC-000057,EVT-0037169,2026-07-14 20:41:00.683839,0.7941549502136767,lstm
SVC-000057,EVT-0037170,2026-07-14 20:42:18.281650,0.7987684779884426,lstm
USR-000113,EVT-0037171,2026-07-14 20:42:35.600973,0.4324393709868823,lstm
SVC-000057,EVT-0037172,2026-07-14 20:42:45.939454,0.7332083328721275,lstm
SVC-000061,EVT-0037173,2026-07-14 20:44:27.555443,0.3017521148631031,lstm
DEV-000017,EVT-0037174,2026-07-14 20:45:08.830624,0.60046574402968,lstm
SVC-000048,EVT-0037175,2026-07-14 20:47:16.340520,0.42721733047481997,lstm
SVC-000054,EVT-0037176,2026-07-14 20:48:09.686108,0.9833025263132947,lstm
USR-000106,EVT-0037177,2026-07-14 20:51:18.818874,0.5943047644131335,lstm
SVC-000004,EVT-0037178,2026-07-14 20:56:12.309480,0.3201960840408597,lstm
SVC-000048,EVT-0037179,2026-07-14 20:59:02.534085,0.3054199432578917,lstm
SVC-000023,EVT-0037180,2026-07-14 20:59:13.492686,0.6097111442794954,lstm
SVC-000035,EVT-0037181,2026-07-14 20:59:18.745801,0.9678255457824348,lstm
USR-000088,EVT-0037182,2026-07-14 20:59:29.492770,0.45405951269568706,lstm
DEV-000008,EVT-0037183,2026-07-14 21:04:03.434608,0.610494583608559,lstm
SVC-000035,EVT-0037184,2026-07-14 21:04:34.007670,0.5679856918524153,lstm
SVC-000052,EVT-0037185,2026-07-14 21:07:19.946042,0.4286367957570648,lstm
SVC-000035,EVT-0037186,2026-07-14 21:08:32.061891,0.6419311477994474,lstm
SVC-000048,EVT-0037187,2026-07-14 21:09:17.075950,0.3605900839180171,lstm
DEV-000015,EVT-0037188,2026-07-14 21:13:20.043207,0.3506446246643022,lstm
SVC-000058,EVT-0037189,2026-07-14 21:16:30.514631,0.27855093314373214,lstm
SVC-000004,EVT-0037190,2026-07-14 21:20:38.226473,0.26852366208633854,lstm
USR-000051,EVT-0037191,2026-07-14 21:20:42.915445,0.9999999928379302,lstm
USR-000051,EVT-0037192,2026-07-14 21:21:54.043812,1.0,lstm
DEV-000018,EVT-0037193,2026-07-14 21:22:08.551453,0.4674226939404431,lstm
USR-000192,EVT-0037194,2026-07-14 21:24:03.564329,0.554484437370334,lstm
USR-000051,EVT-0037195,2026-07-14 21:25:08.243654,1.0,lstm
SVC-000058,EVT-0037196,2026-07-14 21:27:15.882222,0.304780001934282,lstm
SVC-000058,EVT-0037197,2026-07-14 21:28:48.775143,0.5383276850061172,lstm
SVC-000054,EVT-0037198,2026-07-14 21:29:44.440206,0.4113036600360979,lstm
SVC-000058,EVT-0037199,2026-07-14 21:30:42.552912,0.398236825355633,lstm
SVC-000052,EVT-0037200,2026-07-14 21:31:50.985093,0.4747313342728764,lstm
SVC-000035,EVT-0037201,2026-07-14 21:31:57.219262,0.33573098272292085,lstm
DEV-000015,EVT-0037202,2026-07-14 21:31:58.362817,0.3963172704100389,lstm
SVC-000025,EVT-0037203,2026-07-14 21:34:20.146964,0.9731688926855147,lstm
SVC-000054,EVT-0037204,2026-07-14 21:37:51.670003,0.3574893254156318,lstm
SVC-000052,EVT-0037205,2026-07-14 21:39:05.242300,0.44280968426557504,lstm
SVC-000044,EVT-0037206,2026-07-14 21:39:11.271189,0.7295370961381465,lstm
SVC-000048,EVT-0037207,2026-07-14 21:39:44.432181,0.2972980770367677,lstm
SVC-000054,EVT-0037208,2026-07-14 21:39:55.571982,0.47648689844853154,lstm
SVC-000058,EVT-0037209,2026-07-14 21:40:21.525594,0.37083685540560485,lstm
DEV-000009,EVT-0037210,2026-07-14 21:43:01.008022,0.276674092390082,lstm
SVC-000025,EVT-0037211,2026-07-14 21:44:37.363727,0.5449536181237828,lstm
SVC-000058,EVT-0037212,2026-07-14 21:44:43.475238,0.2892134982588932,lstm
SVC-000054,EVT-0037213,2026-07-14 21:44:43.634459,0.31886875687390304,lstm
SVC-000045,EVT-0037214,2026-07-14 21:48:54.183364,0.9895383731455988,lstm
SVC-000058,EVT-0037215,2026-07-14 21:49:36.220020,0.33743172289424167,lstm
DEV-000021,EVT-0037216,2026-07-14 21:49:41.808052,0.6012291230030807,lstm
SVC-000054,EVT-0037217,2026-07-14 21:49:55.031482,0.31559821219397394,lstm
SVC-000045,EVT-0037218,2026-07-14 21:50:34.659747,0.4734564177245619,lstm
SVC-000058,EVT-0037219,2026-07-14 21:50:48.082886,0.39884028428021934,lstm
SVC-000054,EVT-0037220,2026-07-14 21:51:37.188945,0.3481574398596472,lstm
SVC-000003,EVT-0037221,2026-07-14 21:51:58.053471,0.9989199583335827,lstm
SVC-000002,EVT-0037222,2026-07-14 21:53:01.787947,0.9959877699924327,lstm
SVC-000045,EVT-0037223,2026-07-14 21:55:02.539735,0.4119238840723055,lstm
DEV-000016,EVT-0037224,2026-07-14 21:55:08.865077,0.4802259657565866,lstm
SVC-000048,EVT-0037225,2026-07-14 21:55:34.675773,0.5517851264188921,lstm
SVC-000025,EVT-0037226,2026-07-14 21:59:06.994197,0.40771024873480294,lstm
SVC-000054,EVT-0037227,2026-07-14 22:01:23.678052,0.2270404930318719,lstm
SVC-000004,EVT-0037228,2026-07-14 22:02:27.581092,0.4095386608201196,lstm
DEV-000021,EVT-0037229,2026-07-14 22:04:32.090610,0.7584052143973858,lstm
SVC-000054,EVT-0037230,2026-07-14 22:05:50.751941,0.37472338581066056,lstm
SVC-000045,EVT-0037231,2026-07-14 22:05:51.314145,0.3228813108968471,lstm
SVC-000045,EVT-0037232,2026-07-14 22:06:06.064296,0.6155077225938943,lstm
SVC-000035,EVT-0037233,2026-07-14 22:07:24.773605,0.2928259992584751,lstm
SVC-000045,EVT-0037234,2026-07-14 22:08:21.021103,0.43233880672103353,lstm
SVC-000045,EVT-0037235,2026-07-14 22:08:54.128787,0.48489782958172445,lstm
SVC-000035,EVT-0037236,2026-07-14 22:10:14.646436,0.4078813349181437,lstm
USR-000106,EVT-0037237,2026-07-14 22:10:21.746710,0.25291831858870706,lstm
SVC-000045,EVT-0037238,2026-07-14 22:15:51.186263,0.5655866870907653,lstm
SVC-000045,EVT-0037239,2026-07-14 22:17:37.338159,0.3889001519120037,lstm
SVC-000045,EVT-0037240,2026-07-14 22:19:41.812961,0.379686700665724,lstm
SVC-000003,EVT-0037241,2026-07-14 22:19:50.916437,0.8347032945446801,lstm
SVC-000054,EVT-0037242,2026-07-14 22:21:06.222666,0.26854797512059847,lstm
SVC-000032,EVT-0037243,2026-07-14 22:23:29.094688,0.9467440699343156,lstm
SVC-000045,EVT-0037244,2026-07-14 22:26:24.737611,0.42310067245781263,lstm
DEV-000014,EVT-0037245,2026-07-14 22:27:56.177722,0.4392782129116911,lstm
DEV-000019,EVT-0037246,2026-07-14 22:28:37.106653,1.0,lstm
SVC-000004,EVT-0037247,2026-07-14 22:33:05.257654,0.3780062066967908,lstm
SVC-000003,EVT-0037248,2026-07-14 22:33:16.362123,0.6871619504925731,lstm
SVC-000054,EVT-0037249,2026-07-14 22:36:07.022032,0.3198836889426396,lstm
SVC-000054,EVT-0037250,2026-07-14 22:37:21.931242,0.5668775830041103,lstm
SVC-000045,EVT-0037251,2026-07-14 22:38:04.512651,0.7897940876918275,lstm
SVC-000058,EVT-0037252,2026-07-14 22:38:41.809134,0.35735427184350693,lstm
SVC-000002,EVT-0037253,2026-07-14 22:43:34.169816,0.5530014379459456,lstm
DEV-000012,EVT-0037254,2026-07-14 22:43:35.306405,0.2989558957929555,lstm
USR-000122,EVT-0037255,2026-07-14 22:44:24.649517,0.886952454787509,lstm
DEV-000002,EVT-0037256,2026-07-14 22:45:46.799249,0.33884823966785804,lstm
SVC-000045,EVT-0037257,2026-07-14 22:47:11.300724,0.39380884889203005,lstm
SVC-000002,EVT-0037258,2026-07-14 22:49:01.979868,0.24641549773682375,lstm
USR-000018,EVT-0037259,2026-07-14 22:49:09.556590,0.7237283817968547,lstm
DEV-000026,EVT-0037260,2026-07-14 22:49:21.625783,0.28254805895122537,lstm
SVC-000032,EVT-0037261,2026-07-14 22:50:18.485879,0.2547569469286663,lstm
USR-000113,EVT-0037262,2026-07-14 22:50:53.883256,0.32858050307536807,lstm
DEV-000018,EVT-0037263,2026-07-14 22:53:40.327850,0.6010990493438926,lstm
SVC-000032,EVT-0037264,2026-07-14 22:54:09.257877,0.44444047932962766,lstm
SVC-000032,EVT-0037265,2026-07-14 22:54:19.174054,0.7050112433215833,lstm
SVC-000002,EVT-0037266,2026-07-14 22:57:52.742209,0.31987956216409835,lstm
SVC-000041,EVT-0037267,2026-07-14 23:03:37.299912,0.9928011627189467,lstm
DEV-000013,EVT-0037268,2026-07-14 23:08:17.898299,0.6577154013702433,lstm
SVC-000025,EVT-0037269,2026-07-14 23:08:40.985920,0.31157759458065754,lstm
SVC-000002,EVT-0037270,2026-07-14 23:11:13.072928,0.22702560446522618,lstm
SVC-000059,EVT-0037271,2026-07-14 23:12:19.191193,0.9640253416102172,lstm
SVC-000002,EVT-0037272,2026-07-14 23:13:12.069899,0.4531811771663151,lstm
SVC-000002,EVT-0037273,2026-07-14 23:15:25.695354,0.41632017755187894,lstm
SVC-000025,EVT-0037274,2026-07-14 23:15:44.331066,0.41261005968127,lstm
SVC-000032,EVT-0037275,2026-07-14 23:16:37.932894,0.3049165012260173,lstm
SVC-000002,EVT-0037276,2026-07-14 23:16:42.782519,0.36280664669292656,lstm
USR-000150,EVT-0037277,2026-07-14 23:16:45.223412,0.3869319820550446,lstm
SVC-000059,EVT-0037278,2026-07-14 23:19:46.354184,0.22324428358995374,lstm
SVC-000059,EVT-0037279,2026-07-14 23:20:25.010723,0.4498420584322037,lstm
DEV-000003,EVT-0037280,2026-07-14 23:20:26.312412,0.5377374698315552,lstm
DEV-000006,EVT-0037281,2026-07-14 23:24:08.935460,0.3621025476079144,lstm
SVC-000041,EVT-0037282,2026-07-14 23:24:19.299079,0.5930338521597944,lstm
SVC-000059,EVT-0037283,2026-07-14 23:27:28.607428,0.21191000882070607,lstm
DEV-000025,EVT-0037284,2026-07-14 23:28:04.043042,0.8213148306530034,lstm
DEV-000020,EVT-0037285,2026-07-14 23:31:31.855005,0.39176289492443794,lstm
SVC-000025,EVT-0037286,2026-07-14 23:31:50.404032,0.3098108834880317,lstm
SVC-000041,EVT-0037287,2026-07-14 23:32:00.104685,0.9292430823481937,lstm
DEV-000020,EVT-0037288,2026-07-14 23:33:01.003532,0.9021768860244472,lstm
SVC-000032,EVT-0037289,2026-07-14 23:34:32.844891,0.3168721130501557,lstm
SVC-000032,EVT-0037290,2026-07-14 23:36:55.229666,0.39402258236845594,lstm
SVC-000002,EVT-0037291,2026-07-14 23:37:50.713233,0.46500511427551183,lstm
SVC-000002,EVT-0037292,2026-07-14 23:38:46.877704,0.49498585762036834,lstm
SVC-000059,EVT-0037293,2026-07-14 23:39:30.818045,0.41745736508423165,lstm
SVC-000002,EVT-0037294,2026-07-14 23:39:36.028440,0.4418702439794732,lstm
DEV-000001,EVT-0037295,2026-07-14 23:45:46.807721,0.49226728290041755,lstm
SVC-000032,EVT-0037296,2026-07-14 23:51:43.560231,0.24086883428967149,lstm
DEV-000007,EVT-0037297,2026-07-14 23:55:28.399199,0.7419605433138744,lstm
SVC-000032,EVT-0037298,2026-07-14 23:55:29.267411,0.3077560318925959,lstm
SVC-000059,EVT-0037299,2026-07-14 23:59:16.115042,0.23491753135369828,lstm
SVC-000059,EVT-0037300,2026-07-15 00:00:13.890583,0.4642825759123184,lstm
SVC-000041,EVT-0037301,2026-07-15 00:00:51.722927,0.5806639348092781,lstm
DEV-000016,EVT-0037302,2026-07-15 00:00:59.370454,0.2789228459289224,lstm
SVC-000059,EVT-0037303,2026-07-15 00:04:06.931483,0.2670282443100814,lstm
SVC-000032,EVT-0037304,2026-07-15 00:04:45.798159,0.3631844497614259,lstm
SVC-000059,EVT-0037305,2026-07-15 00:08:52.004563,0.23256901127856058,lstm
SVC-000041,EVT-0037306,2026-07-15 00:09:08.913572,0.8236792631572604,lstm
SVC-000059,EVT-0037307,2026-07-15 00:13:54.453411,0.20528146292175903,lstm
SVC-000059,EVT-0037308,2026-07-15 00:14:18.441261,0.40152183602632,lstm
SVC-000032,EVT-0037309,2026-07-15 00:19:13.516204,0.2712216473603015,lstm
DEV-000012,EVT-0037310,2026-07-15 00:21:11.262259,0.5363618092822281,lstm
SVC-000059,EVT-0037311,2026-07-15 00:23:16.476440,0.20123210197319374,lstm
SVC-000059,EVT-0037312,2026-07-15 00:25:23.953223,0.2606452887433515,lstm
SVC-000025,EVT-0037313,2026-07-15 00:27:28.702447,0.601131787743127,lstm
SVC-000056,EVT-0037314,2026-07-15 00:32:33.736186,0.9797021620938631,lstm
SVC-000041,EVT-0037315,2026-07-15 00:36:43.090352,0.730325378136717,lstm
SVC-000041,EVT-0037316,2026-07-15 00:46:51.135632,0.3249288976992356,lstm
USR-000163,EVT-0037317,2026-07-15 00:48:58.608302,0.9712721922904339,lstm
DEV-000011,EVT-0037318,2026-07-15 00:50:33.864293,0.5009376072430939,lstm
USR-000106,EVT-0037319,2026-07-15 00:50:38.673334,0.28687022792039607,lstm
USR-000150,EVT-0037320,2026-07-15 00:53:02.555257,0.44592982832063016,lstm
SVC-000056,EVT-0037321,2026-07-15 00:57:19.349045,0.45478181301774934,lstm
SVC-000018,EVT-0037322,2026-07-15 00:58:16.257945,0.9975692972099998,lstm
DEV-000022,EVT-0037323,2026-07-15 01:01:27.426468,0.9132374256669796,lstm
SVC-000056,EVT-0037324,2026-07-15 01:03:41.068526,0.3197619620775683,lstm
DEV-000017,EVT-0037325,2026-07-15 01:04:03.961919,0.5519271755308175,lstm
SVC-000041,EVT-0037326,2026-07-15 01:04:17.427241,0.6491960020906361,lstm
DEV-000014,EVT-0037327,2026-07-15 01:04:50.464919,0.3497712301848578,lstm
DEV-000010,EVT-0037328,2026-07-15 01:08:11.080377,0.8766436357071978,lstm
USR-000106,EVT-0037329,2026-07-15 01:16:22.035228,0.31676532239112903,lstm
SVC-000041,EVT-0037330,2026-07-15 01:23:16.627745,0.6650898534820203,lstm
USR-000113,EVT-0037331,2026-07-15 01:26:19.609682,0.38541810872843446,lstm
SVC-000056,EVT-0037332,2026-07-15 01:34:01.932885,0.6895686448737062,lstm
USR-000113,EVT-0037333,2026-07-15 01:35:31.215892,0.6547614065217207,lstm
DEV-000022,EVT-0037334,2026-07-15 01:39:03.456831,0.7260689100524473,lstm
DEV-000004,EVT-0037335,2026-07-15 01:40:14.674957,0.39441178271878485,lstm
USR-000113,EVT-0037336,2026-07-15 01:46:31.542187,0.549727896205341,lstm
SVC-000041,EVT-0037337,2026-07-15 01:50:15.850641,0.48171102383607944,lstm
SVC-000041,EVT-0037338,2026-07-15 01:54:42.189347,0.7439119940968776,lstm
DEV-000002,EVT-0037339,2026-07-15 01:57:59.744531,0.6766404206991349,lstm
SVC-000041,EVT-0037340,2026-07-15 01:59:27.367677,0.7607176723974152,lstm
USR-000163,EVT-0037341,2026-07-15 02:00:12.199958,0.7907969067568525,lstm
SVC-000018,EVT-0037342,2026-07-15 02:03:39.501312,0.9036878447391737,lstm
DEV-000011,EVT-0037343,2026-07-15 02:04:33.437239,0.30418529741421924,lstm
DEV-000024,EVT-0037344,2026-07-15 02:05:56.296123,0.5046379898817158,lstm
DEV-000026,EVT-0037345,2026-07-15 02:09:36.117327,0.4173308169996204,lstm
DEV-000020,EVT-0037346,2026-07-15 02:10:20.049748,0.5300472017067982,lstm
SVC-000018,EVT-0037347,2026-07-15 02:10:23.329951,0.4241429487549902,lstm
SVC-000041,EVT-0037348,2026-07-15 02:13:40.561577,0.6443837048038877,lstm
DEV-000005,EVT-0037349,2026-07-15 02:19:21.454205,0.6789357454652867,lstm
SVC-000056,EVT-0037350,2026-07-15 02:21:01.989641,0.7990439982641214,lstm
SVC-000056,EVT-0037351,2026-07-15 02:21:38.720176,0.8217509605644867,lstm
USR-000088,EVT-0037352,2026-07-15 02:26:16.363569,0.25968315083733806,lstm
SVC-000041,EVT-0037353,2026-07-15 02:28:22.032843,0.3941528491550563,lstm
DEV-000012,EVT-0037354,2026-07-15 02:31:57.934867,0.367345887442943,lstm
SVC-000018,EVT-0037355,2026-07-15 02:35:26.348218,0.4816460897822089,lstm
USR-000150,EVT-0037356,2026-07-15 02:36:50.941082,0.3829095153199866,lstm
SVC-000018,EVT-0037357,2026-07-15 02:44:31.100775,0.7036733426154901,lstm
DEV-000013,EVT-0037358,2026-07-15 02:53:34.299833,0.4620178170276819,lstm
SVC-000018,EVT-0037359,2026-07-15 02:55:13.337976,0.399566384138936,lstm
SVC-000018,EVT-0037360,2026-07-15 02:58:08.682190,0.486893938725943,lstm
USR-000113,EVT-0037361,2026-07-15 02:58:47.752449,0.4247485327083457,lstm
SVC-000018,EVT-0037362,2026-07-15 03:02:38.155461,0.58445420115521,lstm
SVC-000014,EVT-0037363,2026-07-15 03:06:26.833220,0.9999211572646479,lstm
SVC-000014,EVT-0037364,2026-07-15 03:07:19.775209,0.8174050509205223,lstm
DEV-000023,EVT-0037365,2026-07-15 03:12:34.648764,0.912579452193101,lstm
SVC-000018,EVT-0037366,2026-07-15 03:16:00.234462,0.5873144541319495,lstm
DEV-000004,EVT-0037367,2026-07-15 03:19:44.334984,0.5684559710926009,lstm
SVC-000041,EVT-0037368,2026-07-15 03:21:38.962048,0.5323103392922723,lstm
SVC-000018,EVT-0037369,2026-07-15 03:24:16.159158,0.35726980465342706,lstm
SVC-000007,EVT-0037370,2026-07-15 03:31:38.494553,0.9917115333158779,lstm
DEV-000004,EVT-0037371,2026-07-15 03:32:39.197088,0.8131331600184805,lstm
SVC-000014,EVT-0037372,2026-07-15 03:33:12.141662,0.52920901206016,lstm
SVC-000018,EVT-0037373,2026-07-15 03:39:52.236768,0.23790199984599292,lstm
SVC-000014,EVT-0037374,2026-07-15 03:40:57.661030,0.3860466936284007,lstm
SVC-000041,EVT-0037375,2026-07-15 03:42:00.691111,0.7544050689286029,lstm
DEV-000002,EVT-0037376,2026-07-15 03:42:49.749912,0.659467931005771,lstm
SVC-000041,EVT-0037377,2026-07-15 03:46:35.581624,0.8807686861579855,lstm
SVC-000014,EVT-0037378,2026-07-15 03:47:07.591752,0.36271492464136884,lstm
SVC-000019,EVT-0037379,2026-07-15 03:52:13.461802,0.9859837943690202,lstm
DEV-000011,EVT-0037380,2026-07-15 03:55:58.376401,0.19733356588777165,lstm
SVC-000014,EVT-0037381,2026-07-15 03:57:38.091087,0.36416474082058686,lstm
SVC-000015,EVT-0037382,2026-07-15 03:57:58.244174,0.9841683882981815,lstm
DEV-000012,EVT-0037383,2026-07-15 04:03:10.982607,0.2587066993521937,lstm
SVC-000014,EVT-0037384,2026-07-15 04:05:47.450325,0.2633849877147558,lstm
SVC-000007,EVT-0037385,2026-07-15 04:07:37.151731,0.32045020542147457,lstm
SVC-000014,EVT-0037386,2026-07-15 04:13:02.878570,0.4339351956610914,lstm
DEV-000011,EVT-0037387,2026-07-15 04:13:08.138229,0.3708368376426378,lstm
DEV-000023,EVT-0037388,2026-07-15 04:15:17.401346,0.7139883343525091,lstm
SVC-000019,EVT-0037389,2026-07-15 04:18:51.024885,0.2848875425014698,lstm
SVC-000015,EVT-0037390,2026-07-15 04:19:37.512898,0.4481390420886112,lstm
SVC-000015,EVT-0037391,2026-07-15 04:24:07.842711,0.4886202429597651,lstm
DEV-000021,EVT-0037392,2026-07-15 04:24:41.830985,0.711674197342196,lstm
SVC-000015,EVT-0037393,2026-07-15 04:25:43.524723,0.5645557969387123,lstm
DEV-000005,EVT-0037394,2026-07-15 04:26:15.394912,0.5230230060748857,lstm
DEV-000008,EVT-0037395,2026-07-15 04:27:59.978202,0.6187343697880078,lstm
SVC-000014,EVT-0037396,2026-07-15 04:31:04.942173,0.2603669684818084,lstm
SVC-000019,EVT-0037397,2026-07-15 04:32:26.601402,0.23974538996286016,lstm
SVC-000014,EVT-0037398,2026-07-15 04:34:10.952603,0.3225677244673412,lstm
DEV-000016,EVT-0037399,2026-07-15 04:34:21.413333,0.30560857289984117,lstm
SVC-000007,EVT-0037400,2026-07-15 04:35:49.434022,0.808259684998573,lstm
DEV-000008,EVT-0037401,2026-07-15 04:41:16.985541,0.7662128453335195,lstm
DEV-000013,EVT-0037402,2026-07-15 04:42:03.447568,0.419477649730648,lstm
SVC-000019,EVT-0037403,2026-07-15 04:42:05.527755,0.24031441160037834,lstm
DEV-000012,EVT-0037404,2026-07-15 04:44:48.251541,0.28033306354305076,lstm
SVC-000019,EVT-0037405,2026-07-15 04:45:06.148031,0.6693461750263301,lstm
SVC-000007,EVT-0037406,2026-07-15 04:45:57.192417,0.221316343080491,lstm
SVC-000015,EVT-0037407,2026-07-15 04:47:53.422595,0.30227158214081007,lstm
SVC-000007,EVT-0037408,2026-07-15 04:50:28.626477,0.3486903552585777,lstm
USR-000088,EVT-0037409,2026-07-15 04:51:05.006897,0.4621960064371708,lstm
DEV-000019,EVT-0037410,2026-07-15 04:51:11.025989,0.9999999583719403,lstm
SVC-000015,EVT-0037411,2026-07-15 04:57:44.922213,0.5006385561800497,lstm
SVC-000014,EVT-0037412,2026-07-15 05:02:19.286327,0.29226156005728515,lstm
DEV-000025,EVT-0037413,2026-07-15 05:03:17.361079,0.7266006087101808,lstm
SVC-000019,EVT-0037414,2026-07-15 05:07:11.369143,0.20870602261261892,lstm
SVC-000015,EVT-0037415,2026-07-15 05:09:39.052377,0.26883119129386646,lstm
USR-000076,EVT-0037416,2026-07-15 05:16:08.652803,0.9154707369710453,lstm
DEV-000001,EVT-0037417,2026-07-15 05:16:24.938243,0.6364160187598866,lstm
SVC-000014,EVT-0037418,2026-07-15 05:16:59.683098,0.2877092666368448,lstm
SVC-000007,EVT-0037419,2026-07-15 05:18:12.616966,0.5534527855069604,lstm
DEV-000001,EVT-0037420,2026-07-15 05:22:59.048448,0.6266974978788642,lstm
SVC-000007,EVT-0037421,2026-07-15 05:23:03.972025,0.23637720108632077,lstm
SVC-000007,EVT-0037422,2026-07-15 05:25:12.490882,0.3294977073753834,lstm
USR-000095,EVT-0037423,2026-07-15 05:26:21.972070,0.826320683661507,lstm
DEV-000023,EVT-0037424,2026-07-15 05:28:27.180155,0.6492207390285504,lstm
SVC-000019,EVT-0037425,2026-07-15 05:29:01.114953,0.23458711855732364,lstm
DEV-000006,EVT-0037426,2026-07-15 05:30:04.328451,0.43521002734098163,lstm
SVC-000019,EVT-0037427,2026-07-15 05:35:45.949573,0.23879800667783138,lstm
SVC-000015,EVT-0037428,2026-07-15 05:39:05.934328,0.4631344072438493,lstm
SVC-000009,EVT-0037429,2026-07-15 05:40:16.933118,0.9898339629055276,lstm
USR-000181,EVT-0037430,2026-07-15 05:43:59.045895,0.8441715811431328,lstm
SVC-000019,EVT-0037431,2026-07-15 05:44:21.967752,0.2560356335296989,lstm
USR-000009,EVT-0037432,2026-07-15 05:47:03.138556,0.39458362928972135,lstm
SVC-000007,EVT-0037433,2026-07-15 05:50:13.811234,0.43597233529924134,lstm
SVC-000019,EVT-0037434,2026-07-15 05:51:07.324756,0.2779703772180844,lstm
DEV-000010,EVT-0037435,2026-07-15 05:59:23.383721,0.8181292987556709,lstm
SVC-000014,EVT-0037436,2026-07-15 06:07:02.133967,0.5903146107835456,lstm
SVC-000019,EVT-0037437,2026-07-15 06:07:24.843720,0.250363638220956,lstm
SVC-000009,EVT-0037438,2026-07-15 06:08:36.876026,0.7369475707842995,lstm
SVC-000009,EVT-0037439,2026-07-15 06:11:06.571790,0.5842174648181505,lstm
USR-000009,EVT-0037440,2026-07-15 06:12:15.637383,0.36458266984668997,lstm
SVC-000009,EVT-0037441,2026-07-15 06:12:26.746660,0.6189543299802158,lstm
USR-000103,EVT-0037442,2026-07-15 06:12:30.947185,0.7333532037078637,lstm
USR-000041,EVT-0037443,2026-07-15 06:19:11.300033,0.6691603787964762,lstm
SVC-000009,EVT-0037444,2026-07-15 06:23:43.621427,0.4033409281499158,lstm
SVC-000009,EVT-0037445,2026-07-15 06:25:07.415359,0.47846765985581063,lstm
SVC-000009,EVT-0037446,2026-07-15 06:26:36.251272,0.82031476972005,lstm
SVC-000009,EVT-0037447,2026-07-15 06:26:53.251688,0.7184931189671184,lstm
SVC-000039,EVT-0037448,2026-07-15 06:28:48.355776,0.9994058393511536,lstm
SVC-000009,EVT-0037449,2026-07-15 06:30:37.624518,0.7543894642511618,lstm
SVC-000009,EVT-0037450,2026-07-15 06:32:20.675672,0.4973595604319226,lstm
SVC-000009,EVT-0037451,2026-07-15 06:32:40.645669,0.7246837355139525,lstm
SVC-000055,EVT-0037452,2026-07-15 06:33:43.378384,0.9994095694343913,lstm
DEV-000017,EVT-0037453,2026-07-15 06:37:59.665785,0.4317589689493818,lstm
USR-000015,EVT-0037454,2026-07-15 06:38:29.025471,0.639073480632199,lstm
SVC-000009,EVT-0037455,2026-07-15 06:38:51.535494,0.4757241457130835,lstm
USR-000194,EVT-0037456,2026-07-15 06:40:35.834722,0.8636323399782337,lstm
SVC-000040,EVT-0037457,2026-07-15 06:42:20.395737,0.9838400177379715,lstm
USR-000168,EVT-0037458,2026-07-15 06:42:32.358000,0.6880508879669234,lstm
USR-000058,EVT-0037459,2026-07-15 06:42:35.647142,0.8553557671458761,lstm
SVC-000009,EVT-0037460,2026-07-15 06:42:52.170306,0.3396589299842808,lstm
USR-000039,EVT-0037461,2026-07-15 06:43:35.472877,0.9177765600535773,lstm
DEV-000001,EVT-0037462,2026-07-15 06:49:07.620576,0.2907471573031796,lstm
DEV-000020,EVT-0037463,2026-07-15 06:50:55.389629,0.6902147658814051,lstm
SVC-000009,EVT-0037464,2026-07-15 06:51:08.811526,0.3807717657822639,lstm
USR-000118,EVT-0037465,2026-07-15 07:00:18.421712,0.8738899272007378,lstm
DEV-000003,EVT-0037466,2026-07-15 07:00:39.191090,0.5985699438597836,lstm
DEV-000026,EVT-0037467,2026-07-15 07:01:57.826292,0.6523335978529977,lstm
USR-000087,EVT-0037468,2026-07-15 07:02:50.502846,0.843983167518161,lstm
SVC-000009,EVT-0037469,2026-07-15 07:06:43.212156,0.5299830776872133,lstm
SVC-000040,EVT-0037470,2026-07-15 07:07:22.963272,0.42465672587378195,lstm
DEV-000026,EVT-0037471,2026-07-15 07:13:20.312443,0.8494441699716601,lstm
DEV-000023,EVT-0037472,2026-07-15 07:14:46.774404,0.31174233739516066,lstm
SVC-000009,EVT-0037473,2026-07-15 07:16:51.690207,0.4840757193816387,lstm
DEV-000011,EVT-0037474,2026-07-15 07:19:10.688729,0.22506749277566335,lstm
SVC-000039,EVT-0037475,2026-07-15 07:19:36.762127,0.8618820024270847,lstm
DEV-000012,EVT-0037476,2026-07-15 07:19:50.883542,0.20109962821864003,lstm
SVC-000040,EVT-0037477,2026-07-15 07:21:17.593103,0.3926176648598278,lstm
DEV-000011,EVT-0037478,2026-07-15 07:21:17.998308,0.7901156908193603,lstm
USR-000082,EVT-0037479,2026-07-15 07:21:56.937852,0.5083772461704401,lstm
SVC-000055,EVT-0037480,2026-07-15 07:22:01.746676,0.6039620200395024,lstm
SVC-000039,EVT-0037481,2026-07-15 07:23:36.206969,0.848018656882382,lstm
SVC-000011,EVT-0037482,2026-07-15 07:27:14.831537,0.9942187838422695,lstm
USR-000207,EVT-0037483,2026-07-15 07:27:54.937151,0.7971996369285157,lstm
SVC-000055,EVT-0037484,2026-07-15 07:28:20.643782,0.4828011766486946,lstm
DEV-000018,EVT-0037485,2026-07-15 07:31:50.189445,0.8088592705972801,lstm
SVC-000055,EVT-0037486,2026-07-15 07:31:59.699004,0.49825612779007494,lstm
SVC-000030,EVT-0037487,2026-07-15 07:33:05.711740,0.9629493792765537,lstm
DEV-000002,EVT-0037488,2026-07-15 07:34:11.621111,0.8235300320185152,lstm
USR-000038,EVT-0037489,2026-07-15 07:40:50.949098,0.9353928637932865,lstm
SVC-000030,EVT-0037490,2026-07-15 07:44:34.811907,0.6986134100177966,lstm
USR-000182,EVT-0037491,2026-07-15 07:47:09.846131,0.40180798677438934,lstm
SVC-000011,EVT-0037492,2026-07-15 07:56:02.725475,0.36002280349837534,lstm
DEV-000012,EVT-0037493,2026-07-15 07:56:08.586166,0.24514308943210122,lstm
USR-000039,EVT-0037494,2026-07-15 07:56:49.924148,0.5356359249691729,lstm
SVC-000046,EVT-0037495,2026-07-15 07:56:59.789199,0.9950412476654524,lstm
SVC-000011,EVT-0037496,2026-07-15 07:57:39.319365,0.5150166263966998,lstm
USR-000121,EVT-0037497,2026-07-15 07:59:03.873020,0.8807650013034439,lstm
SVC-000055,EVT-0037498,2026-07-15 07:59:12.929173,0.3251650333649824,lstm
SVC-000030,EVT-0037499,2026-07-15 07:59:42.661445,0.4496432144006902,lstm
SVC-000055,EVT-0037500,2026-07-15 08:00:13.051129,0.6342106450516595,lstm
USR-000060,EVT-0037501,2026-07-15 08:00:13.131911,0.8273488060866638,lstm
SVC-000030,EVT-0037502,2026-07-15 08:01:53.763646,0.6589044284815889,lstm
USR-000041,EVT-0037503,2026-07-15 08:03:31.345980,0.4413763098552862,lstm
SVC-000011,EVT-0037504,2026-07-15 08:07:52.780261,0.3834559861693801,lstm
USR-000009,EVT-0037505,2026-07-15 08:09:34.733873,0.20337757858653951,lstm
SVC-000039,EVT-0037506,2026-07-15 08:11:25.786917,0.6450441624671287,lstm
SVC-000011,EVT-0037507,2026-07-15 08:11:47.038087,0.3201750599542284,lstm
USR-000060,EVT-0037508,2026-07-15 08:13:39.950830,0.4687538220448104,lstm
SVC-000011,EVT-0037509,2026-07-15 08:14:00.975878,0.3220367281834387,lstm
USR-000031,EVT-0037510,2026-07-15 08:16:32.262857,0.5515073761651982,lstm
SVC-000055,EVT-0037511,2026-07-15 08:17:01.846258,0.3282629193495543,lstm
USR-000078,EVT-0037512,2026-07-15 08:18:18.761307,0.649426124281174,lstm
USR-000050,EVT-0037513,2026-07-15 08:18:39.153366,0.6285208492701267,lstm
USR-000009,EVT-0037514,2026-07-15 08:19:07.675436,0.42842941134274626,lstm
USR-000058,EVT-0037515,2026-07-15 08:19:38.631607,0.4443847557888373,lstm
USR-000096,EVT-0037516,2026-07-15 08:22:09.549407,0.7608465785993258,lstm
SVC-000039,EVT-0037517,2026-07-15 08:23:36.486138,0.5670740457891317,lstm
SVC-000011,EVT-0037518,2026-07-15 08:24:18.121069,0.37733469981798956,lstm
USR-000051,EVT-0037519,2026-07-15 08:25:20.153516,0.8636568945712884,lstm
USR-000009,EVT-0037520,2026-07-15 08:25:32.627896,0.42338410695602047,lstm
SVC-000011,EVT-0037521,2026-07-15 08:26:50.132451,0.3433316317951542,lstm
USR-000001,EVT-0037522,2026-07-15 08:27:02.607354,0.9566086535684933,lstm
SVC-000030,EVT-0037523,2026-07-15 08:28:11.297170,0.8038168493480291,lstm
SVC-000040,EVT-0037524,2026-07-15 08:29:39.587182,0.7554923959380163,lstm
DEV-000016,EVT-0037525,2026-07-15 08:29:51.002932,0.3648317851971863,lstm
USR-000167,EVT-0037526,2026-07-15 08:30:09.671190,0.9466813990667784,lstm
USR-000129,EVT-0037527,2026-07-15 08:30:46.151369,0.5987941998194962,lstm
SVC-000011,EVT-0037528,2026-07-15 08:33:15.892647,0.30356866240709435,lstm
SVC-000046,EVT-0037529,2026-07-15 08:36:01.844621,0.5667307141346565,lstm
USR-000076,EVT-0037530,2026-07-15 08:37:56.517372,0.4936980854206485,lstm
DEV-000001,EVT-0037531,2026-07-15 08:38:27.625488,0.2169933284535944,lstm
USR-000206,EVT-0037532,2026-07-15 08:38:30.417203,0.5768515318424938,lstm
SVC-000046,EVT-0037533,2026-07-15 08:39:57.302498,0.4380354084416659,lstm
SVC-000046,EVT-0037534,2026-07-15 08:40:09.696970,0.4643963864473427,lstm
SVC-000011,EVT-0037535,2026-07-15 08:40:32.008481,0.33612194416186175,lstm
USR-000093,EVT-0037536,2026-07-15 08:40:49.384369,0.438746849709867,lstm
DEV-000006,EVT-0037537,2026-07-15 08:40:52.332603,0.2820716867463677,lstm
USR-000129,EVT-0037538,2026-07-15 08:42:15.790654,0.5042618762678827,lstm
USR-000132,EVT-0037539,2026-07-15 08:43:26.156977,0.5236881728886403,lstm
SVC-000046,EVT-0037540,2026-07-15 08:43:59.948119,0.3708202285617517,lstm
USR-000207,EVT-0037541,2026-07-15 08:44:11.495630,0.7071153500649141,lstm
SVC-000046,EVT-0037542,2026-07-15 08:45:12.534100,0.6572459088368088,lstm
USR-000047,EVT-0037543,2026-07-15 08:46:48.283646,0.7380767333700792,lstm
USR-000060,EVT-0037544,2026-07-15 08:48:03.240784,0.2863609923656048,lstm
USR-000050,EVT-0037545,2026-07-15 08:50:14.709586,0.568957273274727,lstm
DEV-000023,EVT-0037546,2026-07-15 08:50:50.786671,0.2714398276152007,lstm
SVC-000046,EVT-0037547,2026-07-15 08:51:44.705855,0.5639037774042192,lstm
USR-000168,EVT-0037548,2026-07-15 08:52:11.977644,0.2867168213857918,lstm
USR-000095,EVT-0037549,2026-07-15 08:52:28.509907,0.4880356031983875,lstm
USR-000159,EVT-0037550,2026-07-15 08:52:40.932117,0.7206443960491982,lstm
USR-000168,EVT-0037551,2026-07-15 08:53:02.227677,0.8022479406630357,lstm
USR-000142,EVT-0037552,2026-07-15 08:54:44.766023,0.7050700087612505,lstm
SVC-000011,EVT-0037553,2026-07-15 08:58:00.372813,0.31563351454100463,lstm
SVC-000046,EVT-0037554,2026-07-15 08:58:18.092415,0.2327097846507104,lstm
USR-000172,EVT-0037555,2026-07-15 08:58:50.448915,0.9397909595459937,lstm
SVC-000024,EVT-0037556,2026-07-15 08:58:55.173395,0.9790487201906859,lstm
USR-000129,EVT-0037557,2026-07-15 08:59:09.529794,0.3478469689990911,lstm
SVC-000053,EVT-0037558,2026-07-15 09:00:15.230072,0.9922907392559237,lstm
USR-000103,EVT-0037559,2026-07-15 09:00:32.683381,0.5156975887444375,lstm
USR-000015,EVT-0037560,2026-07-15 09:02:15.126184,0.28310632163248145,lstm
SVC-000053,EVT-0037561,2026-07-15 09:03:17.237021,0.7306166067550428,lstm
USR-000050,EVT-0037562,2026-07-15 09:04:44.876486,0.7105583537265774,lstm
SVC-000039,EVT-0037563,2026-07-15 09:04:57.973750,0.4316559678589315,lstm
SVC-000024,EVT-0037564,2026-07-15 09:05:58.723966,0.3742487519314326,lstm
SVC-000024,EVT-0037565,2026-07-15 09:06:09.754219,0.6457236671991815,lstm
SVC-000016,EVT-0037566,2026-07-15 09:06:22.401521,0.9742455302061565,lstm
SVC-000046,EVT-0037567,2026-07-15 09:07:06.640590,0.5879864411122915,lstm
SVC-000042,EVT-0037568,2026-07-15 09:07:27.779981,0.9801050631816683,lstm
USR-000199,EVT-0037569,2026-07-15 09:09:15.107726,0.3841015290897968,lstm
SVC-000046,EVT-0037570,2026-07-15 09:09:49.352175,0.38491133677513933,lstm
SVC-000011,EVT-0037571,2026-07-15 09:10:23.215056,0.2823022110437194,lstm
USR-000118,EVT-0037572,2026-07-15 09:11:02.886582,0.7400515344875461,lstm
SVC-000042,EVT-0037573,2026-07-15 09:12:10.974143,0.43869929806903296,lstm
USR-000194,EVT-0037574,2026-07-15 09:13:20.154273,0.38841356872739896,lstm
USR-000142,EVT-0037575,2026-07-15 09:13:41.432809,0.40479621216116585,lstm
SVC-000030,EVT-0037576,2026-07-15 09:14:18.824866,0.6922037225485926,lstm
SVC-000011,EVT-0037577,2026-07-15 09:14:31.461306,0.38638728303034087,lstm
DEV-000018,EVT-0037578,2026-07-15 09:14:39.452904,0.4591900474558692,lstm
USR-000015,EVT-0037579,2026-07-15 09:15:56.302896,0.3650835903722412,lstm
USR-000097,EVT-0037580,2026-07-15 09:16:09.170729,0.7232470794232548,lstm
USR-000207,EVT-0037581,2026-07-15 09:17:05.611300,0.6733726590271049,lstm
USR-000172,EVT-0037582,2026-07-15 09:19:12.288061,0.5914795508773883,lstm
SVC-000042,EVT-0037583,2026-07-15 09:19:55.813486,0.4051458064946728,lstm
SVC-000030,EVT-0037584,2026-07-15 09:23:40.410608,0.682440958898209,lstm
DEV-000010,EVT-0037585,2026-07-15 09:24:25.992544,0.4640944949643118,lstm
SVC-000024,EVT-0037586,2026-07-15 09:24:55.520316,0.3317980228588519,lstm
USR-000001,EVT-0037587,2026-07-15 09:25:57.703310,0.8542243285368698,lstm
USR-000060,EVT-0037588,2026-07-15 09:26:20.710458,0.2750427074847586,lstm
USR-000182,EVT-0037589,2026-07-15 09:26:51.629937,0.8026377481109778,lstm
SVC-000016,EVT-0037590,2026-07-15 09:27:41.371095,0.658898844140539,lstm
USR-000213,EVT-0037591,2026-07-15 09:29:36.820554,0.6595682836415339,lstm
SVC-000053,EVT-0037592,2026-07-15 09:30:39.305297,0.7555436550539253,lstm
SVC-000039,EVT-0037593,2026-07-15 09:31:32.374206,0.5083708790003518,lstm
DEV-000014,EVT-0037594,2026-07-15 09:32:36.358342,0.5792298772427813,lstm
SVC-000042,EVT-0037595,2026-07-15 09:33:50.847749,0.25993394238008016,lstm
SVC-000046,EVT-0037596,2026-07-15 09:34:13.831568,0.35265520916429766,lstm
SVC-000024,EVT-0037597,2026-07-15 09:34:20.918708,0.2398216523012379,lstm
SVC-000039,EVT-0037598,2026-07-15 09:37:20.854142,0.43348154815693046,lstm
USR-000031,EVT-0037599,2026-07-15 09:37:41.916321,0.28711502375669046,lstm
USR-000207,EVT-0037600,2026-07-15 09:38:30.612141,0.4773844316834748,lstm
SVC-000013,EVT-0037601,2026-07-15 09:38:32.312409,0.9994770046573636,lstm
USR-000096,EVT-0037602,2026-07-15 09:38:35.948785,0.5269699343302047,lstm
USR-000058,EVT-0037603,2026-07-15 09:40:13.435794,0.3736310175880178,lstm
USR-000167,EVT-0037604,2026-07-15 09:40:18.872762,0.5781016684113359,lstm
USR-000050,EVT-0037605,2026-07-15 09:40:34.912832,0.44064538780955315,lstm
USR-000042,EVT-0037606,2026-07-15 09:42:39.625218,0.8109731578269568,lstm
USR-000087,EVT-0037607,2026-07-15 09:43:31.912412,0.42566156423389157,lstm
SVC-000016,EVT-0037608,2026-07-15 09:43:59.132254,0.6422572191687821,lstm
USR-000190,EVT-0037609,2026-07-15 09:46:37.321767,0.3476769463198788,lstm
SVC-000008,EVT-0037610,2026-07-15 09:47:49.986792,0.9954695593038291,lstm
USR-000164,EVT-0037611,2026-07-15 09:48:16.796841,0.398163772285046,lstm
USR-000095,EVT-0037612,2026-07-15 09:48:19.551691,0.4002958673541105,lstm
SVC-000016,EVT-0037613,2026-07-15 09:49:33.184873,0.7286529621848847,lstm
USR-000038,EVT-0037614,2026-07-15 09:49:33.757303,0.5148904405915745,lstm
USR-000173,EVT-0037615,2026-07-15 09:51:03.362788,0.5827899241380602,lstm
SVC-000042,EVT-0037616,2026-07-15 09:52:48.878203,0.2314088312001917,lstm
DEV-000007,EVT-0037617,2026-07-15 09:53:39.299940,0.3553918467268689,lstm
DEV-000001,EVT-0037618,2026-07-15 09:55:18.455224,0.18444821658763022,lstm
USR-000039,EVT-0037619,2026-07-15 09:55:47.790460,0.34142237205974985,lstm
USR-000086,EVT-0037620,2026-07-15 09:56:09.038337,0.477784549345281,lstm
SVC-000042,EVT-0037621,2026-07-15 09:57:57.812435,0.27379198008158245,lstm
DEV-000002,EVT-0037622,2026-07-15 10:00:20.668177,0.7252140054872247,lstm
USR-000168,EVT-0037623,2026-07-15 10:00:48.568566,0.2536663518293323,lstm
SVC-000013,EVT-0037624,2026-07-15 10:01:21.045005,0.49879912397362375,lstm
SVC-000042,EVT-0037625,2026-07-15 10:01:45.577845,0.2614116348027733,lstm
SVC-000039,EVT-0037626,2026-07-15 10:01:47.224823,0.3206682361220073,lstm
USR-000168,EVT-0037627,2026-07-15 10:01:51.000086,0.5589482763423328,lstm
SVC-000016,EVT-0037628,2026-07-15 10:05:51.177612,0.5527139467252675,lstm
USR-000015,EVT-0037629,2026-07-15 10:06:38.590970,0.3829788732631243,lstm
USR-000092,EVT-0037630,2026-07-15 10:08:37.108153,0.8911401915597393,lstm
SVC-000053,EVT-0037631,2026-07-15 10:08:37.664707,0.4644728374261823,lstm
USR-000051,EVT-0037632,2026-07-15 10:09:56.725986,0.8460866366635689,lstm
SVC-000042,EVT-0037633,2026-07-15 10:10:02.873427,0.2284798845534569,lstm
USR-000042,EVT-0037634,2026-07-15 10:10:58.242854,0.43393346877882955,lstm
USR-000112,EVT-0037635,2026-07-15 10:11:13.279599,0.47355599515063773,lstm
SVC-000042,EVT-0037636,2026-07-15 10:11:23.027834,0.3706137591595466,lstm
USR-000086,EVT-0037637,2026-07-15 10:11:47.377609,0.38496150168211907,lstm
SVC-000050,EVT-0037638,2026-07-15 10:12:10.696116,0.9693856836510504,lstm
USR-000087,EVT-0037639,2026-07-15 10:12:55.638754,0.4149116912841584,lstm
SVC-000030,EVT-0037640,2026-07-15 10:14:25.187141,0.7697922116831912,lstm
SVC-000013,EVT-0037641,2026-07-15 10:14:48.155154,0.7234365616479512,lstm
SVC-000049,EVT-0037642,2026-07-15 10:18:44.057002,0.9973267652834573,lstm
USR-000015,EVT-0037643,2026-07-15 10:18:53.224753,0.4668480374889956,lstm
USR-000029,EVT-0037644,2026-07-15 10:19:50.633379,0.8264492842018157,lstm
SVC-000016,EVT-0037645,2026-07-15 10:20:56.594366,0.38394074527563754,lstm
SVC-000024,EVT-0037646,2026-07-15 10:21:50.814432,0.41077748942470327,lstm
DEV-000001,EVT-0037647,2026-07-15 10:22:10.893766,0.23835853684981023,lstm
DEV-000026,EVT-0037648,2026-07-15 10:22:12.508267,0.5924152700014641,lstm
SVC-000039,EVT-0037649,2026-07-15 10:22:22.255704,0.3125939592806642,lstm
USR-000015,EVT-0037650,2026-07-15 10:22:32.296413,0.4345319832884097,lstm
SVC-000039,EVT-0037651,2026-07-15 10:22:59.553131,0.7205322678892343,lstm
SVC-000016,EVT-0037652,2026-07-15 10:24:01.364294,0.6024704805603994,lstm
SVC-000024,EVT-0037653,2026-07-15 10:26:39.407549,0.2828751342266613,lstm
SVC-000013,EVT-0037654,2026-07-15 10:26:45.350503,0.35907805481483446,lstm
SVC-000016,EVT-0037655,2026-07-15 10:26:48.382552,0.7470232538414462,lstm
USR-000042,EVT-0037656,2026-07-15 10:27:21.770475,0.35686793724103283,lstm
SVC-000013,EVT-0037657,2026-07-15 10:27:45.981493,0.4972477527627747,lstm
SVC-000039,EVT-0037658,2026-07-15 10:28:44.060667,0.41411880422457803,lstm
SVC-000039,EVT-0037659,2026-07-15 10:29:26.319739,0.9234561439957271,lstm
DEV-000018,EVT-0037660,2026-07-15 10:29:43.959805,0.37723483851436457,lstm
SVC-000053,EVT-0037661,2026-07-15 10:30:18.465813,0.5174489678637301,lstm
SVC-000024,EVT-0037662,2026-07-15 10:30:57.670365,0.3172478068105774,lstm
USR-000143,EVT-0037663,2026-07-15 10:31:14.740785,0.9111926727298247,lstm
SVC-000042,EVT-0037664,2026-07-15 10:32:31.939711,0.20914369585408507,lstm
USR-000169,EVT-0037665,2026-07-15 10:35:04.138882,0.9241397967782721,lstm
SVC-000016,EVT-0037666,2026-07-15 10:35:42.692157,0.2919359626687958,lstm
DEV-000023,EVT-0037667,2026-07-15 10:36:17.898131,0.40465409010964276,lstm
USR-000058,EVT-0037668,2026-07-15 10:37:50.884855,0.5492732194317919,lstm
USR-000200,EVT-0037669,2026-07-15 10:38:21.935714,0.9339867046989768,lstm
USR-000173,EVT-0037670,2026-07-15 10:38:42.713996,0.329069649987663,lstm
USR-000154,EVT-0037671,2026-07-15 10:39:26.787362,0.8964171851501551,lstm
SVC-000016,EVT-0037672,2026-07-15 10:39:43.329490,0.45064637633994414,lstm
USR-000190,EVT-0037673,2026-07-15 10:39:44.517542,0.3625173259476924,lstm
SVC-000024,EVT-0037674,2026-07-15 10:40:21.714886,0.2568261291486435,lstm
USR-000213,EVT-0037675,2026-07-15 10:40:51.089234,0.6450865670745775,lstm
USR-000073,EVT-0037676,2026-07-15 10:42:04.278890,0.7530830377612907,lstm
USR-000132,EVT-0037677,2026-07-15 10:42:06.570953,0.5067594215863854,lstm
USR-000001,EVT-0037678,2026-07-15 10:42:09.211422,0.765640887829583,lstm
SVC-000039,EVT-0037679,2026-07-15 10:42:15.119263,0.5265094797170605,lstm
SVC-000016,EVT-0037680,2026-07-15 10:42:19.827542,0.5638102168740987,lstm
SVC-000024,EVT-0037681,2026-07-15 10:42:55.678891,0.5390308165374208,lstm
SVC-000001,EVT-0037682,2026-07-15 10:44:11.740241,0.9866855844871126,lstm
SVC-000024,EVT-0037683,2026-07-15 10:44:20.974287,0.3960940748218809,lstm
DEV-000025,EVT-0037684,2026-07-15 10:44:35.777487,0.4458445404757901,lstm
USR-000082,EVT-0037685,2026-07-15 10:45:08.125920,0.2765347775048136,lstm
SVC-000008,EVT-0037686,2026-07-15 10:45:54.852904,0.4635320658768829,lstm
USR-000046,EVT-0037687,2026-07-15 10:45:58.803006,0.8870145380345809,lstm
DEV-000018,EVT-0037688,2026-07-15 10:47:46.021618,0.4909282539969782,lstm
USR-000051,EVT-0037689,2026-07-15 10:48:34.195453,0.9412684997616618,lstm
USR-000213,EVT-0037690,2026-07-15 10:49:58.380024,0.7509842644234818,lstm
USR-000195,EVT-0037691,2026-07-15 10:50:38.369929,0.7000819151171347,lstm
USR-000144,EVT-0037692,2026-07-15 10:52:02.363871,0.8359231273001637,lstm
USR-000206,EVT-0037693,2026-07-15 10:52:23.205895,0.2864939921922266,lstm
SVC-000024,EVT-0037694,2026-07-15 10:53:27.237311,0.2867049880003165,lstm
USR-000119,EVT-0037695,2026-07-15 10:55:01.431477,0.754611161457224,lstm
SVC-000024,EVT-0037696,2026-07-15 10:55:06.912040,0.36822375498423277,lstm
USR-000002,EVT-0037697,2026-07-15 10:55:35.473538,0.8195010114839532,lstm
SVC-000016,EVT-0037698,2026-07-15 10:57:05.049919,0.718188614331064,lstm
SVC-000021,EVT-0037699,2026-07-15 10:57:44.605802,0.9997894652639172,lstm
USR-000129,EVT-0037700,2026-07-15 10:58:40.990338,0.35986152705135915,lstm
USR-000182,EVT-0037701,2026-07-15 11:01:05.564497,0.21443724912935352,lstm
DEV-000002,EVT-0037702,2026-07-15 11:01:28.075628,0.6316297032334951,lstm
USR-000044,EVT-0037703,2026-07-15 11:03:49.711244,0.9162201270879036,lstm
USR-000104,EVT-0037704,2026-07-15 11:04:47.060561,0.40203829344031805,lstm
DEV-000016,EVT-0037705,2026-07-15 11:08:24.947258,0.40608939878460304,lstm
SVC-000053,EVT-0037706,2026-07-15 11:09:06.753210,0.366568578587631,lstm
USR-000123,EVT-0037707,2026-07-15 11:09:07.584650,0.4728741413416084,lstm
SVC-000016,EVT-0037708,2026-07-15 11:10:32.660606,0.25126141651691525,lstm
SVC-000021,EVT-0037709,2026-07-15 11:10:47.173427,0.7793181302242617,lstm
USR-000194,EVT-0037710,2026-07-15 11:11:09.499938,0.25470916885238654,lstm
USR-000046,EVT-0037711,2026-07-15 11:11:16.369410,0.7048614063470886,lstm
USR-000194,EVT-0037712,2026-07-15 11:11:38.348787,0.6690777991279746,lstm
USR-000118,EVT-0037713,2026-07-15 11:13:44.628404,0.4928486956048073,lstm
USR-000145,EVT-0037714,2026-07-15 11:15:50.929846,0.7326031297437492,lstm
USR-000083,EVT-0037715,2026-07-15 11:17:22.268067,0.6992059905592095,lstm
USR-000196,EVT-0037716,2026-07-15 11:19:59.754985,0.5110927491495932,lstm
SVC-000053,EVT-0037717,2026-07-15 11:22:23.733436,0.36523779973903964,lstm
USR-000164,EVT-0037718,2026-07-15 11:23:31.948605,0.9085238460635484,lstm
USR-000093,EVT-0037719,2026-07-15 11:25:12.812428,0.39931681318035295,lstm
SVC-000024,EVT-0037720,2026-07-15 11:26:10.921616,0.4951994173484086,lstm
USR-000042,EVT-0037721,2026-07-15 11:26:12.260586,0.2542772955185353,lstm
USR-000129,EVT-0037722,2026-07-15 11:26:29.007792,0.2852467085314123,lstm
USR-000159,EVT-0037723,2026-07-15 11:27:33.143555,0.35800049145598467,lstm
SVC-000008,EVT-0037724,2026-07-15 11:27:51.103123,0.5191417293829761,lstm
USR-000051,EVT-0037725,2026-07-15 11:28:06.034422,0.6514517101026193,lstm
USR-000115,EVT-0037726,2026-07-15 11:28:36.618934,0.48116070863741706,lstm
USR-000115,EVT-0037727,2026-07-15 11:30:14.098765,0.4129213221293295,lstm
SVC-000053,EVT-0037728,2026-07-15 11:30:27.559448,0.6658955071290532,lstm
USR-000204,EVT-0037729,2026-07-15 11:30:29.085145,0.5945602784901697,lstm
USR-000103,EVT-0037730,2026-07-15 11:31:59.115491,0.8664324296042919,lstm
USR-000042,EVT-0037731,2026-07-15 11:31:59.801530,0.39113859985293065,lstm
USR-000044,EVT-0037732,2026-07-15 11:33:42.780563,0.6680383199951127,lstm
SVC-000053,EVT-0037733,2026-07-15 11:35:47.423342,0.42737662784196473,lstm
USR-000008,EVT-0037734,2026-07-15 11:36:16.975381,0.6524665723422582,lstm
SVC-000042,EVT-0037735,2026-07-15 11:38:46.600655,0.3875254951408386,lstm
USR-000067,EVT-0037736,2026-07-15 11:38:57.723371,0.9772093588219363,lstm
USR-000195,EVT-0037737,2026-07-15 11:39:00.348686,0.4486415633400602,lstm
USR-000213,EVT-0037738,2026-07-15 11:40:36.551959,0.3856160804147518,lstm
USR-000076,EVT-0037739,2026-07-15 11:40:40.265547,0.445846224724558,lstm
SVC-000001,EVT-0037740,2026-07-15 11:40:51.116618,0.39724223448096385,lstm
USR-000071,EVT-0037741,2026-07-15 11:41:51.954035,0.6392050433253228,lstm
SVC-000042,EVT-0037742,2026-07-15 11:42:18.076905,0.3713610251055828,lstm
DEV-000016,EVT-0037743,2026-07-15 11:42:44.982221,0.565619420183725,lstm
DEV-000023,EVT-0037744,2026-07-15 11:42:59.463028,0.30522770586215453,lstm
USR-000129,EVT-0037745,2026-07-15 11:43:10.795518,0.2836274289288785,lstm
DEV-000002,EVT-0037746,2026-07-15 11:44:07.089922,0.5391563292176051,lstm
SVC-000034,EVT-0037747,2026-07-15 11:44:36.156223,0.9291261850969399,lstm
SVC-000039,EVT-0037748,2026-07-15 11:45:09.185050,0.6074672085965606,lstm
USR-000182,EVT-0037749,2026-07-15 11:45:32.445857,0.41829024779433654,lstm
USR-000090,EVT-0037750,2026-07-15 11:45:58.928036,0.8985666173723951,lstm
SVC-000053,EVT-0037751,2026-07-15 11:46:06.052826,0.6438176412734469,lstm
USR-000096,EVT-0037752,2026-07-15 11:46:22.166338,0.37447443926757507,lstm
USR-000104,EVT-0037753,2026-07-15 11:47:26.183880,0.40730266909867646,lstm
USR-000133,EVT-0037754,2026-07-15 11:47:51.707345,0.7345418403924829,lstm
USR-000129,EVT-0037755,2026-07-15 11:48:45.757266,0.586842909643894,lstm
USR-000161,EVT-0037756,2026-07-15 11:51:00.673680,0.6889026526938611,lstm
SVC-000021,EVT-0037757,2026-07-15 11:51:48.848682,0.6350628707715685,lstm
SVC-000008,EVT-0037758,2026-07-15 11:53:27.360902,0.6159667253595501,lstm
SVC-000021,EVT-0037759,2026-07-15 11:54:34.971800,0.5695225791539382,lstm
USR-000117,EVT-0037760,2026-07-15 11:56:30.501871,0.9935923625307931,lstm
USR-000067,EVT-0037761,2026-07-15 11:56:52.111058,0.895264018031023,lstm
USR-000205,EVT-0037762,2026-07-15 11:57:58.378312,0.7490035579390527,lstm
USR-000090,EVT-0037763,2026-07-15 11:59:16.480879,0.5827147839056861,lstm
USR-000159,EVT-0037764,2026-07-15 12:00:13.149657,0.5279576755167624,lstm
USR-000115,EVT-0037765,2026-07-15 12:00:19.717557,0.24972388076588292,lstm
USR-000200,EVT-0037766,2026-07-15 12:00:26.988572,0.6277490900139039,lstm
SVC-000021,EVT-0037767,2026-07-15 12:01:09.096063,0.5449266882858947,lstm
USR-000010,EVT-0037768,2026-07-15 12:02:00.823296,0.3815173496947888,lstm
SVC-000008,EVT-0037769,2026-07-15 12:04:46.822690,0.6015555907385018,lstm
USR-000039,EVT-0037770,2026-07-15 12:05:04.960284,0.352027619139194,lstm
USR-000060,EVT-0037771,2026-07-15 12:05:05.078038,0.3746703139206654,lstm
DEV-000018,EVT-0037772,2026-07-15 12:05:07.633484,0.2233253766307099,lstm
USR-000133,EVT-0037773,2026-07-15 12:07:39.999967,0.4532847430420572,lstm
USR-000082,EVT-0037774,2026-07-15 12:08:52.439694,0.3635881165679406,lstm
SVC-000008,EVT-0037775,2026-07-15 12:08:58.328944,0.6732649684077149,lstm
SVC-000050,EVT-0037776,2026-07-15 12:09:01.474569,0.3807686272995687,lstm
USR-000073,EVT-0037777,2026-07-15 12:09:03.974285,0.37491068053014104,lstm
USR-000143,EVT-0037778,2026-07-15 12:09:14.154669,0.5892086688797704,lstm
DEV-000023,EVT-0037779,2026-07-15 12:11:45.299049,0.3429620110846405,lstm
SVC-000039,EVT-0037780,2026-07-15 12:13:49.498977,0.5932685830445886,lstm
DEV-000002,EVT-0037781,2026-07-15 12:15:18.942940,0.3616726297487505,lstm
SVC-000050,EVT-0037782,2026-07-15 12:15:55.794718,0.8038789230548988,lstm
USR-000001,EVT-0037783,2026-07-15 12:17:07.503232,0.3301102530392324,lstm
DEV-000005,EVT-0037784,2026-07-15 12:19:10.842161,0.3052079176797733,lstm
USR-000086,EVT-0037785,2026-07-15 12:20:31.088434,0.22681773362392033,lstm
USR-000205,EVT-0037786,2026-07-15 12:20:45.020572,0.7185937369565,lstm
USR-000039,EVT-0037787,2026-07-15 12:20:49.193747,0.4257067857542357,lstm
USR-000050,EVT-0037788,2026-07-15 12:20:58.755531,0.28670004508036495,lstm
USR-000143,EVT-0037789,2026-07-15 12:21:42.891452,0.4231144365822225,lstm
USR-000200,EVT-0037790,2026-07-15 12:21:53.004792,0.5086349352750319,lstm
SVC-000034,EVT-0037791,2026-07-15 12:22:04.619887,0.49648120060745476,lstm
USR-000011,EVT-0037792,2026-07-15 12:23:36.576407,0.6996201895925943,lstm
USR-000008,EVT-0037793,2026-07-15 12:24:24.858898,0.19770324679605872,lstm
SVC-000021,EVT-0037794,2026-07-15 12:25:37.641242,0.3954137887853408,lstm
USR-000039,EVT-0037795,2026-07-15 12:25:59.293903,0.6710917895009146,lstm
USR-000123,EVT-0037796,2026-07-15 12:27:20.871979,0.2917464334052975,lstm
SVC-000008,EVT-0037797,2026-07-15 12:28:26.388454,0.44867897554241826,lstm
DEV-000013,EVT-0037798,2026-07-15 12:28:50.092356,0.7120578101564108,lstm
SVC-000021,EVT-0037799,2026-07-15 12:29:18.740762,0.6220309064038151,lstm
USR-000038,EVT-0037800,2026-07-15 12:29:56.422000,0.4331082596871595,lstm
USR-000065,EVT-0037801,2026-07-15 12:30:05.150177,0.3696582100442222,lstm
DEV-000010,EVT-0037802,2026-07-15 12:30:33.574153,0.21223784472087814,lstm
USR-000167,EVT-0037803,2026-07-15 12:30:37.080463,0.3137941897939843,lstm
SVC-000053,EVT-0037804,2026-07-15 12:31:14.185053,0.3930571983305869,lstm
USR-000060,EVT-0037805,2026-07-15 12:31:44.242003,0.3591079934909564,lstm
SVC-000001,EVT-0037806,2026-07-15 12:31:55.832281,0.32241774444818794,lstm
USR-000033,EVT-0037807,2026-07-15 12:34:28.279921,0.8447983835552536,lstm
USR-000087,EVT-0037808,2026-07-15 12:35:06.445670,0.2873912894177163,lstm
USR-000139,EVT-0037809,2026-07-15 12:36:31.111871,0.7398849790453359,lstm
USR-000029,EVT-0037810,2026-07-15 12:37:13.513718,0.3398109028665102,lstm
USR-000101,EVT-0037811,2026-07-15 12:39:15.836574,0.5242396051206836,lstm
USR-000195,EVT-0037812,2026-07-15 12:39:19.559293,0.432381723123118,lstm
SVC-000053,EVT-0037813,2026-07-15 12:39:33.524687,0.40135321265267737,lstm
SVC-000008,EVT-0037814,2026-07-15 12:41:22.956800,0.4345717289158914,lstm
DEV-000006,EVT-0037815,2026-07-15 12:41:24.253281,0.20426382214662508,lstm
USR-000046,EVT-0037816,2026-07-15 12:42:10.838870,0.4013761123022369,lstm
USR-000086,EVT-0037817,2026-07-15 12:42:26.754012,0.24311662086104782,lstm
USR-000002,EVT-0037818,2026-07-15 12:42:53.968585,0.4177028327164843,lstm
USR-000090,EVT-0037819,2026-07-15 12:43:12.621882,0.49405080911167476,lstm
USR-000133,EVT-0037820,2026-07-15 12:43:24.004284,0.3084082597421683,lstm
DEV-000007,EVT-0037821,2026-07-15 12:45:54.255857,0.16029512060909987,lstm
USR-000160,EVT-0037822,2026-07-15 12:47:05.396727,0.6365651013331391,lstm
USR-000128,EVT-0037823,2026-07-15 12:48:20.125856,0.7159914503737999,lstm
DEV-000007,EVT-0037824,2026-07-15 12:49:11.682757,0.5864088825376851,lstm
DEV-000024,EVT-0037825,2026-07-15 12:49:28.144766,0.4034220395500771,lstm
USR-000103,EVT-0037826,2026-07-15 12:50:03.697695,0.5532494017218177,lstm
USR-000182,EVT-0037827,2026-07-15 12:52:51.196042,0.4605066938982009,lstm
USR-000172,EVT-0037828,2026-07-15 12:55:00.771581,0.535058984384407,lstm
USR-000137,EVT-0037829,2026-07-15 12:55:05.481575,0.5753842409513502,lstm
USR-000151,EVT-0037830,2026-07-15 12:55:28.123539,0.8421541539072116,lstm
USR-000137,EVT-0037831,2026-07-15 12:56:11.595380,0.736519432368651,lstm
SVC-000017,EVT-0037832,2026-07-15 12:58:34.621498,0.9976009989981837,lstm
USR-000093,EVT-0037833,2026-07-15 12:59:15.955846,0.40786607528273316,lstm
USR-000208,EVT-0037834,2026-07-15 13:01:07.102093,0.9896412522565109,lstm
DEV-000011,EVT-0037835,2026-07-15 13:01:15.213750,0.5919213998236861,lstm
DEV-000020,EVT-0037836,2026-07-15 13:01:21.534692,0.4490910903465882,lstm
SVC-000021,EVT-0037837,2026-07-15 13:02:23.831794,0.7270368142077176,lstm
USR-000001,EVT-0037838,2026-07-15 13:03:23.699638,0.4282360683796558,lstm
USR-000121,EVT-0037839,2026-07-15 13:05:18.588284,0.40715905666852253,lstm
SVC-000053,EVT-0037840,2026-07-15 13:05:20.275133,0.6003575514839866,lstm
USR-000060,EVT-0037841,2026-07-15 13:06:38.641138,0.384652359330346,lstm
USR-000196,EVT-0037842,2026-07-15 13:07:34.858939,0.22578975462264556,lstm
USR-000052,EVT-0037843,2026-07-15 13:08:42.332595,0.5744846863705986,lstm
USR-000133,EVT-0037844,2026-07-15 13:09:08.209614,0.25777724440586697,lstm
USR-000077,EVT-0037845,2026-07-15 13:09:41.927919,0.6454221210157389,lstm
SVC-000001,EVT-0037846,2026-07-15 13:10:07.018865,0.26343108361381706,lstm
SVC-000034,EVT-0037847,2026-07-15 13:10:36.159551,0.3813627004872415,lstm
DEV-000007,EVT-0037848,2026-07-15 13:11:49.372071,0.2814374411959124,lstm
USR-000188,EVT-0037849,2026-07-15 13:12:22.793996,0.581668449263468,lstm
USR-000206,EVT-0037850,2026-07-15 13:12:49.130629,0.3080395709663704,lstm
USR-000076,EVT-0037851,2026-07-15 13:13:38.268387,0.38936149289211874,lstm
USR-000210,EVT-0037852,2026-07-15 13:13:44.166778,0.49551547473612245,lstm
USR-000097,EVT-0037853,2026-07-15 13:13:55.331956,0.27263307908818535,lstm
USR-000078,EVT-0037854,2026-07-15 13:14:24.528656,0.2636260291805538,lstm
SVC-000053,EVT-0037855,2026-07-15 13:14:58.682035,0.5154852956263679,lstm
USR-000024,EVT-0037856,2026-07-15 13:16:08.158248,0.7255460670469989,lstm
SVC-000001,EVT-0037857,2026-07-15 13:17:37.942916,0.2298151977943555,lstm
USR-000056,EVT-0037858,2026-07-15 13:18:17.079623,1.0,lstm
SVC-000050,EVT-0037859,2026-07-15 13:19:32.582706,0.4043018152016842,lstm
USR-000188,EVT-0037860,2026-07-15 13:20:06.067732,0.7462041926685677,lstm
USR-000060,EVT-0037861,2026-07-15 13:22:23.871166,0.6559509098752863,lstm
USR-000101,EVT-0037862,2026-07-15 13:23:53.385766,0.2833093171500897,lstm
SVC-000008,EVT-0037863,2026-07-15 13:25:27.245074,0.4273940012789954,lstm
USR-000029,EVT-0037864,2026-07-15 13:27:19.980324,0.44536344326006394,lstm
DEV-000026,EVT-0037865,2026-07-15 13:28:07.682186,0.5246108390949212,lstm
USR-000115,EVT-0037866,2026-07-15 13:28:44.482440,0.19336533610591153,lstm
USR-000008,EVT-0037867,2026-07-15 13:28:56.896289,0.26243210348639523,lstm
USR-000061,EVT-0037868,2026-07-15 13:30:57.880058,0.3945857129868098,lstm
SVC-000017,EVT-0037869,2026-07-15 13:31:12.998404,0.6939178711229194,lstm
USR-000144,EVT-0037870,2026-07-15 13:32:06.898184,0.24228837649537702,lstm
USR-000154,EVT-0037871,2026-07-15 13:33:51.192416,0.38714608832588565,lstm
SVC-000021,EVT-0037872,2026-07-15 13:35:01.454367,0.516267988667298,lstm
USR-000208,EVT-0037873,2026-07-15 13:35:39.207538,0.8135495856322559,lstm
USR-000121,EVT-0037874,2026-07-15 13:35:39.217657,0.4721627481222203,lstm
USR-000213,EVT-0037875,2026-07-15 13:35:55.290553,0.5359383743735946,lstm
USR-000058,EVT-0037876,2026-07-15 13:37:53.164852,0.7448405694784023,lstm
USR-000005,EVT-0037877,2026-07-15 13:39:29.026686,0.4287377610874408,lstm
SVC-000043,EVT-0037878,2026-07-15 13:39:47.798495,0.9497568199997316,lstm
USR-000194,EVT-0037879,2026-07-15 13:41:07.859232,0.3358757075672911,lstm
USR-000143,EVT-0037880,2026-07-15 13:41:19.678936,0.23325787625182628,lstm
USR-000042,EVT-0037881,2026-07-15 13:42:33.188156,0.35563271726073864,lstm
DEV-000003,EVT-0037882,2026-07-15 13:44:33.117299,0.5156659697819356,lstm
USR-000044,EVT-0037883,2026-07-15 13:46:16.592520,0.3999844793195852,lstm
USR-000190,EVT-0037884,2026-07-15 13:46:49.549533,0.48383266985625645,lstm
USR-000002,EVT-0037885,2026-07-15 13:48:33.108912,0.23230975859904174,lstm
SVC-000017,EVT-0037886,2026-07-15 13:49:01.780858,0.7791332172345828,lstm
SVC-000017,EVT-0037887,2026-07-15 13:49:44.669649,0.8695827608229891,lstm
USR-000183,EVT-0037888,2026-07-15 13:52:04.159147,0.7871948091211423,lstm
USR-000190,EVT-0037889,2026-07-15 13:52:33.324576,0.6379379196188196,lstm
USR-000085,EVT-0037890,2026-07-15 13:53:51.985821,0.4271018127475614,lstm
USR-000145,EVT-0037891,2026-07-15 13:54:13.788147,0.4724016036617542,lstm
USR-000052,EVT-0037892,2026-07-15 13:54:19.726385,0.3998909789770532,lstm
USR-000167,EVT-0037893,2026-07-15 13:55:42.577814,0.42648319141321106,lstm
USR-000115,EVT-0037894,2026-07-15 13:56:51.186614,0.24191385259408574,lstm
DEV-000023,EVT-0037895,2026-07-15 13:56:55.042120,0.309771528471054,lstm
USR-000011,EVT-0037896,2026-07-15 13:57:21.854577,0.3460658965382916,lstm
USR-000011,EVT-0037897,2026-07-15 13:57:47.194165,0.7337628471099227,lstm
USR-000062,EVT-0037898,2026-07-15 13:58:01.865147,0.36636945310697705,lstm
SVC-000043,EVT-0037899,2026-07-15 13:58:07.690561,0.302000380998398,lstm
USR-000161,EVT-0037900,2026-07-15 13:59:34.613200,0.4182504282610822,lstm
USR-000109,EVT-0037901,2026-07-15 13:59:59.128601,0.9404532266469351,lstm
USR-000136,EVT-0037902,2026-07-15 14:00:15.922850,0.49819033150988107,lstm
USR-000061,EVT-0037903,2026-07-15 14:01:32.003991,0.5821749879551859,lstm
USR-000101,EVT-0037904,2026-07-15 14:01:45.593857,0.3587702653127975,lstm
SVC-000028,EVT-0037905,2026-07-15 14:02:16.272846,0.978545314322537,lstm
USR-000140,EVT-0037906,2026-07-15 14:03:20.690723,0.5545318687529001,lstm
SVC-000017,EVT-0037907,2026-07-15 14:04:10.258486,0.5820595892110239,lstm
SVC-000027,EVT-0037908,2026-07-15 14:05:33.155366,0.9967231987417479,lstm
USR-000173,EVT-0037909,2026-07-15 14:06:10.426802,0.26344779014143127,lstm
SVC-000028,EVT-0037910,2026-07-15 14:07:13.039077,0.7306988441332809,lstm
USR-000053,EVT-0037911,2026-07-15 14:07:27.354020,0.4580599991076855,lstm
SVC-000043,EVT-0037912,2026-07-15 14:08:26.600723,0.29305150723394313,lstm
USR-000080,EVT-0037913,2026-07-15 14:08:48.132073,0.9974127965918564,lstm
USR-000161,EVT-0037914,2026-07-15 14:10:43.522581,0.5107823144871978,lstm
DEV-000017,EVT-0037915,2026-07-15 14:11:59.779611,0.6030370627914573,lstm
USR-000086,EVT-0037916,2026-07-15 14:12:11.691743,0.21213902076916452,lstm
USR-000195,EVT-0037917,2026-07-15 14:13:59.673201,0.3820991994426947,lstm
USR-000120,EVT-0037918,2026-07-15 14:14:01.194331,0.5453979416206008,lstm
USR-000182,EVT-0037919,2026-07-15 14:16:20.660132,0.5192974551746825,lstm
USR-000060,EVT-0037920,2026-07-15 14:17:50.889104,0.94405907199738,lstm
SVC-000027,EVT-0037921,2026-07-15 14:18:06.981748,0.6505424476833669,lstm
SVC-000017,EVT-0037922,2026-07-15 14:18:17.600857,0.4734697253244911,lstm
SVC-000028,EVT-0037923,2026-07-15 14:18:31.194686,0.6280588852751054,lstm
USR-000144,EVT-0037924,2026-07-15 14:19:02.351975,0.2992118001637258,lstm
SVC-000021,EVT-0037925,2026-07-15 14:20:07.645269,0.5833418973276617,lstm
USR-000073,EVT-0037926,2026-07-15 14:20:59.743801,0.2487809085571945,lstm
USR-000108,EVT-0037927,2026-07-15 14:21:05.528346,0.5613665084040759,lstm
USR-000115,EVT-0037928,2026-07-15 14:23:13.771100,0.3218993484460651,lstm
SVC-000017,EVT-0037929,2026-07-15 14:23:25.590677,0.2808218912658013,lstm
USR-000044,EVT-0037930,2026-07-15 14:25:20.020880,0.4824227561184422,lstm
USR-000167,EVT-0037931,2026-07-15 14:25:48.456196,0.3998836029277111,lstm
USR-000089,EVT-0037932,2026-07-15 14:25:55.599287,0.9082930858025562,lstm
USR-000017,EVT-0037933,2026-07-15 14:26:59.737174,0.45303270682026425,lstm
USR-000029,EVT-0037934,2026-07-15 14:27:15.349419,0.40710100792527876,lstm
USR-000005,EVT-0037935,2026-07-15 14:27:46.057069,0.5136793146148444,lstm
DEV-000005,EVT-0037936,2026-07-15 14:28:23.402428,0.39431714658609557,lstm
USR-000078,EVT-0037937,2026-07-15 14:28:51.563550,0.24822077024751377,lstm
USR-000160,EVT-0037938,2026-07-15 14:29:30.816403,0.41121270005609106,lstm
SVC-000029,EVT-0037939,2026-07-15 14:29:50.279550,0.9831995308002837,lstm
USR-000084,EVT-0037940,2026-07-15 14:29:53.422163,0.4801652391598733,lstm
SVC-000027,EVT-0037941,2026-07-15 14:29:59.008408,0.5903647502829341,lstm
USR-000206,EVT-0037942,2026-07-15 14:30:26.285803,0.2792720353594606,lstm
SVC-000017,EVT-0037943,2026-07-15 14:31:29.388559,0.6130088874552181,lstm
SVC-000027,EVT-0037944,2026-07-15 14:32:17.012421,0.7105938373142848,lstm
SVC-000027,EVT-0037945,2026-07-15 14:33:07.519559,0.8414388342250231,lstm
USR-000073,EVT-0037946,2026-07-15 14:34:01.654992,0.35399021239202116,lstm
USR-000092,EVT-0037947,2026-07-15 14:34:51.604465,0.3675305709841728,lstm
USR-000065,EVT-0037948,2026-07-15 14:36:09.672962,0.30353375308824926,lstm
USR-000027,EVT-0037949,2026-07-15 14:37:05.541522,0.7651607256489175,lstm
DEV-000010,EVT-0037950,2026-07-15 14:37:48.732474,0.22026348036671226,lstm
SVC-000001,EVT-0037951,2026-07-15 14:39:19.484506,0.41312226957256043,lstm
USR-000040,EVT-0037952,2026-07-15 14:39:45.269239,0.48819328053093314,lstm
USR-000100,EVT-0037953,2026-07-15 14:41:23.872545,0.8456376280101189,lstm
USR-000187,EVT-0037954,2026-07-15 14:41:29.092318,0.3688568216354534,lstm
SVC-000027,EVT-0037955,2026-07-15 14:42:58.732908,0.6954854642007747,lstm
DEV-000016,EVT-0037956,2026-07-15 14:43:24.799900,0.6627502886784239,lstm
USR-000032,EVT-0037957,2026-07-15 14:43:42.262242,0.6712930279680471,lstm
SVC-000027,EVT-0037958,2026-07-15 14:43:44.943177,0.8084939663824916,lstm
SVC-000026,EVT-0037959,2026-07-15 14:45:18.477006,0.9961494397872879,lstm
SVC-000027,EVT-0037960,2026-07-15 14:46:38.513460,0.7198787400281699,lstm
SVC-000027,EVT-0037961,2026-07-15 14:49:29.113230,0.6101175330761092,lstm
SVC-000022,EVT-0037962,2026-07-15 14:50:28.977085,0.9965501423207314,lstm
SVC-000026,EVT-0037963,2026-07-15 14:50:30.511175,0.8693139884390941,lstm
SVC-000017,EVT-0037964,2026-07-15 14:50:30.613461,0.366316768137488,lstm
USR-000129,EVT-0037965,2026-07-15 14:50:55.817718,0.5128681406058477,lstm
SVC-000022,EVT-0037966,2026-07-15 14:51:34.071706,0.8970693281196397,lstm
USR-000204,EVT-0037967,2026-07-15 14:52:17.200807,0.3641177208712082,lstm
USR-000078,EVT-0037968,2026-07-15 14:52:20.655639,0.3064986475293733,lstm
USR-000136,EVT-0037969,2026-07-15 14:53:37.394767,0.3711480616280854,lstm
DEV-000021,EVT-0037970,2026-07-15 14:55:04.360059,0.5241676613483512,lstm
SVC-000017,EVT-0037971,2026-07-15 14:56:24.443602,0.37692477330110435,lstm
SVC-000036,EVT-0037972,2026-07-15 14:57:18.367137,0.9997130751094587,lstm
DEV-000004,EVT-0037973,2026-07-15 14:57:51.020469,0.6432292991898436,lstm
SVC-000029,EVT-0037974,2026-07-15 14:58:09.362586,0.4882182701748321,lstm
USR-000136,EVT-0037975,2026-07-15 14:58:09.855686,0.5072249112300592,lstm
USR-000197,EVT-0037976,2026-07-15 14:58:37.674798,0.4899625476648552,lstm
DEV-000012,EVT-0037977,2026-07-15 14:59:52.323291,0.6164421264404524,lstm
DEV-000018,EVT-0037978,2026-07-15 15:00:15.327835,0.21875797525226964,lstm
USR-000033,EVT-0037979,2026-07-15 15:02:42.424320,0.3087155097863284,lstm
USR-000033,EVT-0037980,2026-07-15 15:03:13.722924,0.7134899038309344,lstm
DEV-000001,EVT-0037981,2026-07-15 15:03:46.390566,0.32767348567797927,lstm
USR-000187,EVT-0037982,2026-07-15 15:04:34.652502,0.5085487395174476,lstm
USR-000011,EVT-0037983,2026-07-15 15:11:42.799868,0.3045788918223258,lstm
SVC-000049,EVT-0037984,2026-07-15 15:12:47.767482,0.4569613881506137,lstm
USR-000190,EVT-0037985,2026-07-15 15:13:13.181824,0.5915033702339062,lstm
USR-000038,EVT-0037986,2026-07-15 15:14:03.177523,0.36235131439003454,lstm
SVC-000027,EVT-0037987,2026-07-15 15:14:16.633707,0.8174594680014126,lstm
USR-000008,EVT-0037988,2026-07-15 15:15:11.221018,0.4279180816412119,lstm
USR-000061,EVT-0037989,2026-07-15 15:16:02.282019,0.43097750086962366,lstm
USR-000208,EVT-0037990,2026-07-15 15:17:26.991345,0.8034082327858468,lstm
USR-000032,EVT-0037991,2026-07-15 15:17:50.420467,0.4394305768664165,lstm
USR-000208,EVT-0037992,2026-07-15 15:19:18.364308,0.8744776011380923,lstm
SVC-000049,EVT-0037993,2026-07-15 15:19:56.501181,0.5808147855913629,lstm
USR-000197,EVT-0037994,2026-07-15 15:21:39.415472,0.4604911464262497,lstm
USR-000206,EVT-0037995,2026-07-15 15:21:57.882725,0.42639934428857795,lstm
USR-000045,EVT-0037996,2026-07-15 15:22:05.308665,0.8618232146654613,lstm
SVC-000027,EVT-0037997,2026-07-15 15:22:26.277703,0.5129821130127132,lstm
SVC-000028,EVT-0037998,2026-07-15 15:23:02.121559,0.46089902666796084,lstm
SVC-000049,EVT-0037999,2026-07-15 15:23:22.294039,0.7503809259655777,lstm
USR-000044,EVT-0038000,2026-07-15 15:24:03.338900,0.32357972987115197,lstm
SVC-000029,EVT-0038001,2026-07-15 15:27:25.207034,0.46676684607623636,lstm
USR-000185,EVT-0038002,2026-07-15 15:29:26.703297,0.7536457538553641,lstm
USR-000085,EVT-0038003,2026-07-15 15:29:43.529435,0.3620251776839789,lstm
SVC-000026,EVT-0038004,2026-07-15 15:30:47.387251,0.39901534298141517,lstm
USR-000121,EVT-0038005,2026-07-15 15:30:49.286069,0.4774780075142026,lstm
SVC-000036,EVT-0038006,2026-07-15 15:31:57.092001,0.5603679547915186,lstm
DEV-000014,EVT-0038007,2026-07-15 15:33:11.215368,0.659937777060391,lstm
USR-000027,EVT-0038008,2026-07-15 15:34:35.011964,0.4593437371395184,lstm
USR-000056,EVT-0038009,2026-07-15 15:35:42.960881,0.9291806985162625,lstm
SVC-000049,EVT-0038010,2026-07-15 15:37:09.766945,0.40051552148689024,lstm
SVC-000028,EVT-0038011,2026-07-15 15:37:58.101631,0.5883955405555187,lstm
USR-000065,EVT-0038012,2026-07-15 15:38:31.149093,0.3700452635817772,lstm
SVC-000036,EVT-0038013,2026-07-15 15:39:36.647301,0.7298580387975496,lstm
DEV-000021,EVT-0038014,2026-07-15 15:41:36.367904,0.47788700492008085,lstm
USR-000047,EVT-0038015,2026-07-15 15:41:53.941745,0.5330910006355262,lstm
SVC-000036,EVT-0038016,2026-07-15 15:42:21.413585,0.6616462636007807,lstm
USR-000139,EVT-0038017,2026-07-15 15:43:09.541275,0.4677813198515725,lstm
USR-000147,EVT-0038018,2026-07-15 15:44:14.468854,0.6099871200187744,lstm
USR-000210,EVT-0038019,2026-07-15 15:44:20.460430,0.3308250313726686,lstm
USR-000101,EVT-0038020,2026-07-15 15:44:23.998817,0.325909002277655,lstm
DEV-000026,EVT-0038021,2026-07-15 15:44:56.170548,0.4227383083943383,lstm
SVC-000050,EVT-0038022,2026-07-15 15:45:22.992277,0.7468919998666808,lstm
SVC-000027,EVT-0038023,2026-07-15 15:46:43.147951,0.5937700504670577,lstm
USR-000210,EVT-0038024,2026-07-15 15:46:55.867061,0.6047018685584868,lstm
USR-000097,EVT-0038025,2026-07-15 15:47:15.066265,0.4766290788499821,lstm
SVC-000036,EVT-0038026,2026-07-15 15:52:37.655453,0.2792326049632564,lstm
USR-000192,EVT-0038027,2026-07-15 15:52:55.690722,0.3943811651407922,lstm
USR-000061,EVT-0038028,2026-07-15 15:53:59.773634,0.3621099539813447,lstm
SVC-000036,EVT-0038029,2026-07-15 15:54:38.254314,0.44204686385245334,lstm
SVC-000036,EVT-0038030,2026-07-15 15:55:47.245747,0.700773528109044,lstm
SVC-000036,EVT-0038031,2026-07-15 15:59:09.348939,0.3606127141032701,lstm
SVC-000027,EVT-0038032,2026-07-15 15:59:12.538399,0.6038593221048867,lstm
SVC-000036,EVT-0038033,2026-07-15 15:59:55.790592,0.8499119152077153,lstm
USR-000033,EVT-0038034,2026-07-15 16:01:06.349522,0.22728107417894655,lstm
SVC-000036,EVT-0038035,2026-07-15 16:03:24.424534,0.7418701157530999,lstm
SVC-000049,EVT-0038036,2026-07-15 16:03:41.099555,0.5232435768723932,lstm
USR-000011,EVT-0038037,2026-07-15 16:04:09.299566,0.2394617898343922,lstm
DEV-000002,EVT-0038038,2026-07-15 16:06:28.836777,0.3574257942618554,lstm
SVC-000038,EVT-0038039,2026-07-15 16:07:02.694577,0.983450544755792,lstm
USR-000144,EVT-0038040,2026-07-15 16:07:12.015690,0.2458796690650104,lstm
USR-000001,EVT-0038041,2026-07-15 16:08:19.554318,0.5778426421555709,lstm
SVC-000029,EVT-0038042,2026-07-15 16:08:53.530040,0.44646447568149894,lstm
USR-000136,EVT-0038043,2026-07-15 16:09:17.572161,0.26596010409706045,lstm
SVC-000010,EVT-0038044,2026-07-15 16:10:38.941962,0.9463954781403846,lstm
SVC-000029,EVT-0038045,2026-07-15 16:12:17.641567,0.7386962516689727,lstm
USR-000149,EVT-0038046,2026-07-15 16:12:35.830159,0.7651433102665794,lstm
DEV-000002,EVT-0038047,2026-07-15 16:14:56.034845,0.41805565237101444,lstm
USR-000045,EVT-0038048,2026-07-15 16:16:03.772551,0.5379038650300104,lstm
SVC-000038,EVT-0038049,2026-07-15 16:16:26.935813,0.7474748268532871,lstm
SVC-000026,EVT-0038050,2026-07-15 16:16:29.788752,0.46088190864506845,lstm
USR-000075,EVT-0038051,2026-07-15 16:18:32.969404,0.45514435310212525,lstm
USR-000144,EVT-0038052,2026-07-15 16:20:14.838757,0.26278424762838537,lstm
SVC-000029,EVT-0038053,2026-07-15 16:20:30.465910,0.41178247775852855,lstm
USR-000128,EVT-0038054,2026-07-15 16:20:33.676028,0.3741005785362506,lstm
DEV-000026,EVT-0038055,2026-07-15 16:21:52.631792,0.4634507208139461,lstm
SVC-000028,EVT-0038056,2026-07-15 16:22:33.425057,0.44055873709841326,lstm
SVC-000036,EVT-0038057,2026-07-15 16:24:10.710879,0.8938668171224626,lstm
USR-000115,EVT-0038058,2026-07-15 16:24:20.545309,0.41860554016101426,lstm
USR-000192,EVT-0038059,2026-07-15 16:25:08.600149,0.275395287284517,lstm
SVC-000028,EVT-0038060,2026-07-15 16:26:49.135377,0.7069116561016953,lstm
SVC-000028,EVT-0038061,2026-07-15 16:27:08.259182,0.8176610865556794,lstm
SVC-000026,EVT-0038062,2026-07-15 16:28:04.029777,0.3129656650728464,lstm
SVC-000029,EVT-0038063,2026-07-15 16:29:26.352286,0.5434652541649276,lstm
USR-000182,EVT-0038064,2026-07-15 16:31:48.723207,0.46948109617017597,lstm
USR-000186,EVT-0038065,2026-07-15 16:32:55.496061,0.6643142619705674,lstm
SVC-000029,EVT-0038066,2026-07-15 16:33:03.982057,0.6733440755529548,lstm
SVC-000028,EVT-0038067,2026-07-15 16:34:19.315001,0.7879783715456757,lstm
USR-000104,EVT-0038068,2026-07-15 16:35:15.328095,0.6053856771339619,lstm
DEV-000001,EVT-0038069,2026-07-15 16:35:41.718397,0.26988315311192895,lstm
USR-000197,EVT-0038070,2026-07-15 16:35:55.895136,0.466879845059813,lstm
USR-000192,EVT-0038071,2026-07-15 16:36:48.805996,0.414992325621908,lstm
USR-000080,EVT-0038072,2026-07-15 16:37:50.035808,0.9654620491755248,lstm
SVC-000027,EVT-0038073,2026-07-15 16:38:25.472395,0.6892999463452975,lstm
USR-000176,EVT-0038074,2026-07-15 16:38:34.962003,0.4423443571023834,lstm
USR-000074,EVT-0038075,2026-07-15 16:39:23.623887,0.8489879740800652,lstm
USR-000052,EVT-0038076,2026-07-15 16:40:29.582755,0.3232210810966935,lstm
USR-000053,EVT-0038077,2026-07-15 16:41:07.682274,0.3205787868087218,lstm
SVC-000036,EVT-0038078,2026-07-15 16:41:09.336260,0.3771904512851204,lstm
SVC-000038,EVT-0038079,2026-07-15 16:41:14.132697,0.5642839243414466,lstm
USR-000173,EVT-0038080,2026-07-15 16:41:53.072066,0.32134317982206545,lstm
USR-000183,EVT-0038081,2026-07-15 16:43:15.906061,0.7462953246566306,lstm
SVC-000036,EVT-0038082,2026-07-15 16:43:55.588988,0.4215374949918158,lstm
SVC-000029,EVT-0038083,2026-07-15 16:47:23.181167,0.4674901946010858,lstm
DEV-000002,EVT-0038084,2026-07-15 16:49:26.021895,0.22600285631145278,lstm
USR-000210,EVT-0038085,2026-07-15 16:50:14.090334,0.29453627368690505,lstm
SVC-000026,EVT-0038086,2026-07-15 16:56:10.023072,0.7359278507872653,lstm
SVC-000029,EVT-0038087,2026-07-15 16:56:20.761013,0.5830451652742286,lstm
USR-000185,EVT-0038088,2026-07-15 16:59:29.279896,0.336542734687758,lstm
SVC-000017,EVT-0038089,2026-07-15 17:00:47.958391,0.8994247771466158,lstm
SVC-000038,EVT-0038090,2026-07-15 17:02:12.629479,0.6454947571525791,lstm
USR-000109,EVT-0038091,2026-07-15 17:02:32.014051,0.5910743219192932,lstm
USR-000210,EVT-0038092,2026-07-15 17:04:02.387835,0.3641057638022261,lstm
SVC-000010,EVT-0038093,2026-07-15 17:05:18.949838,0.2716320186253254,lstm
USR-000211,EVT-0038094,2026-07-15 17:05:51.206086,0.896746318052859,lstm
SVC-000036,EVT-0038095,2026-07-15 17:06:07.251991,0.7935290042856827,lstm
SVC-000038,EVT-0038096,2026-07-15 17:06:53.055752,0.8733686934967685,lstm
SVC-000038,EVT-0038097,2026-07-15 17:07:54.799487,0.8388093341956392,lstm
USR-000192,EVT-0038098,2026-07-15 17:08:04.636481,0.24260229670125052,lstm
SVC-000026,EVT-0038099,2026-07-15 17:09:09.235252,0.30343297147564324,lstm
SVC-000038,EVT-0038100,2026-07-15 17:12:41.197255,0.9246768710028457,lstm
DEV-000024,EVT-0038101,2026-07-15 17:12:54.724349,0.29845830233872445,lstm
SVC-000049,EVT-0038102,2026-07-15 17:13:59.836511,0.3313165944732183,lstm
SVC-000026,EVT-0038103,2026-07-15 17:14:08.046397,0.47852785040001683,lstm
USR-000062,EVT-0038104,2026-07-15 17:15:38.415599,0.391771191487669,lstm
SVC-000036,EVT-0038105,2026-07-15 17:15:46.297272,0.6669437655645944,lstm
USR-000011,EVT-0038106,2026-07-15 17:16:07.146758,0.4032311856450159,lstm
DEV-000011,EVT-0038107,2026-07-15 17:17:29.140941,0.7347149882891688,lstm
USR-000075,EVT-0038108,2026-07-15 17:17:51.571120,0.3067065148130155,lstm
USR-000078,EVT-0038109,2026-07-15 17:18:01.901766,0.463343780425815,lstm
USR-000195,EVT-0038110,2026-07-15 17:20:05.249355,0.6353299877177682,lstm
USR-000075,EVT-0038111,2026-07-15 17:20:33.303087,0.545583923013501,lstm
SVC-000038,EVT-0038112,2026-07-15 17:22:27.058637,0.649369379291614,lstm
USR-000144,EVT-0038113,2026-07-15 17:22:44.194456,0.3106537979261494,lstm
DEV-000004,EVT-0038114,2026-07-15 17:24:03.122318,0.29265273972629563,lstm
DEV-000002,EVT-0038115,2026-07-15 17:24:39.743594,0.18828737511708618,lstm
USR-000185,EVT-0038116,2026-07-15 17:24:41.719858,0.2971991037529371,lstm
USR-000089,EVT-0038117,2026-07-15 17:25:05.165739,0.43383270349936576,lstm
USR-000104,EVT-0038118,2026-07-15 17:26:12.395142,0.4806340442252354,lstm
SVC-000005,EVT-0038119,2026-07-15 17:26:38.322175,0.9906035442513536,lstm
SVC-000004,EVT-0038120,2026-07-15 17:31:55.836329,0.9670411031683347,lstm
USR-000086,EVT-0038121,2026-07-15 17:37:12.696032,0.41495605809263214,lstm
SVC-000010,EVT-0038122,2026-07-15 17:39:14.367742,0.38721711430577177,lstm
DEV-000010,EVT-0038123,2026-07-15 17:39:22.384344,0.2805532178142195,lstm
SVC-000038,EVT-0038124,2026-07-15 17:39:28.773109,0.5570962406070745,lstm
SVC-000044,EVT-0038125,2026-07-15 17:41:37.693698,0.990155152840789,lstm
USR-000160,EVT-0038126,2026-07-15 17:41:37.843438,0.5013743786608973,lstm
SVC-000038,EVT-0038127,2026-07-15 17:45:02.296914,0.926645933350301,lstm
SVC-000010,EVT-0038128,2026-07-15 17:45:37.152475,0.4092832921652946,lstm
USR-000134,EVT-0038129,2026-07-15 17:46:39.939011,0.9554129932862525,lstm
USR-000134,EVT-0038130,2026-07-15 17:50:40.148560,0.9778957195246927,lstm
USR-000187,EVT-0038131,2026-07-15 17:54:21.715424,0.319172211741278,lstm
DEV-000011,EVT-0038132,2026-07-15 18:01:17.863313,0.8059701953008566,lstm
USR-000005,EVT-0038133,2026-07-15 18:02:36.104429,0.4745426758421891,lstm
USR-000080,EVT-0038134,2026-07-15 18:02:48.173793,0.9145369930829574,lstm
SVC-000026,EVT-0038135,2026-07-15 18:03:33.027192,0.528974770864912,lstm
SVC-000026,EVT-0038136,2026-07-15 18:05:09.191088,0.603566075110826,lstm
DEV-000003,EVT-0038137,2026-07-15 18:08:40.265960,0.5344072319720482,lstm
USR-000146,EVT-0038138,2026-07-15 18:11:11.089645,0.9582235287540747,lstm
USR-000062,EVT-0038139,2026-07-15 18:14:16.112519,0.4693195756658014,lstm
USR-000052,EVT-0038140,2026-07-15 18:15:27.608053,0.35579562286199584,lstm
SVC-000004,EVT-0038141,2026-07-15 18:15:39.400429,0.44453286909112,lstm
USR-000210,EVT-0038142,2026-07-15 18:16:58.826053,0.3609095300012814,lstm
DEV-000001,EVT-0038143,2026-07-15 18:17:13.548713,0.26883923785342334,lstm
SVC-000010,EVT-0038144,2026-07-15 18:20:00.020246,0.8165636965592135,lstm
USR-000192,EVT-0038145,2026-07-15 18:22:19.015775,0.45623152746214507,lstm
USR-000149,EVT-0038146,2026-07-15 18:22:50.901900,0.5341770336805898,lstm
SVC-000006,EVT-0038147,2026-07-15 18:22:55.361316,0.9963298437591258,lstm
DEV-000013,EVT-0038148,2026-07-15 18:24:10.087842,0.8401083963500144,lstm
SVC-000004,EVT-0038149,2026-07-15 18:24:37.861977,0.5476403367595245,lstm
SVC-000010,EVT-0038150,2026-07-15 18:27:14.526030,0.5401480081320038,lstm
SVC-000052,EVT-0038151,2026-07-15 18:27:48.300274,0.992448317521431,lstm
USR-000185,EVT-0038152,2026-07-15 18:29:50.750899,0.31879364012913924,lstm
USR-000040,EVT-0038153,2026-07-15 18:31:34.643330,0.9101368002712418,lstm
DEV-000020,EVT-0038154,2026-07-15 18:33:56.193959,0.2880075000567327,lstm
USR-000146,EVT-0038155,2026-07-15 18:36:06.853851,0.6855682002920608,lstm
USR-000147,EVT-0038156,2026-07-15 18:37:32.914924,0.3990752711508872,lstm
SVC-000048,EVT-0038157,2026-07-15 18:37:34.295052,0.9848918880583144,lstm
USR-000002,EVT-0038158,2026-07-15 18:38:31.675098,0.4595355040657521,lstm
DEV-000011,EVT-0038159,2026-07-15 18:38:55.917980,0.7845257067929333,lstm
USR-000101,EVT-0038160,2026-07-15 18:39:00.375755,0.5708996690273959,lstm
DEV-000018,EVT-0038161,2026-07-15 18:40:04.528489,0.458670915457105,lstm
DEV-000006,EVT-0038162,2026-07-15 18:43:27.104308,0.3759788399983058,lstm
SVC-000044,EVT-0038163,2026-07-15 18:48:19.939399,0.5373027143890867,lstm
SVC-000052,EVT-0038164,2026-07-15 18:52:20.238019,0.4898438266999356,lstm
USR-000044,EVT-0038165,2026-07-15 19:01:48.237567,0.6395310498775764,lstm
USR-000011,EVT-0038166,2026-07-15 19:01:50.287863,0.509772074090527,lstm
USR-000117,EVT-0038167,2026-07-15 19:05:41.426912,0.4261381449721448,lstm
SVC-000057,EVT-0038168,2026-07-15 19:06:03.832867,0.9916503742034473,lstm
SVC-000006,EVT-0038169,2026-07-15 19:09:47.856364,0.6272286134461205,lstm
SVC-000044,EVT-0038170,2026-07-15 19:10:09.441936,0.8330789657910214,lstm
USR-000045,EVT-0038171,2026-07-15 19:12:47.055358,0.537976202835861,lstm
USR-000192,EVT-0038172,2026-07-15 19:15:04.898241,0.4027859225517414,lstm
SVC-000006,EVT-0038173,2026-07-15 19:16:48.876212,0.47023713344583984,lstm
SVC-000052,EVT-0038174,2026-07-15 19:17:20.345593,0.44001914639141043,lstm
SVC-000006,EVT-0038175,2026-07-15 19:17:59.652458,0.9666749453838877,lstm
SVC-000006,EVT-0038176,2026-07-15 19:19:07.552602,0.482604170499296,lstm
SVC-000006,EVT-0038177,2026-07-15 19:21:27.495159,0.4733265362371293,lstm
SVC-000044,EVT-0038178,2026-07-15 19:29:00.382247,0.6034048868584885,lstm
USR-000113,EVT-0038179,2026-07-15 19:29:04.872078,0.5450048263736834,lstm
DEV-000006,EVT-0038180,2026-07-15 19:34:48.179067,0.39972249447273056,lstm
SVC-000044,EVT-0038181,2026-07-15 19:35:29.512829,0.7119956416476578,lstm
SVC-000006,EVT-0038182,2026-07-15 19:36:12.474858,0.8181271437861564,lstm
SVC-000060,EVT-0038183,2026-07-15 19:36:18.358868,0.9970653727984095,lstm
USR-000040,EVT-0038184,2026-07-15 19:39:07.916724,0.5545776639305523,lstm
SVC-000006,EVT-0038185,2026-07-15 19:39:35.475635,0.653444937069872,lstm
DEV-000026,EVT-0038186,2026-07-15 19:43:12.176560,0.3722875727566288,lstm
SVC-000010,EVT-0038187,2026-07-15 19:44:12.470905,0.624943331528279,lstm
SVC-000006,EVT-0038188,2026-07-15 19:46:15.714048,0.4987523750267749,lstm
SVC-000006,EVT-0038189,2026-07-15 19:52:20.985289,0.5120538823001917,lstm
SVC-000006,EVT-0038190,2026-07-15 19:54:01.062594,0.5381380876090593,lstm
SVC-000061,EVT-0038191,2026-07-15 19:55:14.412590,0.9951430831420053,lstm
USR-000075,EVT-0038192,2026-07-15 19:55:26.261310,0.3593236187454875,lstm
SVC-000061,EVT-0038193,2026-07-15 19:56:21.127712,0.8670190851155236,lstm
SVC-000061,EVT-0038194,2026-07-15 19:56:34.204235,0.6955863592990981,lstm
SVC-000061,EVT-0038195,2026-07-15 19:59:00.585252,0.4232793117513085,lstm
USR-000146,EVT-0038196,2026-07-15 20:00:50.496282,0.7869631076323165,lstm
SVC-000006,EVT-0038197,2026-07-15 20:01:04.856710,0.569447539835038,lstm
SVC-000035,EVT-0038198,2026-07-15 20:01:21.214393,0.985526762402113,lstm
SVC-000061,EVT-0038199,2026-07-15 20:04:41.309297,0.3637742809598349,lstm
SVC-000052,EVT-0038200,2026-07-15 20:04:42.613683,0.4000428242448431,lstm
SVC-000044,EVT-0038201,2026-07-15 20:07:50.163696,0.4251327126023341,lstm
SVC-000048,EVT-0038202,2026-07-15 20:07:53.227862,0.60361985100373,lstm
SVC-000048,EVT-0038203,2026-07-15 20:08:47.948903,0.8037652965345942,lstm
SVC-000061,EVT-0038204,2026-07-15 20:08:49.782169,0.3499937920754477,lstm
USR-000198,EVT-0038205,2026-07-15 20:09:25.830755,0.595724568656845,lstm
USR-000113,EVT-0038206,2026-07-15 20:09:36.938340,0.3997179860321631,lstm
SVC-000061,EVT-0038207,2026-07-15 20:10:08.885778,0.4036943943877068,lstm
SVC-000058,EVT-0038208,2026-07-15 20:14:11.742573,0.9849846887449922,lstm
SVC-000004,EVT-0038209,2026-07-15 20:17:20.554895,0.5217620649808474,lstm
SVC-000061,EVT-0038210,2026-07-15 20:18:44.709602,0.30072644742099386,lstm
USR-000075,EVT-0038211,2026-07-15 20:26:48.556079,0.4153715932011889,lstm
DEV-000008,EVT-0038212,2026-07-15 20:29:45.138311,0.5910986704294182,lstm
SVC-000061,EVT-0038213,2026-07-15 20:29:52.024684,0.2419646443138202,lstm
SVC-000052,EVT-0038214,2026-07-15 20:30:37.485714,0.7679847130642171,lstm
SVC-000057,EVT-0038215,2026-07-15 20:31:06.189097,0.513892439533397,lstm
SVC-000061,EVT-0038216,2026-07-15 20:31:50.644625,0.33434638205706735,lstm
USR-000185,EVT-0038217,2026-07-15 20:35:38.872845,0.3654859692800933,lstm
SVC-000004,EVT-0038218,2026-07-15 20:36:26.804259,0.3127151932583902,lstm
SVC-000061,EVT-0038219,2026-07-15 20:38:33.922830,0.24690073363962484,lstm
DEV-000010,EVT-0038220,2026-07-15 20:44:06.196885,0.450485459288094,lstm
DEV-000024,EVT-0038221,2026-07-15 20:47:01.915881,0.28006546057675347,lstm
SVC-000058,EVT-0038222,2026-07-15 20:47:39.444534,0.4188803769792776,lstm
SVC-000058,EVT-0038223,2026-07-15 20:48:49.172094,0.5540620722013837,lstm
SVC-000061,EVT-0038224,2026-07-15 20:49:00.802557,0.28320402679178686,lstm
DEV-000024,EVT-0038225,2026-07-15 20:50:22.927895,0.9263368007083641,lstm
SVC-000035,EVT-0038226,2026-07-15 20:50:34.084321,0.3947590024564093,lstm
SVC-000004,EVT-0038227,2026-07-15 20:56:51.397981,0.45510756063517577,lstm
SVC-000048,EVT-0038228,2026-07-15 20:56:51.745031,0.3386532179031824,lstm
SVC-000004,EVT-0038229,2026-07-15 20:56:58.644809,0.8583702310815128,lstm
SVC-000048,EVT-0038230,2026-07-15 20:57:50.332830,0.7395055353567367,lstm
SVC-000061,EVT-0038231,2026-07-15 20:59:45.339708,0.2522557836399822,lstm
USR-000011,EVT-0038232,2026-07-15 21:00:24.603805,0.8291127263522355,lstm
SVC-000061,EVT-0038233,2026-07-15 21:01:50.575670,0.4501119584380861,lstm
SVC-000004,EVT-0038234,2026-07-15 21:08:18.776290,0.30375602907431726,lstm
SVC-000041,EVT-0038235,2026-07-15 21:09:03.766973,0.9989698143821392,lstm
DEV-000019,EVT-0038236,2026-07-15 21:14:34.495483,0.9999768744435213,lstm
SVC-000054,EVT-0038237,2026-07-15 21:16:04.781557,0.9833433706946494,lstm
SVC-000035,EVT-0038238,2026-07-15 21:17:14.413049,0.42306347059619986,lstm
SVC-000054,EVT-0038239,2026-07-15 21:17:31.770988,0.5231269752333519,lstm
USR-000088,EVT-0038240,2026-07-15 21:17:46.609011,0.34385314278217893,lstm
SVC-000058,EVT-0038241,2026-07-15 21:18:50.430598,0.27696242275377236,lstm
USR-000141,EVT-0038242,2026-07-15 21:21:41.049907,0.8498031837614348,lstm
DEV-000001,EVT-0038243,2026-07-15 21:23:05.672773,0.3698841489488005,lstm
SVC-000060,EVT-0038244,2026-07-15 21:24:27.167027,0.8505118556306934,lstm
USR-000088,EVT-0038245,2026-07-15 21:24:43.362366,0.5665624829280544,lstm
SVC-000045,EVT-0038246,2026-07-15 21:25:49.779091,0.9965686305567198,lstm
DEV-000016,EVT-0038247,2026-07-15 21:28:33.815100,0.7115041097759393,lstm
SVC-000058,EVT-0038248,2026-07-15 21:29:01.063531,0.2509301560000097,lstm
SVC-000048,EVT-0038249,2026-07-15 21:32:28.564938,0.31048136800715437,lstm
DEV-000014,EVT-0038250,2026-07-15 21:32:32.992363,0.4911852819105193,lstm
SVC-000058,EVT-0038251,2026-07-15 21:33:10.964138,0.2811221299149371,lstm
SVC-000058,EVT-0038252,2026-07-15 21:33:53.457399,0.43716255671243676,lstm
SVC-000003,EVT-0038253,2026-07-15 21:35:42.952875,0.998929033076724,lstm
DEV-000025,EVT-0038254,2026-07-15 21:36:51.674580,0.8559324398059988,lstm
SVC-000061,EVT-0038255,2026-07-15 21:36:59.485057,0.45857884920930125,lstm
USR-000146,EVT-0038256,2026-07-15 21:38:30.292704,0.7425966016796185,lstm
SVC-000047,EVT-0038257,2026-07-15 21:39:09.884368,0.9998712512095156,lstm
DEV-000017,EVT-0038258,2026-07-15 21:40:33.128166,0.5463290030735063,lstm
SVC-000058,EVT-0038259,2026-07-15 21:40:34.126536,0.2825224670706472,lstm
SVC-000054,EVT-0038260,2026-07-15 21:41:00.029632,0.2608520904894575,lstm
DEV-000008,EVT-0038261,2026-07-15 21:42:36.694156,0.5834671440468446,lstm
SVC-000003,EVT-0038262,2026-07-15 21:42:55.883317,0.9583382456949545,lstm
SVC-000045,EVT-0038263,2026-07-15 21:44:52.578485,0.5319109744433917,lstm
SVC-000054,EVT-0038264,2026-07-15 21:45:37.387702,0.27162209116384434,lstm
SVC-000032,EVT-0038265,2026-07-15 21:45:38.163243,0.976820745196955,lstm
SVC-000035,EVT-0038266,2026-07-15 21:49:26.222265,0.2641011694228437,lstm
SVC-000048,EVT-0038267,2026-07-15 21:50:29.390334,0.7823985737725714,lstm
DEV-000003,EVT-0038268,2026-07-15 21:51:05.979212,0.4537528257576187,lstm
SVC-000003,EVT-0038269,2026-07-15 21:52:57.629961,0.9693685659964322,lstm
SVC-000045,EVT-0038270,2026-07-15 21:56:37.378612,0.4599697367097714,lstm
SVC-000035,EVT-0038271,2026-07-15 21:59:34.866513,0.4555262639202614,lstm
SVC-000003,EVT-0038272,2026-07-15 22:00:07.973961,0.5289900469808071,lstm
SVC-000054,EVT-0038273,2026-07-15 22:00:58.270475,0.24138759434741927,lstm
DEV-000014,EVT-0038274,2026-07-15 22:01:29.460482,0.6013576663840338,lstm
SVC-000054,EVT-0038275,2026-07-15 22:03:58.166798,0.25531762946080433,lstm
SVC-000045,EVT-0038276,2026-07-15 22:04:22.940363,0.49968836541656003,lstm
DEV-000011,EVT-0038277,2026-07-15 22:05:56.882863,0.5641759476414365,lstm
SVC-000058,EVT-0038278,2026-07-15 22:06:51.092190,0.2993508534221721,lstm
SVC-000032,EVT-0038279,2026-07-15 22:06:57.428064,0.2712825718125066,lstm
SVC-000047,EVT-0038280,2026-07-15 22:07:40.111687,0.5089774682016989,lstm
SVC-000054,EVT-0038281,2026-07-15 22:08:46.715256,0.2787181619923742,lstm
SVC-000054,EVT-0038282,2026-07-15 22:11:54.894182,0.7861428696647028,lstm
DEV-000023,EVT-0038283,2026-07-15 22:12:49.244408,0.8966509725851227,lstm
SVC-000035,EVT-0038284,2026-07-15 22:13:24.566223,0.7512648135736151,lstm
DEV-000021,EVT-0038285,2026-07-15 22:15:37.308285,0.3090721057632063,lstm
SVC-000003,EVT-0038286,2026-07-15 22:16:13.487852,0.4685820415941992,lstm
DEV-000013,EVT-0038287,2026-07-15 22:18:16.126064,0.6507803871014,lstm
SVC-000045,EVT-0038288,2026-07-15 22:19:33.086836,0.4348320767648088,lstm
SVC-000002,EVT-0038289,2026-07-15 22:22:38.845929,0.9946433176503288,lstm
SVC-000048,EVT-0038290,2026-07-15 22:26:06.471898,0.31698420612715694,lstm
SVC-000054,EVT-0038291,2026-07-15 22:29:23.459013,0.2723396718068528,lstm
SVC-000003,EVT-0038292,2026-07-15 22:33:48.972493,0.6356605326204781,lstm
SVC-000045,EVT-0038293,2026-07-15 22:34:17.036780,0.42188422009085064,lstm
SVC-000035,EVT-0038294,2026-07-15 22:35:08.129310,0.27723066512913686,lstm
SVC-000002,EVT-0038295,2026-07-15 22:35:45.231491,0.46814381991164994,lstm
DEV-000016,EVT-0038296,2026-07-15 22:37:10.131844,0.42722180321514097,lstm
SVC-000060,EVT-0038297,2026-07-15 22:39:18.999105,0.6760486418271741,lstm
SVC-000002,EVT-0038298,2026-07-15 22:39:21.663786,0.3448966060385524,lstm
SVC-000047,EVT-0038299,2026-07-15 22:41:58.794244,0.4584577532663261,lstm
DEV-000011,EVT-0038300,2026-07-15 22:45:24.191537,0.4644270445831198,lstm
SVC-000045,EVT-0038301,2026-07-15 22:45:50.862929,0.365020238325439,lstm
SVC-000002,EVT-0038302,2026-07-15 22:46:14.880138,0.25218373265459004,lstm
SVC-000035,EVT-0038303,2026-07-15 22:46:48.693258,0.4686807968326399,lstm
SVC-000002,EVT-0038304,2026-07-15 22:47:07.645219,0.4722587510832455,lstm
SVC-000059,EVT-0038305,2026-07-15 22:47:16.102382,0.9895736869338274,lstm
SVC-000054,EVT-0038306,2026-07-15 22:49:15.352335,0.39778147109163736,lstm
SVC-000002,EVT-0038307,2026-07-15 22:50:03.952405,0.4267748281178929,lstm
SVC-000025,EVT-0038308,2026-07-15 22:50:08.213248,0.9374220078577856,lstm
SVC-000054,EVT-0038309,2026-07-15 22:52:15.158288,0.48173982542883764,lstm
SVC-000002,EVT-0038310,2026-07-15 22:52:15.607462,0.4412531631187744,lstm
USR-000106,EVT-0038311,2026-07-15 22:52:57.632796,0.4847153986074166,lstm
SVC-000032,EVT-0038312,2026-07-15 22:52:57.859392,0.25509585719081196,lstm
SVC-000059,EVT-0038313,2026-07-15 22:53:26.109333,0.43390238095464284,lstm
SVC-000032,EVT-0038314,2026-07-15 22:54:20.415627,0.5170268314009385,lstm
DEV-000011,EVT-0038315,2026-07-15 22:55:54.465592,0.4176128582707238,lstm
SVC-000059,EVT-0038316,2026-07-15 22:56:04.014383,0.261397616889891,lstm
SVC-000054,EVT-0038317,2026-07-15 22:59:46.880553,0.2543816071750863,lstm
SVC-000032,EVT-0038318,2026-07-15 22:59:48.960931,0.27618946665321725,lstm
SVC-000032,EVT-0038319,2026-07-15 23:00:46.901314,0.7279902977200704,lstm
SVC-000025,EVT-0038320,2026-07-15 23:01:11.685102,0.31320750001588626,lstm
SVC-000002,EVT-0038321,2026-07-15 23:02:42.396400,0.4017092894482576,lstm
SVC-000002,EVT-0038322,2026-07-15 23:03:44.689755,0.4759731614750077,lstm
SVC-000002,EVT-0038323,2026-07-15 23:04:20.173520,0.5733912169386289,lstm
SVC-000059,EVT-0038324,2026-07-15 23:04:34.542119,0.22475983242420078,lstm
SVC-000041,EVT-0038325,2026-07-15 23:05:30.801141,0.8900421061628362,lstm
SVC-000032,EVT-0038326,2026-07-15 23:05:57.661952,0.22892987804824694,lstm
SVC-000059,EVT-0038327,2026-07-15 23:06:19.029862,0.2784960085117105,lstm
SVC-000002,EVT-0038328,2026-07-15 23:07:16.164754,0.2847898631436897,lstm
SVC-000032,EVT-0038329,2026-07-15 23:10:28.023946,0.2773702994887858,lstm
SVC-000025,EVT-0038330,2026-07-15 23:17:19.272967,0.3811693112764853,lstm
SVC-000032,EVT-0038331,2026-07-15 23:17:29.811898,0.2167004142921116,lstm
SVC-000025,EVT-0038332,2026-07-15 23:21:06.159329,0.5345381269869868,lstm
SVC-000059,EVT-0038333,2026-07-15 23:21:51.387714,0.2356465086719778,lstm
DEV-000019,EVT-0038334,2026-07-15 23:22:21.466271,0.9983184005768432,lstm
USR-000150,EVT-0038335,2026-07-15 23:23:49.505102,0.47837339544718405,lstm
SVC-000059,EVT-0038336,2026-07-15 23:25:18.582116,0.6938092287193263,lstm
SVC-000059,EVT-0038337,2026-07-15 23:25:21.797618,0.38219055719108885,lstm
SVC-000047,EVT-0038338,2026-07-15 23:26:46.618135,0.3894046724758556,lstm
SVC-000054,EVT-0038339,2026-07-15 23:27:03.431706,0.40911827882574664,lstm
SVC-000032,EVT-0038340,2026-07-15 23:27:09.644605,0.2131444597700657,lstm
SVC-000032,EVT-0038341,2026-07-15 23:27:30.924364,0.44593039346385666,lstm
SVC-000002,EVT-0038342,2026-07-15 23:28:13.920339,0.3122616985327481,lstm
SVC-000002,EVT-0038343,2026-07-15 23:28:45.361252,0.47497113612532366,lstm
DEV-000006,EVT-0038344,2026-07-15 23:28:52.179970,0.3652224140971703,lstm
SVC-000045,EVT-0038345,2026-07-15 23:28:58.351187,0.44499361993445136,lstm
SVC-000056,EVT-0038346,2026-07-15 23:29:14.928735,0.9906916670651735,lstm
SVC-000032,EVT-0038347,2026-07-15 23:30:14.506385,0.266414407308814,lstm
SVC-000047,EVT-0038348,2026-07-15 23:32:27.184060,0.4686317403228609,lstm
SVC-000002,EVT-0038349,2026-07-15 23:36:05.144262,0.3377680638095276,lstm
SVC-000035,EVT-0038350,2026-07-15 23:39:40.725153,0.5922273106988334,lstm
SVC-000059,EVT-0038351,2026-07-15 23:39:59.474795,0.25541565257630067,lstm
USR-000141,EVT-0038352,2026-07-15 23:42:22.872973,0.6074977753656818,lstm
SVC-000059,EVT-0038353,2026-07-15 23:42:45.539004,0.23461947977573938,lstm
SVC-000025,EVT-0038354,2026-07-15 23:42:49.845183,0.3475329260556483,lstm
USR-000113,EVT-0038355,2026-07-15 23:43:10.186748,0.3433504899657751,lstm
SVC-000056,EVT-0038356,2026-07-15 23:43:22.444084,0.6207694126996686,lstm
SVC-000002,EVT-0038357,2026-07-15 23:44:17.659953,0.344523354213865,lstm
SVC-000032,EVT-0038358,2026-07-15 23:44:40.635401,0.23209664888932283,lstm
USR-000113,EVT-0038359,2026-07-15 23:45:54.705065,0.5700961897200754,lstm
SVC-000059,EVT-0038360,2026-07-15 23:45:59.051417,0.24241604235302236,lstm
SVC-000025,EVT-0038361,2026-07-15 23:46:43.282447,0.658417228513835,lstm
DEV-000003,EVT-0038362,2026-07-15 23:46:49.850224,0.3901367318167336,lstm
USR-000106,EVT-0038363,2026-07-15 23:47:00.740352,0.24625844106905728,lstm
SVC-000025,EVT-0038364,2026-07-15 23:47:58.026789,0.608519967239721,lstm
SVC-000059,EVT-0038365,2026-07-15 23:50:18.486841,0.22997042475731644,lstm
SVC-000041,EVT-0038366,2026-07-15 23:50:45.695090,0.6756232008842634,lstm
SVC-000032,EVT-0038367,2026-07-15 23:51:33.955096,0.2708799648157032,lstm
SVC-000032,EVT-0038368,2026-07-15 23:52:45.371379,0.28972247322968125,lstm
SVC-000059,EVT-0038369,2026-07-15 23:53:39.060211,0.2319416908931736,lstm
SVC-000002,EVT-0038370,2026-07-15 23:56:28.133251,0.5902115555367876,lstm
SVC-000059,EVT-0038371,2026-07-15 23:57:43.985874,0.21959217294236666,lstm
USR-000088,EVT-0038372,2026-07-15 23:58:03.549158,0.24143144700687383,lstm
SVC-000056,EVT-0038373,2026-07-15 23:58:48.330395,0.7150997859705615,lstm
SVC-000002,EVT-0038374,2026-07-15 23:59:23.833408,0.4052579339535784,lstm
SVC-000002,EVT-0038375,2026-07-16 00:01:34.447392,0.4508481356946184,lstm
SVC-000047,EVT-0038376,2026-07-16 00:06:14.089784,0.5951656369487945,lstm
USR-000134,EVT-0038377,2026-07-16 00:07:03.719647,0.942379411143746,lstm
SVC-000056,EVT-0038378,2026-07-16 00:09:58.309836,0.7349237361339751,lstm
SVC-000059,EVT-0038379,2026-07-16 00:12:20.383958,0.3304818204504217,lstm
DEV-000012,EVT-0038380,2026-07-16 00:13:58.221837,0.4873363100881035,lstm
SVC-000056,EVT-0038381,2026-07-16 00:15:23.387281,0.6635989950643408,lstm
DEV-000018,EVT-0038382,2026-07-16 00:21:35.682720,0.824378655971558,lstm
DEV-000010,EVT-0038383,2026-07-16 00:22:08.069218,0.5251409036916215,lstm
SVC-000056,EVT-0038384,2026-07-16 00:22:50.508609,0.5894167384774559,lstm
SVC-000047,EVT-0038385,2026-07-16 00:23:47.183790,0.48811494734777217,lstm
USR-000141,EVT-0038386,2026-07-16 00:28:36.405131,0.6685971960503223,lstm
USR-000150,EVT-0038387,2026-07-16 00:33:09.776365,0.5293449315459577,lstm
USR-000088,EVT-0038388,2026-07-16 00:35:41.124692,0.32910746359346726,lstm
DEV-000001,EVT-0038389,2026-07-16 00:36:29.067506,0.4444111090862633,lstm
DEV-000011,EVT-0038390,2026-07-16 00:37:22.491350,0.18832173128029356,lstm
SVC-000056,EVT-0038391,2026-07-16 00:39:22.428954,0.2919230392570012,lstm
DEV-000022,EVT-0038392,2026-07-16 00:40:29.173727,0.5476819057088546,lstm
SVC-000041,EVT-0038393,2026-07-16 00:41:51.686530,0.813145574911143,lstm
SVC-000056,EVT-0038394,2026-07-16 00:42:38.511607,0.579950332497616,lstm
USR-000113,EVT-0038395,2026-07-16 00:47:21.929829,0.27983767947333177,lstm
USR-000088,EVT-0038396,2026-07-16 00:50:39.071716,0.39472066533570405,lstm
SVC-000041,EVT-0038397,2026-07-16 00:59:19.604395,0.4252893222446808,lstm
USR-000165,EVT-0038398,2026-07-16 01:04:06.425573,0.8431640616160608,lstm
USR-000113,EVT-0038399,2026-07-16 01:14:24.746720,0.335984086872734,lstm
DEV-000011,EVT-0038400,2026-07-16 01:28:48.982027,0.19862502809995156,lstm
SVC-000056,EVT-0038401,2026-07-16 01:30:22.340967,0.44363136662544694,lstm
SVC-000056,EVT-0038402,2026-07-16 01:32:54.696275,0.6192424999678952,lstm
DEV-000019,EVT-0038403,2026-07-16 01:33:41.803562,0.9980236937287168,lstm
DEV-000006,EVT-0038404,2026-07-16 01:39:47.221470,0.37552005843729813,lstm
DEV-000001,EVT-0038405,2026-07-16 01:46:06.954127,0.3878978544133989,lstm
DEV-000002,EVT-0038406,2026-07-16 01:48:34.833478,0.7940513937501639,lstm
DEV-000006,EVT-0038407,2026-07-16 01:53:25.862389,0.510576173101959,lstm
SVC-000041,EVT-0038408,2026-07-16 01:56:08.213906,0.6852733176019539,lstm
USR-000024,EVT-0038409,2026-07-16 01:57:12.017874,0.9999999969909537,lstm
USR-000024,EVT-0038410,2026-07-16 01:58:37.551108,1.0,lstm
SVC-000041,EVT-0038411,2026-07-16 02:01:07.245334,0.7832627655417828,lstm
USR-000024,EVT-0038412,2026-07-16 02:01:09.289214,1.0,lstm
DEV-000009,EVT-0038413,2026-07-16 02:06:43.289625,0.9710976487842939,lstm
DEV-000005,EVT-0038414,2026-07-16 02:07:22.424022,0.4995596652575667,lstm
SVC-000018,EVT-0038415,2026-07-16 02:10:00.266647,0.9852535764700268,lstm
SVC-000041,EVT-0038416,2026-07-16 02:12:24.767384,0.31837967155213365,lstm
SVC-000019,EVT-0038417,2026-07-16 02:28:33.095100,0.9905842775182,lstm
SVC-000018,EVT-0038418,2026-07-16 02:29:31.304451,0.41485078541425885,lstm
DEV-000013,EVT-0038419,2026-07-16 02:33:11.029344,0.7322563414092457,lstm
SVC-000041,EVT-0038420,2026-07-16 02:39:58.768116,0.49982897608680416,lstm
USR-000122,EVT-0038421,2026-07-16 02:42:56.892419,0.9828980116610755,lstm
DEV-000016,EVT-0038422,2026-07-16 02:43:19.370123,0.3681920673536686,lstm
SVC-000018,EVT-0038423,2026-07-16 02:44:13.472523,0.378957207949855,lstm
SVC-000041,EVT-0038424,2026-07-16 02:46:57.956557,0.7004814756664892,lstm
SVC-000018,EVT-0038425,2026-07-16 02:52:00.385525,0.4966876297498247,lstm
DEV-000002,EVT-0038426,2026-07-16 02:53:31.343267,0.481101340762922,lstm
SVC-000019,EVT-0038427,2026-07-16 02:56:54.954354,0.3607845639225072,lstm
SVC-000048,EVT-0038428,2026-07-16 03:02:05.000000,0.9999989991926475,lstm
SVC-000041,EVT-0038429,2026-07-16 03:08:36.646058,0.7809251865741916,lstm
DEV-000020,EVT-0038430,2026-07-16 03:16:02.279906,0.67809408268666,lstm
DEV-000018,EVT-0038431,2026-07-16 03:21:05.700726,0.6819075856094066,lstm
SVC-000018,EVT-0038432,2026-07-16 03:25:32.641298,0.523363355551972,lstm
SVC-000048,EVT-0038433,2026-07-16 03:30:58.943366,1.0,lstm
SVC-000018,EVT-0038434,2026-07-16 03:33:27.011289,0.25736255964598276,lstm
SVC-000018,EVT-0038435,2026-07-16 03:33:59.815342,0.8812317519264783,lstm
USR-000165,EVT-0038436,2026-07-16 03:35:46.588140,0.5929888171411613,lstm
SVC-000015,EVT-0038437,2026-07-16 03:37:12.465201,0.9615682749094474,lstm
SVC-000015,EVT-0038438,2026-07-16 03:38:42.451567,0.6944330290009527,lstm
DEV-000001,EVT-0038439,2026-07-16 03:41:02.168968,0.22676899580701598,lstm
SVC-000041,EVT-0038440,2026-07-16 03:44:01.194682,0.4694133410625882,lstm
SVC-000018,EVT-0038441,2026-07-16 03:47:12.473643,0.45969834519844327,lstm
DEV-000023,EVT-0038442,2026-07-16 03:51:37.571316,0.5885032578800132,lstm
SVC-000014,EVT-0038443,2026-07-16 03:52:26.118694,0.9645585320069037,lstm
SVC-000007,EVT-0038444,2026-07-16 03:52:56.552757,0.9812119456851839,lstm
SVC-000018,EVT-0038445,2026-07-16 03:53:31.771116,0.33454634970956015,lstm
SVC-000014,EVT-0038446,2026-07-16 04:04:10.794450,0.2401239973265077,lstm
DEV-000021,EVT-0038447,2026-07-16 04:05:40.658933,0.5332155774668874,lstm
DEV-000022,EVT-0038448,2026-07-16 04:06:48.526328,0.5965040989009314,lstm
SVC-000014,EVT-0038449,2026-07-16 04:07:09.055601,0.45630573759791787,lstm
SVC-000041,EVT-0038450,2026-07-16 04:10:02.232198,0.6670839893987895,lstm
SVC-000014,EVT-0038451,2026-07-16 04:14:58.038540,0.24488998923264158,lstm
SVC-000014,EVT-0038452,2026-07-16 04:15:29.557338,0.869066264134657,lstm
DEV-000001,EVT-0038453,2026-07-16 04:19:15.272264,0.19513183319588542,lstm
DEV-000002,EVT-0038454,2026-07-16 04:21:00.932899,0.34027313407668425,lstm
SVC-000014,EVT-0038455,2026-07-16 04:23:02.769304,0.3144471688402446,lstm
SVC-000020,EVT-0038456,2026-07-16 04:26:44.436228,0.9990419993530119,lstm
SVC-000019,EVT-0038457,2026-07-16 04:27:36.888109,0.39484417932451354,lstm
SVC-000015,EVT-0038458,2026-07-16 04:32:36.346603,0.3345317667247052,lstm
DEV-000011,EVT-0038459,2026-07-16 04:33:34.124383,0.2557259696321047,lstm
SVC-000019,EVT-0038460,2026-07-16 04:43:36.502220,0.2864682209193202,lstm
SVC-000007,EVT-0038461,2026-07-16 04:45:30.856133,0.4626282547409761,lstm
SVC-000019,EVT-0038462,2026-07-16 04:48:04.346021,0.24932541746598774,lstm
SVC-000019,EVT-0038463,2026-07-16 04:48:58.555810,0.4741855346119202,lstm
USR-000058,EVT-0038464,2026-07-16 04:50:54.094865,0.7156413101165835,lstm
DEV-000015,EVT-0038465,2026-07-16 04:52:01.271085,0.9878396960097402,lstm
SVC-000007,EVT-0038466,2026-07-16 04:52:07.734919,0.3824820761442543,lstm
DEV-000018,EVT-0038467,2026-07-16 04:53:31.082728,0.5054637637233664,lstm
DEV-000026,EVT-0038468,2026-07-16 04:53:54.041292,0.5337857253110849,lstm
SVC-000007,EVT-0038469,2026-07-16 04:54:36.615692,0.4079827776574318,lstm
DEV-000024,EVT-0038470,2026-07-16 04:56:00.506394,0.738310485230944,lstm
SVC-000014,EVT-0038471,2026-07-16 04:56:19.742500,0.3272618473642637,lstm
SVC-000007,EVT-0038472,2026-07-16 04:57:35.342350,0.33362061758107525,lstm
SVC-000019,EVT-0038473,2026-07-16 05:00:04.776674,0.22634832595260498,lstm
DEV-000018,EVT-0038474,2026-07-16 05:04:21.533924,0.702012360648307,lstm
SVC-000014,EVT-0038475,2026-07-16 05:05:04.274547,0.22253483502415242,lstm
SVC-000014,EVT-0038476,2026-07-16 05:07:25.034818,0.37105108754511407,lstm
SVC-000019,EVT-0038477,2026-07-16 05:13:03.010651,0.2761229961956132,lstm
SVC-000019,EVT-0038478,2026-07-16 05:14:29.865241,0.37872154475774356,lstm
SVC-000007,EVT-0038479,2026-07-16 05:14:41.619780,0.3249729075492642,lstm
DEV-000014,EVT-0038480,2026-07-16 05:15:57.359717,0.666735934519509,lstm
SVC-000019,EVT-0038481,2026-07-16 05:16:42.002826,0.35244287769008187,lstm
SVC-000019,EVT-0038482,2026-07-16 05:17:33.035816,0.517514957184328,lstm
SVC-000041,EVT-0038483,2026-07-16 05:18:21.157473,0.8797760055466555,lstm
SVC-000020,EVT-0038484,2026-07-16 05:18:31.875577,0.8654433979513712,lstm
SVC-000020,EVT-0038485,2026-07-16 05:19:14.110390,0.9893367631794894,lstm
SVC-000031,EVT-0038486,2026-07-16 05:22:36.381257,0.9997856567838881,lstm
SVC-000009,EVT-0038487,2026-07-16 05:23:59.343750,0.9997020970869188,lstm
DEV-000003,EVT-0038488,2026-07-16 05:26:53.747259,0.49732688798884456,lstm
USR-000066,EVT-0038489,2026-07-16 05:28:33.872932,0.9935357331361336,lstm
SVC-000019,EVT-0038490,2026-07-16 05:29:28.325822,0.2472415374736771,lstm
SVC-000007,EVT-0038491,2026-07-16 05:31:19.107487,0.2286667820559603,lstm
SVC-000007,EVT-0038492,2026-07-16 05:31:22.401767,0.6528975570920806,lstm
SVC-000019,EVT-0038493,2026-07-16 05:31:55.486282,0.3038422628359516,lstm
SVC-000015,EVT-0038494,2026-07-16 05:35:37.196598,0.3411245634310924,lstm
USR-000058,EVT-0038495,2026-07-16 05:43:20.449770,0.35545465089268835,lstm
USR-000153,EVT-0038496,2026-07-16 05:43:56.261531,0.9212324924718526,lstm
SVC-000019,EVT-0038497,2026-07-16 05:44:54.299653,0.23119914901434774,lstm
DEV-000023,EVT-0038498,2026-07-16 05:45:05.583947,0.45456555470694293,lstm
DEV-000010,EVT-0038499,2026-07-16 05:56:37.435055,0.4251749177134666,lstm
SVC-000009,EVT-0038500,2026-07-16 05:57:52.197222,0.730438614947516,lstm
USR-000207,EVT-0038501,2026-07-16 06:01:35.781682,0.7881539447176543,lstm
SVC-000009,EVT-0038502,2026-07-16 06:07:12.515664,0.4958479250884344,lstm
SVC-000009,EVT-0038503,2026-07-16 06:10:20.094061,0.33313872336601125,lstm
SVC-000031,EVT-0038504,2026-07-16 06:13:20.500895,0.5839829238924935,lstm
SVC-000031,EVT-0038505,2026-07-16 06:13:51.442319,0.7132828364855887,lstm
SVC-000031,EVT-0038506,2026-07-16 06:17:07.499217,0.39124254471435255,lstm
USR-000106,EVT-0038507,2026-07-16 06:22:59.000000,0.5661573324422035,lstm
DEV-000021,EVT-0038508,2026-07-16 06:30:15.099811,0.4977506911301109,lstm
SVC-000055,EVT-0038509,2026-07-16 06:31:09.986330,0.9908272644339503,lstm
SVC-000019,EVT-0038510,2026-07-16 06:31:10.468589,0.4081744056951062,lstm
DEV-000008,EVT-0038511,2026-07-16 06:32:27.327934,0.6506772454141593,lstm
SVC-000031,EVT-0038512,2026-07-16 06:32:31.014379,0.2777679294455874,lstm
SVC-000031,EVT-0038513,2026-07-16 06:36:50.354948,0.6175940790165093,lstm
DEV-000022,EVT-0038514,2026-07-16 06:39:24.286706,0.6632763896396529,lstm
USR-000029,EVT-0038515,2026-07-16 06:39:49.654331,0.825720548787579,lstm
USR-000180,EVT-0038516,2026-07-16 06:40:01.539109,0.8847241073591272,lstm
SVC-000009,EVT-0038517,2026-07-16 06:43:00.179036,0.5170681275655594,lstm
DEV-000007,EVT-0038518,2026-07-16 06:43:41.467081,0.794824263650695,lstm
SVC-000009,EVT-0038519,2026-07-16 06:43:53.102734,0.41612312978907123,lstm
SVC-000031,EVT-0038520,2026-07-16 06:47:17.941333,0.2919643953582457,lstm
DEV-000025,EVT-0038521,2026-07-16 06:49:02.279872,0.7728552756967872,lstm
USR-000067,EVT-0038522,2026-07-16 06:49:33.257366,0.6169517967483524,lstm
SVC-000009,EVT-0038523,2026-07-16 06:49:42.195399,0.2769538284601191,lstm
SVC-000031,EVT-0038524,2026-07-16 06:55:05.870714,0.31930978154285805,lstm
DEV-000014,EVT-0038525,2026-07-16 06:56:10.323758,0.8127346184388377,lstm
SVC-000031,EVT-0038526,2026-07-16 06:57:02.059098,0.42361863989582665,lstm
DEV-000017,EVT-0038527,2026-07-16 06:58:16.346932,0.4951922729875543,lstm
SVC-000011,EVT-0038528,2026-07-16 07:01:01.369265,0.9962774835749035,lstm
SVC-000009,EVT-0038529,2026-07-16 07:04:53.269061,0.6462147068877306,lstm
SVC-000031,EVT-0038530,2026-07-16 07:05:22.172235,0.3334850625313784,lstm
USR-000139,EVT-0038531,2026-07-16 07:06:52.989826,0.8046349466702233,lstm
USR-000132,EVT-0038532,2026-07-16 07:08:41.343159,0.7587195693724842,lstm
USR-000096,EVT-0038533,2026-07-16 07:10:16.865805,0.3419934279295301,lstm
USR-000031,EVT-0038534,2026-07-16 07:10:35.871677,0.4912034014889982,lstm
SVC-000030,EVT-0038535,2026-07-16 07:11:22.263479,0.9701987990759687,lstm
USR-000162,EVT-0038536,2026-07-16 07:12:11.130489,0.8128579902225133,lstm
SVC-000055,EVT-0038537,2026-07-16 07:14:20.862987,0.6096592627197286,lstm
SVC-000055,EVT-0038538,2026-07-16 07:16:27.187157,0.6887884518268976,lstm
USR-000029,EVT-0038539,2026-07-16 07:17:38.652711,0.5932471631947641,lstm
USR-000094,EVT-0038540,2026-07-16 07:17:50.550834,0.8387875955811366,lstm
DEV-000023,EVT-0038541,2026-07-16 07:20:04.602715,0.17173669711878367,lstm
USR-000033,EVT-0038542,2026-07-16 07:20:53.571033,0.8877765844108284,lstm
SVC-000011,EVT-0038543,2026-07-16 07:23:12.721995,0.38365380314605296,lstm
SVC-000031,EVT-0038544,2026-07-16 07:29:55.302488,0.5746371096193555,lstm
SVC-000051,EVT-0038545,2026-07-16 07:30:25.935607,0.9991106334358748,lstm
USR-000132,EVT-0038546,2026-07-16 07:36:38.916642,0.5125602832700676,lstm
SVC-000040,EVT-0038547,2026-07-16 07:46:45.985881,0.909110012631956,lstm
USR-000116,EVT-0038548,2026-07-16 07:48:25.929682,0.6484349433683654,lstm
SVC-000031,EVT-0038549,2026-07-16 07:49:15.187985,0.3389013693596807,lstm
SVC-000011,EVT-0038550,2026-07-16 07:49:30.028186,0.4483690875520733,lstm
SVC-000040,EVT-0038551,2026-07-16 07:49:55.613276,0.8161936009915104,lstm
SVC-000031,EVT-0038552,2026-07-16 07:53:14.512783,0.5929619159448409,lstm
USR-000019,EVT-0038553,2026-07-16 07:53:33.119185,0.9791515687362857,lstm
SVC-000040,EVT-0038554,2026-07-16 07:55:56.251117,0.4639600660932262,lstm
SVC-000040,EVT-0038555,2026-07-16 07:56:26.851766,0.9185906195004611,lstm
SVC-000011,EVT-0038556,2026-07-16 07:59:33.087795,0.350172898398662,lstm
DEV-000009,EVT-0038557,2026-07-16 08:00:03.349082,0.7915635084240491,lstm
USR-000157,EVT-0038558,2026-07-16 08:01:54.536250,0.7672831822038787,lstm
USR-000102,EVT-0038559,2026-07-16 08:03:06.114834,0.9907947869419598,lstm
USR-000071,EVT-0038560,2026-07-16 08:04:25.696610,0.7219039455025004,lstm
SVC-000016,EVT-0038561,2026-07-16 08:09:25.276113,0.9941179153779368,lstm
SVC-000030,EVT-0038562,2026-07-16 08:09:37.308309,0.6657130975548455,lstm
USR-000059,EVT-0038563,2026-07-16 08:09:57.506340,0.8651147726747399,lstm
DEV-000021,EVT-0038564,2026-07-16 08:10:32.734914,0.38341866298387317,lstm
SVC-000040,EVT-0038565,2026-07-16 08:12:24.498573,0.5002171277600866,lstm
DEV-000007,EVT-0038566,2026-07-16 08:12:45.543973,0.34886140196858056,lstm
USR-000098,EVT-0038567,2026-07-16 08:13:57.624864,0.8749829237955411,lstm
SVC-000031,EVT-0038568,2026-07-16 08:16:20.500893,0.34085291287560454,lstm
USR-000022,EVT-0038569,2026-07-16 08:17:09.648970,0.8177203772670449,lstm
DEV-000016,EVT-0038570,2026-07-16 08:18:56.880498,0.2863237231121363,lstm
DEV-000018,EVT-0038571,2026-07-16 08:19:21.060813,0.3903956988367338,lstm
USR-000157,EVT-0038572,2026-07-16 08:22:03.676388,0.4229396940836147,lstm
USR-000106,EVT-0038573,2026-07-16 08:24:24.582493,1.0,lstm
SVC-000046,EVT-0038574,2026-07-16 08:27:01.290208,0.9974945354461714,lstm
USR-000059,EVT-0038575,2026-07-16 08:27:17.673657,0.8962258379308475,lstm
SVC-000011,EVT-0038576,2026-07-16 08:28:43.171727,0.2661932411194397,lstm
USR-000053,EVT-0038577,2026-07-16 08:30:07.845444,0.7832144172939636,lstm
SVC-000024,EVT-0038578,2026-07-16 08:30:49.294762,0.9941013364865536,lstm
USR-000029,EVT-0038579,2026-07-16 08:31:08.279251,0.5711401247012604,lstm
USR-000031,EVT-0038580,2026-07-16 08:33:08.721369,0.19818822209828335,lstm
SVC-000053,EVT-0038581,2026-07-16 08:34:23.310019,0.9934057280991552,lstm
SVC-000046,EVT-0038582,2026-07-16 08:34:53.039927,0.3787827995364805,lstm
SVC-000055,EVT-0038583,2026-07-16 08:35:26.811271,0.5375714894927704,lstm
USR-000102,EVT-0038584,2026-07-16 08:36:19.757497,0.5321142710041505,lstm
SVC-000011,EVT-0038585,2026-07-16 08:36:47.203978,0.4014519724492412,lstm
SVC-000011,EVT-0038586,2026-07-16 08:38:12.136428,0.5063237965822237,lstm
USR-000207,EVT-0038587,2026-07-16 08:42:25.342859,0.6124715366740867,lstm
DEV-000009,EVT-0038588,2026-07-16 08:42:49.138742,0.7271442686756501,lstm
DEV-000009,EVT-0038589,2026-07-16 08:44:59.509640,0.9588334144431067,lstm
SVC-000055,EVT-0038590,2026-07-16 08:46:10.618220,0.3625848498681273,lstm
USR-000058,EVT-0038591,2026-07-16 08:46:55.732669,0.27491268566168875,lstm
SVC-000053,EVT-0038592,2026-07-16 08:47:06.587342,0.6365911969974433,lstm
DEV-000009,EVT-0038593,2026-07-16 08:47:26.632081,1.0,lstm
DEV-000009,EVT-0038594,2026-07-16 08:47:54.702089,0.9929345854866871,lstm
DEV-000009,EVT-0038595,2026-07-16 08:48:34.103745,0.9688861030686671,lstm
SVC-000055,EVT-0038596,2026-07-16 08:48:36.478228,0.5312251061866411,lstm
SVC-000016,EVT-0038597,2026-07-16 08:49:25.752116,0.5787515867504082,lstm
SVC-000030,EVT-0038598,2026-07-16 08:51:01.482827,0.7442624538861977,lstm
USR-000178,EVT-0038599,2026-07-16 08:51:11.505841,0.9090848243110697,lstm
DEV-000011,EVT-0038600,2026-07-16 08:51:13.768871,0.5481909779668822,lstm
SVC-000011,EVT-0038601,2026-07-16 08:51:34.829256,0.3497242028674977,lstm
SVC-000046,EVT-0038602,2026-07-16 08:53:12.037122,0.8110225748174857,lstm
SVC-000042,EVT-0038603,2026-07-16 08:54:35.464944,0.9868424228362486,lstm
SVC-000042,EVT-0038604,2026-07-16 08:57:14.979386,0.4066028688913263,lstm
SVC-000053,EVT-0038605,2026-07-16 08:57:18.999994,0.8526471209898822,lstm
SVC-000046,EVT-0038606,2026-07-16 08:59:15.900120,0.4592763572974823,lstm
USR-000016,EVT-0038607,2026-07-16 09:00:05.976438,0.9066218606406935,lstm
USR-000001,EVT-0038608,2026-07-16 09:02:47.906395,0.4819627093586773,lstm
SVC-000024,EVT-0038609,2026-07-16 09:05:39.856592,0.34860311587626763,lstm
SVC-000008,EVT-0038610,2026-07-16 09:06:48.550752,0.990316286674955,lstm
DEV-000021,EVT-0038611,2026-07-16 09:08:21.713877,0.40173207338696715,lstm
SVC-000030,EVT-0038612,2026-07-16 09:08:22.508142,0.8030890752917349,lstm
SVC-000046,EVT-0038613,2026-07-16 09:08:32.965282,0.4971636148492116,lstm
SVC-000013,EVT-0038614,2026-07-16 09:09:27.743148,0.9984422955387902,lstm
SVC-000024,EVT-0038615,2026-07-16 09:10:28.009340,0.40583612927593754,lstm
USR-000095,EVT-0038616,2026-07-16 09:12:24.591942,0.41607707799429927,lstm
USR-000121,EVT-0038617,2026-07-16 09:13:18.395908,0.485268052019591,lstm
SVC-000016,EVT-0038618,2026-07-16 09:14:53.284529,0.5406195435980682,lstm
USR-000015,EVT-0038619,2026-07-16 09:15:45.228427,0.3489155991890508,lstm
USR-000022,EVT-0038620,2026-07-16 09:15:52.472339,0.3043112145274727,lstm
SVC-000008,EVT-0038621,2026-07-16 09:16:22.156801,0.8668203975683859,lstm
SVC-000016,EVT-0038622,2026-07-16 09:18:48.862420,0.49192558981331186,lstm
USR-000207,EVT-0038623,2026-07-16 09:19:52.874903,0.5495289810077536,lstm
USR-000173,EVT-0038624,2026-07-16 09:21:56.124830,0.566348442590229,lstm
USR-000170,EVT-0038625,2026-07-16 09:22:36.264304,0.9583039747777187,lstm
SVC-000011,EVT-0038626,2026-07-16 09:22:42.275563,0.28615361992491894,lstm
SVC-000042,EVT-0038627,2026-07-16 09:22:43.433068,0.2627535036451037,lstm
DEV-000011,EVT-0038628,2026-07-16 09:26:24.178820,0.38970114290519636,lstm
SVC-000016,EVT-0038629,2026-07-16 09:27:30.857095,0.39750772572791254,lstm
USR-000102,EVT-0038630,2026-07-16 09:27:59.284643,0.3469695118810864,lstm
USR-000019,EVT-0038631,2026-07-16 09:30:51.202033,0.4871272934930797,lstm
DEV-000017,EVT-0038632,2026-07-16 09:31:39.178023,0.3402681677377477,lstm
USR-000072,EVT-0038633,2026-07-16 09:33:54.837094,0.9860416580315247,lstm
DEV-000003,EVT-0038634,2026-07-16 09:33:59.833894,0.29085572329949944,lstm
SVC-000030,EVT-0038635,2026-07-16 09:34:49.722004,0.5368042138718282,lstm
USR-000069,EVT-0038636,2026-07-16 09:35:04.472386,0.8003628186480758,lstm
SVC-000016,EVT-0038637,2026-07-16 09:35:46.478474,0.4131965371714346,lstm
SVC-000016,EVT-0038638,2026-07-16 09:36:15.971015,0.5946649107028472,lstm
SVC-000042,EVT-0038639,2026-07-16 09:36:30.424534,0.21595208045710007,lstm
USR-000118,EVT-0038640,2026-07-16 09:37:54.409649,0.5078277346339607,lstm
USR-000177,EVT-0038641,2026-07-16 09:39:13.984134,0.4333103286873841,lstm
USR-000102,EVT-0038642,2026-07-16 09:39:53.334597,0.5530559793356438,lstm
USR-000153,EVT-0038643,2026-07-16 09:40:07.768792,0.3267112708073323,lstm
DEV-000003,EVT-0038644,2026-07-16 09:40:30.038986,0.5433205370223861,lstm
USR-000014,EVT-0038645,2026-07-16 09:40:34.400281,0.6759429975425749,lstm
USR-000003,EVT-0038646,2026-07-16 09:42:42.976282,0.9976175760372106,lstm
USR-000121,EVT-0038647,2026-07-16 09:45:09.683669,0.3507450578059847,lstm
USR-000054,EVT-0038648,2026-07-16 09:45:11.897290,0.8425677782714152,lstm
SVC-000008,EVT-0038649,2026-07-16 09:45:52.409488,0.8137183400158257,lstm
USR-000016,EVT-0038650,2026-07-16 09:45:53.900760,0.5321921041693858,lstm
SVC-000013,EVT-0038651,2026-07-16 09:47:09.764194,0.6404910294926163,lstm
SVC-000013,EVT-0038652,2026-07-16 09:47:19.235988,0.9103328907698535,lstm
SVC-000013,EVT-0038653,2026-07-16 09:48:20.783700,0.7059428375421415,lstm
USR-000067,EVT-0038654,2026-07-16 09:49:04.926082,0.3387666746611471,lstm
SVC-000042,EVT-0038655,2026-07-16 09:49:37.317043,0.2539726108265569,lstm
SVC-000024,EVT-0038656,2026-07-16 09:49:55.968842,0.45355094928323625,lstm
SVC-000024,EVT-0038657,2026-07-16 09:51:19.723332,0.7669303221054884,lstm
USR-000086,EVT-0038658,2026-07-16 09:53:05.145303,0.475200009945107,lstm
SVC-000030,EVT-0038659,2026-07-16 09:55:01.728605,0.8005194382459696,lstm
USR-000180,EVT-0038660,2026-07-16 09:55:41.745529,0.5036746675729239,lstm
SVC-000013,EVT-0038661,2026-07-16 09:56:01.620412,0.8784356075428215,lstm
SVC-000013,EVT-0038662,2026-07-16 09:56:59.275978,0.6452304734926443,lstm
USR-000007,EVT-0038663,2026-07-16 09:57:06.311641,0.5979306517876735,lstm
USR-000180,EVT-0038664,2026-07-16 09:57:50.760916,0.8483189456526058,lstm
USR-000048,EVT-0038665,2026-07-16 09:58:42.563131,0.9550609844189638,lstm
USR-000206,EVT-0038666,2026-07-16 09:58:51.510307,0.4833833215926318,lstm
DEV-000014,EVT-0038667,2026-07-16 09:59:42.009504,0.7260003078504024,lstm
SVC-000024,EVT-0038668,2026-07-16 09:59:53.109712,0.8175260515865508,lstm
SVC-000024,EVT-0038669,2026-07-16 10:00:57.295311,0.44641571101422445,lstm
USR-000164,EVT-0038670,2026-07-16 10:01:04.062515,0.49975542389749766,lstm
SVC-000013,EVT-0038671,2026-07-16 10:01:27.480496,0.44464270913789533,lstm
SVC-000001,EVT-0038672,2026-07-16 10:01:47.400079,0.9987132174947847,lstm
SVC-000024,EVT-0038673,2026-07-16 10:03:24.457922,0.3301704710558113,lstm
DEV-000017,EVT-0038674,2026-07-16 10:03:51.020997,0.5297629617571051,lstm
SVC-000008,EVT-0038675,2026-07-16 10:04:01.758930,0.4401470036211536,lstm
SVC-000042,EVT-0038676,2026-07-16 10:04:55.000166,0.2520416486366874,lstm
DEV-000018,EVT-0038677,2026-07-16 10:05:35.780739,0.1585163268703099,lstm
USR-000180,EVT-0038678,2026-07-16 10:06:19.320774,0.6571513752881986,lstm
SVC-000024,EVT-0038679,2026-07-16 10:06:27.363442,0.4352118093362639,lstm
USR-000164,EVT-0038680,2026-07-16 10:06:39.384586,0.5290482049481827,lstm
USR-000031,EVT-0038681,2026-07-16 10:06:53.355946,0.42540068474040516,lstm
USR-000048,EVT-0038682,2026-07-16 10:06:59.788654,0.8431885205192078,lstm
USR-000052,EVT-0038683,2026-07-16 10:07:23.366980,0.7643257730704033,lstm
USR-000015,EVT-0038684,2026-07-16 10:07:45.975353,0.24165807968212338,lstm
SVC-000053,EVT-0038685,2026-07-16 10:08:11.786500,0.5523276843719853,lstm
SVC-000053,EVT-0038686,2026-07-16 10:08:53.632950,0.6686678562883288,lstm
USR-000102,EVT-0038687,2026-07-16 10:09:53.424444,0.458770227710071,lstm
SVC-000024,EVT-0038688,2026-07-16 10:09:59.506881,0.8210730581235842,lstm
DEV-000011,EVT-0038689,2026-07-16 10:10:23.252433,0.4344826727371453,lstm
USR-000153,EVT-0038690,2026-07-16 10:10:39.812692,0.466943013005541,lstm
USR-000207,EVT-0038691,2026-07-16 10:11:13.485825,0.32325754693464925,lstm
USR-000005,EVT-0038692,2026-07-16 10:11:51.277168,0.6028217419575687,lstm
SVC-000013,EVT-0038693,2026-07-16 10:15:11.601083,0.6503012794666759,lstm
USR-000042,EVT-0038694,2026-07-16 10:16:03.990377,0.37683894696514914,lstm
DEV-000014,EVT-0038695,2026-07-16 10:16:31.415013,0.8774960326101824,lstm
USR-000099,EVT-0038696,2026-07-16 10:16:53.420188,0.902030774867757,lstm
USR-000103,EVT-0038697,2026-07-16 10:18:54.809051,0.4425613070194136,lstm
USR-000177,EVT-0038698,2026-07-16 10:18:56.164723,0.2817816222466585,lstm
USR-000016,EVT-0038699,2026-07-16 10:19:05.018754,0.41109936807545844,lstm
SVC-000042,EVT-0038700,2026-07-16 10:19:56.424520,0.22268062468300007,lstm
USR-000118,EVT-0038701,2026-07-16 10:20:05.292869,0.477850012054414,lstm
DEV-000014,EVT-0038702,2026-07-16 10:20:59.196270,0.9239685587084573,lstm
USR-000114,EVT-0038703,2026-07-16 10:21:45.488483,0.976152759088303,lstm
SVC-000042,EVT-0038704,2026-07-16 10:23:46.839057,0.22070438813959534,lstm
USR-000031,EVT-0038705,2026-07-16 10:24:02.355333,0.4298627520601663,lstm
USR-000138,EVT-0038706,2026-07-16 10:25:22.328174,0.7609363033262062,lstm
SVC-000053,EVT-0038707,2026-07-16 10:26:43.351385,0.3838925280019956,lstm
SVC-000024,EVT-0038708,2026-07-16 10:26:56.227340,0.2807718677817422,lstm
DEV-000007,EVT-0038709,2026-07-16 10:27:01.926075,0.14898224731961304,lstm
SVC-000013,EVT-0038710,2026-07-16 10:27:38.101645,0.4899159982575354,lstm
USR-000021,EVT-0038711,2026-07-16 10:29:25.636650,0.8942295310469601,lstm
SVC-000021,EVT-0038712,2026-07-16 10:30:14.624262,0.9803563747288003,lstm
USR-000205,EVT-0038713,2026-07-16 10:31:31.492808,0.7225831459829588,lstm
DEV-000015,EVT-0038714,2026-07-16 10:31:57.574192,0.884132097684185,lstm
USR-000138,EVT-0038715,2026-07-16 10:32:00.258003,0.41223498908694783,lstm
USR-000042,EVT-0038716,2026-07-16 10:33:47.700582,0.27771462482615666,lstm
DEV-000003,EVT-0038717,2026-07-16 10:34:33.551803,0.20920353618921517,lstm
DEV-000008,EVT-0038718,2026-07-16 10:35:27.468518,0.6052676014418558,lstm
USR-000071,EVT-0038719,2026-07-16 10:35:40.732307,0.3143883762608319,lstm
USR-000164,EVT-0038720,2026-07-16 10:36:27.778775,0.34434679916021915,lstm
SVC-000013,EVT-0038721,2026-07-16 10:36:34.101701,0.29576996951620965,lstm
USR-000161,EVT-0038722,2026-07-16 10:38:15.749472,0.7594311668586444,lstm
USR-000053,EVT-0038723,2026-07-16 10:38:15.886543,0.40242192316441083,lstm
USR-000162,EVT-0038724,2026-07-16 10:39:51.957506,0.4082439770307706,lstm
USR-000038,EVT-0038725,2026-07-16 10:40:47.990970,0.6912796296854508,lstm
USR-000042,EVT-0038726,2026-07-16 10:42:03.430641,0.3332898842248542,lstm
USR-000035,EVT-0038727,2026-07-16 10:42:26.156452,0.9627274544361318,lstm
USR-000038,EVT-0038728,2026-07-16 10:42:42.852888,0.595975727136216,lstm
USR-000007,EVT-0038729,2026-07-16 10:43:01.533297,0.3859536641146038,lstm
SVC-000053,EVT-0038730,2026-07-16 10:43:08.453068,0.5270652806134344,lstm
USR-000190,EVT-0038731,2026-07-16 10:45:53.878160,0.37288950083096817,lstm
USR-000170,EVT-0038732,2026-07-16 10:45:56.596614,0.6035491419482477,lstm
USR-000008,EVT-0038733,2026-07-16 10:48:55.873693,0.5143272130250071,lstm
USR-000019,EVT-0038734,2026-07-16 10:49:06.455157,0.365349681881779,lstm
USR-000137,EVT-0038735,2026-07-16 10:52:15.655061,0.460926848610077,lstm
USR-000054,EVT-0038736,2026-07-16 10:52:15.884561,0.44653984372469113,lstm
USR-000196,EVT-0038737,2026-07-16 10:53:20.523142,0.5713637624231858,lstm
SVC-000008,EVT-0038738,2026-07-16 10:54:22.210569,0.5331581387094202,lstm
USR-000055,EVT-0038739,2026-07-16 10:57:50.251996,0.661781960611534,lstm
DEV-000010,EVT-0038740,2026-07-16 10:58:02.863429,0.24151957324660908,lstm
USR-000031,EVT-0038741,2026-07-16 10:58:11.569862,0.3517446687178244,lstm
USR-000081,EVT-0038742,2026-07-16 10:58:47.203492,0.6229749307005469,lstm
SVC-000042,EVT-0038743,2026-07-16 10:59:07.991926,0.23712595368850187,lstm
SVC-000021,EVT-0038744,2026-07-16 10:59:57.381832,0.6245286886729239,lstm
SVC-000013,EVT-0038745,2026-07-16 11:00:22.228707,0.45041923174914095,lstm
USR-000099,EVT-0038746,2026-07-16 11:00:52.793632,0.6566373046305105,lstm
SVC-000053,EVT-0038747,2026-07-16 11:01:03.276120,0.3262652714019112,lstm
DEV-000002,EVT-0038748,2026-07-16 11:02:15.854559,0.2517559237670137,lstm
DEV-000011,EVT-0038749,2026-07-16 11:02:18.124721,0.3726077671879773,lstm
USR-000212,EVT-0038750,2026-07-16 11:02:44.589513,0.8510739606046311,lstm
USR-000054,EVT-0038751,2026-07-16 11:02:51.884672,0.37930675912090145,lstm
DEV-000023,EVT-0038752,2026-07-16 11:03:08.347140,0.17574832781046681,lstm
USR-000189,EVT-0038753,2026-07-16 11:04:03.091496,0.9865443185797623,lstm
USR-000089,EVT-0038754,2026-07-16 11:04:41.151045,0.6269310856679672,lstm
USR-000157,EVT-0038755,2026-07-16 11:05:19.981314,0.30001987043805783,lstm
USR-000196,EVT-0038756,2026-07-16 11:06:38.660099,0.43169783388730565,lstm
USR-000054,EVT-0038757,2026-07-16 11:08:07.366318,0.5030928135652714,lstm
DEV-000026,EVT-0038758,2026-07-16 11:10:28.330759,0.2587484487678549,lstm
USR-000005,EVT-0038759,2026-07-16 11:11:47.013882,0.37031344332600014,lstm
SVC-000001,EVT-0038760,2026-07-16 11:11:50.618388,0.47697622555912533,lstm
USR-000005,EVT-0038761,2026-07-16 11:12:53.798363,0.8446188740856676,lstm
USR-000008,EVT-0038762,2026-07-16 11:14:18.617483,0.3177201938171503,lstm
USR-000102,EVT-0038763,2026-07-16 11:14:26.927535,0.26500970076502656,lstm
DEV-000007,EVT-0038764,2026-07-16 11:15:58.344929,0.17212736040921203,lstm
USR-000042,EVT-0038765,2026-07-16 11:18:32.229473,0.2161226577274824,lstm
SVC-000021,EVT-0038766,2026-07-16 11:18:35.916707,0.33159778867810435,lstm
USR-000099,EVT-0038767,2026-07-16 11:20:14.998781,0.5392812061561046,lstm
USR-000072,EVT-0038768,2026-07-16 11:20:56.513019,0.8496837543677978,lstm
USR-000204,EVT-0038769,2026-07-16 11:21:30.501585,0.6079070300358991,lstm
USR-000080,EVT-0038770,2026-07-16 11:22:44.616687,0.7811767496821718,lstm
USR-000033,EVT-0038771,2026-07-16 11:22:51.181708,0.3878045047546018,lstm
SVC-000008,EVT-0038772,2026-07-16 11:24:56.152567,0.6117577671983778,lstm
USR-000151,EVT-0038773,2026-07-16 11:25:13.750262,0.7750406138195348,lstm
USR-000205,EVT-0038774,2026-07-16 11:25:19.764344,0.443413299397275,lstm
SVC-000053,EVT-0038775,2026-07-16 11:25:28.013376,0.7366853513681015,lstm
USR-000138,EVT-0038776,2026-07-16 11:25:33.570705,0.19985902141302922,lstm
USR-000095,EVT-0038777,2026-07-16 11:25:54.114461,0.3156888259082948,lstm
USR-000062,EVT-0038778,2026-07-16 11:26:15.659045,0.4963420842638166,lstm
DEV-000015,EVT-0038779,2026-07-16 11:26:36.640225,0.7583870208573008,lstm
USR-000042,EVT-0038780,2026-07-16 11:26:44.673070,0.29290581174656205,lstm
SVC-000021,EVT-0038781,2026-07-16 11:27:16.697575,0.5345119132732473,lstm
SVC-000050,EVT-0038782,2026-07-16 11:27:23.081435,0.8665961681248844,lstm
DEV-000021,EVT-0038783,2026-07-16 11:28:03.960937,0.28883426339962276,lstm
USR-000066,EVT-0038784,2026-07-16 11:28:18.519953,0.566079522529315,lstm
SVC-000001,EVT-0038785,2026-07-16 11:31:25.639865,0.4172571193072171,lstm
USR-000161,EVT-0038786,2026-07-16 11:31:58.636694,0.4320921342318974,lstm
USR-000161,EVT-0038787,2026-07-16 11:32:09.160791,0.9077626408589947,lstm
DEV-000008,EVT-0038788,2026-07-16 11:32:31.377820,0.4889836973697808,lstm
SVC-000050,EVT-0038789,2026-07-16 11:36:15.964819,0.55156913758312,lstm
USR-000095,EVT-0038790,2026-07-16 11:36:25.626292,0.4878975077614561,lstm
SVC-000021,EVT-0038791,2026-07-16 11:36:25.884124,0.5636434393248734,lstm
SVC-000008,EVT-0038792,2026-07-16 11:38:03.958409,0.43597070864967535,lstm
USR-000137,EVT-0038793,2026-07-16 11:39:53.387009,0.28649668086773505,lstm
USR-000161,EVT-0038794,2026-07-16 11:42:42.129233,0.561310938158305,lstm
USR-000178,EVT-0038795,2026-07-16 11:44:37.035059,0.5897744888283392,lstm
USR-000098,EVT-0038796,2026-07-16 11:45:00.065402,0.4332424372809749,lstm
USR-000208,EVT-0038797,2026-07-16 11:45:20.658061,0.7247259302424891,lstm
USR-000062,EVT-0038798,2026-07-16 11:45:28.333505,0.44795310818384787,lstm
SVC-000053,EVT-0038799,2026-07-16 11:45:33.082231,0.3373832598040545,lstm
USR-000081,EVT-0038800,2026-07-16 11:46:09.203567,0.5318915175119475,lstm
USR-000178,EVT-0038801,2026-07-16 11:46:44.438793,0.5386300609205064,lstm
USR-000164,EVT-0038802,2026-07-16 11:47:50.520221,0.31837436867211166,lstm
SVC-000050,EVT-0038803,2026-07-16 11:48:25.371167,0.5532800811312609,lstm
SVC-000008,EVT-0038804,2026-07-16 11:48:29.483582,0.38525487744532105,lstm
SVC-000001,EVT-0038805,2026-07-16 11:49:18.297420,0.28761482709602654,lstm
SVC-000053,EVT-0038806,2026-07-16 11:49:24.954273,0.7156440434421266,lstm
USR-000164,EVT-0038807,2026-07-16 11:50:34.260919,0.5829144760882111,lstm
SVC-000053,EVT-0038808,2026-07-16 11:53:16.179775,0.7551453118164336,lstm
SVC-000050,EVT-0038809,2026-07-16 11:53:25.916911,0.49795341174335694,lstm
SVC-000050,EVT-0038810,2026-07-16 11:54:18.006248,0.8092694746103702,lstm
USR-000196,EVT-0038811,2026-07-16 11:54:48.399966,0.4793061021473588,lstm
USR-000206,EVT-0038812,2026-07-16 11:55:43.326253,0.25574058628093116,lstm
USR-000123,EVT-0038813,2026-07-16 11:56:12.122898,0.3932749021610617,lstm
SVC-000050,EVT-0038814,2026-07-16 11:56:16.657713,0.6973160280203139,lstm
USR-000084,EVT-0038815,2026-07-16 11:56:22.840334,0.5709748277446253,lstm
SVC-000008,EVT-0038816,2026-07-16 11:57:00.575610,0.5677942502309185,lstm
USR-000206,EVT-0038817,2026-07-16 11:57:14.878837,0.7219352977517984,lstm
USR-000190,EVT-0038818,2026-07-16 11:58:19.408204,0.21467337659080374,lstm
USR-000208,EVT-0038819,2026-07-16 11:58:53.003132,0.4573213868535057,lstm
USR-000008,EVT-0038820,2026-07-16 11:59:45.942376,0.22482984971501163,lstm
DEV-000025,EVT-0038821,2026-07-16 12:00:05.596041,0.5318517300454342,lstm
USR-000008,EVT-0038822,2026-07-16 12:00:27.499525,0.6904231034260987,lstm
USR-000132,EVT-0038823,2026-07-16 12:00:48.343218,0.3784973717579134,lstm
SVC-000016,EVT-0038824,2026-07-16 12:01:35.849903,0.7285911027876819,lstm
USR-000016,EVT-0038825,2026-07-16 12:05:18.236892,0.26737739694057505,lstm
USR-000178,EVT-0038826,2026-07-16 12:07:29.783176,0.3132001219163371,lstm
USR-000069,EVT-0038827,2026-07-16 12:08:55.861069,0.2927038934703094,lstm
SVC-000001,EVT-0038828,2026-07-16 12:09:42.260625,0.22765380057792534,lstm
USR-000050,EVT-0038829,2026-07-16 12:09:52.933092,0.5985230862966143,lstm
SVC-000043,EVT-0038830,2026-07-16 12:10:33.285857,0.9830185679326805,lstm
USR-000068,EVT-0038831,2026-07-16 12:11:18.304466,0.6886279372901142,lstm
USR-000103,EVT-0038832,2026-07-16 12:12:32.212142,0.3165425030175985,lstm
USR-000173,EVT-0038833,2026-07-16 12:12:45.786803,0.22065095189450504,lstm
USR-000121,EVT-0038834,2026-07-16 12:13:10.315447,0.24623461899389873,lstm
SVC-000021,EVT-0038835,2026-07-16 12:13:22.044325,0.3151976832422501,lstm
USR-000169,EVT-0038836,2026-07-16 12:14:57.229661,0.6645287475084019,lstm
USR-000170,EVT-0038837,2026-07-16 12:16:03.696460,0.2965576224384387,lstm
USR-000121,EVT-0038838,2026-07-16 12:16:06.118829,0.6107088512441482,lstm
USR-000053,EVT-0038839,2026-07-16 12:16:35.544070,0.34781772886794143,lstm
DEV-000002,EVT-0038840,2026-07-16 12:20:20.785866,0.12487281973394612,lstm
USR-000206,EVT-0038841,2026-07-16 12:20:54.751909,0.3469002170927905,lstm
USR-000196,EVT-0038842,2026-07-16 12:21:02.502550,0.3092185254114652,lstm
USR-000160,EVT-0038843,2026-07-16 12:21:20.437452,0.45157143727131493,lstm
SVC-000021,EVT-0038844,2026-07-16 12:21:22.303445,0.6393468286887696,lstm
USR-000205,EVT-0038845,2026-07-16 12:22:37.525059,0.46346431169687435,lstm
SVC-000008,EVT-0038846,2026-07-16 12:23:09.086069,0.559055976483294,lstm
USR-000033,EVT-0038847,2026-07-16 12:24:58.336535,0.34081748187229716,lstm
USR-000104,EVT-0038848,2026-07-16 12:25:21.428700,0.3348418176200946,lstm
USR-000118,EVT-0038849,2026-07-16 12:25:22.633300,0.34068968366572877,lstm
SVC-000008,EVT-0038850,2026-07-16 12:25:49.188977,0.5857100398467844,lstm
SVC-000016,EVT-0038851,2026-07-16 12:28:19.081745,0.5550647561184786,lstm
USR-000111,EVT-0038852,2026-07-16 12:28:50.837878,0.7520696569750226,lstm
USR-000005,EVT-0038853,2026-07-16 12:31:17.001586,0.3304399132374243,lstm
USR-000031,EVT-0038854,2026-07-16 12:31:43.227619,0.38868079369213426,lstm
USR-000213,EVT-0038855,2026-07-16 12:34:37.816029,0.36454113479913774,lstm
SVC-000001,EVT-0038856,2026-07-16 12:34:48.362699,0.26511504420310766,lstm
USR-000058,EVT-0038857,2026-07-16 12:35:05.036829,0.49564342934148914,lstm
SVC-000050,EVT-0038858,2026-07-16 12:35:25.242918,0.34225346735177714,lstm
USR-000213,EVT-0038859,2026-07-16 12:36:03.984901,0.7826285964787455,lstm
USR-000178,EVT-0038860,2026-07-16 12:36:23.580009,0.28130139669915344,lstm
DEV-000009,EVT-0038861,2026-07-16 12:37:07.855487,0.46661902336327565,lstm
USR-000028,EVT-0038862,2026-07-16 12:37:24.088521,0.9491588818644461,lstm
USR-000170,EVT-0038863,2026-07-16 12:38:00.487082,0.338568167813938,lstm
SVC-000053,EVT-0038864,2026-07-16 12:38:08.872296,0.43558909911569293,lstm
USR-000104,EVT-0038865,2026-07-16 12:40:54.863748,0.4935499308622265,lstm
USR-000073,EVT-0038866,2026-07-16 12:41:15.559255,0.5725751357935296,lstm
USR-000038,EVT-0038867,2026-07-16 12:42:04.043823,0.21296468345149278,lstm
USR-000008,EVT-0038868,2026-07-16 12:42:32.909448,0.27380129967678973,lstm
SVC-000034,EVT-0038869,2026-07-16 12:43:24.229401,0.8878233641557581,lstm
DEV-000013,EVT-0038870,2026-07-16 12:43:35.454182,0.5348264734850329,lstm
SVC-000034,EVT-0038871,2026-07-16 12:44:07.014083,0.9414063595939007,lstm
SVC-000001,EVT-0038872,2026-07-16 12:47:14.418214,0.3252080507065153,lstm
SVC-000050,EVT-0038873,2026-07-16 12:47:30.114420,0.26701052898467265,lstm
SVC-000050,EVT-0038874,2026-07-16 12:48:05.283626,0.7208347699549151,lstm
USR-000065,EVT-0038875,2026-07-16 12:49:26.262442,0.3958014564209809,lstm
SVC-000001,EVT-0038876,2026-07-16 12:49:29.956649,0.6977423520885335,lstm
SVC-000021,EVT-0038877,2026-07-16 12:49:58.582242,0.8749029638053927,lstm
SVC-000021,EVT-0038878,2026-07-16 12:54:23.767138,0.7009157726215073,lstm
USR-000072,EVT-0038879,2026-07-16 13:02:36.048074,0.8573542800991987,lstm
DEV-000015,EVT-0038880,2026-07-16 13:03:51.851136,0.647407182097343,lstm
USR-000046,EVT-0038881,2026-07-16 13:03:57.378647,0.5989029609019257,lstm
USR-000204,EVT-0038882,2026-07-16 13:04:20.605685,0.42844938085200496,lstm
SVC-000050,EVT-0038883,2026-07-16 13:04:45.619648,0.2954712642165034,lstm
USR-000087,EVT-0038884,2026-07-16 13:05:11.131096,0.5047319878584496,lstm
SVC-000001,EVT-0038885,2026-07-16 13:09:24.562135,0.3468105369054313,lstm
USR-000096,EVT-0038886,2026-07-16 13:09:37.130904,0.3654976887554093,lstm
SVC-000017,EVT-0038887,2026-07-16 13:10:27.516370,0.9918419165530309,lstm
USR-000081,EVT-0038888,2026-07-16 13:10:33.424217,0.4827210696196882,lstm
SVC-000053,EVT-0038889,2026-07-16 13:10:39.982675,0.6764988623603266,lstm
DEV-000010,EVT-0038890,2026-07-16 13:11:02.317215,0.18832207811784127,lstm
USR-000020,EVT-0038891,2026-07-16 13:11:12.303600,0.7645398379394803,lstm
SVC-000026,EVT-0038892,2026-07-16 13:13:05.487044,0.9962452851117324,lstm
SVC-000043,EVT-0038893,2026-07-16 13:13:45.040433,0.4267017891492915,lstm
DEV-000026,EVT-0038894,2026-07-16 13:14:00.906704,0.19698910628593413,lstm
USR-000038,EVT-0038895,2026-07-16 13:14:14.883752,0.36418991564061814,lstm
USR-000069,EVT-0038896,2026-07-16 13:15:47.923742,0.3924444530919405,lstm
SVC-000053,EVT-0038897,2026-07-16 13:16:38.134249,0.7013817785141961,lstm
USR-000052,EVT-0038898,2026-07-16 13:18:58.693409,0.3263193381821309,lstm
DEV-000023,EVT-0038899,2026-07-16 13:19:05.651577,0.3610549540815879,lstm
USR-000212,EVT-0038900,2026-07-16 13:22:24.997915,0.2885094608105467,lstm
SVC-000021,EVT-0038901,2026-07-16 13:23:19.301465,0.5939489791457309,lstm
USR-000104,EVT-0038902,2026-07-16 13:23:54.608562,0.8549394997342379,lstm
USR-000206,EVT-0038903,2026-07-16 13:25:20.507096,0.38697160487064075,lstm
USR-000091,EVT-0038904,2026-07-16 13:26:20.344705,0.7867068758891416,lstm
SVC-000034,EVT-0038905,2026-07-16 13:27:00.326436,0.5729669345016847,lstm
DEV-000013,EVT-0038906,2026-07-16 13:27:10.011816,0.45221677769390367,lstm
USR-000206,EVT-0038907,2026-07-16 13:27:27.874123,0.5734813179004985,lstm
USR-000033,EVT-0038908,2026-07-16 13:27:36.809928,0.29103737942066643,lstm
SVC-000008,EVT-0038909,2026-07-16 13:27:45.941905,0.9082177296083828,lstm
USR-000103,EVT-0038910,2026-07-16 13:29:34.213111,0.49547809562693107,lstm
DEV-000002,EVT-0038911,2026-07-16 13:30:08.819567,0.11823003104187367,lstm
USR-000066,EVT-0038912,2026-07-16 13:31:20.885609,0.5512578484793252,lstm
SVC-000050,EVT-0038913,2026-07-16 13:32:12.679565,0.40192378428894115,lstm
USR-000212,EVT-0038914,2026-07-16 13:32:53.011775,0.4535431170349412,lstm
SVC-000034,EVT-0038915,2026-07-16 13:33:11.288716,0.5965558034298118,lstm
DEV-000022,EVT-0038916,2026-07-16 13:34:31.169672,0.7790042522037259,lstm
SVC-000017,EVT-0038917,2026-07-16 13:34:56.430698,0.7693915080223056,lstm
DEV-000009,EVT-0038918,2026-07-16 13:34:57.825767,0.29937758705979933,lstm
USR-000184,EVT-0038919,2026-07-16 13:35:11.087160,0.9219618186910898,lstm
DEV-000014,EVT-0038920,2026-07-16 13:35:44.841179,0.7320455361697263,lstm
USR-000123,EVT-0038921,2026-07-16 13:35:56.650129,0.4006911836006194,lstm
SVC-000027,EVT-0038922,2026-07-16 13:36:36.559633,0.9986883097026479,lstm
USR-000138,EVT-0038923,2026-07-16 13:36:53.064625,0.24869987619163486,lstm
USR-000123,EVT-0038924,2026-07-16 13:37:43.302057,0.8450802365515443,lstm
SVC-000049,EVT-0038925,2026-07-16 13:38:11.068336,0.8638622189517371,lstm
SVC-000017,EVT-0038926,2026-07-16 13:38:25.372227,0.6748600675732513,lstm
SVC-000017,EVT-0038927,2026-07-16 13:38:41.078348,0.6761876706751302,lstm
USR-000111,EVT-0038928,2026-07-16 13:39:58.769631,0.41830065764488156,lstm
SVC-000049,EVT-0038929,2026-07-16 13:40:36.117216,0.9182518779097147,lstm
USR-000212,EVT-0038930,2026-07-16 13:40:55.192337,0.39601460443337316,lstm
SVC-000017,EVT-0038931,2026-07-16 13:41:30.395184,0.3275360619632216,lstm
SVC-000017,EVT-0038932,2026-07-16 13:43:08.001860,0.847815009280199,lstm
USR-000111,EVT-0038933,2026-07-16 13:43:29.480994,0.48123308595317404,lstm
USR-000045,EVT-0038934,2026-07-16 13:45:22.868603,0.5369494909719297,lstm
USR-000101,EVT-0038935,2026-07-16 13:45:38.298258,0.47278558640792556,lstm
DEV-000017,EVT-0038936,2026-07-16 13:46:10.467586,0.40038928171280097,lstm
USR-000099,EVT-0038937,2026-07-16 13:48:03.690158,0.4291661314510429,lstm
USR-000015,EVT-0038938,2026-07-16 13:49:49.315093,0.5621514860693659,lstm
USR-000098,EVT-0038939,2026-07-16 13:51:18.624339,0.45745398861780784,lstm
USR-000196,EVT-0038940,2026-07-16 13:51:47.055928,0.33418378013549277,lstm
USR-000170,EVT-0038941,2026-07-16 13:52:35.780139,0.4020751398644609,lstm
USR-000089,EVT-0038942,2026-07-16 13:53:01.712612,0.39508438884596175,lstm
USR-000101,EVT-0038943,2026-07-16 13:53:37.799475,0.515779125554393,lstm
SVC-000022,EVT-0038944,2026-07-16 13:53:43.878914,0.9736116163243823,lstm
SVC-000043,EVT-0038945,2026-07-16 13:56:31.405739,0.299169806233006,lstm
SVC-000053,EVT-0038946,2026-07-16 13:57:04.918994,0.752647184041288,lstm
USR-000209,EVT-0038947,2026-07-16 13:58:10.201140,0.9526554822914579,lstm
SVC-000021,EVT-0038948,2026-07-16 13:59:41.003955,0.7902116405111917,lstm
USR-000173,EVT-0038949,2026-07-16 13:59:48.530835,0.3190161915760126,lstm
USR-000184,EVT-0038950,2026-07-16 14:01:45.111555,0.5719697264324924,lstm
SVC-000049,EVT-0038951,2026-07-16 14:02:40.018660,0.4392674708352492,lstm
USR-000044,EVT-0038952,2026-07-16 14:02:55.444958,0.32568816845220533,lstm
USR-000089,EVT-0038953,2026-07-16 14:03:33.398280,0.6167099388814546,lstm
USR-000084,EVT-0038954,2026-07-16 14:04:17.021923,0.5141917783929459,lstm
USR-000003,EVT-0038955,2026-07-16 14:04:34.736549,0.35076019177297324,lstm
SVC-000022,EVT-0038956,2026-07-16 14:07:30.298911,0.48934037147192044,lstm
SVC-000017,EVT-0038957,2026-07-16 14:07:35.469435,0.852838742618123,lstm
USR-000008,EVT-0038958,2026-07-16 14:07:43.850613,0.3895018986751681,lstm
USR-000160,EVT-0038959,2026-07-16 14:08:48.305296,0.25354617657033457,lstm
USR-000120,EVT-0038960,2026-07-16 14:09:23.864524,0.5749499208430675,lstm
USR-000045,EVT-0038961,2026-07-16 14:09:24.635385,0.421274852573997,lstm
USR-000170,EVT-0038962,2026-07-16 14:10:58.666222,0.3559472305878508,lstm
USR-000189,EVT-0038963,2026-07-16 14:13:44.093579,0.3938138173513157,lstm
USR-000140,EVT-0038964,2026-07-16 14:13:54.816912,0.88456117094193,lstm
SVC-000049,EVT-0038965,2026-07-16 14:14:11.529439,0.5582172321656268,lstm
USR-000161,EVT-0038966,2026-07-16 14:15:16.476528,0.23596765635028483,lstm
USR-000212,EVT-0038967,2026-07-16 14:15:31.971350,0.28362434857732477,lstm
USR-000140,EVT-0038968,2026-07-16 14:15:50.729006,0.6439831287154333,lstm
USR-000123,EVT-0038969,2026-07-16 14:16:35.043092,0.41689282587190923,lstm
DEV-000001,EVT-0038970,2026-07-16 14:16:49.045592,0.6098690717911479,lstm
SVC-000022,EVT-0038971,2026-07-16 14:16:50.565300,0.48748684897327776,lstm
USR-000173,EVT-0038972,2026-07-16 14:18:12.890926,0.2828678985971167,lstm
SVC-000017,EVT-0038973,2026-07-16 14:18:19.746291,0.485044669288353,lstm
USR-000054,EVT-0038974,2026-07-16 14:18:22.326315,0.3088452812076833,lstm
SVC-000027,EVT-0038975,2026-07-16 14:18:33.077226,0.5753513157755077,lstm
SVC-000022,EVT-0038976,2026-07-16 14:19:23.531048,0.8237228896158278,lstm
USR-000094,EVT-0038977,2026-07-16 14:19:28.385084,0.8328038219677781,lstm
SVC-000027,EVT-0038978,2026-07-16 14:21:54.992880,0.4982622184265975,lstm
DEV-000010,EVT-0038979,2026-07-16 14:22:47.327541,0.18544049917513644,lstm
SVC-000026,EVT-0038980,2026-07-16 14:22:59.786933,0.4251786312100389,lstm
USR-000058,EVT-0038981,2026-07-16 14:23:30.631560,0.4773423938883043,lstm
SVC-000026,EVT-0038982,2026-07-16 14:26:21.834393,0.5543134025850085,lstm
USR-000166,EVT-0038983,2026-07-16 14:26:39.706500,0.9614566123283432,lstm
SVC-000027,EVT-0038984,2026-07-16 14:28:30.982477,0.5011247223910592,lstm
USR-000033,EVT-0038985,2026-07-16 14:29:03.818604,0.26691869233115634,lstm
SVC-000050,EVT-0038986,2026-07-16 14:30:03.326466,0.4649290094439032,lstm
SVC-000027,EVT-0038987,2026-07-16 14:30:10.313346,0.639145424676788,lstm
DEV-000017,EVT-0038988,2026-07-16 14:31:48.171875,0.4499198253503606,lstm
USR-000099,EVT-0038989,2026-07-16 14:32:05.216962,0.37897410570649603,lstm
USR-000196,EVT-0038990,2026-07-16 14:33:51.668552,0.2583643636488443,lstm
USR-000062,EVT-0038991,2026-07-16 14:34:00.528138,0.21076311840284717,lstm
USR-000075,EVT-0038992,2026-07-16 14:35:18.101927,0.5725329498794924,lstm
USR-000189,EVT-0038993,2026-07-16 14:35:47.293513,0.8123300417045923,lstm
USR-000029,EVT-0038994,2026-07-16 14:36:46.581146,0.3625414193852027,lstm
USR-000021,EVT-0038995,2026-07-16 14:38:00.240345,0.4093133561972544,lstm
SVC-000017,EVT-0038996,2026-07-16 14:38:40.576152,0.24847022840661723,lstm
USR-000160,EVT-0038997,2026-07-16 14:40:08.012567,0.23058933901810505,lstm
SVC-000017,EVT-0038998,2026-07-16 14:40:09.553044,0.8856517139700097,lstm
SVC-000033,EVT-0038999,2026-07-16 14:40:16.128002,0.999518114068403,lstm
DEV-000002,EVT-0039000,2026-07-16 14:41:20.459390,0.17065595639607906,lstm
SVC-000043,EVT-0039001,2026-07-16 14:41:39.526179,0.6349240955823978,lstm
DEV-000018,EVT-0039002,2026-07-16 14:41:49.510156,0.566622629783206,lstm
USR-000086,EVT-0039003,2026-07-16 14:42:37.350681,0.4211116556841693,lstm
SVC-000028,EVT-0039004,2026-07-16 14:43:33.356102,0.993808340319226,lstm
SVC-000027,EVT-0039005,2026-07-16 14:43:55.451398,0.3502493590884081,lstm
USR-000084,EVT-0039006,2026-07-16 14:44:08.730726,0.323007629470194,lstm
SVC-000028,EVT-0039007,2026-07-16 14:44:09.552103,0.8204724362652689,lstm
SVC-000027,EVT-0039008,2026-07-16 14:44:10.642114,0.7082586699816286,lstm
DEV-000018,EVT-0039009,2026-07-16 14:44:27.445727,0.8157244310340632,lstm
DEV-000010,EVT-0039010,2026-07-16 14:44:46.417442,0.3068031038085684,lstm
SVC-000027,EVT-0039011,2026-07-16 14:45:24.807667,0.561112216167656,lstm
SVC-000017,EVT-0039012,2026-07-16 14:45:46.527505,0.48877388425252116,lstm
SVC-000022,EVT-0039013,2026-07-16 14:46:50.210228,0.3396776755225968,lstm
USR-000204,EVT-0039014,2026-07-16 14:46:51.735747,0.292561026053034,lstm
SVC-000022,EVT-0039015,2026-07-16 14:46:54.949901,0.9056689243546013,lstm
SVC-000023,EVT-0039016,2026-07-16 14:47:59.390228,0.9958579585433415,lstm
USR-000184,EVT-0039017,2026-07-16 14:49:38.878475,0.3253973236447911,lstm
USR-000173,EVT-0039018,2026-07-16 14:50:21.453053,0.3240877701324655,lstm
USR-000160,EVT-0039019,2026-07-16 14:51:21.232476,0.2772215935029612,lstm
USR-000073,EVT-0039020,2026-07-16 14:51:31.806314,0.20740555919621032,lstm
USR-000020,EVT-0039021,2026-07-16 14:52:20.151572,0.5866692132072988,lstm
USR-000118,EVT-0039022,2026-07-16 14:53:01.559411,0.5241577297022724,lstm
USR-000061,EVT-0039023,2026-07-16 14:55:40.914163,0.5457404766722481,lstm
SVC-000026,EVT-0039024,2026-07-16 14:58:15.764537,0.3353606237518301,lstm
USR-000052,EVT-0039025,2026-07-16 14:58:42.339149,0.282150387065574,lstm
USR-000139,EVT-0039026,2026-07-16 14:59:24.800637,0.28663211058603416,lstm
DEV-000004,EVT-0039027,2026-07-16 14:59:26.139393,0.6369897519422131,lstm
SVC-000036,EVT-0039028,2026-07-16 15:01:00.805042,0.9975634107911051,lstm
USR-000098,EVT-0039029,2026-07-16 15:03:08.189351,0.62877709514417,lstm
DEV-000020,EVT-0039030,2026-07-16 15:03:10.306632,0.36161242279824757,lstm
USR-000002,EVT-0039031,2026-07-16 15:04:29.559005,0.4008549725784971,lstm
USR-000170,EVT-0039032,2026-07-16 15:04:59.506571,0.467339344460773,lstm
SVC-000027,EVT-0039033,2026-07-16 15:05:13.832458,0.3525785266793859,lstm
SVC-000038,EVT-0039034,2026-07-16 15:05:56.616122,0.9921070689003919,lstm
SVC-000028,EVT-0039035,2026-07-16 15:06:46.652537,0.36919328501679355,lstm
USR-000160,EVT-0039036,2026-07-16 15:07:07.937685,0.24695617408420178,lstm
USR-000111,EVT-0039037,2026-07-16 15:07:36.289956,0.2952271114418646,lstm
SVC-000027,EVT-0039038,2026-07-16 15:09:27.650014,0.358518671829274,lstm
SVC-000049,EVT-0039039,2026-07-16 15:10:08.524175,0.29081860842581175,lstm
SVC-000028,EVT-0039040,2026-07-16 15:11:08.598978,0.363855260317,lstm
SVC-000028,EVT-0039041,2026-07-16 15:11:17.730266,0.9336310592936446,lstm
SVC-000010,EVT-0039042,2026-07-16 15:11:45.926930,0.9786838761773318,lstm
SVC-000026,EVT-0039043,2026-07-16 15:11:57.717941,0.31246647715504433,lstm
SVC-000017,EVT-0039044,2026-07-16 15:12:01.522497,0.5256572505866387,lstm
USR-000003,EVT-0039045,2026-07-16 15:12:03.717470,0.25878120979649927,lstm
SVC-000022,EVT-0039046,2026-07-16 15:13:22.683998,0.3239379132377967,lstm
USR-000169,EVT-0039047,2026-07-16 15:14:41.992382,0.436561015171755,lstm
SVC-000027,EVT-0039048,2026-07-16 15:14:43.792752,0.6562338572147338,lstm
USR-000212,EVT-0039049,2026-07-16 15:14:47.331828,0.3320537359109434,lstm
DEV-000002,EVT-0039050,2026-07-16 15:15:02.087229,0.16069684070448226,lstm
USR-000101,EVT-0039051,2026-07-16 15:15:32.954446,0.24135790815322428,lstm
USR-000120,EVT-0039052,2026-07-16 15:16:51.612917,0.3814460674406723,lstm
USR-000206,EVT-0039053,2026-07-16 15:17:21.070013,0.4109104353787422,lstm
SVC-000027,EVT-0039054,2026-07-16 15:18:48.671258,0.46103998325833756,lstm
USR-000040,EVT-0039055,2026-07-16 15:20:57.059121,0.6773101553197514,lstm
USR-000166,EVT-0039056,2026-07-16 15:21:09.592652,0.8423566455431023,lstm
SVC-000010,EVT-0039057,2026-07-16 15:21:45.899335,0.6535981571039063,lstm
USR-000073,EVT-0039058,2026-07-16 15:22:58.008791,0.24257561100386194,lstm
USR-000040,EVT-0039059,2026-07-16 15:23:00.109468,0.6111357217631663,lstm
USR-000045,EVT-0039060,2026-07-16 15:23:53.077565,0.21052848787113307,lstm
USR-000012,EVT-0039061,2026-07-16 15:23:59.187312,0.9522597086685093,lstm
USR-000065,EVT-0039062,2026-07-16 15:24:29.745030,0.19725301348348315,lstm
SVC-000026,EVT-0039063,2026-07-16 15:25:25.507999,0.5409693713942009,lstm
SVC-000010,EVT-0039064,2026-07-16 15:27:56.235339,0.708972657265489,lstm
SVC-000036,EVT-0039065,2026-07-16 15:29:20.162759,0.4740650120920583,lstm
USR-000005,EVT-0039066,2026-07-16 15:29:42.267141,0.25385252665978886,lstm
USR-000045,EVT-0039067,2026-07-16 15:30:05.715863,0.4255976266468403,lstm
SVC-000028,EVT-0039068,2026-07-16 15:32:51.117143,0.35273123618135704,lstm
SVC-000010,EVT-0039069,2026-07-16 15:33:54.851599,0.74266769036432,lstm
USR-000117,EVT-0039070,2026-07-16 15:34:24.199187,0.9635689842171311,lstm
USR-000140,EVT-0039071,2026-07-16 15:36:54.910981,0.38227079619550475,lstm
SVC-000028,EVT-0039072,2026-07-16 15:38:00.641123,0.33621989679955777,lstm
SVC-000036,EVT-0039073,2026-07-16 15:38:35.169161,0.7307741774352111,lstm
SVC-000026,EVT-0039074,2026-07-16 15:38:43.737041,0.249745691725033,lstm
SVC-000049,EVT-0039075,2026-07-16 15:39:50.873114,0.4131078937622459,lstm
DEV-000007,EVT-0039076,2026-07-16 15:40:22.340176,0.20646098354204395,lstm
SVC-000027,EVT-0039077,2026-07-16 15:40:48.742182,0.7203122645108176,lstm
SVC-000026,EVT-0039078,2026-07-16 15:41:16.653664,0.7706449729327907,lstm
SVC-000049,EVT-0039079,2026-07-16 15:42:29.714012,0.7353445148905128,lstm
USR-000099,EVT-0039080,2026-07-16 15:43:39.838945,0.51043858827099,lstm
SVC-000038,EVT-0039081,2026-07-16 15:44:18.882582,0.5318632905429331,lstm
DEV-000020,EVT-0039082,2026-07-16 15:45:10.755263,0.3674178710247004,lstm
USR-000061,EVT-0039083,2026-07-16 15:45:21.007668,0.429605634199276,lstm
SVC-000023,EVT-0039084,2026-07-16 15:45:21.997033,0.6356368419287397,lstm
USR-000045,EVT-0039085,2026-07-16 15:46:02.341255,0.2942427498942014,lstm
USR-000044,EVT-0039086,2026-07-16 15:47:24.363705,0.36964230554771893,lstm
SVC-000017,EVT-0039087,2026-07-16 15:48:59.548387,0.8359457646986412,lstm
SVC-000036,EVT-0039088,2026-07-16 15:50:06.513162,0.6586477933722479,lstm
USR-000209,EVT-0039089,2026-07-16 15:50:35.855165,0.4392171238872183,lstm
USR-000028,EVT-0039090,2026-07-16 15:50:36.920038,0.6779258864738736,lstm
SVC-000036,EVT-0039091,2026-07-16 15:50:51.866311,0.7449528028963318,lstm
SVC-000036,EVT-0039092,2026-07-16 15:50:57.097619,0.6594999588407764,lstm
DEV-000018,EVT-0039093,2026-07-16 15:51:23.141339,0.3532834303721994,lstm
SVC-000036,EVT-0039094,2026-07-16 15:52:07.615539,0.7009744858028811,lstm
SVC-000036,EVT-0039095,2026-07-16 15:53:18.225330,0.6821317129324809,lstm
SVC-000026,EVT-0039096,2026-07-16 15:53:55.153841,0.47201234078449006,lstm
SVC-000038,EVT-0039097,2026-07-16 15:54:59.884857,0.4609741947213979,lstm
SVC-000010,EVT-0039098,2026-07-16 15:55:23.961435,0.391109420973767,lstm
USR-000045,EVT-0039099,2026-07-16 15:56:18.437357,0.3163986401373758,lstm
DEV-000012,EVT-0039100,2026-07-16 15:59:11.908010,0.5542940647505861,lstm
SVC-000010,EVT-0039101,2026-07-16 16:01:30.413917,0.8545891601435693,lstm
USR-000212,EVT-0039102,2026-07-16 16:01:38.218304,0.30992801985104257,lstm
USR-000052,EVT-0039103,2026-07-16 16:01:47.137660,0.2453539345392901,lstm
SVC-000028,EVT-0039104,2026-07-16 16:03:14.392734,0.3107576411228287,lstm
DEV-000005,EVT-0039105,2026-07-16 16:04:47.621423,0.4171323376078764,lstm
USR-000062,EVT-0039106,2026-07-16 16:05:11.223935,0.23829602548938858,lstm
USR-000045,EVT-0039107,2026-07-16 16:05:53.483440,0.6169764014230603,lstm
SVC-000036,EVT-0039108,2026-07-16 16:09:01.839143,0.41959838108671255,lstm
USR-000075,EVT-0039109,2026-07-16 16:10:46.119386,0.34004387854303775,lstm
SVC-000004,EVT-0039110,2026-07-16 16:11:08.728273,0.994782079883599,lstm
SVC-000028,EVT-0039111,2026-07-16 16:11:19.079271,0.413161329494799,lstm
USR-000146,EVT-0039112,2026-07-16 16:11:29.084385,0.6553291010061667,lstm
USR-000086,EVT-0039113,2026-07-16 16:12:03.277861,0.27047304615452156,lstm
SVC-000036,EVT-0039114,2026-07-16 16:12:29.735240,0.49398855687782084,lstm
USR-000170,EVT-0039115,2026-07-16 16:14:08.550608,0.4725803222518774,lstm
SVC-000036,EVT-0039116,2026-07-16 16:14:34.185877,0.44656711212380656,lstm
SVC-000038,EVT-0039117,2026-07-16 16:14:39.485874,0.3687736129323794,lstm
DEV-000002,EVT-0039118,2026-07-16 16:17:27.674473,0.13664357304254857,lstm
SVC-000026,EVT-0039119,2026-07-16 16:18:40.624448,0.2758016523827368,lstm
USR-000152,EVT-0039120,2026-07-16 16:19:31.616912,0.8801394145562775,lstm
SVC-000029,EVT-0039121,2026-07-16 16:19:39.638332,0.9696787713328586,lstm
SVC-000028,EVT-0039122,2026-07-16 16:20:20.563580,0.413144469244053,lstm
SVC-000029,EVT-0039123,2026-07-16 16:20:22.092573,0.8274479621663723,lstm
SVC-000026,EVT-0039124,2026-07-16 16:21:19.400884,0.3928606634868039,lstm
SVC-000026,EVT-0039125,2026-07-16 16:22:01.814675,0.7575940393780819,lstm
SVC-000029,EVT-0039126,2026-07-16 16:23:11.347294,0.6670892207916639,lstm
DEV-000002,EVT-0039127,2026-07-16 16:27:15.261202,0.2928503785470509,lstm
SVC-000033,EVT-0039128,2026-07-16 16:27:56.694977,0.710115774221659,lstm
SVC-000029,EVT-0039129,2026-07-16 16:29:51.062806,0.4552651671553783,lstm
USR-000196,EVT-0039130,2026-07-16 16:29:59.969944,0.30349912900787573,lstm
USR-000152,EVT-0039131,2026-07-16 16:30:04.022632,0.655763660603771,lstm
USR-000012,EVT-0039132,2026-07-16 16:30:07.942879,0.6853345831687443,lstm
SVC-000036,EVT-0039133,2026-07-16 16:31:35.362760,0.3610748251236555,lstm
USR-000065,EVT-0039134,2026-07-16 16:34:15.860310,0.24217111834886626,lstm
SVC-000029,EVT-0039135,2026-07-16 16:35:03.713569,0.27638036215457507,lstm
USR-000089,EVT-0039136,2026-07-16 16:35:15.464478,0.6897326374804544,lstm
USR-000053,EVT-0039137,2026-07-16 16:35:15.898899,0.2871262600756882,lstm
SVC-000036,EVT-0039138,2026-07-16 16:35:19.029758,0.4442993027217853,lstm
USR-000117,EVT-0039139,2026-07-16 16:36:33.151780,0.27811701279793627,lstm
SVC-000026,EVT-0039140,2026-07-16 16:36:33.837755,0.5297670064216045,lstm
USR-000173,EVT-0039141,2026-07-16 16:39:07.511300,0.4175045653890819,lstm
USR-000166,EVT-0039142,2026-07-16 16:42:12.244145,0.6357391338981147,lstm
SVC-000036,EVT-0039143,2026-07-16 16:46:51.298023,0.547458988163628,lstm
SVC-000029,EVT-0039144,2026-07-16 16:48:23.557993,0.556328929309941,lstm
SVC-000036,EVT-0039145,2026-07-16 16:49:23.290144,0.6481436537455226,lstm
SVC-000038,EVT-0039146,2026-07-16 16:50:03.861051,0.753390094033852,lstm
SVC-000029,EVT-0039147,2026-07-16 16:51:29.988890,0.4959207666618949,lstm
SVC-000033,EVT-0039148,2026-07-16 16:52:16.317598,0.558720145000098,lstm
SVC-000049,EVT-0039149,2026-07-16 16:55:45.220713,0.35274685505790715,lstm
SVC-000038,EVT-0039150,2026-07-16 16:55:59.184071,0.4449302232134429,lstm
USR-000212,EVT-0039151,2026-07-16 16:56:22.961568,0.37859694072853656,lstm
SVC-000029,EVT-0039152,2026-07-16 16:56:41.804324,0.7709997105874488,lstm
USR-000111,EVT-0039153,2026-07-16 16:58:39.187452,0.41399266875862417,lstm
SVC-000033,EVT-0039154,2026-07-16 17:00:10.137560,0.9592198768595027,lstm
SVC-000005,EVT-0039155,2026-07-16 17:01:15.485021,0.9990742696104321,lstm
USR-000196,EVT-0039156,2026-07-16 17:01:26.524366,0.3831144621698354,lstm
SVC-000023,EVT-0039157,2026-07-16 17:01:56.299696,0.39669930868418946,lstm
USR-000138,EVT-0039158,2026-07-16 17:02:16.764435,0.8014423517411626,lstm
SVC-000023,EVT-0039159,2026-07-16 17:03:11.109382,0.9113597314078492,lstm
DEV-000017,EVT-0039160,2026-07-16 17:03:33.135312,0.3944197089390477,lstm
USR-000084,EVT-0039161,2026-07-16 17:05:25.451232,0.4745769921885632,lstm
SVC-000010,EVT-0039162,2026-07-16 17:06:14.447935,0.3353486303849858,lstm
USR-000044,EVT-0039163,2026-07-16 17:10:45.472261,0.4152628990025756,lstm
USR-000160,EVT-0039164,2026-07-16 17:12:11.630864,0.3401175509383687,lstm
SVC-000005,EVT-0039165,2026-07-16 17:13:55.937332,0.8897239412899032,lstm
DEV-000023,EVT-0039166,2026-07-16 17:14:10.941481,0.8802615694827847,lstm
USR-000134,EVT-0039167,2026-07-16 17:14:29.987044,0.8711475208092581,lstm
SVC-000029,EVT-0039168,2026-07-16 17:14:33.187478,0.2477853873056402,lstm
USR-000121,EVT-0039169,2026-07-16 17:16:01.245614,0.5734401707854143,lstm
USR-000170,EVT-0039170,2026-07-16 17:19:25.050733,0.6225889137132917,lstm
USR-000134,EVT-0039171,2026-07-16 17:19:46.710694,0.8465766248583356,lstm
USR-000061,EVT-0039172,2026-07-16 17:23:10.407872,0.33893564320495745,lstm
SVC-000038,EVT-0039173,2026-07-16 17:26:24.433493,0.4803458905854474,lstm
SVC-000033,EVT-0039174,2026-07-16 17:27:25.456514,0.7012798500069974,lstm
SVC-000033,EVT-0039175,2026-07-16 17:28:12.652811,0.9428280837174875,lstm
USR-000075,EVT-0039176,2026-07-16 17:29:07.332805,0.3853249085430509,lstm
SVC-000005,EVT-0039177,2026-07-16 17:32:11.780344,0.6859042717071402,lstm
USR-000056,EVT-0039178,2026-07-16 17:34:17.990063,0.5592247953784447,lstm
DEV-000007,EVT-0039179,2026-07-16 17:36:51.045052,0.19668796169969469,lstm
USR-000184,EVT-0039180,2026-07-16 17:37:15.462899,0.3283654750417785,lstm
USR-000104,EVT-0039181,2026-07-16 17:39:14.614052,0.4468749589495579,lstm
SVC-000026,EVT-0039182,2026-07-16 17:39:29.770066,0.6809310532536785,lstm
USR-000170,EVT-0039183,2026-07-16 17:41:34.886832,0.5508002341897865,lstm
DEV-000007,EVT-0039184,2026-07-16 17:41:54.690022,0.5711289540764592,lstm
USR-000202,EVT-0039185,2026-07-16 17:42:03.356577,0.8089831026832746,lstm
SVC-000033,EVT-0039186,2026-07-16 17:42:17.293337,0.4384247460261862,lstm
SVC-000026,EVT-0039187,2026-07-16 17:43:35.482101,0.5812606890514663,lstm
USR-000086,EVT-0039188,2026-07-16 17:44:22.710986,0.3170084149554886,lstm
USR-000084,EVT-0039189,2026-07-16 17:45:26.606521,0.39952701519334727,lstm
USR-000033,EVT-0039190,2026-07-16 17:45:57.762303,0.2829029366594783,lstm
SVC-000033,EVT-0039191,2026-07-16 17:46:48.658734,0.5784773960889122,lstm
DEV-000006,EVT-0039192,2026-07-16 17:51:49.549661,0.450301370178124,lstm
USR-000187,EVT-0039193,2026-07-16 17:52:42.167544,0.40724361128859604,lstm
SVC-000004,EVT-0039194,2026-07-16 17:53:08.278944,0.5033532689646905,lstm
USR-000084,EVT-0039195,2026-07-16 17:54:55.189058,0.6109129778470925,lstm
USR-000084,EVT-0039196,2026-07-16 17:57:57.208145,0.5215880139298212,lstm
SVC-000010,EVT-0039197,2026-07-16 17:58:45.933019,0.4466659249371855,lstm
USR-000066,EVT-0039198,2026-07-16 18:00:19.223004,0.5480417949413604,lstm
USR-000117,EVT-0039199,2026-07-16 18:02:34.439358,0.2560815937933451,lstm
DEV-000002,EVT-0039200,2026-07-16 18:06:07.709882,0.1905607741614365,lstm
USR-000146,EVT-0039201,2026-07-16 18:11:22.425176,0.44145776295715844,lstm
SVC-000004,EVT-0039202,2026-07-16 18:11:22.611230,0.41064866487344626,lstm
SVC-000052,EVT-0039203,2026-07-16 18:18:39.913776,0.9960269257125045,lstm
DEV-000004,EVT-0039204,2026-07-16 18:22:01.654330,0.2353234851228102,lstm
SVC-000052,EVT-0039205,2026-07-16 18:22:29.021835,0.6347233909736822,lstm
USR-000045,EVT-0039206,2026-07-16 18:22:44.330812,0.2904686568441385,lstm
USR-000100,EVT-0039207,2026-07-16 18:22:49.737985,0.775729819122606,lstm
DEV-000021,EVT-0039208,2026-07-16 18:26:48.051384,0.6321251064381822,lstm
SVC-000060,EVT-0039209,2026-07-16 18:28:02.744559,0.931529656167528,lstm
SVC-000026,EVT-0039210,2026-07-16 18:32:55.192678,0.6279361208545076,lstm
SVC-000057,EVT-0039211,2026-07-16 18:36:31.145510,0.9950727494365607,lstm
DEV-000017,EVT-0039212,2026-07-16 18:40:26.724938,0.3195220154948016,lstm
SVC-000033,EVT-0039213,2026-07-16 18:42:13.044209,0.6444685518369553,lstm
USR-000012,EVT-0039214,2026-07-16 18:43:02.706470,0.9067362434760379,lstm
SVC-000004,EVT-0039215,2026-07-16 18:48:13.212105,0.3613497168847654,lstm
USR-000100,EVT-0039216,2026-07-16 18:48:23.055336,0.7563714151980618,lstm
SVC-000052,EVT-0039217,2026-07-16 18:48:59.272943,0.5228707003808708,lstm
SVC-000006,EVT-0039218,2026-07-16 18:51:45.676489,0.9976762943329013,lstm
USR-000084,EVT-0039219,2026-07-16 18:54:24.158748,0.5763652435391369,lstm
USR-000027,EVT-0039220,2026-07-16 18:55:35.142437,0.6876789479952597,lstm
SVC-000060,EVT-0039221,2026-07-16 18:55:41.353444,0.7182059863998679,lstm
SVC-000057,EVT-0039222,2026-07-16 18:58:10.334215,0.4344712113496616,lstm
DEV-000010,EVT-0039223,2026-07-16 19:01:16.042626,0.3394725433983677,lstm
SVC-000006,EVT-0039224,2026-07-16 19:02:29.966896,0.510696075488718,lstm
DEV-000009,EVT-0039225,2026-07-16 19:04:17.307768,0.817613694602468,lstm
SVC-000044,EVT-0039226,2026-07-16 19:05:19.555253,0.9870938056912195,lstm
SVC-000044,EVT-0039227,2026-07-16 19:05:41.604830,0.9313571249606021,lstm
SVC-000006,EVT-0039228,2026-07-16 19:06:11.829728,0.5875533698557642,lstm
SVC-000006,EVT-0039229,2026-07-16 19:10:04.621475,0.5468786042050352,lstm
DEV-000005,EVT-0039230,2026-07-16 19:10:29.557991,0.40765513449867913,lstm
USR-000073,EVT-0039231,2026-07-16 19:12:04.550695,0.4433793690877365,lstm
SVC-000006,EVT-0039232,2026-07-16 19:12:52.989934,0.2949513254837802,lstm
DEV-000002,EVT-0039233,2026-07-16 19:12:56.127186,0.2251983637539062,lstm
SVC-000052,EVT-0039234,2026-07-16 19:14:18.364960,0.5954738362838036,lstm
SVC-000033,EVT-0039235,2026-07-16 19:15:03.849484,0.6769389471433811,lstm
USR-000146,EVT-0039236,2026-07-16 19:16:07.254244,0.3601183461921867,lstm
DEV-000022,EVT-0039237,2026-07-16 19:18:35.518369,0.5002676044426559,lstm
SVC-000006,EVT-0039238,2026-07-16 19:19:25.871717,0.3890880951824082,lstm
SVC-000044,EVT-0039239,2026-07-16 19:20:26.805837,0.5264651543730571,lstm
SVC-000044,EVT-0039240,2026-07-16 19:21:14.887393,0.837486215231972,lstm
USR-000113,EVT-0039241,2026-07-16 19:22:47.035648,0.6277861017544234,lstm
USR-000202,EVT-0039242,2026-07-16 19:23:01.376423,0.6249789618032068,lstm
SVC-000004,EVT-0039243,2026-07-16 19:26:48.989906,0.37982143339742386,lstm
USR-000084,EVT-0039244,2026-07-16 19:28:55.319566,0.4051933369699464,lstm
SVC-000006,EVT-0039245,2026-07-16 19:34:10.646137,0.5962568417843918,lstm
DEV-000020,EVT-0039246,2026-07-16 19:35:01.356705,0.19179926814296178,lstm
SVC-000044,EVT-0039247,2026-07-16 19:35:03.272195,0.7896760378748109,lstm
DEV-000023,EVT-0039248,2026-07-16 19:38:09.110648,0.8399565901195857,lstm
SVC-000060,EVT-0039249,2026-07-16 19:38:36.184989,0.6365552889871092,lstm
SVC-000006,EVT-0039250,2026-07-16 19:38:44.850686,0.411968766175295,lstm
DEV-000018,EVT-0039251,2026-07-16 19:40:42.610549,0.77647027095187,lstm
DEV-000007,EVT-0039252,2026-07-16 19:42:58.393784,0.40183105804098235,lstm
DEV-000023,EVT-0039253,2026-07-16 19:43:27.445861,0.933176858910623,lstm
SVC-000061,EVT-0039254,2026-07-16 19:43:35.319858,0.9988585970706506,lstm
SVC-000006,EVT-0039255,2026-07-16 19:43:55.656022,0.3934364527142491,lstm
DEV-000008,EVT-0039256,2026-07-16 19:44:19.598211,0.8112771272515255,lstm
SVC-000044,EVT-0039257,2026-07-16 19:44:53.974977,0.4320654132652346,lstm
SVC-000006,EVT-0039258,2026-07-16 19:45:38.099528,0.49622016102696087,lstm
SVC-000023,EVT-0039259,2026-07-16 19:46:21.102283,0.4097834885770166,lstm
SVC-000044,EVT-0039260,2026-07-16 19:46:55.684484,0.6560000376060584,lstm
SVC-000052,EVT-0039261,2026-07-16 19:47:01.020847,0.32890241778082463,lstm
USR-000073,EVT-0039262,2026-07-16 19:53:14.984812,0.3716157068239817,lstm
SVC-000004,EVT-0039263,2026-07-16 19:53:25.431092,0.3246620911753505,lstm
DEV-000009,EVT-0039264,2026-07-16 19:53:38.668219,0.6007682877336348,lstm
SVC-000006,EVT-0039265,2026-07-16 19:53:50.431970,0.5347442171231475,lstm
SVC-000061,EVT-0039266,2026-07-16 19:55:09.553701,0.31778438444378043,lstm
SVC-000035,EVT-0039267,2026-07-16 19:55:57.984413,0.9761249920830045,lstm
SVC-000061,EVT-0039268,2026-07-16 19:56:30.806745,0.3889489856982306,lstm
SVC-000044,EVT-0039269,2026-07-16 19:57:06.440142,0.9167241785401508,lstm
SVC-000052,EVT-0039270,2026-07-16 19:59:58.689103,0.6279704980646079,lstm
USR-000149,EVT-0039271,2026-07-16 20:01:13.975293,0.5716325638499139,lstm
SVC-000061,EVT-0039272,2026-07-16 20:02:22.376464,0.2337428257968589,lstm
USR-000045,EVT-0039273,2026-07-16 20:09:54.442000,0.3970476570011702,lstm
SVC-000044,EVT-0039274,2026-07-16 20:13:23.868281,0.48846575721540164,lstm
SVC-000061,EVT-0039275,2026-07-16 20:16:02.560178,0.43853402999662455,lstm
SVC-000061,EVT-0039276,2026-07-16 20:16:54.006447,0.39115939091062796,lstm
SVC-000061,EVT-0039277,2026-07-16 20:18:22.522553,0.3210916594314817,lstm
SVC-000061,EVT-0039278,2026-07-16 20:20:44.877274,0.3084340847450272,lstm
SVC-000057,EVT-0039279,2026-07-16 20:22:57.185474,0.5189670066681571,lstm
SVC-000004,EVT-0039280,2026-07-16 20:24:28.478606,0.3306993909984738,lstm
SVC-000061,EVT-0039281,2026-07-16 20:27:13.904481,0.2178055512206274,lstm
SVC-000048,EVT-0039282,2026-07-16 20:27:19.642030,0.999767287759812,lstm
SVC-000061,EVT-0039283,2026-07-16 20:28:30.856773,0.4467036487776749,lstm
DEV-000008,EVT-0039284,2026-07-16 20:28:44.599714,0.6692524768580244,lstm
USR-000113,EVT-0039285,2026-07-16 20:28:59.538913,0.36296776012608045,lstm
SVC-000048,EVT-0039286,2026-07-16 20:33:58.149345,0.9981185149937415,lstm
DEV-000010,EVT-0039287,2026-07-16 20:35:36.676266,0.3706105456043151,lstm
SVC-000052,EVT-0039288,2026-07-16 20:36:20.064706,0.39346844970397515,lstm
SVC-000033,EVT-0039289,2026-07-16 20:39:03.661779,0.8941930755332635,lstm
DEV-000025,EVT-0039290,2026-07-16 20:46:55.830171,0.45507353683058005,lstm
SVC-000025,EVT-0039291,2026-07-16 20:49:18.426767,0.9784135333702233,lstm
SVC-000061,EVT-0039292,2026-07-16 20:49:51.966318,0.3092161098335546,lstm
DEV-000013,EVT-0039293,2026-07-16 20:52:23.055264,0.6824625012743338,lstm
DEV-000010,EVT-0039294,2026-07-16 20:52:28.768225,0.5333908594110581,lstm
SVC-000004,EVT-0039295,2026-07-16 20:52:32.899723,0.2661471752920342,lstm
SVC-000048,EVT-0039296,2026-07-16 20:53:40.330501,0.965990833905292,lstm
SVC-000058,EVT-0039297,2026-07-16 20:54:44.594946,0.9917503484469373,lstm
SVC-000061,EVT-0039298,2026-07-16 20:57:46.213871,0.2996357634302515,lstm
SVC-000058,EVT-0039299,2026-07-16 21:00:04.510807,0.33949415010438855,lstm
SVC-000048,EVT-0039300,2026-07-16 21:01:37.600031,0.8849154513788395,lstm
SVC-000058,EVT-0039301,2026-07-16 21:02:37.320070,0.5257594327423863,lstm
SVC-000048,EVT-0039302,2026-07-16 21:03:02.209780,0.932628971674667,lstm
SVC-000058,EVT-0039303,2026-07-16 21:04:54.613575,0.36611784363116595,lstm
SVC-000047,EVT-0039304,2026-07-16 21:06:54.626038,0.9746038484742402,lstm
SVC-000061,EVT-0039305,2026-07-16 21:08:27.680866,0.2625696671620984,lstm
SVC-000054,EVT-0039306,2026-07-16 21:09:26.796036,0.9887489695160557,lstm
SVC-000044,EVT-0039307,2026-07-16 21:14:34.504387,0.5677529529190397,lstm
SVC-000054,EVT-0039308,2026-07-16 21:14:39.290630,0.5185402094983258,lstm
SVC-000058,EVT-0039309,2026-07-16 21:16:25.566072,0.24650702595359003,lstm
USR-000044,EVT-0039310,2026-07-16 21:19:10.354720,0.9999999999996079,lstm
USR-000044,EVT-0039311,2026-07-16 21:19:18.317765,0.9998779722363621,lstm
USR-000044,EVT-0039312,2026-07-16 21:19:32.408295,0.9997822612765058,lstm
USR-000044,EVT-0039313,2026-07-16 21:19:45.462346,0.9986112611919903,lstm
USR-000044,EVT-0039314,2026-07-16 21:19:56.728275,0.9932992923323434,lstm
USR-000044,EVT-0039315,2026-07-16 21:20:02.979097,0.977670944426737,lstm
USR-000044,EVT-0039316,2026-07-16 21:20:17.024423,0.9276748762249429,lstm
USR-000044,EVT-0039317,2026-07-16 21:20:19.294063,0.8807214035129542,lstm
USR-000044,EVT-0039318,2026-07-16 21:20:21.642505,0.8037816388909201,lstm
USR-000044,EVT-0039319,2026-07-16 21:20:25.316140,0.649806181145312,lstm
USR-000044,EVT-0039320,2026-07-16 21:20:36.454525,0.4963222174170206,lstm
USR-000044,EVT-0039321,2026-07-16 21:20:41.115905,0.4064619752318381,lstm
USR-000044,EVT-0039322,2026-07-16 21:20:55.469342,0.3267972068446108,lstm
USR-000044,EVT-0039323,2026-07-16 21:20:58.492804,0.2622081116599185,lstm
USR-000044,EVT-0039324,2026-07-16 21:21:07.447244,0.4247736679005458,lstm
USR-000044,EVT-0039325,2026-07-16 21:21:18.750885,0.25238800243254855,lstm
USR-000044,EVT-0039326,2026-07-16 21:21:27.831154,0.2418823691559629,lstm
USR-000044,EVT-0039327,2026-07-16 21:21:34.374463,0.18928561541258626,lstm
USR-000044,EVT-0039328,2026-07-16 21:21:45.132966,0.1742371587927199,lstm
USR-000044,EVT-0039329,2026-07-16 21:21:55.607832,0.20412559890780366,lstm
USR-000044,EVT-0039330,2026-07-16 21:22:09.741248,0.25176611151790823,lstm
USR-000044,EVT-0039331,2026-07-16 21:22:16.884467,0.1788271874617628,lstm
USR-000044,EVT-0039332,2026-07-16 21:22:23.990036,0.18976547987842296,lstm
USR-000044,EVT-0039333,2026-07-16 21:22:35.836909,0.1823851575057794,lstm
DEV-000006,EVT-0039334,2026-07-16 21:22:39.190152,0.30436644449371064,lstm
USR-000044,EVT-0039335,2026-07-16 21:22:45.126428,0.17923615907439036,lstm
USR-000044,EVT-0039336,2026-07-16 21:22:55.098621,0.20308427770825876,lstm
DEV-000013,EVT-0039337,2026-07-16 21:23:14.829234,0.6635386553226225,lstm
SVC-000048,EVT-0039338,2026-07-16 21:23:22.023162,0.6808627640078938,lstm
SVC-000045,EVT-0039339,2026-07-16 21:25:00.680163,0.9923887129750534,lstm
DEV-000008,EVT-0039340,2026-07-16 21:29:21.507866,0.6115272843558843,lstm
SVC-000004,EVT-0039341,2026-07-16 21:30:35.427529,0.5678056137554736,lstm
SVC-000054,EVT-0039342,2026-07-16 21:31:29.724776,0.38658623793265995,lstm
SVC-000054,EVT-0039343,2026-07-16 21:34:30.842118,0.29741165856629365,lstm
SVC-000045,EVT-0039344,2026-07-16 21:35:02.151971,0.4510568623895155,lstm
SVC-000061,EVT-0039345,2026-07-16 21:35:19.742193,0.3754034966552914,lstm
DEV-000006,EVT-0039346,2026-07-16 21:37:55.399217,0.39856047221451624,lstm
SVC-000058,EVT-0039347,2026-07-16 21:40:59.627505,0.287240507519107,lstm
SVC-000054,EVT-0039348,2026-07-16 21:43:37.996342,0.2213092180880752,lstm
SVC-000047,EVT-0039349,2026-07-16 21:45:14.616272,0.291826532848689,lstm
SVC-000054,EVT-0039350,2026-07-16 21:47:28.555735,0.3206728931237313,lstm
SVC-000045,EVT-0039351,2026-07-16 21:48:39.875730,0.375224043087761,lstm
SVC-000045,EVT-0039352,2026-07-16 21:49:47.636376,0.6017072131579687,lstm
SVC-000002,EVT-0039353,2026-07-16 21:49:55.060953,0.9994877467833105,lstm
SVC-000054,EVT-0039354,2026-07-16 21:50:47.444556,0.422031755085268,lstm
SVC-000058,EVT-0039355,2026-07-16 21:53:57.032695,0.25156611251843863,lstm
SVC-000060,EVT-0039356,2026-07-16 21:54:12.278000,0.7474364217274881,lstm
SVC-000002,EVT-0039357,2026-07-16 21:54:56.784570,0.3665517764675897,lstm
SVC-000035,EVT-0039358,2026-07-16 21:55:19.315570,0.5368976457296059,lstm
DEV-000014,EVT-0039359,2026-07-16 21:55:23.766570,0.6944657862647251,lstm
SVC-000058,EVT-0039360,2026-07-16 21:59:30.226735,0.2759278911535822,lstm
SVC-000035,EVT-0039361,2026-07-16 21:59:51.836194,0.6788335613248275,lstm
SVC-000002,EVT-0039362,2026-07-16 22:01:31.242383,0.357190653448089,lstm
SVC-000054,EVT-0039363,2026-07-16 22:02:20.425516,0.2518264182407205,lstm
SVC-000054,EVT-0039364,2026-07-16 22:03:13.425277,0.4871335331629419,lstm
DEV-000010,EVT-0039365,2026-07-16 22:03:24.506760,0.40047923609143443,lstm
SVC-000058,EVT-0039366,2026-07-16 22:04:56.413811,0.26681496010817957,lstm
SVC-000047,EVT-0039367,2026-07-16 22:05:54.708814,0.3985246366569814,lstm
SVC-000054,EVT-0039368,2026-07-16 22:05:56.664308,0.39714430602059125,lstm
SVC-000025,EVT-0039369,2026-07-16 22:06:23.784761,0.3744575154975605,lstm
SVC-000045,EVT-0039370,2026-07-16 22:10:01.761003,0.29728044363014344,lstm
SVC-000060,EVT-0039371,2026-07-16 22:12:03.902290,0.951086971568711,lstm
SVC-000054,EVT-0039372,2026-07-16 22:14:44.777210,0.30260563614233976,lstm
SVC-000048,EVT-0039373,2026-07-16 22:14:48.917069,0.7924921704959784,lstm
SVC-000045,EVT-0039374,2026-07-16 22:15:08.192121,0.3686504330885427,lstm
SVC-000045,EVT-0039375,2026-07-16 22:16:30.818255,0.5605809921233231,lstm
SVC-000045,EVT-0039376,2026-07-16 22:17:46.422583,0.47474047561653754,lstm
DEV-000023,EVT-0039377,2026-07-16 22:18:08.727187,0.7974623752383749,lstm
SVC-000025,EVT-0039378,2026-07-16 22:20:00.348397,0.34295169749188736,lstm
DEV-000007,EVT-0039379,2026-07-16 22:21:23.510534,0.7134620177943245,lstm
SVC-000002,EVT-0039380,2026-07-16 22:22:05.692865,0.35505115240838714,lstm
DEV-000017,EVT-0039381,2026-07-16 22:23:29.924190,0.3594285818454853,lstm
USR-000122,EVT-0039382,2026-07-16 22:29:43.910827,0.9182196136926448,lstm
SVC-000041,EVT-0039383,2026-07-16 22:31:41.540133,0.9901311550253553,lstm
SVC-000045,EVT-0039384,2026-07-16 22:33:13.740708,0.39130370367946066,lstm
SVC-000002,EVT-0039385,2026-07-16 22:33:52.227945,0.47442240471067093,lstm
SVC-000047,EVT-0039386,2026-07-16 22:34:05.172017,0.3390404285567772,lstm
SVC-000032,EVT-0039387,2026-07-16 22:35:09.107844,0.9985932911150855,lstm
SVC-000032,EVT-0039388,2026-07-16 22:35:16.526338,0.48524447779784485,lstm
SVC-000002,EVT-0039389,2026-07-16 22:36:02.964580,0.3948595615715412,lstm
SVC-000002,EVT-0039390,2026-07-16 22:36:06.926072,0.6856446626102108,lstm
SVC-000045,EVT-0039391,2026-07-16 22:38:43.461194,0.4186149270237774,lstm
SVC-000032,EVT-0039392,2026-07-16 22:44:40.636256,0.26435219092245055,lstm
DEV-000023,EVT-0039393,2026-07-16 22:45:10.689012,0.6402686512378072,lstm
DEV-000006,EVT-0039394,2026-07-16 22:45:29.761813,0.18938071366867515,lstm
SVC-000041,EVT-0039395,2026-07-16 22:45:38.856848,0.5300071920881656,lstm
DEV-000022,EVT-0039396,2026-07-16 22:47:00.513975,0.18449615616523876,lstm
SVC-000047,EVT-0039397,2026-07-16 22:47:32.026913,0.38368009008749726,lstm
SVC-000054,EVT-0039398,2026-07-16 22:47:51.913052,0.3059396240969904,lstm
USR-000122,EVT-0039399,2026-07-16 22:49:25.244770,0.8725344761193772,lstm
SVC-000002,EVT-0039400,2026-07-16 22:50:47.625091,0.7385030245707681,lstm
SVC-000045,EVT-0039401,2026-07-16 22:53:13.056452,0.35617921384467244,lstm
SVC-000059,EVT-0039402,2026-07-16 22:53:39.313798,0.9967363547189623,lstm
SVC-000032,EVT-0039403,2026-07-16 22:55:38.916518,0.24730908440685567,lstm
SVC-000025,EVT-0039404,2026-07-16 22:55:43.264544,0.3066594482462772,lstm
SVC-000002,EVT-0039405,2026-07-16 22:56:56.590346,0.347653904888755,lstm
SVC-000002,EVT-0039406,2026-07-16 22:57:50.810649,0.477638544138079,lstm
SVC-000056,EVT-0039407,2026-07-16 22:58:16.565594,0.979324753068643,lstm
SVC-000002,EVT-0039408,2026-07-16 23:12:51.995416,0.3571385879480259,lstm
SVC-000059,EVT-0039409,2026-07-16 23:15:25.214093,0.2560899500246133,lstm
SVC-000041,EVT-0039410,2026-07-16 23:15:50.944074,0.8288730909843153,lstm
SVC-000045,EVT-0039411,2026-07-16 23:23:29.668635,0.5456514969058704,lstm
SVC-000002,EVT-0039412,2026-07-16 23:24:58.602229,0.5127052290221056,lstm
SVC-000047,EVT-0039413,2026-07-16 23:26:26.443424,0.3768677098360507,lstm
SVC-000059,EVT-0039414,2026-07-16 23:28:30.872167,0.19351995568655184,lstm
SVC-000032,EVT-0039415,2026-07-16 23:28:49.071433,0.4203952522763889,lstm
USR-000165,EVT-0039416,2026-07-16 23:28:59.887666,0.46188232666009227,lstm
SVC-000059,EVT-0039417,2026-07-16 23:29:41.582898,0.2566087764672441,lstm
SVC-000035,EVT-0039418,2026-07-16 23:32:11.040604,0.600915089521498,lstm
SVC-000059,EVT-0039419,2026-07-16 23:33:15.792601,0.1923235317694202,lstm
SVC-000032,EVT-0039420,2026-07-16 23:33:56.437445,0.2955013250358865,lstm
DEV-000001,EVT-0039421,2026-07-16 23:34:14.489718,0.5674008561212814,lstm
DEV-000010,EVT-0039422,2026-07-16 23:35:52.257665,0.3935220969035253,lstm
SVC-000041,EVT-0039423,2026-07-16 23:37:23.257767,0.5852602067867878,lstm
SVC-000032,EVT-0039424,2026-07-16 23:39:12.132088,0.2622653899901074,lstm
DEV-000018,EVT-0039425,2026-07-16 23:40:32.992641,0.7630295789578547,lstm
USR-000088,EVT-0039426,2026-07-16 23:41:30.369097,0.32688583532759274,lstm
SVC-000059,EVT-0039427,2026-07-16 23:43:07.925223,0.192624323612818,lstm
SVC-000059,EVT-0039428,2026-07-16 23:43:19.204527,0.3539795247170524,lstm
SVC-000032,EVT-0039429,2026-07-16 23:45:22.558854,0.28254094568256305,lstm
SVC-000059,EVT-0039430,2026-07-16 23:46:30.986263,0.2081591260956131,lstm
SVC-000059,EVT-0039431,2026-07-16 23:46:37.282947,0.3692506453796809,lstm
SVC-000032,EVT-0039432,2026-07-16 23:46:43.282740,0.37744810871120016,lstm
USR-000088,EVT-0039433,2026-07-16 23:46:48.636874,0.4734794386722065,lstm
DEV-000001,EVT-0039434,2026-07-16 23:49:43.548239,0.5838567610496405,lstm
SVC-000032,EVT-0039435,2026-07-16 23:51:05.576619,0.6277274550978927,lstm
SVC-000041,EVT-0039436,2026-07-16 23:53:42.202093,0.5836088104648901,lstm
SVC-000047,EVT-0039437,2026-07-16 23:54:05.368922,0.4093780460908488,lstm
USR-000165,EVT-0039438,2026-07-16 23:54:24.548525,0.34908200243817483,lstm
SVC-000059,EVT-0039439,2026-07-16 23:54:54.461066,0.20462017497880047,lstm
DEV-000023,EVT-0039440,2026-07-16 23:55:23.147370,0.569280700005385,lstm
SVC-000059,EVT-0039441,2026-07-16 23:58:02.620315,0.22019493042088156,lstm
SVC-000059,EVT-0039442,2026-07-16 23:59:48.560148,0.2732053825963488,lstm
DEV-000005,EVT-0039443,2026-07-17 00:01:42.272655,0.4832129614718739,lstm
SVC-000025,EVT-0039444,2026-07-17 00:07:45.340284,0.5606082163693781,lstm
SVC-000059,EVT-0039445,2026-07-17 00:09:43.761508,0.29228769181559594,lstm
SVC-000059,EVT-0039446,2026-07-17 00:10:11.641875,0.36012230714419335,lstm
SVC-000059,EVT-0039447,2026-07-17 00:14:11.019378,0.6822550178959862,lstm
SVC-000059,EVT-0039448,2026-07-17 00:17:45.739124,0.20591521737834484,lstm
SVC-000059,EVT-0039449,2026-07-17 00:18:53.026143,0.2101626819385878,lstm
SVC-000032,EVT-0039450,2026-07-17 00:20:07.408020,0.4711740534997649,lstm
DEV-000017,EVT-0039451,2026-07-17 00:22:21.584589,0.5728786229539049,lstm
SVC-000059,EVT-0039452,2026-07-17 00:30:24.593061,0.24931650934532024,lstm
DEV-000008,EVT-0039453,2026-07-17 00:31:16.456835,0.39077970730036005,lstm
SVC-000056,EVT-0039454,2026-07-17 00:31:48.144534,0.7353425995165096,lstm
SVC-000025,EVT-0039455,2026-07-17 00:33:31.607102,0.48848587410232774,lstm
SVC-000059,EVT-0039456,2026-07-17 00:34:57.032001,0.19714823308975415,lstm
SVC-000032,EVT-0039457,2026-07-17 00:36:57.137075,0.6396143117554572,lstm
SVC-000041,EVT-0039458,2026-07-17 00:40:08.315957,0.5904815270608822,lstm
DEV-000018,EVT-0039459,2026-07-17 00:41:18.750068,0.5243343261502017,lstm
DEV-000018,EVT-0039460,2026-07-17 00:47:44.073589,0.6672050957072698,lstm
SVC-000047,EVT-0039461,2026-07-17 00:49:24.793521,0.40806555192863153,lstm
SVC-000041,EVT-0039462,2026-07-17 01:10:18.190335,0.7713057411068628,lstm
USR-000113,EVT-0039463,2026-07-17 01:10:56.065631,0.39567918818806364,lstm
SVC-000041,EVT-0039464,2026-07-17 01:12:53.212379,0.8383563353820095,lstm
SVC-000041,EVT-0039465,2026-07-17 01:14:19.105856,0.6877569770686003,lstm
USR-000088,EVT-0039466,2026-07-17 01:15:13.227044,0.2508883084591069,lstm
SVC-000025,EVT-0039467,2026-07-17 01:15:34.135471,0.545914241416986,lstm
SVC-000041,EVT-0039468,2026-07-17 01:27:36.725291,0.738184339602599,lstm
SVC-000018,EVT-0039469,2026-07-17 01:33:30.076723,0.9945364501575257,lstm
DEV-000025,EVT-0039470,2026-07-17 01:36:05.007673,0.5882701872522562,lstm
DEV-000025,EVT-0039471,2026-07-17 01:39:06.176113,0.7936720934494166,lstm
SVC-000018,EVT-0039472,2026-07-17 01:43:39.647905,0.3881010687809369,lstm
DEV-000016,EVT-0039473,2026-07-17 01:46:08.861751,0.6247216833524216,lstm
SVC-000018,EVT-0039474,2026-07-17 01:48:11.292062,0.6122382763936356,lstm
DEV-000025,EVT-0039475,2026-07-17 01:57:31.794997,0.4865703233026408,lstm
DEV-000025,EVT-0039476,2026-07-17 01:58:26.369772,0.9623463295800746,lstm
SVC-000018,EVT-0039477,2026-07-17 02:03:28.871613,0.49458762703624976,lstm
SVC-000041,EVT-0039478,2026-07-17 02:05:49.358261,0.5861695927706176,lstm
SVC-000018,EVT-0039479,2026-07-17 02:06:23.207907,0.6180505077166224,lstm
DEV-000024,EVT-0039480,2026-07-17 02:06:25.327466,0.6863284979704463,lstm
DEV-000002,EVT-0039481,2026-07-17 02:08:12.667604,0.8209792575191904,lstm
SVC-000018,EVT-0039482,2026-07-17 02:09:47.742669,0.5239380623960479,lstm
DEV-000017,EVT-0039483,2026-07-17 02:13:09.061004,0.5792191625304227,lstm
SVC-000018,EVT-0039484,2026-07-17 02:13:09.269915,0.3112194336945125,lstm
DEV-000017,EVT-0039485,2026-07-17 02:14:14.426517,0.976410418747547,lstm
SVC-000041,EVT-0039486,2026-07-17 02:16:19.271296,0.2988078833010074,lstm
SVC-000041,EVT-0039487,2026-07-17 02:23:34.435055,0.8525768877952792,lstm
SVC-000018,EVT-0039488,2026-07-17 02:24:43.288536,0.3632198071513033,lstm
SVC-000041,EVT-0039489,2026-07-17 02:30:10.170343,0.3625229147938056,lstm
DEV-000019,EVT-0039490,2026-07-17 02:31:33.762949,0.9992601288477342,lstm
SVC-000014,EVT-0039491,2026-07-17 02:43:57.788039,0.9881316537834012,lstm
SVC-000041,EVT-0039492,2026-07-17 02:59:23.883082,0.417911857139833,lstm
DEV-000011,EVT-0039493,2026-07-17 03:03:54.315177,0.7063112779775632,lstm
SVC-000018,EVT-0039494,2026-07-17 03:07:21.390457,0.675780212374927,lstm
DEV-000013,EVT-0039495,2026-07-17 03:08:16.990149,0.6103867497126977,lstm
SVC-000018,EVT-0039496,2026-07-17 03:12:44.531851,0.29778897149795164,lstm
DEV-000010,EVT-0039497,2026-07-17 03:13:40.859431,0.6467175416578725,lstm
DEV-000024,EVT-0039498,2026-07-17 03:17:33.131258,0.35570395664564136,lstm
SVC-000041,EVT-0039499,2026-07-17 03:17:56.515724,0.467806670102622,lstm
SVC-000014,EVT-0039500,2026-07-17 03:18:59.652129,0.38038829802301655,lstm
SVC-000041,EVT-0039501,2026-07-17 03:22:17.814948,0.7499035814669693,lstm
DEV-000013,EVT-0039502,2026-07-17 03:24:54.428079,0.6206253416948929,lstm
SVC-000018,EVT-0039503,2026-07-17 03:26:21.311503,0.3128828271597781,lstm
DEV-000002,EVT-0039504,2026-07-17 03:29:36.137972,0.6387957827751374,lstm
DEV-000007,EVT-0039505,2026-07-17 03:31:20.628137,0.843241144959629,lstm
USR-000162,EVT-0039506,2026-07-17 03:31:24.629426,0.9432475401691529,lstm
SVC-000018,EVT-0039507,2026-07-17 03:34:51.313185,0.3781615098859363,lstm
SVC-000018,EVT-0039508,2026-07-17 03:35:20.102011,0.8134294334285891,lstm
USR-000088,EVT-0039509,2026-07-17 03:35:25.536264,0.32154090662168355,lstm
USR-000124,EVT-0039510,2026-07-17 03:38:51.484930,0.9939432791028614,lstm
SVC-000019,EVT-0039511,2026-07-17 03:42:37.945549,0.9945870080507339,lstm
SVC-000014,EVT-0039512,2026-07-17 03:42:57.580344,0.6741518647456266,lstm
SVC-000041,EVT-0039513,2026-07-17 03:47:25.557776,0.565916833734987,lstm
SVC-000041,EVT-0039514,2026-07-17 03:49:07.179678,0.7807227357130644,lstm
SVC-000020,EVT-0039515,2026-07-17 03:49:28.859729,0.9605231412984598,lstm
DEV-000013,EVT-0039516,2026-07-17 04:01:10.378123,0.3474824214826124,lstm
SVC-000020,EVT-0039517,2026-07-17 04:04:45.897000,0.7519517689910156,lstm
SVC-000007,EVT-0039518,2026-07-17 04:07:36.372038,0.993334141908682,lstm
DEV-000003,EVT-0039519,2026-07-17 04:11:15.511923,0.8228436723430665,lstm
SVC-000020,EVT-0039520,2026-07-17 04:13:22.896518,0.5282638895289169,lstm
DEV-000013,EVT-0039521,2026-07-17 04:18:31.415783,0.36994807524629075,lstm
SVC-000019,EVT-0039522,2026-07-17 04:22:49.029947,0.35568340286957806,lstm
SVC-000014,EVT-0039523,2026-07-17 04:24:33.444205,0.20964174643634095,lstm
SVC-000020,EVT-0039524,2026-07-17 04:26:21.629085,0.408219403555852,lstm
SVC-000015,EVT-0039525,2026-07-17 04:27:31.737877,0.975521409949765,lstm
SVC-000020,EVT-0039526,2026-07-17 04:27:48.647754,0.8981764955555289,lstm
SVC-000015,EVT-0039527,2026-07-17 04:30:22.696891,0.5610702971415789,lstm
SVC-000015,EVT-0039528,2026-07-17 04:32:12.354433,0.7406506841510839,lstm
SVC-000020,EVT-0039529,2026-07-17 04:33:18.751644,0.4750760292411162,lstm
SVC-000014,EVT-0039530,2026-07-17 04:33:42.350738,0.24720945383070533,lstm
SVC-000007,EVT-0039531,2026-07-17 04:36:08.812172,0.284358254872493,lstm
USR-000051,EVT-0039532,2026-07-17 04:37:40.297393,0.9736208064780881,lstm
SVC-000019,EVT-0039533,2026-07-17 04:38:55.731233,0.2516478832354618,lstm
SVC-000014,EVT-0039534,2026-07-17 04:39:39.394352,0.272318417921179,lstm
DEV-000001,EVT-0039535,2026-07-17 04:43:30.295576,0.3538478335783594,lstm
USR-000162,EVT-0039536,2026-07-17 04:43:41.370380,0.5674907112599921,lstm
SVC-000014,EVT-0039537,2026-07-17 04:47:02.692603,0.21643183427787036,lstm
SVC-000019,EVT-0039538,2026-07-17 04:47:30.854716,0.21964543424391783,lstm
SVC-000015,EVT-0039539,2026-07-17 04:50:08.105921,0.5254242752964747,lstm
SVC-000007,EVT-0039540,2026-07-17 04:52:33.965983,0.19716905660004708,lstm
USR-000088,EVT-0039541,2026-07-17 04:52:38.380261,0.44803209666207156,lstm
USR-000190,EVT-0039542,2026-07-17 04:53:53.163969,0.999999999851648,lstm
USR-000190,EVT-0039543,2026-07-17 04:53:55.420407,0.9998809146197323,lstm
USR-000190,EVT-0039544,2026-07-17 04:54:05.191482,0.9992774694118151,lstm
USR-000190,EVT-0039545,2026-07-17 04:54:16.638295,0.9959250435711804,lstm
USR-000190,EVT-0039546,2026-07-17 04:54:21.888388,0.9776084267126346,lstm
USR-000190,EVT-0039547,2026-07-17 04:54:27.209636,0.9575513264419953,lstm
USR-000190,EVT-0039548,2026-07-17 04:54:34.186918,0.8995348005219076,lstm
USR-000190,EVT-0039549,2026-07-17 04:54:38.812076,0.8055216656004549,lstm
USR-000190,EVT-0039550,2026-07-17 04:54:48.145249,0.7910962570524293,lstm
USR-000190,EVT-0039551,2026-07-17 04:55:02.679669,0.6901898646895495,lstm
SVC-000014,EVT-0039552,2026-07-17 04:55:04.057808,0.3150612522889257,lstm
USR-000190,EVT-0039553,2026-07-17 04:55:16.728564,0.638047024100137,lstm
USR-000190,EVT-0039554,2026-07-17 04:55:28.530232,0.44165345444161036,lstm
USR-000190,EVT-0039555,2026-07-17 04:55:42.089174,0.3820418981017742,lstm
USR-000190,EVT-0039556,2026-07-17 04:55:46.850015,0.3880490878763284,lstm
USR-000190,EVT-0039557,2026-07-17 04:55:53.557473,0.3247801635870677,lstm
USR-000190,EVT-0039558,2026-07-17 04:55:56.860856,0.2968828726834404,lstm
USR-000190,EVT-0039559,2026-07-17 04:56:11.520759,0.40938268359022756,lstm
USR-000190,EVT-0039560,2026-07-17 04:56:24.519663,0.34486594129404063,lstm
SVC-000014,EVT-0039561,2026-07-17 04:57:07.831358,0.3472114847764084,lstm
SVC-000007,EVT-0039562,2026-07-17 04:57:45.206269,0.3656596522880935,lstm
USR-000124,EVT-0039563,2026-07-17 05:02:34.351029,0.9676023205419737,lstm
SVC-000014,EVT-0039564,2026-07-17 05:03:35.203734,0.2876437537504955,lstm
SVC-000020,EVT-0039565,2026-07-17 05:09:26.016355,0.4987116361003424,lstm
DEV-000002,EVT-0039566,2026-07-17 05:13:33.893268,0.4892203446454203,lstm
USR-000059,EVT-0039567,2026-07-17 05:15:52.231354,0.9678936984641421,lstm
SVC-000007,EVT-0039568,2026-07-17 05:16:09.707546,0.2510102878334654,lstm
USR-000093,EVT-0039569,2026-07-17 05:18:05.098047,0.8380144970712021,lstm
SVC-000014,EVT-0039570,2026-07-17 05:21:23.017387,0.35953694589820384,lstm
USR-000059,EVT-0039571,2026-07-17 05:24:58.362192,0.843797634001454,lstm
SVC-000009,EVT-0039572,2026-07-17 05:27:06.532476,0.9963634646720819,lstm
SVC-000007,EVT-0039573,2026-07-17 05:28:17.580290,0.21419908886423522,lstm
USR-000041,EVT-0039574,2026-07-17 05:33:48.627924,0.8899896426802962,lstm
SVC-000015,EVT-0039575,2026-07-17 05:35:13.951067,0.31230102670033,lstm
USR-000060,EVT-0039576,2026-07-17 05:37:01.046204,0.9243060335268206,lstm
SVC-000014,EVT-0039577,2026-07-17 05:44:22.336097,0.3058115248287681,lstm
SVC-000020,EVT-0039578,2026-07-17 05:46:04.286096,0.5011029008152336,lstm
USR-000014,EVT-0039579,2026-07-17 05:47:46.857298,0.8092497556247095,lstm
DEV-000021,EVT-0039580,2026-07-17 05:48:32.739521,0.507205747636281,lstm
DEV-000017,EVT-0039581,2026-07-17 05:52:28.577711,0.4669545590451741,lstm
SVC-000053,EVT-0039582,2026-07-17 05:53:43.675942,0.999694989457799,lstm
SVC-000009,EVT-0039583,2026-07-17 05:57:41.956464,0.6518694709525601,lstm
USR-000191,EVT-0039584,2026-07-17 06:00:56.332931,0.8541660794674738,lstm
USR-000014,EVT-0039585,2026-07-17 06:02:40.330000,0.5660658510454679,lstm
USR-000099,EVT-0039586,2026-07-17 06:02:56.836435,0.6328526186650063,lstm
USR-000162,EVT-0039587,2026-07-17 06:04:05.604456,0.657554971655318,lstm
DEV-000005,EVT-0039588,2026-07-17 06:04:58.013882,0.3432145430732239,lstm
DEV-000023,EVT-0039589,2026-07-17 06:08:31.247029,0.8172437004607284,lstm
DEV-000002,EVT-0039590,2026-07-17 06:12:12.263376,0.4357560578055423,lstm
DEV-000025,EVT-0039591,2026-07-17 06:12:39.654828,0.2410512785351756,lstm
SVC-000009,EVT-0039592,2026-07-17 06:12:50.959703,0.38775745279493523,lstm
SVC-000019,EVT-0039593,2026-07-17 06:15:44.681487,0.44040099232876984,lstm
SVC-000009,EVT-0039594,2026-07-17 06:16:35.407134,0.5525582606664242,lstm
SVC-000009,EVT-0039595,2026-07-17 06:19:00.260392,0.751708350501749,lstm
SVC-000009,EVT-0039596,2026-07-17 06:25:05.934849,0.2939489921181059,lstm
USR-000171,EVT-0039597,2026-07-17 06:26:54.098635,0.9626380643533203,lstm
DEV-000006,EVT-0039598,2026-07-17 06:27:01.186096,0.7006715505921118,lstm
USR-000162,EVT-0039599,2026-07-17 06:27:34.774011,0.515904299173441,lstm
USR-000116,EVT-0039600,2026-07-17 06:29:38.379101,0.6813892590053546,lstm
SVC-000055,EVT-0039601,2026-07-17 06:35:03.135288,0.9747455088536163,lstm
USR-000026,EVT-0039602,2026-07-17 06:35:43.474873,0.9745471062300404,lstm
DEV-000004,EVT-0039603,2026-07-17 06:36:52.420014,0.9478381771841663,lstm
SVC-000051,EVT-0039604,2026-07-17 06:39:20.411370,0.9393315820440565,lstm
DEV-000001,EVT-0039605,2026-07-17 06:39:58.289392,0.3452701061596035,lstm
USR-000016,EVT-0039606,2026-07-17 06:40:32.211666,0.572693623431927,lstm
SVC-000019,EVT-0039607,2026-07-17 06:42:22.043961,0.6868720760979926,lstm
SVC-000009,EVT-0039608,2026-07-17 06:44:01.791325,0.7626546540048776,lstm
SVC-000009,EVT-0039609,2026-07-17 06:44:37.216944,0.4846710184931337,lstm
USR-000162,EVT-0039610,2026-07-17 06:46:57.996285,0.4813857583526307,lstm
SVC-000009,EVT-0039611,2026-07-17 06:51:10.485080,0.554591647329113,lstm
USR-000114,EVT-0039612,2026-07-17 06:51:30.340479,0.8885061055198613,lstm
USR-000031,EVT-0039613,2026-07-17 06:56:31.672954,0.3937972584345835,lstm
SVC-000009,EVT-0039614,2026-07-17 06:58:31.981169,0.9119743508450828,lstm
DEV-000017,EVT-0039615,2026-07-17 07:00:09.220246,0.3872872967513864,lstm
SVC-000011,EVT-0039616,2026-07-17 07:05:20.727038,0.9925853445194903,lstm
USR-000118,EVT-0039617,2026-07-17 07:06:27.870524,0.6510895904904088,lstm
SVC-000009,EVT-0039618,2026-07-17 07:06:40.361844,0.41291460729699786,lstm
SVC-000009,EVT-0039619,2026-07-17 07:08:49.753748,0.4698407698447067,lstm
SVC-000030,EVT-0039620,2026-07-17 07:11:08.116965,0.9826795371333068,lstm
USR-000121,EVT-0039621,2026-07-17 07:14:06.598960,0.6889192690672921,lstm
DEV-000015,EVT-0039622,2026-07-17 07:14:42.379253,0.8009404891795584,lstm
USR-000069,EVT-0039623,2026-07-17 07:16:09.547766,0.772340261306705,lstm
DEV-000013,EVT-0039624,2026-07-17 07:16:22.407987,0.6501212625358075,lstm
SVC-000011,EVT-0039625,2026-07-17 07:22:04.978842,0.34077075848428606,lstm
USR-000087,EVT-0039626,2026-07-17 07:23:50.170008,0.8317343531717433,lstm
DEV-000024,EVT-0039627,2026-07-17 07:24:10.919507,0.31945982560284797,lstm
SVC-000055,EVT-0039628,2026-07-17 07:24:48.108825,0.49023496928002486,lstm
USR-000206,EVT-0039629,2026-07-17 07:25:32.674366,0.6607698548834485,lstm
DEV-000001,EVT-0039630,2026-07-17 07:27:09.494737,0.4060439780051465,lstm
SVC-000055,EVT-0039631,2026-07-17 07:29:09.322863,0.5185354161325771,lstm
USR-000026,EVT-0039632,2026-07-17 07:30:08.592952,0.8689447338662944,lstm
SVC-000055,EVT-0039633,2026-07-17 07:35:18.334450,0.3383136624105837,lstm
SVC-000055,EVT-0039634,2026-07-17 07:37:33.196384,0.5671115164259419,lstm
SVC-000055,EVT-0039635,2026-07-17 07:39:35.566459,0.7186933469444395,lstm
DEV-000014,EVT-0039636,2026-07-17 07:41:53.211465,0.5153019970481297,lstm
USR-000059,EVT-0039637,2026-07-17 07:42:35.344174,0.37657338562307735,lstm
SVC-000011,EVT-0039638,2026-07-17 07:49:18.083083,0.3353821116496076,lstm
DEV-000012,EVT-0039639,2026-07-17 07:49:29.427103,0.4909373271574084,lstm
USR-000051,EVT-0039640,2026-07-17 07:50:05.754801,0.6367082035392762,lstm
DEV-000024,EVT-0039641,2026-07-17 07:50:40.876351,0.6890919544631396,lstm
USR-000015,EVT-0039642,2026-07-17 07:53:01.066886,0.7059743208533131,lstm
DEV-000001,EVT-0039643,2026-07-17 07:53:25.983372,0.5775522264539493,lstm
SVC-000055,EVT-0039644,2026-07-17 07:54:17.016600,0.43798882172761144,lstm
USR-000167,EVT-0039645,2026-07-17 07:59:08.951619,0.7377722415765777,lstm
SVC-000055,EVT-0039646,2026-07-17 08:06:18.628836,0.3809130458581345,lstm
USR-000095,EVT-0039647,2026-07-17 08:07:04.100830,0.3492138614548991,lstm
SVC-000055,EVT-0039648,2026-07-17 08:07:50.654391,0.651166764229787,lstm
SVC-000055,EVT-0039649,2026-07-17 08:09:51.112936,0.5350425330381179,lstm
DEV-000011,EVT-0039650,2026-07-17 08:11:52.587231,0.5244758737916668,lstm
SVC-000011,EVT-0039651,2026-07-17 08:11:53.230756,0.3759397346372616,lstm
SVC-000011,EVT-0039652,2026-07-17 08:12:31.120341,0.7274443254000105,lstm
USR-000129,EVT-0039653,2026-07-17 08:13:22.002083,0.8058712346849185,lstm
USR-000169,EVT-0039654,2026-07-17 08:13:47.918365,0.6149342827678574,lstm
DEV-000001,EVT-0039655,2026-07-17 08:17:12.575372,0.5158703341321249,lstm
SVC-000046,EVT-0039656,2026-07-17 08:18:03.451003,0.9964051127668222,lstm
USR-000206,EVT-0039657,2026-07-17 08:18:45.184824,0.4329295980926059,lstm
SVC-000011,EVT-0039658,2026-07-17 08:20:58.543512,0.4034225869595486,lstm
USR-000059,EVT-0039659,2026-07-17 08:22:18.846604,0.3868168210732433,lstm
SVC-000011,EVT-0039660,2026-07-17 08:23:28.363792,0.48639485686194245,lstm
SVC-000046,EVT-0039661,2026-07-17 08:25:09.204800,0.5220013217029335,lstm
USR-000118,EVT-0039662,2026-07-17 08:26:21.378193,0.3471560659741416,lstm
USR-000072,EVT-0039663,2026-07-17 08:27:51.964390,0.512498018822562,lstm
USR-000172,EVT-0039664,2026-07-17 08:28:00.621894,0.7470753528177401,lstm
SVC-000046,EVT-0039665,2026-07-17 08:28:21.276414,0.490206341796036,lstm
USR-000162,EVT-0039666,2026-07-17 08:28:25.992259,0.31328414281304157,lstm
SVC-000011,EVT-0039667,2026-07-17 08:29:47.726136,0.3631132730115622,lstm
SVC-000011,EVT-0039668,2026-07-17 08:34:29.234134,0.4440702220461283,lstm
USR-000162,EVT-0039669,2026-07-17 08:35:38.848786,0.6511015423432052,lstm
USR-000031,EVT-0039670,2026-07-17 08:37:29.711713,0.752000618674832,lstm
USR-000048,EVT-0039671,2026-07-17 08:38:41.625120,0.807457420966136,lstm
DEV-000023,EVT-0039672,2026-07-17 08:39:07.611294,0.6239484237306346,lstm
USR-000190,EVT-0039673,2026-07-17 08:41:35.574687,0.9992481314687455,lstm
SVC-000046,EVT-0039674,2026-07-17 08:41:48.435880,0.4032809397124451,lstm
DEV-000017,EVT-0039675,2026-07-17 08:42:17.946912,0.2658690328893037,lstm
USR-000006,EVT-0039676,2026-07-17 08:42:32.375286,0.9804487583945402,lstm
USR-000135,EVT-0039677,2026-07-17 08:42:43.041795,0.6695505140355035,lstm
USR-000102,EVT-0039678,2026-07-17 08:43:03.473822,0.4036425469820276,lstm
SVC-000016,EVT-0039679,2026-07-17 08:44:52.925183,0.9913919556101446,lstm
SVC-000046,EVT-0039680,2026-07-17 08:46:52.473820,0.4509368174635162,lstm
USR-000060,EVT-0039681,2026-07-17 08:47:58.022260,0.4618883143411704,lstm
SVC-000030,EVT-0039682,2026-07-17 08:49:51.477549,0.576297309654419,lstm
USR-000015,EVT-0039683,2026-07-17 08:49:57.137110,0.42675640113956126,lstm
SVC-000046,EVT-0039684,2026-07-17 08:51:15.851983,0.49979650574809353,lstm
USR-000026,EVT-0039685,2026-07-17 08:52:49.025832,0.5622330677882507,lstm
SVC-000046,EVT-0039686,2026-07-17 08:53:45.257230,0.4960941190041669,lstm
USR-000164,EVT-0039687,2026-07-17 08:54:57.231427,0.5034370953167087,lstm
SVC-000046,EVT-0039688,2026-07-17 08:55:04.653567,0.5650519614101485,lstm
SVC-000024,EVT-0039689,2026-07-17 08:55:10.909941,0.9905318667774674,lstm
SVC-000046,EVT-0039690,2026-07-17 08:55:39.439066,0.6269381671075672,lstm
SVC-000055,EVT-0039691,2026-07-17 08:56:10.130055,0.5056587140118934,lstm
SVC-000046,EVT-0039692,2026-07-17 08:56:39.237476,0.5193846336957257,lstm
USR-000059,EVT-0039693,2026-07-17 08:57:37.791775,0.7986710053850942,lstm
DEV-000002,EVT-0039694,2026-07-17 08:57:46.342640,0.26717034550757085,lstm
SVC-000030,EVT-0039695,2026-07-17 08:58:30.440991,0.6803131880520399,lstm
SVC-000016,EVT-0039696,2026-07-17 08:58:58.511661,0.31502340688208474,lstm
SVC-000030,EVT-0039697,2026-07-17 08:59:17.418759,0.8856020319380605,lstm
SVC-000016,EVT-0039698,2026-07-17 09:04:22.283350,0.477252389898348,lstm
SVC-000024,EVT-0039699,2026-07-17 09:05:05.422744,0.5956538467825715,lstm
SVC-000046,EVT-0039700,2026-07-17 09:05:52.724443,0.5702459884615035,lstm
SVC-000011,EVT-0039701,2026-07-17 09:06:26.213590,0.34543654944677926,lstm
SVC-000042,EVT-0039702,2026-07-17 09:06:34.219491,0.9899264498658956,lstm
SVC-000011,EVT-0039703,2026-07-17 09:06:52.853681,0.5741570118093275,lstm
USR-000118,EVT-0039704,2026-07-17 09:09:35.945353,0.5767870827600173,lstm
USR-000137,EVT-0039705,2026-07-17 09:11:07.470664,0.4662311000576448,lstm
USR-000016,EVT-0039706,2026-07-17 09:13:04.770402,0.27268942182201056,lstm
SVC-000039,EVT-0039707,2026-07-17 09:15:28.955534,0.999962967071745,lstm
USR-000078,EVT-0039708,2026-07-17 09:15:31.336745,0.8621472693214763,lstm
SVC-000039,EVT-0039709,2026-07-17 09:16:01.876479,0.9455498843067555,lstm
DEV-000001,EVT-0039710,2026-07-17 09:16:34.590832,0.35056736453877646,lstm
USR-000172,EVT-0039711,2026-07-17 09:16:45.041094,0.35879953740891735,lstm
DEV-000004,EVT-0039712,2026-07-17 09:17:02.288217,0.641404550487855,lstm
USR-000014,EVT-0039713,2026-07-17 09:20:23.880426,0.37684255591043286,lstm
SVC-000024,EVT-0039714,2026-07-17 09:21:15.052985,0.3350268847746572,lstm
USR-000031,EVT-0039715,2026-07-17 09:21:21.110567,0.2420223648786909,lstm
SVC-000042,EVT-0039716,2026-07-17 09:23:09.093040,0.3921633828764969,lstm
USR-000026,EVT-0039717,2026-07-17 09:23:45.684637,0.6349831603141517,lstm
SVC-000024,EVT-0039718,2026-07-17 09:24:01.444495,0.38753309667692515,lstm
SVC-000042,EVT-0039719,2026-07-17 09:27:46.146191,0.3994881957826339,lstm
SVC-000008,EVT-0039720,2026-07-17 09:28:08.207692,0.9811110279623649,lstm
DEV-000007,EVT-0039721,2026-07-17 09:28:11.135844,0.2685837774041423,lstm
SVC-000046,EVT-0039722,2026-07-17 09:28:21.943637,0.555190747578238,lstm
SVC-000053,EVT-0039723,2026-07-17 09:28:49.408858,0.7923582549144231,lstm
SVC-000046,EVT-0039724,2026-07-17 09:29:11.613047,0.45038851868753094,lstm
SVC-000042,EVT-0039725,2026-07-17 09:29:22.005888,0.8579159375808485,lstm
USR-000172,EVT-0039726,2026-07-17 09:29:44.064389,0.3534323784123206,lstm
SVC-000024,EVT-0039727,2026-07-17 09:30:00.308801,0.2910223492542931,lstm
SVC-000024,EVT-0039728,2026-07-17 09:31:49.372956,0.4132655272309615,lstm
SVC-000042,EVT-0039729,2026-07-17 09:32:06.831395,0.4075241260220537,lstm
USR-000102,EVT-0039730,2026-07-17 09:32:24.273239,0.32959069109990063,lstm
USR-000162,EVT-0039731,2026-07-17 09:33:02.944286,0.5981276182505163,lstm
SVC-000046,EVT-0039732,2026-07-17 09:34:29.844741,0.27159259741150016,lstm
USR-000021,EVT-0039733,2026-07-17 09:34:38.573330,0.8761713855534611,lstm
SVC-000024,EVT-0039734,2026-07-17 09:36:04.792460,0.2917004258558418,lstm
SVC-000013,EVT-0039735,2026-07-17 09:36:09.368785,0.9946725892015156,lstm
SVC-000039,EVT-0039736,2026-07-17 09:36:52.046187,0.7088360493527006,lstm
USR-000066,EVT-0039737,2026-07-17 09:39:37.993048,0.4663838087140272,lstm
SVC-000042,EVT-0039738,2026-07-17 09:40:10.922257,0.2620759308993264,lstm
USR-000159,EVT-0039739,2026-07-17 09:41:04.993939,0.905559795081255,lstm
USR-000205,EVT-0039740,2026-07-17 09:41:34.077496,0.6841759812424887,lstm
DEV-000005,EVT-0039741,2026-07-17 09:43:25.226798,0.29249605844439264,lstm
USR-000200,EVT-0039742,2026-07-17 09:43:42.083531,0.7776066952121456,lstm
SVC-000024,EVT-0039743,2026-07-17 09:44:05.726842,0.29282386200673666,lstm
USR-000008,EVT-0039744,2026-07-17 09:45:57.298009,0.6176637480384176,lstm
DEV-000002,EVT-0039745,2026-07-17 09:48:44.891115,0.17630434769379685,lstm
USR-000014,EVT-0039746,2026-07-17 09:50:51.416675,0.2850650408863949,lstm
USR-000031,EVT-0039747,2026-07-17 09:51:23.169993,0.25240374267446647,lstm
USR-000205,EVT-0039748,2026-07-17 09:52:03.784951,0.6105787916251781,lstm
SVC-000053,EVT-0039749,2026-07-17 09:52:17.767421,0.6680895210335539,lstm
DEV-000010,EVT-0039750,2026-07-17 09:53:07.178835,0.6104437445461705,lstm
USR-000173,EVT-0039751,2026-07-17 09:53:48.274377,0.5479422731571447,lstm
USR-000087,EVT-0039752,2026-07-17 09:53:48.571808,0.46498985600886383,lstm
USR-000118,EVT-0039753,2026-07-17 09:54:18.182916,0.3200517828427371,lstm
SVC-000053,EVT-0039754,2026-07-17 09:54:39.039093,0.7503573225267591,lstm
SVC-000024,EVT-0039755,2026-07-17 09:54:44.974943,0.44457354553183,lstm
USR-000051,EVT-0039756,2026-07-17 09:55:47.372369,0.5746375569494893,lstm
USR-000172,EVT-0039757,2026-07-17 09:58:12.461014,0.24662489755889874,lstm
USR-000087,EVT-0039758,2026-07-17 09:58:50.071994,0.5003492114483064,lstm
SVC-000024,EVT-0039759,2026-07-17 09:59:47.753870,0.5135496013497927,lstm
SVC-000042,EVT-0039760,2026-07-17 10:00:05.133123,0.2239183115769872,lstm
SVC-000024,EVT-0039761,2026-07-17 10:00:12.849588,0.578780694531458,lstm
USR-000048,EVT-0039762,2026-07-17 10:01:16.963791,0.6610931595687465,lstm
SVC-000016,EVT-0039763,2026-07-17 10:02:22.089774,0.4120098065626646,lstm
SVC-000013,EVT-0039764,2026-07-17 10:03:23.493374,0.8427804156968968,lstm
SVC-000053,EVT-0039765,2026-07-17 10:04:54.866711,0.4340956909003488,lstm
SVC-000021,EVT-0039766,2026-07-17 10:04:59.036396,0.9806605284233662,lstm
SVC-000024,EVT-0039767,2026-07-17 10:06:27.787353,0.2642436662024318,lstm
USR-000135,EVT-0039768,2026-07-17 10:06:36.577977,0.5661929715582618,lstm
SVC-000016,EVT-0039769,2026-07-17 10:06:55.388472,0.6198145957995355,lstm
SVC-000024,EVT-0039770,2026-07-17 10:07:20.113825,0.563924687045142,lstm
SVC-000039,EVT-0039771,2026-07-17 10:08:12.749396,0.5425902431126675,lstm
USR-000129,EVT-0039772,2026-07-17 10:09:18.980825,0.2782506934446619,lstm
SVC-000039,EVT-0039773,2026-07-17 10:09:44.016470,0.631694097801515,lstm
USR-000066,EVT-0039774,2026-07-17 10:10:48.555530,0.612029191441125,lstm
USR-000206,EVT-0039775,2026-07-17 10:12:25.672323,0.26939587108614327,lstm
USR-000057,EVT-0039776,2026-07-17 10:13:28.563370,0.9310113364199083,lstm
USR-000072,EVT-0039777,2026-07-17 10:13:50.812246,0.4816363255792492,lstm
SVC-000042,EVT-0039778,2026-07-17 10:16:04.183146,0.23778818328386717,lstm
USR-000200,EVT-0039779,2026-07-17 10:17:05.733329,0.48951051816815927,lstm
DEV-000019,EVT-0039780,2026-07-17 10:17:24.172544,0.9958221696743398,lstm
USR-000205,EVT-0039781,2026-07-17 10:18:06.714974,0.4453998321319957,lstm
SVC-000042,EVT-0039782,2026-07-17 10:18:35.379900,0.32752870587451827,lstm
USR-000120,EVT-0039783,2026-07-17 10:19:26.418558,0.45362056548915247,lstm
USR-000059,EVT-0039784,2026-07-17 10:19:33.164139,0.4196317268277502,lstm
DEV-000007,EVT-0039785,2026-07-17 10:21:09.640988,0.17188446840715585,lstm
DEV-000008,EVT-0039786,2026-07-17 10:21:33.077343,0.7391254098322517,lstm
USR-000049,EVT-0039787,2026-07-17 10:23:47.283156,0.9071614134068298,lstm
USR-000133,EVT-0039788,2026-07-17 10:23:58.113298,0.9166938581852532,lstm
SVC-000024,EVT-0039789,2026-07-17 10:24:07.554080,0.46924058990773426,lstm
USR-000095,EVT-0039790,2026-07-17 10:24:59.677543,0.2487450601652387,lstm
USR-000024,EVT-0039791,2026-07-17 10:26:09.218465,0.8859027964755201,lstm
USR-000162,EVT-0039792,2026-07-17 10:27:48.431361,0.3905169518870149,lstm
USR-000013,EVT-0039793,2026-07-17 10:27:58.770737,0.96566005506999,lstm
USR-000171,EVT-0039794,2026-07-17 10:29:36.614573,0.5176517425251508,lstm
SVC-000013,EVT-0039795,2026-07-17 10:30:07.300366,0.46568435440661404,lstm
USR-000190,EVT-0039796,2026-07-17 10:30:09.024471,0.996112787584308,lstm
USR-000051,EVT-0039797,2026-07-17 10:31:57.094483,0.7644359387945754,lstm
USR-000056,EVT-0039798,2026-07-17 10:32:48.339333,0.9999952661329665,lstm
USR-000171,EVT-0039799,2026-07-17 10:33:17.062948,0.6254614737969403,lstm
DEV-000006,EVT-0039800,2026-07-17 10:34:23.978534,0.6264526837326247,lstm
DEV-000026,EVT-0039801,2026-07-17 10:34:46.892062,0.5762496635413938,lstm
SVC-000001,EVT-0039802,2026-07-17 10:36:01.469707,0.9611097488897727,lstm
USR-000176,EVT-0039803,2026-07-17 10:37:17.976016,0.6808156033526448,lstm
SVC-000013,EVT-0039804,2026-07-17 10:38:32.406171,0.4107106545469183,lstm
SVC-000013,EVT-0039805,2026-07-17 10:38:59.705441,0.6380212349887372,lstm
USR-000031,EVT-0039806,2026-07-17 10:39:25.731519,0.2485572716041728,lstm
USR-000137,EVT-0039807,2026-07-17 10:40:31.729451,0.33174984362213655,lstm
SVC-000016,EVT-0039808,2026-07-17 10:40:39.760731,0.5896716056509976,lstm
SVC-000053,EVT-0039809,2026-07-17 10:41:27.473356,0.546188557953302,lstm
SVC-000008,EVT-0039810,2026-07-17 10:43:11.725008,0.3938069575380357,lstm
SVC-000042,EVT-0039811,2026-07-17 10:43:51.593342,0.22392513191019645,lstm
USR-000190,EVT-0039812,2026-07-17 10:46:04.011388,0.9763964814891191,lstm
USR-000099,EVT-0039813,2026-07-17 10:46:23.530849,0.2808154620597599,lstm
USR-000069,EVT-0039814,2026-07-17 10:46:23.757242,0.8729949770771186,lstm
SVC-000024,EVT-0039815,2026-07-17 10:46:31.957909,0.4535028444783306,lstm
SVC-000013,EVT-0039816,2026-07-17 10:46:38.396398,0.3526324651280881,lstm
USR-000035,EVT-0039817,2026-07-17 10:47:41.915384,0.8537927798689271,lstm
USR-000041,EVT-0039818,2026-07-17 10:47:52.532111,0.4075909778128636,lstm
SVC-000039,EVT-0039819,2026-07-17 10:49:06.006606,0.4606071910592584,lstm
DEV-000006,EVT-0039820,2026-07-17 10:49:21.336648,0.7418394461941064,lstm
USR-000177,EVT-0039821,2026-07-17 10:53:25.991834,0.31078469991290103,lstm
USR-000111,EVT-0039822,2026-07-17 10:54:01.532430,0.46175128867236465,lstm
USR-000015,EVT-0039823,2026-07-17 10:54:15.256284,0.44299920130094017,lstm
SVC-000013,EVT-0039824,2026-07-17 10:55:14.881879,0.5167070099546335,lstm
USR-000199,EVT-0039825,2026-07-17 10:55:36.778310,0.7645919251393715,lstm
USR-000213,EVT-0039826,2026-07-17 10:58:50.495202,0.3489372389658701,lstm
SVC-000050,EVT-0039827,2026-07-17 10:59:50.832064,0.9853977462892823,lstm
SVC-000042,EVT-0039828,2026-07-17 10:59:52.450147,0.21840798572398915,lstm
SVC-000001,EVT-0039829,2026-07-17 11:00:55.674049,0.48184665421290124,lstm
DEV-000002,EVT-0039830,2026-07-17 11:02:47.970647,0.1440527839064752,lstm
SVC-000053,EVT-0039831,2026-07-17 11:03:55.263506,0.3802614464599716,lstm
SVC-000008,EVT-0039832,2026-07-17 11:04:36.189358,0.4035540172354079,lstm
USR-000099,EVT-0039833,2026-07-17 11:04:44.974498,0.3354960068570533,lstm
USR-000006,EVT-0039834,2026-07-17 11:04:47.961848,0.9463965598149849,lstm
USR-000038,EVT-0039835,2026-07-17 11:05:08.394559,0.44497274447953183,lstm
USR-000051,EVT-0039836,2026-07-17 11:06:33.283475,0.44080110752616347,lstm
USR-000177,EVT-0039837,2026-07-17 11:07:08.042750,0.35200772301011035,lstm
USR-000059,EVT-0039838,2026-07-17 11:07:10.924027,0.5279429419106967,lstm
USR-000114,EVT-0039839,2026-07-17 11:07:23.071771,0.6901449225502255,lstm
USR-000015,EVT-0039840,2026-07-17 11:08:21.956836,0.43612569364589826,lstm
SVC-000053,EVT-0039841,2026-07-17 11:09:57.424054,0.6653652656115429,lstm
USR-000213,EVT-0039842,2026-07-17 11:10:55.259507,0.5949871411924047,lstm
DEV-000011,EVT-0039843,2026-07-17 11:11:19.196476,0.4710741137452411,lstm
USR-000151,EVT-0039844,2026-07-17 11:11:37.034437,0.5097393079691643,lstm
USR-000200,EVT-0039845,2026-07-17 11:12:50.115966,0.27430436413823456,lstm
DEV-000002,EVT-0039846,2026-07-17 11:12:54.392855,0.32811809306167194,lstm
USR-000111,EVT-0039847,2026-07-17 11:13:34.146977,0.2939704454442117,lstm
USR-000048,EVT-0039848,2026-07-17 11:15:18.881854,0.5386499822130629,lstm
SVC-000024,EVT-0039849,2026-07-17 11:16:33.794527,0.5469231429549583,lstm
SVC-000021,EVT-0039850,2026-07-17 11:16:58.934562,0.5704393663152001,lstm
SVC-000013,EVT-0039851,2026-07-17 11:17:23.909827,0.6177736123765709,lstm
USR-000093,EVT-0039852,2026-07-17 11:18:57.520583,0.346547256405114,lstm
USR-000190,EVT-0039853,2026-07-17 11:19:20.726795,0.9714155539334006,lstm
USR-000032,EVT-0039854,2026-07-17 11:19:28.426871,0.7574491522505176,lstm
SVC-000021,EVT-0039855,2026-07-17 11:20:47.158754,0.7479812842625833,lstm
USR-000007,EVT-0039856,2026-07-17 11:21:28.406609,0.6109197243545239,lstm
USR-000008,EVT-0039857,2026-07-17 11:22:55.405899,0.23582013038517635,lstm
USR-000121,EVT-0039858,2026-07-17 11:24:35.993908,0.295038471644728,lstm
USR-000099,EVT-0039859,2026-07-17 11:26:19.123263,0.5211109477412433,lstm
USR-000095,EVT-0039860,2026-07-17 11:26:57.403597,0.3106636564048537,lstm
USR-000212,EVT-0039861,2026-07-17 11:28:23.468602,0.44575653556643574,lstm
USR-000191,EVT-0039862,2026-07-17 11:30:49.999743,0.4057119578803635,lstm
USR-000169,EVT-0039863,2026-07-17 11:31:20.161204,0.2465484134464508,lstm
SVC-000053,EVT-0039864,2026-07-17 11:32:49.484209,0.29432038457610743,lstm
SVC-000013,EVT-0039865,2026-07-17 11:34:46.862640,0.5896853861601794,lstm
SVC-000039,EVT-0039866,2026-07-17 11:37:09.815118,0.5507242034317009,lstm
USR-000013,EVT-0039867,2026-07-17 11:37:20.355549,0.6222726138621051,lstm
SVC-000053,EVT-0039868,2026-07-17 11:37:54.172496,0.4249056030783064,lstm
SVC-000021,EVT-0039869,2026-07-17 11:39:41.012478,0.315541949095837,lstm
USR-000051,EVT-0039870,2026-07-17 11:43:48.637763,0.5582543949458112,lstm
USR-000064,EVT-0039871,2026-07-17 11:43:51.161341,0.8023938351567091,lstm
SVC-000053,EVT-0039872,2026-07-17 11:46:26.805647,0.561724412381758,lstm
SVC-000001,EVT-0039873,2026-07-17 11:47:27.579060,0.36701156338754365,lstm
USR-000031,EVT-0039874,2026-07-17 11:49:31.333592,0.3140521261836942,lstm
DEV-000011,EVT-0039875,2026-07-17 11:51:12.048908,0.455919653989615,lstm
SVC-000053,EVT-0039876,2026-07-17 11:53:09.970853,0.5775662015292398,lstm
USR-000169,EVT-0039877,2026-07-17 11:55:27.705368,0.3370266772740418,lstm
SVC-000021,EVT-0039878,2026-07-17 11:55:59.652055,0.7006849143766756,lstm
USR-000193,EVT-0039879,2026-07-17 11:57:47.898529,0.9398684711616196,lstm
USR-000169,EVT-0039880,2026-07-17 11:58:18.963877,0.9894764900266906,lstm
USR-000140,EVT-0039881,2026-07-17 12:00:24.644498,0.8966924631747722,lstm
DEV-000025,EVT-0039882,2026-07-17 12:00:27.380365,0.7982937546143832,lstm
USR-000066,EVT-0039883,2026-07-17 12:02:58.729872,0.4022962749142832,lstm
SVC-000053,EVT-0039884,2026-07-17 12:05:09.539170,0.535939576659755,lstm
SVC-000008,EVT-0039885,2026-07-17 12:06:35.884156,0.41808308914906717,lstm
USR-000007,EVT-0039886,2026-07-17 12:06:45.570464,0.47055700351798446,lstm
USR-000206,EVT-0039887,2026-07-17 12:08:23.651990,0.21155888786049476,lstm
USR-000003,EVT-0039888,2026-07-17 12:09:48.998056,0.7249717995476828,lstm
SVC-000039,EVT-0039889,2026-07-17 12:10:39.337867,0.5813442149299733,lstm
USR-000078,EVT-0039890,2026-07-17 12:11:51.548401,0.24539918348712697,lstm
DEV-000004,EVT-0039891,2026-07-17 12:11:54.470714,0.44556768880171255,lstm
SVC-000039,EVT-0039892,2026-07-17 12:11:58.612493,0.7329702872737998,lstm
USR-000093,EVT-0039893,2026-07-17 12:12:00.230244,0.35647594110869213,lstm
USR-000051,EVT-0039894,2026-07-17 12:14:34.099308,0.7295375671691428,lstm
SVC-000008,EVT-0039895,2026-07-17 12:14:58.842289,0.4986017620924944,lstm
USR-000021,EVT-0039896,2026-07-17 12:15:04.236211,0.3161486895358167,lstm
USR-000016,EVT-0039897,2026-07-17 12:16:13.760857,0.2489189008244499,lstm
DEV-000003,EVT-0039898,2026-07-17 12:17:23.913625,0.2749289034599308,lstm
USR-000043,EVT-0039899,2026-07-17 12:18:37.752994,0.9937034018203177,lstm
SVC-000001,EVT-0039900,2026-07-17 12:21:28.140555,0.23043694729943576,lstm
SVC-000008,EVT-0039901,2026-07-17 12:21:37.039583,0.4888870101094366,lstm
DEV-000019,EVT-0039902,2026-07-17 12:21:50.266160,0.9893824970004195,lstm
USR-000129,EVT-0039903,2026-07-17 12:22:04.784491,0.34565912711107005,lstm
SVC-000043,EVT-0039904,2026-07-17 12:24:04.712184,0.9440379270520951,lstm
SVC-000034,EVT-0039905,2026-07-17 12:24:31.342430,0.8258181775176545,lstm
USR-000133,EVT-0039906,2026-07-17 12:24:33.108412,0.546227310568025,lstm
SVC-000021,EVT-0039907,2026-07-17 12:24:48.467683,0.3632847977036283,lstm
USR-000061,EVT-0039908,2026-07-17 12:25:02.973222,0.7169986758980682,lstm
DEV-000003,EVT-0039909,2026-07-17 12:25:18.979769,0.6774718057721644,lstm
USR-000210,EVT-0039910,2026-07-17 12:25:42.371136,0.6644066954048383,lstm
USR-000043,EVT-0039911,2026-07-17 12:26:13.905589,0.6523748315983408,lstm
SVC-000034,EVT-0039912,2026-07-17 12:26:16.046798,0.8227016131427132,lstm
USR-000021,EVT-0039913,2026-07-17 12:28:53.085363,0.4145003893777237,lstm
USR-000035,EVT-0039914,2026-07-17 12:29:28.982929,0.5707170156535434,lstm
SVC-000001,EVT-0039915,2026-07-17 12:29:33.349801,0.32042123778130466,lstm
USR-000183,EVT-0039916,2026-07-17 12:30:45.425338,0.6687322248924725,lstm
USR-000066,EVT-0039917,2026-07-17 12:31:25.232935,0.30758640373255247,lstm
USR-000013,EVT-0039918,2026-07-17 12:31:31.207469,0.5670458267740079,lstm
USR-000136,EVT-0039919,2026-07-17 12:31:59.995043,0.7153444788291475,lstm
USR-000145,EVT-0039920,2026-07-17 12:32:29.974864,0.7309887724135409,lstm
USR-000004,EVT-0039921,2026-07-17 12:35:03.127419,0.5349780426052941,lstm
USR-000010,EVT-0039922,2026-07-17 12:36:09.820877,0.5187512909506661,lstm
USR-000078,EVT-0039923,2026-07-17 12:36:26.639019,0.29821905012185085,lstm
SVC-000049,EVT-0039924,2026-07-17 12:40:05.046133,0.9641873828080482,lstm
SVC-000021,EVT-0039925,2026-07-17 12:40:44.879950,0.3899509955193176,lstm
USR-000028,EVT-0039926,2026-07-17 12:41:14.121668,0.6705517473594639,lstm
DEV-000002,EVT-0039927,2026-07-17 12:42:11.663512,0.18671195632783658,lstm
USR-000053,EVT-0039928,2026-07-17 12:44:47.341723,0.35471299610019413,lstm
USR-000023,EVT-0039929,2026-07-17 12:44:56.588670,0.9484828305717411,lstm
USR-000183,EVT-0039930,2026-07-17 12:46:21.142232,0.7206486884225709,lstm
SVC-000008,EVT-0039931,2026-07-17 12:46:52.319037,0.7807051129237035,lstm
DEV-000001,EVT-0039932,2026-07-17 12:47:28.341134,0.6148830922987862,lstm
USR-000205,EVT-0039933,2026-07-17 12:47:30.904673,0.5886076791296856,lstm
USR-000093,EVT-0039934,2026-07-17 12:47:38.650869,0.4079962551729297,lstm
USR-000160,EVT-0039935,2026-07-17 12:48:09.583164,0.3261066215468039,lstm
USR-000129,EVT-0039936,2026-07-17 12:49:55.574437,0.4129707616768671,lstm
USR-000130,EVT-0039937,2026-07-17 12:49:56.154120,0.7751408253430974,lstm
SVC-000034,EVT-0039938,2026-07-17 12:52:06.683593,0.3021241767884368,lstm
USR-000190,EVT-0039939,2026-07-17 12:52:53.091405,0.9907694874249611,lstm
DEV-000015,EVT-0039940,2026-07-17 12:54:05.632670,0.60084025848216,lstm
USR-000042,EVT-0039941,2026-07-17 12:56:42.140040,0.5567640344486826,lstm
USR-000190,EVT-0039942,2026-07-17 12:56:48.899339,0.8915495678906458,lstm
USR-000111,EVT-0039943,2026-07-17 12:59:58.774119,0.31876265698247036,lstm
USR-000024,EVT-0039944,2026-07-17 13:00:10.459859,0.7189199594225094,lstm
SVC-000001,EVT-0039945,2026-07-17 13:00:37.003478,0.29946043926466276,lstm
USR-000209,EVT-0039946,2026-07-17 13:01:07.002218,0.8101414701666095,lstm
USR-000207,EVT-0039947,2026-07-17 13:01:18.304993,0.5428184586749475,lstm
SVC-000021,EVT-0039948,2026-07-17 13:01:24.302792,0.7645947477862025,lstm
SVC-000034,EVT-0039949,2026-07-17 13:04:05.138223,0.4701202541045646,lstm
DEV-000023,EVT-0039950,2026-07-17 13:04:30.751315,0.5644020289040572,lstm
USR-000072,EVT-0039951,2026-07-17 13:04:51.585896,0.9364910586859306,lstm
USR-000206,EVT-0039952,2026-07-17 13:05:25.776925,0.24210941704109615,lstm
USR-000183,EVT-0039953,2026-07-17 13:06:01.362205,0.918728912013155,lstm
SVC-000017,EVT-0039954,2026-07-17 13:06:04.191634,0.9989900998404397,lstm
USR-000187,EVT-0039955,2026-07-17 13:06:10.041304,0.3233959488848411,lstm
USR-000038,EVT-0039956,2026-07-17 13:07:07.684341,0.3384506998486801,lstm
USR-000140,EVT-0039957,2026-07-17 13:07:33.647599,0.4094433103521452,lstm
USR-000193,EVT-0039958,2026-07-17 13:07:51.045453,0.542990421624785,lstm
SVC-000049,EVT-0039959,2026-07-17 13:07:55.701920,0.8694672221542823,lstm
SVC-000017,EVT-0039960,2026-07-17 13:08:00.215204,0.9365129903004872,lstm
USR-000160,EVT-0039961,2026-07-17 13:09:21.750598,0.2535700487625283,lstm
USR-000007,EVT-0039962,2026-07-17 13:09:33.598068,0.36407120785462704,lstm
SVC-000039,EVT-0039963,2026-07-17 13:11:03.558449,0.6637189229139485,lstm
USR-000151,EVT-0039964,2026-07-17 13:12:08.869508,0.6453423971168056,lstm
USR-000193,EVT-0039965,2026-07-17 13:12:09.812896,0.666683949468123,lstm
USR-000023,EVT-0039966,2026-07-17 13:14:28.331465,0.7214286709021571,lstm
SVC-000017,EVT-0039967,2026-07-17 13:14:53.285539,0.7188819458510051,lstm
DEV-000003,EVT-0039968,2026-07-17 13:15:44.655212,0.31167019802224505,lstm
USR-000108,EVT-0039969,2026-07-17 13:16:31.458320,0.7197556761529587,lstm
SVC-000034,EVT-0039970,2026-07-17 13:17:46.342233,0.43978420564022463,lstm
SVC-000043,EVT-0039971,2026-07-17 13:19:56.962828,0.3126147959010871,lstm
USR-000077,EVT-0039972,2026-07-17 13:20:34.205322,0.8813449413545899,lstm
SVC-000034,EVT-0039973,2026-07-17 13:21:16.174017,0.9387933538544889,lstm
USR-000008,EVT-0039974,2026-07-17 13:21:22.981176,0.21613879570126404,lstm
USR-000038,EVT-0039975,2026-07-17 13:21:46.953212,0.45843774461922826,lstm
USR-000023,EVT-0039976,2026-07-17 13:23:27.082452,0.6855739305823781,lstm
SVC-000017,EVT-0039977,2026-07-17 13:24:11.007152,0.723540236029254,lstm
USR-000208,EVT-0039978,2026-07-17 13:25:45.973584,0.8901147256672042,lstm
USR-000049,EVT-0039979,2026-07-17 13:25:51.083604,0.6343172829739171,lstm
USR-000069,EVT-0039980,2026-07-17 13:25:57.857910,0.41006483448433984,lstm
USR-000008,EVT-0039981,2026-07-17 13:26:15.878695,0.4349558482031054,lstm
USR-000198,EVT-0039982,2026-07-17 13:26:28.269329,0.8811195530833215,lstm
USR-000176,EVT-0039983,2026-07-17 13:27:33.731238,0.3308253072277977,lstm
USR-000140,EVT-0039984,2026-07-17 13:28:14.367799,0.46465208577699496,lstm
USR-000040,EVT-0039985,2026-07-17 13:28:37.411688,0.6655596618326156,lstm
USR-000099,EVT-0039986,2026-07-17 13:28:41.932132,0.32153818829369885,lstm
USR-000024,EVT-0039987,2026-07-17 13:29:33.349757,0.6106972646935325,lstm
DEV-000001,EVT-0039988,2026-07-17 13:30:29.214463,0.5857508931538575,lstm
USR-000205,EVT-0039989,2026-07-17 13:30:39.798540,0.2991627251223962,lstm
USR-000030,EVT-0039990,2026-07-17 13:31:00.871547,0.7695516277463287,lstm
USR-000048,EVT-0039991,2026-07-17 13:31:12.594313,0.46434406703394543,lstm
USR-000209,EVT-0039992,2026-07-17 13:31:30.373980,0.5323479381373349,lstm
USR-000028,EVT-0039993,2026-07-17 13:32:01.611465,0.6663710433702823,lstm
USR-000144,EVT-0039994,2026-07-17 13:35:46.693993,0.6794536752991112,lstm
USR-000037,EVT-0039995,2026-07-17 13:36:14.983245,0.7591571195507227,lstm
USR-000111,EVT-0039996,2026-07-17 13:38:23.649767,0.36905752022136584,lstm
USR-000060,EVT-0039997,2026-07-17 13:40:23.867455,0.4076442007143363,lstm
USR-000146,EVT-0039998,2026-07-17 13:40:31.116875,0.7245571338071787,lstm
USR-000021,EVT-0039999,2026-07-17 13:40:48.237768,0.2508166008339444,lstm
USR-000111,EVT-0040000,2026-07-17 13:42:53.928854,0.5777737751610119,lstm
USR-000041,EVT-0040001,2026-07-17 13:43:57.809347,0.596747091743504,lstm
SVC-000043,EVT-0040002,2026-07-17 13:45:18.324440,0.26620108865241254,lstm
USR-000064,EVT-0040003,2026-07-17 13:45:38.429395,0.3331946727674479,lstm
USR-000095,EVT-0040004,2026-07-17 13:45:39.699017,0.5037045370464523,lstm
USR-000040,EVT-0040005,2026-07-17 13:45:54.416163,0.33305394163618524,lstm
DEV-000002,EVT-0040006,2026-07-17 13:46:26.200655,0.17802201439971901,lstm
SVC-000008,EVT-0040007,2026-07-17 13:46:48.721733,0.5160780848005944,lstm
USR-000093,EVT-0040008,2026-07-17 13:46:59.968448,0.4248266797359317,lstm
SVC-000017,EVT-0040009,2026-07-17 13:47:07.151548,0.6477794085110139,lstm
USR-000159,EVT-0040010,2026-07-17 13:47:22.807114,0.48731636509407594,lstm
USR-000030,EVT-0040011,2026-07-17 13:47:48.432049,0.5773928749996918,lstm
DEV-000021,EVT-0040012,2026-07-17 13:48:10.197025,0.4242201154076334,lstm
USR-000028,EVT-0040013,2026-07-17 13:52:06.819462,0.4735586529046581,lstm
USR-000064,EVT-0040014,2026-07-17 13:56:08.530444,0.6070025995289361,lstm
SVC-000043,EVT-0040015,2026-07-17 13:57:26.249491,0.32239696622415914,lstm
USR-000006,EVT-0040016,2026-07-17 13:57:45.966970,0.4933122491687966,lstm
SVC-000050,EVT-0040017,2026-07-17 13:58:12.108587,0.6291818041810441,lstm
USR-000056,EVT-0040018,2026-07-17 13:58:43.483927,0.8378814263540746,lstm
USR-000043,EVT-0040019,2026-07-17 13:59:06.970717,0.5200652971834334,lstm
SVC-000026,EVT-0040020,2026-07-17 14:01:23.213635,0.9936283000078154,lstm
SVC-000028,EVT-0040021,2026-07-17 14:01:41.692420,0.9920715026947079,lstm
USR-000066,EVT-0040022,2026-07-17 14:02:34.438435,0.3358517114086825,lstm
USR-000136,EVT-0040023,2026-07-17 14:03:04.721803,0.3072118813224463,lstm
SVC-000027,EVT-0040024,2026-07-17 14:03:38.246872,0.9983203530243028,lstm
USR-000096,EVT-0040025,2026-07-17 14:06:06.011058,0.5496170279582494,lstm
SVC-000022,EVT-0040026,2026-07-17 14:06:10.778836,0.8511350463166317,lstm
DEV-000021,EVT-0040027,2026-07-17 14:06:41.892338,0.5746621735749478,lstm
USR-000099,EVT-0040028,2026-07-17 14:07:50.789447,0.3741120871862664,lstm
USR-000040,EVT-0040029,2026-07-17 14:08:07.620999,0.4282157962668274,lstm
SVC-000027,EVT-0040030,2026-07-17 14:08:29.746805,0.8027519151686693,lstm
USR-000066,EVT-0040031,2026-07-17 14:09:05.359035,0.5817772291802853,lstm
SVC-000050,EVT-0040032,2026-07-17 14:10:22.575071,0.37373338269184075,lstm
USR-000104,EVT-0040033,2026-07-17 14:10:27.701990,0.36070859010168294,lstm
USR-000023,EVT-0040034,2026-07-17 14:11:02.282185,0.4387738179503374,lstm
USR-000056,EVT-0040035,2026-07-17 14:11:11.601419,0.7603362054949735,lstm
USR-000161,EVT-0040036,2026-07-17 14:12:19.098428,0.5975241380431894,lstm
USR-000193,EVT-0040037,2026-07-17 14:12:34.819956,0.31180562676424395,lstm
SVC-000008,EVT-0040038,2026-07-17 14:12:48.460227,0.8570727739465707,lstm
USR-000208,EVT-0040039,2026-07-17 14:13:01.249922,0.4909515676172164,lstm
SVC-000001,EVT-0040040,2026-07-17 14:13:12.356076,0.3471788473243342,lstm
USR-000151,EVT-0040041,2026-07-17 14:13:22.837586,0.6520539326618621,lstm
USR-000126,EVT-0040042,2026-07-17 14:14:15.894730,0.8822503364416605,lstm
USR-000212,EVT-0040043,2026-07-17 14:15:29.494105,0.31040469492620715,lstm
USR-000130,EVT-0040044,2026-07-17 14:15:50.667880,0.47026844435928095,lstm
USR-000120,EVT-0040045,2026-07-17 14:15:57.114286,0.2660727238203735,lstm
USR-000083,EVT-0040046,2026-07-17 14:16:15.258549,0.3356998326104791,lstm
SVC-000022,EVT-0040047,2026-07-17 14:16:40.223369,0.2898120764103937,lstm
SVC-000049,EVT-0040048,2026-07-17 14:17:18.004375,0.5067501943922914,lstm
USR-000171,EVT-0040049,2026-07-17 14:17:19.644976,0.6460992577459322,lstm
USR-000171,EVT-0040050,2026-07-17 14:18:01.900885,0.8451632723163811,lstm
USR-000052,EVT-0040051,2026-07-17 14:18:06.198215,0.3747742197261025,lstm
SVC-000049,EVT-0040052,2026-07-17 14:18:08.101281,0.820196877152296,lstm
SVC-000001,EVT-0040053,2026-07-17 14:18:08.543890,0.5200631138759514,lstm
SVC-000028,EVT-0040054,2026-07-17 14:18:11.628792,0.3126890303477062,lstm
USR-000061,EVT-0040055,2026-07-17 14:18:20.827638,0.6589969689352894,lstm
USR-000108,EVT-0040056,2026-07-17 14:18:29.311124,0.5134552906763562,lstm
USR-000063,EVT-0040057,2026-07-17 14:19:27.083993,0.9015056375875091,lstm
SVC-000027,EVT-0040058,2026-07-17 14:20:14.047246,0.6557970268552494,lstm
SVC-000043,EVT-0040059,2026-07-17 14:20:52.909939,0.2517384546711643,lstm
SVC-000017,EVT-0040060,2026-07-17 14:21:06.309745,0.5431059132105449,lstm
SVC-000050,EVT-0040061,2026-07-17 14:21:11.301723,0.42261973084523685,lstm
USR-000126,EVT-0040062,2026-07-17 14:23:03.625159,0.7368396260179159,lstm
USR-000109,EVT-0040063,2026-07-17 14:28:36.706822,0.8595949849539167,lstm
SVC-000027,EVT-0040064,2026-07-17 14:29:05.098521,0.44331555185365257,lstm
USR-000012,EVT-0040065,2026-07-17 14:30:11.455968,0.743218560493904,lstm
USR-000030,EVT-0040066,2026-07-17 14:30:19.299620,0.37004126150584443,lstm
USR-000044,EVT-0040067,2026-07-17 14:33:15.080359,0.9999600503774987,lstm
DEV-000012,EVT-0040068,2026-07-17 14:33:17.357040,0.4771623805433829,lstm
SVC-000050,EVT-0040069,2026-07-17 14:34:34.564395,0.39653771982604563,lstm
USR-000064,EVT-0040070,2026-07-17 14:35:09.330803,0.327219654741993,lstm
USR-000161,EVT-0040071,2026-07-17 14:35:37.964834,0.4426925737328025,lstm
USR-000012,EVT-0040072,2026-07-17 14:36:28.412026,0.8263380890633775,lstm
USR-000043,EVT-0040073,2026-07-17 14:36:39.980098,0.4978408486192489,lstm
SVC-000026,EVT-0040074,2026-07-17 14:38:16.954364,0.6153888426345767,lstm
USR-000003,EVT-0040075,2026-07-17 14:38:34.287940,0.39295674389762986,lstm
SVC-000022,EVT-0040076,2026-07-17 14:38:42.838740,0.24423663900342948,lstm
SVC-000028,EVT-0040077,2026-07-17 14:42:29.545138,0.31953859204401275,lstm
USR-000202,EVT-0040078,2026-07-17 14:42:50.448672,0.3668739839164828,lstm
USR-000197,EVT-0040079,2026-07-17 14:42:57.679941,0.5398581354134658,lstm
SVC-000027,EVT-0040080,2026-07-17 14:43:11.502098,0.6033163106262043,lstm
SVC-000039,EVT-0040081,2026-07-17 14:44:07.739105,0.8636647619146526,lstm
USR-000173,EVT-0040082,2026-07-17 14:45:50.161613,0.37696829228675366,lstm
SVC-000028,EVT-0040083,2026-07-17 14:45:59.756654,0.7843022690677027,lstm
SVC-000012,EVT-0040084,2026-07-17 14:47:56.716599,0.9998672119278084,lstm
SVC-000010,EVT-0040085,2026-07-17 14:48:03.983255,0.9860999673976792,lstm
USR-000037,EVT-0040086,2026-07-17 14:48:23.680449,0.3219255056315802,lstm
USR-000077,EVT-0040087,2026-07-17 14:49:21.097282,0.6575261642549626,lstm
USR-000160,EVT-0040088,2026-07-17 14:51:04.966249,0.28805364203938677,lstm
USR-000042,EVT-0040089,2026-07-17 14:52:10.073127,0.5743973640396456,lstm
USR-000120,EVT-0040090,2026-07-17 14:52:21.616335,0.3763132600727942,lstm
SVC-000012,EVT-0040091,2026-07-17 14:52:44.801395,0.9547766788822638,lstm
SVC-000049,EVT-0040092,2026-07-17 14:52:55.088555,0.240951629323734,lstm
USR-000035,EVT-0040093,2026-07-17 14:53:29.182548,0.4922727574699123,lstm
USR-000061,EVT-0040094,2026-07-17 14:53:53.830230,0.45161570395045286,lstm
SVC-000027,EVT-0040095,2026-07-17 14:55:02.145011,0.5866282914521437,lstm
SVC-000027,EVT-0040096,2026-07-17 14:57:47.533938,0.7348315060705581,lstm
SVC-000036,EVT-0040097,2026-07-17 14:58:48.404774,0.9995601151319776,lstm
SVC-000026,EVT-0040098,2026-07-17 14:58:52.270546,0.4608416596058852,lstm
DEV-000002,EVT-0040099,2026-07-17 14:58:59.698285,0.28563614639167373,lstm
USR-000056,EVT-0040100,2026-07-17 14:59:08.443403,0.6096959070547288,lstm
DEV-000014,EVT-0040101,2026-07-17 14:59:14.918406,0.513812504953932,lstm
USR-000003,EVT-0040102,2026-07-17 15:01:29.208243,0.4486860860210632,lstm
SVC-000010,EVT-0040103,2026-07-17 15:01:29.355531,0.5167275985226785,lstm
USR-000137,EVT-0040104,2026-07-17 15:02:27.893377,0.6027075037559391,lstm
SVC-000049,EVT-0040105,2026-07-17 15:02:51.665723,0.30249435804020386,lstm
USR-000030,EVT-0040106,2026-07-17 15:03:20.156481,0.32574309977697347,lstm
USR-000212,EVT-0040107,2026-07-17 15:03:36.845980,0.18993847602929514,lstm
USR-000152,EVT-0040108,2026-07-17 15:07:30.898458,0.45837700650559765,lstm
USR-000003,EVT-0040109,2026-07-17 15:09:05.160335,0.48862290947342263,lstm
USR-000097,EVT-0040110,2026-07-17 15:09:52.012296,0.5995366410147213,lstm
SVC-000028,EVT-0040111,2026-07-17 15:10:42.743453,0.2972085718972084,lstm
USR-000064,EVT-0040112,2026-07-17 15:11:12.404320,0.4579143444955715,lstm
USR-000126,EVT-0040113,2026-07-17 15:11:35.976305,0.2907006404739651,lstm
USR-000095,EVT-0040114,2026-07-17 15:11:47.308066,0.4901366863717517,lstm
USR-000028,EVT-0040115,2026-07-17 15:12:01.226709,0.4556409090792559,lstm
DEV-000023,EVT-0040116,2026-07-17 15:12:08.952306,0.46094050149892585,lstm
USR-000093,EVT-0040117,2026-07-17 15:12:33.317868,0.5595608554316416,lstm
SVC-000049,EVT-0040118,2026-07-17 15:13:04.949737,0.9132707272091313,lstm
SVC-000036,EVT-0040119,2026-07-17 15:13:22.124046,0.3876922245184344,lstm
USR-000061,EVT-0040120,2026-07-17 15:14:05.672119,0.5879932098053218,lstm
SVC-000026,EVT-0040121,2026-07-17 15:14:10.535732,0.25065014677101094,lstm
USR-000064,EVT-0040122,2026-07-17 15:14:28.176070,0.5032248918591974,lstm
USR-000197,EVT-0040123,2026-07-17 15:14:46.413530,0.31513400826725657,lstm
SVC-000027,EVT-0040124,2026-07-17 15:16:33.763261,0.5075017804249783,lstm
SVC-000033,EVT-0040125,2026-07-17 15:16:53.088994,0.9801768547704618,lstm
USR-000110,EVT-0040126,2026-07-17 15:18:16.038005,0.9081000547181411,lstm
SVC-000036,EVT-0040127,2026-07-17 15:19:25.460114,0.34174094492305784,lstm
USR-000202,EVT-0040128,2026-07-17 15:19:32.470104,0.3354643695806114,lstm
SVC-000026,EVT-0040129,2026-07-17 15:20:10.898763,0.25493327713621533,lstm
SVC-000033,EVT-0040130,2026-07-17 15:20:31.992252,0.7799120303893287,lstm
USR-000212,EVT-0040131,2026-07-17 15:20:58.328108,0.3020025695991505,lstm
DEV-000001,EVT-0040132,2026-07-17 15:22:20.307284,0.6723321066692807,lstm
SVC-000028,EVT-0040133,2026-07-17 15:22:37.022312,0.2718432625048613,lstm
USR-000097,EVT-0040134,2026-07-17 15:23:39.422945,0.6573593453410024,lstm
USR-000032,EVT-0040135,2026-07-17 15:24:12.527819,0.6627464797182776,lstm
SVC-000033,EVT-0040136,2026-07-17 15:26:11.144509,0.794017035505966,lstm
SVC-000036,EVT-0040137,2026-07-17 15:28:28.521162,0.37105899471850895,lstm
SVC-000049,EVT-0040138,2026-07-17 15:28:56.437553,0.3546257971835344,lstm
USR-000197,EVT-0040139,2026-07-17 15:30:18.059444,0.33423877171152283,lstm
USR-000109,EVT-0040140,2026-07-17 15:30:36.728665,0.47007526637373326,lstm
SVC-000026,EVT-0040141,2026-07-17 15:31:25.204473,0.3361388296803018,lstm
USR-000145,EVT-0040142,2026-07-17 15:32:40.082649,0.48678292010984936,lstm
USR-000149,EVT-0040143,2026-07-17 15:33:06.698578,0.8099808061764281,lstm
DEV-000007,EVT-0040144,2026-07-17 15:35:59.544288,0.29298819352390426,lstm
SVC-000036,EVT-0040145,2026-07-17 15:37:43.281877,0.5089489196111477,lstm
DEV-000018,EVT-0040146,2026-07-17 15:39:50.513413,0.7528606981215517,lstm
SVC-000036,EVT-0040147,2026-07-17 15:40:23.417266,0.6083222743503055,lstm
USR-000187,EVT-0040148,2026-07-17 15:41:00.494376,0.21683637555151936,lstm
USR-000077,EVT-0040149,2026-07-17 15:41:34.131485,0.6054667751674035,lstm
SVC-000026,EVT-0040150,2026-07-17 15:42:21.101865,0.3108749766573467,lstm
DEV-000001,EVT-0040151,2026-07-17 15:42:21.449548,0.6686377368994963,lstm
USR-000003,EVT-0040152,2026-07-17 15:43:37.931955,0.27427924342625853,lstm
SVC-000026,EVT-0040153,2026-07-17 15:43:49.014696,0.4934624588833919,lstm
SVC-000027,EVT-0040154,2026-07-17 15:44:12.690363,0.49879573578349046,lstm
USR-000176,EVT-0040155,2026-07-17 15:45:29.049310,0.4435307440291646,lstm
SVC-000028,EVT-0040156,2026-07-17 15:45:47.158421,0.24205823042386057,lstm
SVC-000033,EVT-0040157,2026-07-17 15:46:41.709979,0.5008471726300964,lstm
USR-000052,EVT-0040158,2026-07-17 15:50:39.320780,0.33573484648380447,lstm
USR-000032,EVT-0040159,2026-07-17 15:54:04.834020,0.641866325199827,lstm
SVC-000010,EVT-0040160,2026-07-17 15:54:58.866050,0.33269127700339346,lstm
USR-000111,EVT-0040161,2026-07-17 15:55:11.715857,0.4208000937241595,lstm
SVC-000052,EVT-0040162,2026-07-17 15:55:40.985506,0.9761179371097689,lstm
SVC-000033,EVT-0040163,2026-07-17 15:56:57.773921,0.5074319746744347,lstm
USR-000038,EVT-0040164,2026-07-17 15:57:02.233272,0.4448807990737917,lstm
SVC-000036,EVT-0040165,2026-07-17 15:57:09.917640,0.8971279510312609,lstm
USR-000193,EVT-0040166,2026-07-17 15:58:18.714888,0.33352506403209364,lstm
USR-000110,EVT-0040167,2026-07-17 15:58:56.040086,0.5236011429515149,lstm
USR-000097,EVT-0040168,2026-07-17 15:59:48.396565,0.3698283703713805,lstm
DEV-000013,EVT-0040169,2026-07-17 16:00:46.036206,0.8649529544376723,lstm
USR-000185,EVT-0040170,2026-07-17 16:00:49.714807,0.8342022359987689,lstm
USR-000033,EVT-0040171,2026-07-17 16:01:07.965234,0.36374209913170247,lstm
DEV-000013,EVT-0040172,2026-07-17 16:01:26.456716,0.9820672075602369,lstm
USR-000210,EVT-0040173,2026-07-17 16:02:00.625704,0.2475147205740242,lstm
SVC-000033,EVT-0040174,2026-07-17 16:02:26.051535,0.6629800416181971,lstm
USR-000212,EVT-0040175,2026-07-17 16:02:28.786409,0.3513785128800199,lstm
DEV-000026,EVT-0040176,2026-07-17 16:02:43.047056,0.5017243189346179,lstm
USR-000176,EVT-0040177,2026-07-17 16:02:49.664995,0.33218156997029297,lstm
USR-000207,EVT-0040178,2026-07-17 16:04:27.120333,0.5032179003044436,lstm
SVC-000028,EVT-0040179,2026-07-17 16:04:38.642630,0.24752154342792376,lstm
SVC-000029,EVT-0040180,2026-07-17 16:04:39.716669,0.99600286438485,lstm
USR-000210,EVT-0040181,2026-07-17 16:05:56.749901,0.5935652134848566,lstm
USR-000077,EVT-0040182,2026-07-17 16:06:43.416402,0.3960307320450788,lstm
SVC-000036,EVT-0040183,2026-07-17 16:07:17.291035,0.30596785484507966,lstm
USR-000109,EVT-0040184,2026-07-17 16:07:25.807569,0.4838715343951074,lstm
DEV-000015,EVT-0040185,2026-07-17 16:07:52.892402,0.6430472901610209,lstm
SVC-000033,EVT-0040186,2026-07-17 16:08:11.528324,0.4074970518436325,lstm
USR-000146,EVT-0040187,2026-07-17 16:11:49.394833,0.26090404680287493,lstm
USR-000065,EVT-0040188,2026-07-17 16:12:42.840401,0.34719767525919437,lstm
SVC-000036,EVT-0040189,2026-07-17 16:14:09.467647,0.5274431902100889,lstm
USR-000128,EVT-0040190,2026-07-17 16:14:53.311635,0.6634893995396469,lstm
USR-000209,EVT-0040191,2026-07-17 16:17:21.587797,0.3209118309153793,lstm
SVC-000033,EVT-0040192,2026-07-17 16:18:08.904177,0.5248625306161534,lstm
USR-000110,EVT-0040193,2026-07-17 16:18:14.431537,0.5649391745450991,lstm
USR-000144,EVT-0040194,2026-07-17 16:19:58.806321,0.27796544835764836,lstm
SVC-000036,EVT-0040195,2026-07-17 16:20:44.720892,0.5685290892169301,lstm
SVC-000027,EVT-0040196,2026-07-17 16:21:00.189875,0.7320723948431558,lstm
SVC-000036,EVT-0040197,2026-07-17 16:21:08.151553,0.8136141815808141,lstm
DEV-000020,EVT-0040198,2026-07-17 16:21:42.975138,0.4953248578716059,lstm
USR-000209,EVT-0040199,2026-07-17 16:22:28.179662,0.6233050095433711,lstm
USR-000040,EVT-0040200,2026-07-17 16:22:33.671387,0.2724423311756696,lstm
SVC-000036,EVT-0040201,2026-07-17 16:24:51.531854,0.4874957173019974,lstm
USR-000032,EVT-0040202,2026-07-17 16:26:12.195318,0.47729659136431346,lstm
USR-000109,EVT-0040203,2026-07-17 16:27:44.986405,0.340457783973734,lstm
USR-000169,EVT-0040204,2026-07-17 16:29:37.815859,0.5952353109401192,lstm
USR-000079,EVT-0040205,2026-07-17 16:29:42.855475,0.4986984467672136,lstm
SVC-000027,EVT-0040206,2026-07-17 16:30:20.588093,0.9257878274868148,lstm
SVC-000010,EVT-0040207,2026-07-17 16:31:22.702617,0.5028656680113575,lstm
USR-000174,EVT-0040208,2026-07-17 16:31:24.130203,0.5928770361192308,lstm
SVC-000010,EVT-0040209,2026-07-17 16:32:02.721009,0.783074701618791,lstm
SVC-000029,EVT-0040210,2026-07-17 16:33:51.404811,0.3664680516776908,lstm
SVC-000026,EVT-0040211,2026-07-17 16:37:15.556317,0.3928888147398135,lstm
DEV-000021,EVT-0040212,2026-07-17 16:37:29.173544,0.3857948821481689,lstm
SVC-000027,EVT-0040213,2026-07-17 16:41:58.675686,0.7154127440676067,lstm
USR-000066,EVT-0040214,2026-07-17 16:42:03.568676,0.4822513931270796,lstm
USR-000186,EVT-0040215,2026-07-17 16:43:04.276633,0.8115136102018665,lstm
DEV-000013,EVT-0040216,2026-07-17 16:44:20.143564,0.7145746421709173,lstm
USR-000012,EVT-0040217,2026-07-17 16:45:25.105884,0.6375317546952646,lstm
USR-000040,EVT-0040218,2026-07-17 16:46:03.591573,0.34276747864217055,lstm
USR-000077,EVT-0040219,2026-07-17 16:47:37.584959,0.3840973366710689,lstm
SVC-000005,EVT-0040220,2026-07-17 16:48:24.255814,0.9956651837793575,lstm
SVC-000033,EVT-0040221,2026-07-17 16:49:50.265375,0.4874613727273425,lstm
USR-000126,EVT-0040222,2026-07-17 16:50:28.040183,0.42642724770869717,lstm
SVC-000010,EVT-0040223,2026-07-17 16:50:56.913264,0.3019210913054221,lstm
SVC-000029,EVT-0040224,2026-07-17 16:53:01.440363,0.4354808722644005,lstm
USR-000121,EVT-0040225,2026-07-17 16:54:22.226356,0.461118747169671,lstm
SVC-000026,EVT-0040226,2026-07-17 16:55:57.358894,0.2799163489084044,lstm
SVC-000026,EVT-0040227,2026-07-17 16:57:57.877031,0.5915258199277753,lstm
SVC-000029,EVT-0040228,2026-07-17 17:02:06.113104,0.2853293065140283,lstm
SVC-000005,EVT-0040229,2026-07-17 17:03:20.358187,0.7749356074752609,lstm
USR-000202,EVT-0040230,2026-07-17 17:03:29.777173,0.31028885878303913,lstm
SVC-000010,EVT-0040231,2026-07-17 17:06:14.364227,0.2516054842154183,lstm
DEV-000011,EVT-0040232,2026-07-17 17:09:22.061028,0.6082767787345444,lstm
SVC-000004,EVT-0040233,2026-07-17 17:11:44.432994,0.9730933070826984,lstm
USR-000032,EVT-0040234,2026-07-17 17:12:26.739187,0.37880741440109245,lstm
USR-000126,EVT-0040235,2026-07-17 17:13:44.659945,0.4072972879422239,lstm
USR-000005,EVT-0040236,2026-07-17 17:15:03.061067,0.547545554061516,lstm
SVC-000033,EVT-0040237,2026-07-17 17:15:31.086137,0.4471545080066083,lstm
SVC-000004,EVT-0040238,2026-07-17 17:16:26.695318,0.6490420274590375,lstm
SVC-000005,EVT-0040239,2026-07-17 17:17:14.424074,0.7363346081222649,lstm
SVC-000033,EVT-0040240,2026-07-17 17:17:39.808618,0.988017051698578,lstm
USR-000152,EVT-0040241,2026-07-17 17:19:47.639329,0.29815818975460145,lstm
USR-000087,EVT-0040242,2026-07-17 17:21:05.618579,0.7043410245835958,lstm
SVC-000033,EVT-0040243,2026-07-17 17:21:59.582107,0.697830780869372,lstm
DEV-000001,EVT-0040244,2026-07-17 17:23:23.464165,0.5499460263894345,lstm
USR-000174,EVT-0040245,2026-07-17 17:27:17.362084,0.3916823823958648,lstm
SVC-000010,EVT-0040246,2026-07-17 17:27:18.564029,0.5009057804111543,lstm
SVC-000026,EVT-0040247,2026-07-17 17:28:19.757193,0.7236592770040102,lstm
USR-000128,EVT-0040248,2026-07-17 17:29:21.628247,0.7589503930840343,lstm
DEV-000010,EVT-0040249,2026-07-17 17:34:48.646102,0.30487391279485815,lstm
SVC-000029,EVT-0040250,2026-07-17 17:35:30.881199,0.3481605352765772,lstm
USR-000193,EVT-0040251,2026-07-17 17:39:24.050104,0.4181350519599598,lstm
SVC-000004,EVT-0040252,2026-07-17 17:44:06.536072,0.41460901446351156,lstm
SVC-000049,EVT-0040253,2026-07-17 17:45:44.011774,0.8195713913197368,lstm
USR-000109,EVT-0040254,2026-07-17 17:46:35.805893,0.3225468208215395,lstm
USR-000149,EVT-0040255,2026-07-17 17:47:56.553446,0.28891736475058344,lstm
SVC-000023,EVT-0040256,2026-07-17 17:51:22.571489,0.8194900195213118,lstm
SVC-000005,EVT-0040257,2026-07-17 17:54:38.542488,0.4965633203844304,lstm
DEV-000006,EVT-0040258,2026-07-17 17:55:03.484418,0.3347271188166222,lstm
USR-000212,EVT-0040259,2026-07-17 17:56:29.633766,0.2871711371234342,lstm
USR-000202,EVT-0040260,2026-07-17 17:56:51.723904,0.3975167950304044,lstm
SVC-000033,EVT-0040261,2026-07-17 17:57:01.526872,0.4262249536009433,lstm
SVC-000052,EVT-0040262,2026-07-17 18:03:16.170580,0.4271152779706121,lstm
SVC-000006,EVT-0040263,2026-07-17 18:05:00.346407,0.9969319982441389,lstm
DEV-000001,EVT-0040264,2026-07-17 18:08:41.154625,0.46487858382104325,lstm
USR-000174,EVT-0040265,2026-07-17 18:11:12.696592,0.45024095190506963,lstm
DEV-000006,EVT-0040266,2026-07-17 18:11:26.415245,0.3937685218387847,lstm
SVC-000023,EVT-0040267,2026-07-17 18:17:21.783199,0.25779687690468933,lstm
DEV-000015,EVT-0040268,2026-07-17 18:17:43.060685,0.5524731728207157,lstm
SVC-000004,EVT-0040269,2026-07-17 18:21:05.311947,0.32355569350684826,lstm
SVC-000052,EVT-0040270,2026-07-17 18:21:45.479665,0.3189509137117389,lstm
DEV-000003,EVT-0040271,2026-07-17 18:23:09.392496,0.4991311726950887,lstm
SVC-000004,EVT-0040272,2026-07-17 18:23:56.391828,0.6117399479306455,lstm
SVC-000037,EVT-0040273,2026-07-17 18:24:14.175684,0.9999320992747528,lstm
USR-000037,EVT-0040274,2026-07-17 18:25:12.233370,0.4210380117683274,lstm
DEV-000017,EVT-0040275,2026-07-17 18:28:54.960529,0.7911273593794519,lstm
USR-000126,EVT-0040276,2026-07-17 18:30:47.959652,0.6273370716234197,lstm
SVC-000052,EVT-0040277,2026-07-17 18:34:08.706855,0.3306546105678724,lstm
USR-000003,EVT-0040278,2026-07-17 18:37:11.501960,0.705747805127383,lstm
SVC-000052,EVT-0040279,2026-07-17 18:37:44.599741,0.6155021390154706,lstm
SVC-000026,EVT-0040280,2026-07-17 18:40:05.925055,0.8485125295157897,lstm
SVC-000052,EVT-0040281,2026-07-17 18:42:59.877374,0.4206523049196308,lstm
USR-000152,EVT-0040282,2026-07-17 18:45:03.187114,0.2588148988214446,lstm
DEV-000022,EVT-0040283,2026-07-17 18:48:31.174208,0.5376181805477511,lstm
DEV-000006,EVT-0040284,2026-07-17 18:48:43.764456,0.19396439000565135,lstm
SVC-000037,EVT-0040285,2026-07-17 18:50:39.355152,0.9627441723174507,lstm
USR-000152,EVT-0040286,2026-07-17 18:54:41.459096,0.461478218105547,lstm
SVC-000044,EVT-0040287,2026-07-17 18:55:33.442970,0.9859643914569687,lstm
USR-000056,EVT-0040288,2026-07-17 19:02:22.986852,0.5786210434626308,lstm
SVC-000037,EVT-0040289,2026-07-17 19:03:23.707530,0.7698042772850248,lstm
USR-000056,EVT-0040290,2026-07-17 19:04:24.765776,0.874170321732212,lstm
DEV-000007,EVT-0040291,2026-07-17 19:08:40.503032,0.44271190523843135,lstm
SVC-000023,EVT-0040292,2026-07-17 19:09:07.793664,0.3854176713212049,lstm
SVC-000044,EVT-0040293,2026-07-17 19:12:51.590764,0.4353365396997017,lstm
SVC-000052,EVT-0040294,2026-07-17 19:13:17.762402,0.2849441479054794,lstm
SVC-000044,EVT-0040295,2026-07-17 19:14:30.292314,0.6824986143169383,lstm
SVC-000052,EVT-0040296,2026-07-17 19:15:03.465673,0.5164584519254781,lstm
SVC-000037,EVT-0040297,2026-07-17 19:16:50.092149,0.9255719349976603,lstm
SVC-000023,EVT-0040298,2026-07-17 19:18:43.504044,0.5179444770329242,lstm
SVC-000004,EVT-0040299,2026-07-17 19:18:47.225431,0.2702234297280354,lstm
SVC-000033,EVT-0040300,2026-07-17 19:19:13.266034,0.7283385966706765,lstm
DEV-000003,EVT-0040301,2026-07-17 19:19:51.705710,0.5270405706018088,lstm
USR-000089,EVT-0040302,2026-07-17 19:20:10.242152,0.6945364386744719,lstm
SVC-000006,EVT-0040303,2026-07-17 19:20:53.061422,0.5806790598520929,lstm
DEV-000010,EVT-0040304,2026-07-17 19:21:13.219675,0.1730984401196163,lstm
SVC-000006,EVT-0040305,2026-07-17 19:24:39.039440,0.3842400219346071,lstm
SVC-000037,EVT-0040306,2026-07-17 19:25:57.465901,0.6865964452756337,lstm
SVC-000006,EVT-0040307,2026-07-17 19:26:35.236358,0.7647381176821413,lstm
SVC-000006,EVT-0040308,2026-07-17 19:27:46.510487,0.5025300836875832,lstm
SVC-000006,EVT-0040309,2026-07-17 19:28:44.940397,0.48993567415187583,lstm
SVC-000037,EVT-0040310,2026-07-17 19:29:31.834689,0.7325239669924964,lstm
USR-000062,EVT-0040311,2026-07-17 19:30:31.504344,0.7288377572609724,lstm
SVC-000052,EVT-0040312,2026-07-17 19:30:46.451875,0.3519936034725201,lstm
SVC-000061,EVT-0040313,2026-07-17 19:40:20.429342,0.9967799580410011,lstm
SVC-000006,EVT-0040314,2026-07-17 19:40:38.571339,0.30495104737421946,lstm
SVC-000004,EVT-0040315,2026-07-17 19:40:39.902396,0.278338451937218,lstm
USR-000185,EVT-0040316,2026-07-17 19:41:34.853103,0.35806219542407874,lstm
SVC-000061,EVT-0040317,2026-07-17 19:45:05.927335,0.47723391410429716,lstm
SVC-000037,EVT-0040318,2026-07-17 19:47:19.115902,0.946750921702718,lstm
DEV-000026,EVT-0040319,2026-07-17 19:48:48.241897,0.6133067632608604,lstm
SVC-000057,EVT-0040320,2026-07-17 19:49:50.049310,0.9033074608847028,lstm
SVC-000044,EVT-0040321,2026-07-17 19:52:39.643710,0.3950337732973496,lstm
SVC-000004,EVT-0040322,2026-07-17 19:52:50.819015,0.3931528130401766,lstm
USR-000027,EVT-0040323,2026-07-17 19:58:21.137483,0.6226007229111278,lstm
SVC-000006,EVT-0040324,2026-07-17 19:59:57.679325,0.3296243500792883,lstm
SVC-000061,EVT-0040325,2026-07-17 20:03:13.589950,0.3204023542249907,lstm
USR-000198,EVT-0040326,2026-07-17 20:03:35.804140,0.4162395248410064,lstm
SVC-000006,EVT-0040327,2026-07-17 20:05:57.612834,0.4601634362891168,lstm
SVC-000061,EVT-0040328,2026-07-17 20:09:01.350126,0.6590199854309037,lstm
DEV-000019,EVT-0040329,2026-07-17 20:10:57.573253,0.9954725466966365,lstm
USR-000027,EVT-0040330,2026-07-17 20:12:55.421451,0.5453787866704074,lstm
SVC-000006,EVT-0040331,2026-07-17 20:13:59.143204,0.6181063041450272,lstm
SVC-000061,EVT-0040332,2026-07-17 20:16:38.712495,0.24913644482600497,lstm
SVC-000044,EVT-0040333,2026-07-17 20:20:43.743457,0.6749336652399944,lstm
SVC-000006,EVT-0040334,2026-07-17 20:20:47.107358,0.524204386222208,lstm
SVC-000006,EVT-0040335,2026-07-17 20:21:52.812762,0.6963750013940921,lstm
USR-000089,EVT-0040336,2026-07-17 20:22:17.336597,0.4541148196350199,lstm
DEV-000006,EVT-0040337,2026-07-17 20:25:32.562669,0.14195254440547397,lstm
SVC-000048,EVT-0040338,2026-07-17 20:27:40.832871,0.997849122036124,lstm
SVC-000061,EVT-0040339,2026-07-17 20:29:53.807851,0.2222387470295512,lstm
SVC-000048,EVT-0040340,2026-07-17 20:29:53.940726,0.860205944802321,lstm
SVC-000061,EVT-0040341,2026-07-17 20:29:56.151179,0.5920731621673442,lstm
SVC-000006,EVT-0040342,2026-07-17 20:30:43.514963,0.5129816696176838,lstm
SVC-000061,EVT-0040343,2026-07-17 20:31:49.262411,0.4394782665833366,lstm
SVC-000061,EVT-0040344,2026-07-17 20:34:07.056542,0.7698059355558405,lstm
SVC-000004,EVT-0040345,2026-07-17 20:35:14.946458,0.34684498569131306,lstm
SVC-000058,EVT-0040346,2026-07-17 20:37:55.569692,0.9937714503761267,lstm
SVC-000048,EVT-0040347,2026-07-17 20:38:22.952129,0.6162250766978685,lstm
SVC-000048,EVT-0040348,2026-07-17 20:39:22.821170,0.8438486706373406,lstm
DEV-000026,EVT-0040349,2026-07-17 20:43:13.836230,0.5555019808255197,lstm
SVC-000058,EVT-0040350,2026-07-17 20:43:23.776238,0.3812489118215069,lstm
SVC-000058,EVT-0040351,2026-07-17 20:43:53.895815,0.5851778446649175,lstm
SVC-000052,EVT-0040352,2026-07-17 20:44:22.343466,0.41792241505733696,lstm
SVC-000044,EVT-0040353,2026-07-17 20:44:51.088602,0.674231144565259,lstm
USR-000146,EVT-0040354,2026-07-17 20:47:41.560172,0.43373112756822163,lstm
USR-000209,EVT-0040355,2026-07-17 20:48:26.932472,0.5286870138752721,lstm
SVC-000052,EVT-0040356,2026-07-17 20:52:00.713127,0.4048808968319855,lstm
SVC-000004,EVT-0040357,2026-07-17 20:52:18.937099,0.3431982909785549,lstm
SVC-000061,EVT-0040358,2026-07-17 20:53:12.454028,0.30849956300608206,lstm
SVC-000052,EVT-0040359,2026-07-17 20:56:41.400423,0.4760204066061093,lstm
DEV-000008,EVT-0040360,2026-07-17 20:58:35.988168,0.41241743993333696,lstm
SVC-000035,EVT-0040361,2026-07-17 21:00:57.170423,0.9770264407670968,lstm
USR-000149,EVT-0040362,2026-07-17 21:07:59.214333,0.7380623332543099,lstm
SVC-000048,EVT-0040363,2026-07-17 21:12:01.767949,0.4732181015767948,lstm
SVC-000003,EVT-0040364,2026-07-17 21:13:37.651016,0.9989366215716652,lstm
SVC-000061,EVT-0040365,2026-07-17 21:14:19.747096,0.38931563706335254,lstm
SVC-000058,EVT-0040366,2026-07-17 21:16:06.770892,0.2908004567271343,lstm
DEV-000004,EVT-0040367,2026-07-17 21:17:49.677846,0.4970095167279683,lstm
SVC-000025,EVT-0040368,2026-07-17 21:18:57.827914,0.9604339561798303,lstm
USR-000113,EVT-0040369,2026-07-17 21:19:58.329609,0.6365612576100056,lstm
SVC-000054,EVT-0040370,2026-07-17 21:20:05.099872,0.9866798094885401,lstm
USR-000141,EVT-0040371,2026-07-17 21:20:12.110580,0.6308691970605168,lstm
USR-000088,EVT-0040372,2026-07-17 21:24:47.127647,0.4346188375368941,lstm
SVC-000058,EVT-0040373,2026-07-17 21:25:03.139422,0.27173396383195514,lstm
SVC-000035,EVT-0040374,2026-07-17 21:25:58.998968,0.5051845414502589,lstm
SVC-000045,EVT-0040375,2026-07-17 21:26:34.154363,0.9913501463740716,lstm
SVC-000004,EVT-0040376,2026-07-17 21:28:56.842397,0.4685694261712755,lstm
USR-000187,EVT-0040377,2026-07-17 21:29:04.095398,0.8061643412482119,lstm
SVC-000048,EVT-0040378,2026-07-17 21:29:21.379894,0.43942906305537344,lstm
SVC-000023,EVT-0040379,2026-07-17 21:32:24.297821,0.6348703520358971,lstm
DEV-000011,EVT-0040380,2026-07-17 21:33:01.045154,0.622715052366264,lstm
USR-000186,EVT-0040381,2026-07-17 21:33:43.460829,0.786840198294562,lstm
SVC-000035,EVT-0040382,2026-07-17 21:35:10.016802,0.3846724503118863,lstm
DEV-000024,EVT-0040383,2026-07-17 21:37:32.564706,0.567351147555058,lstm
SVC-000003,EVT-0040384,2026-07-17 21:38:15.446158,0.5610174103782,lstm
SVC-000041,EVT-0040385,2026-07-17 21:39:29.010556,0.9950908631849185,lstm
SVC-000052,EVT-0040386,2026-07-17 21:39:54.351723,0.5355532082655895,lstm
SVC-000035,EVT-0040387,2026-07-17 21:41:27.686055,0.6235840734559533,lstm
USR-000044,EVT-0040388,2026-07-17 21:41:33.618315,0.9999999999973435,lstm
USR-000044,EVT-0040389,2026-07-17 21:41:35.762525,0.9981694109946476,lstm
USR-000044,EVT-0040390,2026-07-17 21:41:37.500980,0.9668016927100656,lstm
USR-000044,EVT-0040391,2026-07-17 21:41:38.686738,0.8896313457869759,lstm
USR-000044,EVT-0040392,2026-07-17 21:41:47.326027,0.8559083124472603,lstm
USR-000044,EVT-0040393,2026-07-17 21:41:48.602055,0.6495981503210116,lstm
USR-000044,EVT-0040394,2026-07-17 21:41:58.011685,0.6927823872776518,lstm
USR-000044,EVT-0040395,2026-07-17 21:42:02.211700,0.6501504001984112,lstm
USR-000044,EVT-0040396,2026-07-17 21:42:07.978646,0.6803163817142132,lstm
USR-000044,EVT-0040397,2026-07-17 21:42:19.092570,0.6938897814647006,lstm
USR-000044,EVT-0040398,2026-07-17 21:42:32.750611,0.5419812440783628,lstm
USR-000044,EVT-0040399,2026-07-17 21:42:43.024901,0.5070523309180158,lstm
USR-000044,EVT-0040400,2026-07-17 21:42:56.002566,0.573870048584733,lstm
USR-000044,EVT-0040401,2026-07-17 21:43:07.975434,0.45784564393050947,lstm
USR-000044,EVT-0040402,2026-07-17 21:43:10.113225,0.2916482874317782,lstm
USR-000044,EVT-0040403,2026-07-17 21:43:25.034261,0.2122624836054365,lstm
USR-000044,EVT-0040404,2026-07-17 21:43:28.780666,0.31522467554659933,lstm
USR-000044,EVT-0040405,2026-07-17 21:43:39.721875,0.2409709560685644,lstm
USR-000044,EVT-0040406,2026-07-17 21:43:53.905747,0.3063423279404732,lstm
USR-000044,EVT-0040407,2026-07-17 21:43:56.462504,0.23161078788030642,lstm
USR-000044,EVT-0040408,2026-07-17 21:44:08.119962,0.28409862279565923,lstm
USR-000044,EVT-0040409,2026-07-17 21:44:09.472975,0.28683980891735056,lstm
USR-000044,EVT-0040410,2026-07-17 21:44:18.230711,0.29824850499019134,lstm
SVC-000054,EVT-0040411,2026-07-17 21:44:50.502220,0.26378281157968153,lstm
USR-000106,EVT-0040412,2026-07-17 21:46:29.893855,0.9372366349438861,lstm
DEV-000001,EVT-0040413,2026-07-17 21:47:38.363854,0.6504170078547296,lstm
SVC-000045,EVT-0040414,2026-07-17 21:56:02.009174,0.42437816906706133,lstm
SVC-000003,EVT-0040415,2026-07-17 21:57:06.697279,0.7839436724022903,lstm
DEV-000020,EVT-0040416,2026-07-17 21:58:26.660658,0.21515619689322582,lstm
SVC-000003,EVT-0040417,2026-07-17 21:59:25.380872,0.7342853762805236,lstm
SVC-000003,EVT-0040418,2026-07-17 22:01:32.374589,0.9633475145873817,lstm
SVC-000058,EVT-0040419,2026-07-17 22:04:22.873949,0.3070327759472371,lstm
USR-000150,EVT-0040420,2026-07-17 22:05:09.324930,0.7129058328756795,lstm
USR-000088,EVT-0040421,2026-07-17 22:05:15.905352,0.5136156739706952,lstm
DEV-000023,EVT-0040422,2026-07-17 22:05:43.648648,0.446924588561578,lstm
SVC-000025,EVT-0040423,2026-07-17 22:06:35.220190,0.41178790991749165,lstm
SVC-000035,EVT-0040424,2026-07-17 22:06:40.998455,0.24970118627066412,lstm
USR-000109,EVT-0040425,2026-07-17 22:07:58.057596,0.6936724116191091,lstm
SVC-000045,EVT-0040426,2026-07-17 22:09:25.993842,0.6554829491314376,lstm
SVC-000003,EVT-0040427,2026-07-17 22:09:41.731912,0.4997128895924989,lstm
SVC-000035,EVT-0040428,2026-07-17 22:10:31.392769,0.6326928572605698,lstm
USR-000106,EVT-0040429,2026-07-17 22:11:55.591828,0.8765865789217763,lstm
SVC-000058,EVT-0040430,2026-07-17 22:12:15.093496,0.2661200518533007,lstm
SVC-000035,EVT-0040431,2026-07-17 22:12:28.542052,0.6477580570857404,lstm
SVC-000047,EVT-0040432,2026-07-17 22:13:56.765780,0.968431548704898,lstm
SVC-000054,EVT-0040433,2026-07-17 22:14:08.777878,0.23686037830264436,lstm
SVC-000047,EVT-0040434,2026-07-17 22:15:09.113160,0.6553793924461203,lstm
USR-000141,EVT-0040435,2026-07-17 22:15:16.788559,0.5462498225738754,lstm
SVC-000003,EVT-0040436,2026-07-17 22:16:42.739790,0.7399654219341507,lstm
SVC-000003,EVT-0040437,2026-07-17 22:17:23.951747,0.9288359693651241,lstm
SVC-000047,EVT-0040438,2026-07-17 22:18:14.187021,0.5216819884359603,lstm
SVC-000047,EVT-0040439,2026-07-17 22:23:03.467826,0.33873113065977495,lstm
SVC-000002,EVT-0040440,2026-07-17 22:23:09.238618,0.9946376204146663,lstm
DEV-000007,EVT-0040441,2026-07-17 22:23:33.080343,0.5410616064157088,lstm
SVC-000054,EVT-0040442,2026-07-17 22:23:52.353406,0.4168941381970732,lstm
DEV-000006,EVT-0040443,2026-07-17 22:23:56.708145,0.1130145463234639,lstm
SVC-000047,EVT-0040444,2026-07-17 22:24:07.074405,0.5408034175558498,lstm
SVC-000047,EVT-0040445,2026-07-17 22:25:03.619537,0.4732672105820128,lstm
SVC-000054,EVT-0040446,2026-07-17 22:25:25.237670,0.8029026519098664,lstm
SVC-000045,EVT-0040447,2026-07-17 22:25:39.130839,0.40331275846203524,lstm
SVC-000035,EVT-0040448,2026-07-17 22:26:10.614408,0.7360655709089671,lstm
SVC-000035,EVT-0040449,2026-07-17 22:28:07.442454,0.5759652012569477,lstm
SVC-000032,EVT-0040450,2026-07-17 22:29:05.617756,0.9840304518154656,lstm
SVC-000054,EVT-0040451,2026-07-17 22:29:06.188806,0.24933049820966247,lstm
SVC-000045,EVT-0040452,2026-07-17 22:30:00.317322,0.3770614590999111,lstm
DEV-000016,EVT-0040453,2026-07-17 22:30:24.355697,0.4878908906698508,lstm
DEV-000019,EVT-0040454,2026-07-17 22:33:47.147528,0.9974307056237003,lstm
SVC-000002,EVT-0040455,2026-07-17 22:36:55.100392,0.2903885049278621,lstm
USR-000141,EVT-0040456,2026-07-17 22:38:28.758771,0.38654845857209963,lstm
DEV-000026,EVT-0040457,2026-07-17 22:38:28.843380,0.5165109480081127,lstm
SVC-000045,EVT-0040458,2026-07-17 22:40:20.722588,0.3328254882328031,lstm
DEV-000020,EVT-0040459,2026-07-17 22:43:13.016099,0.2352976608263107,lstm
SVC-000047,EVT-0040460,2026-07-17 22:45:53.462596,0.5139016289982286,lstm
SVC-000032,EVT-0040461,2026-07-17 22:45:57.206854,0.2368240855953937,lstm
SVC-000041,EVT-0040462,2026-07-17 22:46:00.815826,0.910340054969048,lstm
SVC-000054,EVT-0040463,2026-07-17 22:46:28.262282,0.30173402603781124,lstm
SVC-000045,EVT-0040464,2026-07-17 22:48:33.024296,0.7997963264841436,lstm
SVC-000047,EVT-0040465,2026-07-17 22:51:56.330547,0.5158507823471578,lstm
SVC-000035,EVT-0040466,2026-07-17 22:52:01.607487,0.6860443365267166,lstm
SVC-000032,EVT-0040467,2026-07-17 22:52:34.553740,0.26920538836062075,lstm
SVC-000003,EVT-0040468,2026-07-17 22:53:29.655522,0.3296262396581016,lstm
SVC-000002,EVT-0040469,2026-07-17 22:55:35.765050,0.4880456091486423,lstm
SVC-000032,EVT-0040470,2026-07-17 22:56:12.988068,0.31200845183378334,lstm
DEV-000004,EVT-0040471,2026-07-17 22:58:26.180717,0.35883809889304713,lstm
SVC-000035,EVT-0040472,2026-07-17 22:58:40.952658,0.5788407964329776,lstm
SVC-000025,EVT-0040473,2026-07-17 22:59:09.938292,0.33739909438035176,lstm
SVC-000045,EVT-0040474,2026-07-17 22:59:47.165172,0.7940726038036587,lstm
SVC-000035,EVT-0040475,2026-07-17 23:00:03.220138,0.5456322170393281,lstm
USR-000088,EVT-0040476,2026-07-17 23:01:43.864759,0.28943946795357417,lstm
USR-000212,EVT-0040477,2026-07-17 23:03:04.068246,0.7583801295556157,lstm
DEV-000007,EVT-0040478,2026-07-17 23:04:22.827998,0.47282404089671703,lstm
SVC-000025,EVT-0040479,2026-07-17 23:04:49.019470,0.4197698254401015,lstm
SVC-000047,EVT-0040480,2026-07-17 23:05:20.053099,0.2224488283427753,lstm
USR-000150,EVT-0040481,2026-07-17 23:08:42.783320,0.35983598030906844,lstm
SVC-000035,EVT-0040482,2026-07-17 23:08:58.331325,0.35621911776578125,lstm
SVC-000059,EVT-0040483,2026-07-17 23:09:37.181898,0.9982825053911801,lstm
SVC-000025,EVT-0040484,2026-07-17 23:10:34.475461,0.41470767993460894,lstm
SVC-000059,EVT-0040485,2026-07-17 23:12:54.178849,0.21007066012399417,lstm
SVC-000002,EVT-0040486,2026-07-17 23:14:02.261657,0.4891358022882995,lstm
SVC-000032,EVT-0040487,2026-07-17 23:14:46.677593,0.19713754903525785,lstm
USR-000106,EVT-0040488,2026-07-17 23:18:04.213778,0.5098700951528621,lstm
SVC-000058,EVT-0040489,2026-07-17 23:18:54.993796,0.5164707007217018,lstm
SVC-000002,EVT-0040490,2026-07-17 23:19:05.611754,0.295734331370097,lstm
USR-000150,EVT-0040491,2026-07-17 23:19:32.776697,0.39844272652189544,lstm
SVC-000047,EVT-0040492,2026-07-17 23:19:35.331463,0.30929234757006147,lstm
SVC-000032,EVT-0040493,2026-07-17 23:19:43.122755,0.23834046941247525,lstm
SVC-000059,EVT-0040494,2026-07-17 23:21:13.938416,0.2356729186178315,lstm
SVC-000032,EVT-0040495,2026-07-17 23:21:57.543579,0.35726945268839577,lstm
SVC-000002,EVT-0040496,2026-07-17 23:22:05.515824,0.42441100056493325,lstm
DEV-000013,EVT-0040497,2026-07-17 23:24:11.475014,0.39125821932756316,lstm
SVC-000035,EVT-0040498,2026-07-17 23:25:28.894989,0.4468056178734574,lstm
SVC-000002,EVT-0040499,2026-07-17 23:27:24.904331,0.3042869932374689,lstm
SVC-000002,EVT-0040500,2026-07-17 23:28:03.308847,0.380174663705146,lstm
DEV-000013,EVT-0040501,2026-07-17 23:32:04.730803,0.8125164812919231,lstm
SVC-000002,EVT-0040502,2026-07-17 23:34:18.674019,0.39335869729488493,lstm
SVC-000045,EVT-0040503,2026-07-17 23:35:13.759581,0.5331175383078023,lstm
SVC-000059,EVT-0040504,2026-07-17 23:35:14.817877,0.23490467904571766,lstm
USR-000088,EVT-0040505,2026-07-17 23:39:25.342997,0.5291790817893569,lstm
DEV-000007,EVT-0040506,2026-07-17 23:40:28.865785,0.5153498145640604,lstm
SVC-000059,EVT-0040507,2026-07-17 23:40:49.395446,0.2072543714292509,lstm
SVC-000032,EVT-0040508,2026-07-17 23:42:51.110760,0.25627528535360866,lstm
SVC-000045,EVT-0040509,2026-07-17 23:45:04.095061,0.5048702764472319,lstm
SVC-000002,EVT-0040510,2026-07-17 23:47:51.956627,0.24449270240674525,lstm
SVC-000059,EVT-0040511,2026-07-17 23:50:53.005428,0.22255431995761513,lstm
USR-000113,EVT-0040512,2026-07-17 23:51:07.761840,0.287124701428109,lstm
SVC-000059,EVT-0040513,2026-07-17 23:53:27.949180,0.6709506278821695,lstm
SVC-000059,EVT-0040514,2026-07-17 23:56:34.195093,0.269970365624203,lstm
SVC-000059,EVT-0040515,2026-07-18 00:01:43.583822,0.2667564626405882,lstm
SVC-000035,EVT-0040516,2026-07-18 00:02:47.075254,0.9367974377567595,lstm
DEV-000007,EVT-0040517,2026-07-18 00:06:49.313876,0.4346102792806863,lstm
SVC-000059,EVT-0040518,2026-07-18 00:08:46.020882,0.23009779902596772,lstm
SVC-000041,EVT-0040519,2026-07-18 00:08:48.514143,0.6397048294443716,lstm
SVC-000002,EVT-0040520,2026-07-18 00:09:09.672899,0.4981829998573909,lstm
SVC-000032,EVT-0040521,2026-07-18 00:13:19.524808,0.3635054818824993,lstm
USR-000141,EVT-0040522,2026-07-18 00:13:29.524121,0.41006737997336207,lstm
SVC-000041,EVT-0040523,2026-07-18 00:14:40.682410,0.8082942386172288,lstm
SVC-000059,EVT-0040524,2026-07-18 00:15:55.799535,0.21403273840084738,lstm
SVC-000059,EVT-0040525,2026-07-18 00:17:10.215976,0.28899760239998634,lstm
SVC-000002,EVT-0040526,2026-07-18 00:17:11.731210,0.45865504241713173,lstm
SVC-000059,EVT-0040527,2026-07-18 00:17:32.289181,0.76489204666699,lstm
SVC-000059,EVT-0040528,2026-07-18 00:20:57.955558,0.22152402702604246,lstm
SVC-000047,EVT-0040529,2026-07-18 00:23:04.507942,0.881189731707071,lstm
SVC-000041,EVT-0040530,2026-07-18 00:23:48.967174,0.7674708625184286,lstm
SVC-000056,EVT-0040531,2026-07-18 00:25:25.036023,0.9962891526276298,lstm
SVC-000056,EVT-0040532,2026-07-18 00:35:12.963374,0.9545838594698914,lstm
SVC-000041,EVT-0040533,2026-07-18 00:43:36.259783,0.677597253305621,lstm
USR-000106,EVT-0040534,2026-07-18 00:44:56.049242,0.5167729205943395,lstm
SVC-000056,EVT-0040535,2026-07-18 00:53:56.056644,0.5775086880587176,lstm
DEV-000025,EVT-0040536,2026-07-18 00:54:51.874652,0.3390561927700687,lstm
SVC-000056,EVT-0040537,2026-07-18 00:55:42.959711,0.9368054616463997,lstm
DEV-000003,EVT-0040538,2026-07-18 00:57:36.439429,0.6274257159344332,lstm
SVC-000041,EVT-0040539,2026-07-18 00:57:55.091129,0.6294193024181778,lstm
DEV-000020,EVT-0040540,2026-07-18 00:59:44.131043,0.38592883645270126,lstm
SVC-000056,EVT-0040541,2026-07-18 01:00:20.520401,0.6447412947726034,lstm
DEV-000016,EVT-0040542,2026-07-18 01:07:34.017224,0.38680059882533535,lstm
USR-000124,EVT-0040543,2026-07-18 01:15:29.769934,0.9630083828063124,lstm
SVC-000018,EVT-0040544,2026-07-18 01:17:14.513956,0.996914070301217,lstm
DEV-000008,EVT-0040545,2026-07-18 01:18:10.645055,0.42236895497012694,lstm
SVC-000041,EVT-0040546,2026-07-18 01:18:18.273030,0.6888706553224614,lstm
DEV-000003,EVT-0040547,2026-07-18 01:20:29.610650,0.5842189908790387,lstm
USR-000163,EVT-0040548,2026-07-18 01:24:36.760392,0.868086244214114,lstm
SVC-000041,EVT-0040549,2026-07-18 01:25:47.143220,0.6312319267726227,lstm
DEV-000013,EVT-0040550,2026-07-18 01:28:11.245399,0.33115246941127957,lstm
SVC-000041,EVT-0040551,2026-07-18 01:35:37.743793,0.7035543003661926,lstm
SVC-000041,EVT-0040552,2026-07-18 01:37:57.241755,0.788603600184659,lstm
USR-000163,EVT-0040553,2026-07-18 01:43:46.550900,0.8129701371405563,lstm
SVC-000056,EVT-0040554,2026-07-18 01:47:10.061240,0.6154026664565175,lstm
SVC-000041,EVT-0040555,2026-07-18 01:47:14.935824,0.6399214142275451,lstm
USR-000088,EVT-0040556,2026-07-18 01:47:39.567354,0.21529831647904482,lstm
USR-000124,EVT-0040557,2026-07-18 01:48:26.094061,0.5878156989510943,lstm
USR-000088,EVT-0040558,2026-07-18 01:58:55.776025,0.43531837614567076,lstm
SVC-000041,EVT-0040559,2026-07-18 02:00:18.982249,0.5353238068925374,lstm
DEV-000021,EVT-0040560,2026-07-18 02:00:39.101881,0.6980125409694474,lstm
SVC-000014,EVT-0040561,2026-07-18 02:16:21.761170,0.9751704501914646,lstm
USR-000165,EVT-0040562,2026-07-18 02:16:27.459208,0.4793088664522712,lstm
DEV-000002,EVT-0040563,2026-07-18 02:19:44.104205,0.7534092810383508,lstm
SVC-000041,EVT-0040564,2026-07-18 02:31:10.382280,0.9178750820104584,lstm
SVC-000041,EVT-0040565,2026-07-18 02:35:14.702423,0.7379773595269027,lstm
SVC-000018,EVT-0040566,2026-07-18 02:36:55.281135,0.6006412295226965,lstm
DEV-000011,EVT-0040567,2026-07-18 02:38:27.806789,0.3737590009900428,lstm
SVC-000014,EVT-0040568,2026-07-18 02:41:24.919114,0.3636106653511621,lstm
SVC-000018,EVT-0040569,2026-07-18 02:45:05.666963,0.31097479147758694,lstm
SVC-000018,EVT-0040570,2026-07-18 02:45:29.548499,0.6439503814941264,lstm
SVC-000018,EVT-0040571,2026-07-18 02:45:50.408250,0.7843941837777755,lstm
SVC-000041,EVT-0040572,2026-07-18 02:47:47.563401,0.46821299687336704,lstm
SVC-000018,EVT-0040573,2026-07-18 02:50:48.052214,0.34551624732023584,lstm
DEV-000025,EVT-0040574,2026-07-18 02:53:22.814055,0.14793477945559147,lstm
SVC-000014,EVT-0040575,2026-07-18 02:56:41.740889,0.3181224457974555,lstm
DEV-000010,EVT-0040576,2026-07-18 02:56:59.615177,0.7966568385286669,lstm
SVC-000018,EVT-0040577,2026-07-18 02:57:29.744519,0.29212104611912193,lstm
DEV-000008,EVT-0040578,2026-07-18 02:59:14.422802,0.4222316028111668,lstm
SVC-000018,EVT-0040579,2026-07-18 03:01:25.925579,0.2531942134067761,lstm
SVC-000018,EVT-0040580,2026-07-18 03:04:53.898445,0.4870386056495738,lstm
SVC-000019,EVT-0040581,2026-07-18 03:07:28.770721,0.9917113370352829,lstm
SVC-000018,EVT-0040582,2026-07-18 03:12:23.649323,0.36689483249143395,lstm
SVC-000018,EVT-0040583,2026-07-18 03:13:17.994319,0.40139787163596313,lstm
USR-000165,EVT-0040584,2026-07-18 03:15:58.747305,0.24740591583019877,lstm
SVC-000014,EVT-0040585,2026-07-18 03:18:46.788862,0.20504077339004084,lstm
SVC-000014,EVT-0040586,2026-07-18 03:22:25.944342,0.44973788241661306,lstm
SVC-000020,EVT-0040587,2026-07-18 03:25:57.608710,0.956847096134916,lstm
SVC-000015,EVT-0040588,2026-07-18 03:32:50.787390,0.9856890260396456,lstm
DEV-000020,EVT-0040589,2026-07-18 03:33:20.605371,0.40825941272585303,lstm
SVC-000014,EVT-0040590,2026-07-18 03:33:30.369682,0.6833608878743128,lstm
DEV-000010,EVT-0040591,2026-07-18 03:33:35.140992,0.6336459853376669,lstm
SVC-000015,EVT-0040592,2026-07-18 03:44:24.433984,0.5467027607749692,lstm
SVC-000014,EVT-0040593,2026-07-18 03:44:25.313424,0.26465141889409066,lstm
SVC-000014,EVT-0040594,2026-07-18 03:48:04.354214,0.3746978715610603,lstm
DEV-000017,EVT-0040595,2026-07-18 03:48:48.283337,0.7193964292263283,lstm
DEV-000020,EVT-0040596,2026-07-18 03:50:23.688777,0.6427727664278152,lstm
SVC-000015,EVT-0040597,2026-07-18 03:53:29.381838,0.6360458810100387,lstm
SVC-000041,EVT-0040598,2026-07-18 03:56:59.250725,0.7019113765898525,lstm
USR-000165,EVT-0040599,2026-07-18 04:00:02.768120,0.8302671912272596,lstm
SVC-000014,EVT-0040600,2026-07-18 04:04:03.658104,0.19273791301239623,lstm
SVC-000019,EVT-0040601,2026-07-18 04:04:14.494195,0.35359033532684825,lstm
SVC-000020,EVT-0040602,2026-07-18 04:05:03.866665,0.48916934590368394,lstm
SVC-000020,EVT-0040603,2026-07-18 04:05:07.823803,0.9771318207573284,lstm
SVC-000015,EVT-0040604,2026-07-18 04:05:46.263181,0.42222161519676604,lstm
SVC-000020,EVT-0040605,2026-07-18 04:07:49.361082,0.6736312129527642,lstm
DEV-000019,EVT-0040606,2026-07-18 04:08:00.328710,0.9942656085520852,lstm
SVC-000014,EVT-0040607,2026-07-18 04:08:19.102706,0.25260063176712116,lstm
SVC-000020,EVT-0040608,2026-07-18 04:12:29.903082,0.6920208838090567,lstm
DEV-000019,EVT-0040609,2026-07-18 04:16:59.829156,0.9964084076304376,lstm
SVC-000014,EVT-0040610,2026-07-18 04:22:55.119187,0.669539438197105,lstm
SVC-000020,EVT-0040611,2026-07-18 04:26:34.268657,0.47276697466578793,lstm
SVC-000019,EVT-0040612,2026-07-18 04:28:23.369460,0.23601402681369596,lstm
SVC-000015,EVT-0040613,2026-07-18 04:28:35.014654,0.9127125069891033,lstm
SVC-000015,EVT-0040614,2026-07-18 04:29:30.064984,0.9698142918471938,lstm
DEV-000020,EVT-0040615,2026-07-18 04:29:31.623510,0.576937735529424,lstm
SVC-000014,EVT-0040616,2026-07-18 04:36:57.915028,0.36221876837787487,lstm
SVC-000007,EVT-0040617,2026-07-18 04:37:53.456011,0.9969877209420537,lstm
SVC-000007,EVT-0040618,2026-07-18 04:37:54.978208,0.8729148003934518,lstm
SVC-000014,EVT-0040619,2026-07-18 04:41:58.915881,0.3507001101428473,lstm
SVC-000015,EVT-0040620,2026-07-18 04:42:40.132618,0.8536339730724833,lstm
SVC-000015,EVT-0040621,2026-07-18 04:43:34.941114,0.7425817754978556,lstm
SVC-000007,EVT-0040622,2026-07-18 04:44:08.569181,0.2911104083620846,lstm
SVC-000019,EVT-0040623,2026-07-18 04:47:02.097295,0.24815632116489797,lstm
SVC-000019,EVT-0040624,2026-07-18 04:47:39.100169,0.749461984994655,lstm
SVC-000019,EVT-0040625,2026-07-18 04:49:48.227913,0.8597264210982513,lstm
SVC-000019,EVT-0040626,2026-07-18 04:51:37.881327,0.5743505745232997,lstm
SVC-000007,EVT-0040627,2026-07-18 04:54:18.373094,0.30275933912581204,lstm
SVC-000007,EVT-0040628,2026-07-18 04:55:08.836501,0.7181357757319748,lstm
SVC-000051,EVT-0040629,2026-07-18 04:55:33.301437,0.915401529539008,lstm
SVC-000019,EVT-0040630,2026-07-18 05:03:37.673041,0.27054113203146246,lstm
SVC-000019,EVT-0040631,2026-07-18 05:05:12.053903,0.6885247116756802,lstm
USR-000058,EVT-0040632,2026-07-18 05:10:46.398327,0.8444926948454007,lstm
SVC-000019,EVT-0040633,2026-07-18 05:11:07.952243,0.7404088113712909,lstm
SVC-000020,EVT-0040634,2026-07-18 05:15:07.830992,0.579437401047094,lstm
SVC-000014,EVT-0040635,2026-07-18 05:15:53.315169,0.7138751181991123,lstm
DEV-000013,EVT-0040636,2026-07-18 05:17:59.497658,0.6501735827161916,lstm
SVC-000015,EVT-0040637,2026-07-18 05:18:23.349627,0.42698091744307476,lstm
SVC-000007,EVT-0040638,2026-07-18 05:19:02.552988,0.22596166219362504,lstm
DEV-000008,EVT-0040639,2026-07-18 05:21:26.343885,0.4639457961992422,lstm
SVC-000014,EVT-0040640,2026-07-18 05:24:06.257872,0.4337400993560239,lstm
SVC-000014,EVT-0040641,2026-07-18 05:25:10.704059,0.5319987482537667,lstm
DEV-000025,EVT-0040642,2026-07-18 05:27:13.117465,0.196457652533978,lstm
SVC-000015,EVT-0040643,2026-07-18 05:28:49.882166,0.5141925835205082,lstm
USR-000207,EVT-0040644,2026-07-18 05:31:18.226804,0.4946661168882703,lstm
SVC-000020,EVT-0040645,2026-07-18 05:31:57.570689,0.4468383589981434,lstm
SVC-000007,EVT-0040646,2026-07-18 05:33:09.306854,0.4607760355246747,lstm
SVC-000007,EVT-0040647,2026-07-18 05:34:56.784088,0.9187454551735517,lstm
SVC-000031,EVT-0040648,2026-07-18 05:36:20.760502,0.9999564196932703,lstm
USR-000095,EVT-0040649,2026-07-18 05:39:18.760309,0.610340423380059,lstm
DEV-000023,EVT-0040650,2026-07-18 05:40:24.776682,0.8445644153798136,lstm
SVC-000007,EVT-0040651,2026-07-18 05:40:30.272031,0.31130398512451724,lstm
SVC-000014,EVT-0040652,2026-07-18 05:47:35.580683,0.3310059014211788,lstm
SVC-000015,EVT-0040653,2026-07-18 05:50:28.330855,0.8775632236488345,lstm
DEV-000021,EVT-0040654,2026-07-18 05:57:28.737389,0.6176073899985792,lstm
DEV-000021,EVT-0040655,2026-07-18 05:59:03.257227,0.9286022303943369,lstm
DEV-000007,EVT-0040656,2026-07-18 06:00:17.055620,0.7621893849123738,lstm
SVC-000031,EVT-0040657,2026-07-18 06:02:57.036876,0.9733818063477885,lstm
SVC-000009,EVT-0040658,2026-07-18 06:05:02.250575,0.9973929005773254,lstm
SVC-000031,EVT-0040659,2026-07-18 06:05:24.212154,0.6211555811273177,lstm
SVC-000014,EVT-0040660,2026-07-18 06:07:19.686316,0.4176355922371952,lstm
SVC-000019,EVT-0040661,2026-07-18 06:12:54.293757,0.4352327690168639,lstm
SVC-000014,EVT-0040662,2026-07-18 06:13:00.532900,0.47479052558041007,lstm
SVC-000009,EVT-0040663,2026-07-18 06:24:00.282357,0.46749750469419743,lstm
USR-000050,EVT-0040664,2026-07-18 06:30:22.801243,0.7830533457994239,lstm
SVC-000009,EVT-0040665,2026-07-18 06:33:51.017212,0.4965997822704526,lstm
SVC-000031,EVT-0040666,2026-07-18 06:34:36.159421,0.581827842771917,lstm
SVC-000031,EVT-0040667,2026-07-18 06:35:44.713691,0.8629245156316503,lstm
SVC-000031,EVT-0040668,2026-07-18 06:36:04.511654,0.7331960472546017,lstm
SVC-000055,EVT-0040669,2026-07-18 06:37:02.520591,0.9892996686890739,lstm
USR-000177,EVT-0040670,2026-07-18 06:37:23.508216,0.6157697094173212,lstm
SVC-000009,EVT-0040671,2026-07-18 06:38:36.744641,0.7381722094145906,lstm
SVC-000055,EVT-0040672,2026-07-18 06:42:07.903446,0.624606698768193,lstm
SVC-000055,EVT-0040673,2026-07-18 06:43:39.420157,0.9234541367733371,lstm
SVC-000009,EVT-0040674,2026-07-18 06:46:00.620106,0.542170800914951,lstm
SVC-000019,EVT-0040675,2026-07-18 06:46:35.758815,0.6534704028813619,lstm
DEV-000011,EVT-0040676,2026-07-18 06:48:16.128491,0.1716357185194618,lstm
USR-000058,EVT-0040677,2026-07-18 06:49:01.122201,0.37986317301040295,lstm
DEV-000006,EVT-0040678,2026-07-18 06:49:55.818613,0.8524116834716077,lstm
SVC-000030,EVT-0040679,2026-07-18 06:52:23.348463,0.9769686145241321,lstm
SVC-000031,EVT-0040680,2026-07-18 06:56:44.367492,0.39893788719377643,lstm
DEV-000018,EVT-0040681,2026-07-18 06:57:12.713176,0.8053068113793429,lstm
SVC-000031,EVT-0040682,2026-07-18 06:58:20.883283,0.49193034820076503,lstm
SVC-000040,EVT-0040683,2026-07-18 06:59:50.052072,0.9981637103760865,lstm
DEV-000017,EVT-0040684,2026-07-18 07:00:21.136305,0.5831886345672592,lstm
DEV-000014,EVT-0040685,2026-07-18 07:03:08.980337,0.7984518187623195,lstm
SVC-000031,EVT-0040686,2026-07-18 07:03:15.803228,0.41767854245796127,lstm
USR-000191,EVT-0040687,2026-07-18 07:08:21.222989,0.5088406472729806,lstm
USR-000026,EVT-0040688,2026-07-18 07:09:47.073796,0.44068657749181395,lstm
SVC-000031,EVT-0040689,2026-07-18 07:10:19.735586,0.3791370026749372,lstm
DEV-000013,EVT-0040690,2026-07-18 07:11:24.571115,0.42210242664275816,lstm
USR-000207,EVT-0040691,2026-07-18 07:12:43.899783,0.2872441226355602,lstm
USR-000009,EVT-0040692,2026-07-18 07:13:01.525759,0.9159772621515855,lstm
USR-000058,EVT-0040693,2026-07-18 07:16:52.040375,0.45380522235975435,lstm
DEV-000023,EVT-0040694,2026-07-18 07:20:34.781015,0.7627014574905547,lstm
DEV-000003,EVT-0040695,2026-07-18 07:23:09.369531,0.23793206627234503,lstm
DEV-000026,EVT-0040696,2026-07-18 07:24:52.621384,0.6636065961708766,lstm
USR-000105,EVT-0040697,2026-07-18 07:26:38.072005,0.9454158940560323,lstm
DEV-000025,EVT-0040698,2026-07-18 07:27:15.940914,0.44938983214059797,lstm
SVC-000055,EVT-0040699,2026-07-18 07:27:17.533728,0.5455769366635376,lstm
SVC-000055,EVT-0040700,2026-07-18 07:30:32.472592,0.3337028714259301,lstm
USR-000159,EVT-0040701,2026-07-18 07:31:41.190877,0.6176643365708241,lstm
USR-000153,EVT-0040702,2026-07-18 07:31:55.142739,0.8752826982975728,lstm
SVC-000011,EVT-0040703,2026-07-18 07:34:12.770807,0.9865585013031226,lstm
SVC-000040,EVT-0040704,2026-07-18 07:35:51.355376,0.7850405487408716,lstm
USR-000164,EVT-0040705,2026-07-18 07:39:53.939950,0.672192056487475,lstm
SVC-000040,EVT-0040706,2026-07-18 07:43:46.665921,0.7131833420425332,lstm
USR-000015,EVT-0040707,2026-07-18 07:46:35.042572,0.4401714070974169,lstm
USR-000082,EVT-0040708,2026-07-18 07:50:32.791002,0.8981808304285168,lstm
USR-000116,EVT-0040709,2026-07-18 07:52:21.111691,0.6538784237373325,lstm
DEV-000012,EVT-0040710,2026-07-18 07:52:56.170123,0.5537694508066285,lstm
SVC-000011,EVT-0040711,2026-07-18 07:54:42.132310,0.29289559984114244,lstm
SVC-000011,EVT-0040712,2026-07-18 07:55:56.138059,0.6637975668418146,lstm
DEV-000002,EVT-0040713,2026-07-18 07:59:02.062357,0.21947785196433425,lstm
SVC-000031,EVT-0040714,2026-07-18 07:59:15.131000,0.44877951313582626,lstm
SVC-000011,EVT-0040715,2026-07-18 07:59:53.915193,0.3582625493835713,lstm
SVC-000030,EVT-0040716,2026-07-18 08:01:22.387009,0.5283517810258768,lstm
SVC-000055,EVT-0040717,2026-07-18 08:01:26.178197,0.4983154610987542,lstm
SVC-000040,EVT-0040718,2026-07-18 08:08:01.779423,0.5787373080036338,lstm
SVC-000031,EVT-0040719,2026-07-18 08:08:25.817836,0.7171340708794194,lstm
DEV-000002,EVT-0040720,2026-07-18 08:09:25.032140,0.2733782347706068,lstm
SVC-000039,EVT-0040721,2026-07-18 08:11:25.709282,0.9786983985753578,lstm
USR-000135,EVT-0040722,2026-07-18 08:11:40.736197,0.4087821223034116,lstm
USR-000153,EVT-0040723,2026-07-18 08:13:47.905861,0.5392123376875139,lstm
SVC-000055,EVT-0040724,2026-07-18 08:15:51.306081,0.41671335787960473,lstm
DEV-000023,EVT-0040725,2026-07-18 08:17:08.095667,0.6750738518418966,lstm
USR-000069,EVT-0040726,2026-07-18 08:17:56.763459,0.672096071227042,lstm
USR-000157,EVT-0040727,2026-07-18 08:19:05.926502,0.9185847708175838,lstm
SVC-000055,EVT-0040728,2026-07-18 08:22:02.941936,0.3528771044250213,lstm
SVC-000046,EVT-0040729,2026-07-18 08:22:56.542544,0.9993339386472471,lstm
DEV-000012,EVT-0040730,2026-07-18 08:23:25.797313,0.43017310058045055,lstm
SVC-000031,EVT-0040731,2026-07-18 08:23:36.958869,0.38234409798618657,lstm
USR-000042,EVT-0040732,2026-07-18 08:26:12.905445,0.533862927013399,lstm
USR-000047,EVT-0040733,2026-07-18 08:27:42.212986,0.7240325444260254,lstm
USR-000050,EVT-0040734,2026-07-18 08:27:52.379471,0.32040987619246897,lstm
USR-000129,EVT-0040735,2026-07-18 08:29:31.987634,0.6354244185165285,lstm
USR-000060,EVT-0040736,2026-07-18 08:30:09.999984,0.6970423026017827,lstm
SVC-000030,EVT-0040737,2026-07-18 08:31:44.119496,0.4704427654017129,lstm
SVC-000042,EVT-0040738,2026-07-18 08:32:58.497592,0.9885071024802239,lstm
USR-000167,EVT-0040739,2026-07-18 08:34:14.438754,0.6941604466077074,lstm
USR-000133,EVT-0040740,2026-07-18 08:35:09.693879,0.6817545891938754,lstm
SVC-000030,EVT-0040741,2026-07-18 08:35:18.389090,0.8022314082337646,lstm
SVC-000040,EVT-0040742,2026-07-18 08:35:21.357841,0.41276817883740147,lstm
SVC-000046,EVT-0040743,2026-07-18 08:35:32.518705,0.6091404136477727,lstm
USR-000153,EVT-0040744,2026-07-18 08:36:02.187841,0.8274555357811781,lstm
USR-000082,EVT-0040745,2026-07-18 08:37:11.019929,0.6590923549935006,lstm
SVC-000040,EVT-0040746,2026-07-18 08:38:36.546159,0.6015390004155344,lstm
USR-000205,EVT-0040747,2026-07-18 08:39:20.367555,0.7403703860093052,lstm
SVC-000055,EVT-0040748,2026-07-18 08:40:10.225212,0.45778999147222177,lstm
SVC-000042,EVT-0040749,2026-07-18 08:42:30.566881,0.37743315229916286,lstm
SVC-000030,EVT-0040750,2026-07-18 08:43:09.054925,0.676146689545208,lstm
DEV-000026,EVT-0040751,2026-07-18 08:45:26.464911,0.5149803727419782,lstm
SVC-000055,EVT-0040752,2026-07-18 08:45:45.379151,0.3804055626582946,lstm
SVC-000030,EVT-0040753,2026-07-18 08:46:12.408524,0.840671208563778,lstm
USR-000049,EVT-0040754,2026-07-18 08:48:26.364995,0.38210341627104716,lstm
SVC-000011,EVT-0040755,2026-07-18 08:48:37.809689,0.3154817031850135,lstm
SVC-000051,EVT-0040756,2026-07-18 08:52:30.211110,0.3530548579608388,lstm
USR-000080,EVT-0040757,2026-07-18 08:53:37.566991,0.874481370053846,lstm
SVC-000011,EVT-0040758,2026-07-18 08:55:21.874213,0.3497692989787233,lstm
SVC-000030,EVT-0040759,2026-07-18 08:56:13.896356,0.5226724584639142,lstm
SVC-000046,EVT-0040760,2026-07-18 08:56:40.414293,0.40642657407825483,lstm
USR-000103,EVT-0040761,2026-07-18 08:58:05.954862,0.6419929214957738,lstm
USR-000024,EVT-0040762,2026-07-18 08:58:23.034883,0.7038902969839674,lstm
SVC-000030,EVT-0040763,2026-07-18 08:58:39.268331,0.6499067483801361,lstm
SVC-000046,EVT-0040764,2026-07-18 09:00:00.997395,0.3250917690521653,lstm
DEV-000013,EVT-0040765,2026-07-18 09:00:28.901699,0.499397003896566,lstm
SVC-000024,EVT-0040766,2026-07-18 09:00:45.360527,0.9975557719586788,lstm
USR-000051,EVT-0040767,2026-07-18 09:00:57.991365,0.9342723357042315,lstm
SVC-000011,EVT-0040768,2026-07-18 09:07:36.904602,0.3005504875968064,lstm
USR-000031,EVT-0040769,2026-07-18 09:09:15.587617,0.8665650099538172,lstm
SVC-000042,EVT-0040770,2026-07-18 09:09:50.950489,0.2692446784508947,lstm
USR-000009,EVT-0040771,2026-07-18 09:10:28.436071,0.4966439994199081,lstm
SVC-000039,EVT-0040772,2026-07-18 09:13:38.625985,0.9570065949820288,lstm
SVC-000046,EVT-0040773,2026-07-18 09:14:43.616384,0.2951972552823977,lstm
USR-000006,EVT-0040774,2026-07-18 09:17:26.130651,0.37104223817293963,lstm
SVC-000042,EVT-0040775,2026-07-18 09:18:00.942435,0.28394879000850215,lstm
USR-000051,EVT-0040776,2026-07-18 09:18:36.986895,0.41966301821751056,lstm
USR-000207,EVT-0040777,2026-07-18 09:18:37.627181,0.31229705528781343,lstm
SVC-000042,EVT-0040778,2026-07-18 09:18:52.910321,0.48276467571750475,lstm
SVC-000046,EVT-0040779,2026-07-18 09:19:03.186037,0.2586193099696646,lstm
USR-000157,EVT-0040780,2026-07-18 09:21:38.130776,0.36289045165055817,lstm
SVC-000031,EVT-0040781,2026-07-18 09:23:25.343155,0.5508670355195187,lstm
USR-000164,EVT-0040782,2026-07-18 09:24:28.389012,0.26013992230165994,lstm
SVC-000046,EVT-0040783,2026-07-18 09:25:00.116048,0.4207045031111296,lstm
SVC-000042,EVT-0040784,2026-07-18 09:27:15.642993,0.24744282587872363,lstm
USR-000190,EVT-0040785,2026-07-18 09:27:21.809670,0.9739130946057372,lstm
USR-000008,EVT-0040786,2026-07-18 09:29:50.102659,0.511112572673105,lstm
USR-000042,EVT-0040787,2026-07-18 09:30:43.781492,0.2888843990085381,lstm
SVC-000040,EVT-0040788,2026-07-18 09:30:45.533944,0.6139516811393173,lstm
USR-000104,EVT-0040789,2026-07-18 09:30:51.818724,0.6652761987417009,lstm
SVC-000046,EVT-0040790,2026-07-18 09:32:28.962418,0.38272058181182667,lstm
SVC-000039,EVT-0040791,2026-07-18 09:32:53.518351,0.5450195103266339,lstm
USR-000104,EVT-0040792,2026-07-18 09:33:56.394652,0.7294489918399979,lstm
DEV-000025,EVT-0040793,2026-07-18 09:36:25.168086,0.6300662044464145,lstm
USR-000129,EVT-0040794,2026-07-18 09:36:55.738544,0.3445208996409459,lstm
USR-000034,EVT-0040795,2026-07-18 09:36:56.816945,0.9687623623767208,lstm
SVC-000011,EVT-0040796,2026-07-18 09:37:44.523768,0.33823662718099956,lstm
USR-000031,EVT-0040797,2026-07-18 09:38:02.639116,0.35946081224976245,lstm
SVC-000039,EVT-0040798,2026-07-18 09:42:37.644188,0.40307977631565334,lstm
SVC-000024,EVT-0040799,2026-07-18 09:43:34.164342,0.4270824319762162,lstm
USR-000171,EVT-0040800,2026-07-18 09:43:50.286632,0.6278745485684059,lstm
SVC-000039,EVT-0040801,2026-07-18 09:45:53.897262,0.545313479459804,lstm
USR-000047,EVT-0040802,2026-07-18 09:46:50.371204,0.36831903416568323,lstm
SVC-000053,EVT-0040803,2026-07-18 09:46:53.003352,0.975463258207182,lstm
USR-000157,EVT-0040804,2026-07-18 09:47:30.563256,0.3994355765842009,lstm
USR-000085,EVT-0040805,2026-07-18 09:47:33.051438,0.9878852283040634,lstm
SVC-000024,EVT-0040806,2026-07-18 09:47:54.386812,0.36023481855225403,lstm
SVC-000024,EVT-0040807,2026-07-18 09:48:22.501499,0.49731878206253416,lstm
DEV-000019,EVT-0040808,2026-07-18 09:48:54.897616,0.8976306772932623,lstm
USR-000178,EVT-0040809,2026-07-18 09:50:25.146086,0.7476375593798035,lstm
SVC-000046,EVT-0040810,2026-07-18 09:50:50.075447,0.3737812113881732,lstm
USR-000072,EVT-0040811,2026-07-18 09:50:52.174350,0.5035803172454076,lstm
USR-000095,EVT-0040812,2026-07-18 09:51:45.406350,0.2084291697400808,lstm
USR-000096,EVT-0040813,2026-07-18 09:53:41.253230,0.47566194581725646,lstm
SVC-000024,EVT-0040814,2026-07-18 09:53:45.257621,0.3369154389452044,lstm
SVC-000042,EVT-0040815,2026-07-18 09:54:46.990662,0.24974779280952553,lstm
USR-000190,EVT-0040816,2026-07-18 10:02:29.151536,0.6067145592774221,lstm
SVC-000024,EVT-0040817,2026-07-18 10:02:41.743059,0.24727579363960295,lstm
SVC-000024,EVT-0040818,2026-07-18 10:04:32.897262,0.3682214091056736,lstm
SVC-000053,EVT-0040819,2026-07-18 10:04:43.111288,0.6510877083707155,lstm
USR-000026,EVT-0040820,2026-07-18 10:05:09.967325,0.28432062713449696,lstm
USR-000066,EVT-0040821,2026-07-18 10:06:33.961642,0.5723662289637224,lstm
SVC-000042,EVT-0040822,2026-07-18 10:08:00.619727,0.1973657534515425,lstm
DEV-000017,EVT-0040823,2026-07-18 10:08:50.851311,0.5430367705697338,lstm
SVC-000053,EVT-0040824,2026-07-18 10:11:53.938523,0.6430349208325614,lstm
SVC-000053,EVT-0040825,2026-07-18 10:12:11.238042,0.7847660824696328,lstm
SVC-000024,EVT-0040826,2026-07-18 10:12:30.877619,0.3207846894525367,lstm
USR-000054,EVT-0040827,2026-07-18 10:15:18.301889,0.9020648079524711,lstm
SVC-000024,EVT-0040828,2026-07-18 10:15:38.049718,0.325742826751668,lstm
USR-000208,EVT-0040829,2026-07-18 10:17:09.312758,0.8070694552079638,lstm
USR-000024,EVT-0040830,2026-07-18 10:17:49.960735,0.6437941095515609,lstm
SVC-000013,EVT-0040831,2026-07-18 10:17:53.860005,0.9931159151072041,lstm
SVC-000013,EVT-0040832,2026-07-18 10:18:43.172752,0.8362920188610741,lstm
SVC-000024,EVT-0040833,2026-07-18 10:18:57.621001,0.36859564609258477,lstm
USR-000178,EVT-0040834,2026-07-18 10:20:45.280275,0.44609146832973184,lstm
USR-000047,EVT-0040835,2026-07-18 10:22:08.265311,0.2694181897775783,lstm
SVC-000024,EVT-0040836,2026-07-18 10:22:31.535699,0.8661747694897335,lstm
USR-000055,EVT-0040837,2026-07-18 10:22:40.385327,0.9088312264653502,lstm
USR-000125,EVT-0040838,2026-07-18 10:23:02.197669,0.9740959167017873,lstm
USR-000143,EVT-0040839,2026-07-18 10:23:33.237072,0.878260248803091,lstm
DEV-000002,EVT-0040840,2026-07-18 10:24:36.048645,0.12430050284168248,lstm
USR-000175,EVT-0040841,2026-07-18 10:24:45.192504,0.8910994078074819,lstm
SVC-000024,EVT-0040842,2026-07-18 10:25:37.428367,0.7588530353618761,lstm
USR-000080,EVT-0040843,2026-07-18 10:26:41.865283,0.49478745689734216,lstm
USR-000038,EVT-0040844,2026-07-18 10:27:52.513137,0.5793799571002625,lstm
USR-000031,EVT-0040845,2026-07-18 10:28:37.713631,0.3504342473613799,lstm
USR-000057,EVT-0040846,2026-07-18 10:30:21.899498,0.7589716689103941,lstm
DEV-000026,EVT-0040847,2026-07-18 10:31:13.065915,0.23395658705554426,lstm
USR-000024,EVT-0040848,2026-07-18 10:32:21.390142,0.5488616567276519,lstm
USR-000133,EVT-0040849,2026-07-18 10:32:26.418951,0.4500309524398564,lstm
DEV-000026,EVT-0040850,2026-07-18 10:35:29.943738,0.8001197368978201,lstm
SVC-000021,EVT-0040851,2026-07-18 10:35:54.813246,0.9804485427597396,lstm
SVC-000024,EVT-0040852,2026-07-18 10:36:07.661753,0.47822734680147644,lstm
USR-000070,EVT-0040853,2026-07-18 10:36:15.983303,0.8232668254407313,lstm
DEV-000019,EVT-0040854,2026-07-18 10:37:06.220644,0.9596379933773708,lstm
USR-000133,EVT-0040855,2026-07-18 10:38:15.866266,0.5340954519183936,lstm
USR-000070,EVT-0040856,2026-07-18 10:38:23.445507,0.869839768991074,lstm
SVC-000042,EVT-0040857,2026-07-18 10:38:56.919646,0.2794554595629745,lstm
USR-000103,EVT-0040858,2026-07-18 10:40:16.508776,0.46826812686811153,lstm
USR-000069,EVT-0040859,2026-07-18 10:40:50.500272,0.5597188680719354,lstm
USR-000133,EVT-0040860,2026-07-18 10:41:43.046120,0.475536461400991,lstm
USR-000193,EVT-0040861,2026-07-18 10:41:50.226711,0.570155740789803,lstm
USR-000060,EVT-0040862,2026-07-18 10:42:28.930048,0.3686938075810251,lstm
SVC-000039,EVT-0040863,2026-07-18 10:42:37.304968,0.4571751134073289,lstm
USR-000203,EVT-0040864,2026-07-18 10:42:54.767592,0.4997386019381352,lstm
USR-000195,EVT-0040865,2026-07-18 10:43:20.406036,0.9093090187892897,lstm
USR-000129,EVT-0040866,2026-07-18 10:43:25.891382,0.2804319190569556,lstm
USR-000132,EVT-0040867,2026-07-18 10:44:26.019699,0.8718286755218552,lstm
USR-000208,EVT-0040868,2026-07-18 10:45:12.235006,0.6171171796744416,lstm
USR-000135,EVT-0040869,2026-07-18 10:46:00.926907,0.39997005839332006,lstm
USR-000054,EVT-0040870,2026-07-18 10:46:49.406217,0.26340453861050306,lstm
USR-000159,EVT-0040871,2026-07-18 10:47:25.239611,0.45274179378450324,lstm
USR-000031,EVT-0040872,2026-07-18 10:47:58.144433,0.28607685044239606,lstm
USR-000054,EVT-0040873,2026-07-18 10:48:15.314710,0.560322111601212,lstm
USR-000033,EVT-0040874,2026-07-18 10:48:30.279795,0.519702918310023,lstm
USR-000104,EVT-0040875,2026-07-18 10:49:24.327956,0.30681549845081335,lstm
SVC-000039,EVT-0040876,2026-07-18 10:49:40.274420,0.534686855085079,lstm
SVC-000013,EVT-0040877,2026-07-18 10:49:44.775386,0.4819057491294051,lstm
USR-000042,EVT-0040878,2026-07-18 10:50:13.606409,0.2055698247180629,lstm
USR-000099,EVT-0040879,2026-07-18 10:50:43.981346,0.4908752017483744,lstm
USR-000064,EVT-0040880,2026-07-18 10:51:32.037120,0.5871572807859963,lstm
SVC-000021,EVT-0040881,2026-07-18 10:52:41.235876,0.599548647942255,lstm
USR-000133,EVT-0040882,2026-07-18 10:52:56.814830,0.3683130749016183,lstm
USR-000080,EVT-0040883,2026-07-18 10:53:04.821475,0.5793860641513682,lstm
DEV-000009,EVT-0040884,2026-07-18 10:53:11.337442,0.9680375731749365,lstm
DEV-000010,EVT-0040885,2026-07-18 10:54:23.806419,0.691413651167156,lstm
SVC-000050,EVT-0040886,2026-07-18 10:59:59.059104,0.9877837171340905,lstm
USR-000082,EVT-0040887,2026-07-18 11:01:19.071915,0.4305687140021532,lstm
USR-000047,EVT-0040888,2026-07-18 11:02:41.169488,0.4044918886327432,lstm
DEV-000020,EVT-0040889,2026-07-18 11:03:28.984329,0.5206811666615081,lstm
SVC-000039,EVT-0040890,2026-07-18 11:03:47.431362,0.4193254972877083,lstm
USR-000102,EVT-0040891,2026-07-18 11:04:09.645532,0.4245629908814948,lstm
USR-000138,EVT-0040892,2026-07-18 11:06:26.367730,0.6536594866765632,lstm
SVC-000013,EVT-0040893,2026-07-18 11:06:53.571124,0.2966647786832924,lstm
USR-000095,EVT-0040894,2026-07-18 11:07:57.769954,0.2411523821325919,lstm
SVC-000021,EVT-0040895,2026-07-18 11:08:59.759753,0.727038447187607,lstm
USR-000190,EVT-0040896,2026-07-18 11:09:55.776092,0.7233538715615393,lstm
SVC-000039,EVT-0040897,2026-07-18 11:10:54.659919,0.43170437755512864,lstm
USR-000135,EVT-0040898,2026-07-18 11:13:28.229576,0.598536526965061,lstm
USR-000128,EVT-0040899,2026-07-18 11:15:24.232954,0.5945829066083178,lstm
USR-000148,EVT-0040900,2026-07-18 11:18:03.612493,0.7797639228457204,lstm
USR-000191,EVT-0040901,2026-07-18 11:18:07.888271,0.36527003838462563,lstm
SVC-000001,EVT-0040902,2026-07-18 11:20:14.930444,0.9564169904760572,lstm
USR-000153,EVT-0040903,2026-07-18 11:20:20.288133,0.33904217884955573,lstm
USR-000146,EVT-0040904,2026-07-18 11:20:25.819091,0.7659221445923147,lstm
USR-000015,EVT-0040905,2026-07-18 11:20:56.302658,0.4091076046313319,lstm
USR-000171,EVT-0040906,2026-07-18 11:21:13.414956,0.34974751070455284,lstm
USR-000029,EVT-0040907,2026-07-18 11:23:40.404139,0.6121592387063916,lstm
USR-000103,EVT-0040908,2026-07-18 11:24:41.840362,0.5454294199834444,lstm
SVC-000013,EVT-0040909,2026-07-18 11:24:56.342298,0.44028711500266177,lstm
USR-000086,EVT-0040910,2026-07-18 11:25:29.647179,0.6925032594946453,lstm
USR-000148,EVT-0040911,2026-07-18 11:26:35.158177,0.6603319445459512,lstm
USR-000034,EVT-0040912,2026-07-18 11:29:22.218037,0.9347544825104628,lstm
USR-000105,EVT-0040913,2026-07-18 11:29:29.960935,0.5664782298180038,lstm
USR-000054,EVT-0040914,2026-07-18 11:30:14.951094,0.43943146360076907,lstm
USR-000111,EVT-0040915,2026-07-18 11:30:21.370579,0.3131292155560171,lstm
USR-000144,EVT-0040916,2026-07-18 11:31:02.401041,0.6307817528533222,lstm
SVC-000001,EVT-0040917,2026-07-18 11:32:22.715622,0.4891495503207704,lstm
SVC-000053,EVT-0040918,2026-07-18 11:33:02.642243,0.6463084298982434,lstm
SVC-000050,EVT-0040919,2026-07-18 11:33:19.859132,0.4024293198482179,lstm
USR-000008,EVT-0040920,2026-07-18 11:34:12.258751,0.24719499834508948,lstm
SVC-000053,EVT-0040921,2026-07-18 11:34:30.595852,0.7034289362725693,lstm
SVC-000053,EVT-0040922,2026-07-18 11:35:50.613699,0.7022281674342554,lstm
USR-000197,EVT-0040923,2026-07-18 11:39:00.375064,0.593606596683927,lstm
USR-000123,EVT-0040924,2026-07-18 11:39:14.019310,0.5307644924569017,lstm
DEV-000019,EVT-0040925,2026-07-18 11:39:53.119930,0.7730311397829026,lstm
DEV-000003,EVT-0040926,2026-07-18 11:40:58.996119,0.175392717270005,lstm
USR-000199,EVT-0040927,2026-07-18 11:43:27.907226,0.8009340192428699,lstm
SVC-000034,EVT-0040928,2026-07-18 11:44:46.963778,0.8986149636886762,lstm
DEV-000026,EVT-0040929,2026-07-18 11:45:42.775170,0.1531719292517456,lstm
SVC-000034,EVT-0040930,2026-07-18 11:46:59.112405,0.7359713380788591,lstm
SVC-000024,EVT-0040931,2026-07-18 11:47:36.653698,0.5363759749606263,lstm
USR-000171,EVT-0040932,2026-07-18 11:47:55.837849,0.41146034693879463,lstm
USR-000103,EVT-0040933,2026-07-18 11:48:05.784335,0.4201987809339486,lstm
USR-000179,EVT-0040934,2026-07-18 11:48:12.563465,0.9346672523766217,lstm
USR-000033,EVT-0040935,2026-07-18 11:48:15.705163,0.410570978959798,lstm
USR-000046,EVT-0040936,2026-07-18 11:48:19.348511,0.5894723433642797,lstm
USR-000028,EVT-0040937,2026-07-18 11:48:42.827497,0.43988599982615506,lstm
USR-000009,EVT-0040938,2026-07-18 11:49:15.034587,0.4519608799564549,lstm
USR-000095,EVT-0040939,2026-07-18 11:50:36.022810,0.2586753011760794,lstm
USR-000155,EVT-0040940,2026-07-18 11:51:28.078657,0.9987506991015593,lstm
USR-000099,EVT-0040941,2026-07-18 11:52:50.527948,0.2409974834177435,lstm
SVC-000021,EVT-0040942,2026-07-18 11:53:24.154730,0.3821697376505817,lstm
USR-000099,EVT-0040943,2026-07-18 11:54:00.207886,0.7524410135237747,lstm
DEV-000017,EVT-0040944,2026-07-18 11:55:03.632054,0.4075418590777571,lstm
SVC-000024,EVT-0040945,2026-07-18 11:56:02.500369,0.43136157955721594,lstm
SVC-000021,EVT-0040946,2026-07-18 11:56:08.859229,0.9708347128857419,lstm
SVC-000034,EVT-0040947,2026-07-18 11:56:12.480867,0.44932785371997513,lstm
USR-000042,EVT-0040948,2026-07-18 11:56:44.261045,0.2174253874788108,lstm
USR-000066,EVT-0040949,2026-07-18 11:56:44.663546,0.25973362016824875,lstm
USR-000132,EVT-0040950,2026-07-18 11:56:57.668271,0.5961052043184185,lstm
USR-000051,EVT-0040951,2026-07-18 11:56:58.499076,0.6621645728302671,lstm
USR-000148,EVT-0040952,2026-07-18 11:57:52.414813,0.414361220938923,lstm
USR-000054,EVT-0040953,2026-07-18 11:58:04.077919,0.2796831000150553,lstm
USR-000051,EVT-0040954,2026-07-18 11:58:53.045186,0.5734985214956397,lstm
USR-000026,EVT-0040955,2026-07-18 12:00:27.743264,0.3584881413791929,lstm
USR-000046,EVT-0040956,2026-07-18 12:00:52.490654,0.7839335955206063,lstm
DEV-000026,EVT-0040957,2026-07-18 12:01:17.438666,0.2877283214245261,lstm
USR-000148,EVT-0040958,2026-07-18 12:01:49.800650,0.8119906155656519,lstm
USR-000111,EVT-0040959,2026-07-18 12:02:16.516556,0.3614351477748143,lstm
USR-000082,EVT-0040960,2026-07-18 12:03:46.303147,0.5973824542386775,lstm
SVC-000021,EVT-0040961,2026-07-18 12:04:01.362249,0.6890905438474102,lstm
SVC-000050,EVT-0040962,2026-07-18 12:04:17.397446,0.3788425964332395,lstm
USR-000171,EVT-0040963,2026-07-18 12:04:44.601489,0.5220371623046631,lstm
SVC-000053,EVT-0040964,2026-07-18 12:05:52.262574,0.8873724912067903,lstm
SVC-000021,EVT-0040965,2026-07-18 12:05:53.318470,0.7172631032756563,lstm
USR-000066,EVT-0040966,2026-07-18 12:07:06.394044,0.4749708877701108,lstm
USR-000187,EVT-0040967,2026-07-18 12:08:29.929448,0.365733332153268,lstm
USR-000050,EVT-0040968,2026-07-18 12:08:49.979275,0.5261596167016444,lstm
DEV-000016,EVT-0040969,2026-07-18 12:09:25.278727,0.5621389792133947,lstm
USR-000008,EVT-0040970,2026-07-18 12:09:55.707830,0.23829245695781856,lstm
USR-000050,EVT-0040971,2026-07-18 12:13:12.853060,0.6473551251425825,lstm
USR-000057,EVT-0040972,2026-07-18 12:13:35.278062,0.7266813084557462,lstm
USR-000060,EVT-0040973,2026-07-18 12:14:07.404052,0.3494702833091311,lstm
USR-000062,EVT-0040974,2026-07-18 12:14:26.319302,0.5702541058870696,lstm
USR-000066,EVT-0040975,2026-07-18 12:15:20.433597,0.3938569510041186,lstm
USR-000205,EVT-0040976,2026-07-18 12:16:16.438472,0.4131856242372915,lstm
DEV-000020,EVT-0040977,2026-07-18 12:16:27.248616,0.511926273965776,lstm
SVC-000021,EVT-0040978,2026-07-18 12:16:42.296984,0.5325837088526165,lstm
DEV-000001,EVT-0040979,2026-07-18 12:16:46.332352,0.45396317386558344,lstm
USR-000060,EVT-0040980,2026-07-18 12:17:02.417062,0.5382423109603071,lstm
USR-000072,EVT-0040981,2026-07-18 12:17:11.893450,0.4620178092347,lstm
USR-000080,EVT-0040982,2026-07-18 12:17:35.595477,0.44353149580449913,lstm
USR-000154,EVT-0040983,2026-07-18 12:17:58.142696,0.8373387577400975,lstm
USR-000135,EVT-0040984,2026-07-18 12:18:18.132886,0.35017901119750505,lstm
SVC-000034,EVT-0040985,2026-07-18 12:21:55.865980,0.3161459175474171,lstm
USR-000058,EVT-0040986,2026-07-18 12:22:12.888650,0.4401061754534192,lstm
SVC-000039,EVT-0040987,2026-07-18 12:22:17.512723,0.4759002019941658,lstm
USR-000008,EVT-0040988,2026-07-18 12:23:36.671738,0.2823204670240108,lstm
USR-000024,EVT-0040989,2026-07-18 12:25:29.361706,0.5813347496203245,lstm
USR-000009,EVT-0040990,2026-07-18 12:26:34.079680,0.6447918413740994,lstm
SVC-000034,EVT-0040991,2026-07-18 12:29:27.813635,0.36607562672671073,lstm
SVC-000021,EVT-0040992,2026-07-18 12:29:37.630864,0.4833474231078773,lstm
USR-000192,EVT-0040993,2026-07-18 12:29:40.993793,0.9452371419960695,lstm
USR-000042,EVT-0040994,2026-07-18 12:29:56.226502,0.22677943327251956,lstm
USR-000024,EVT-0040995,2026-07-18 12:29:59.314619,0.7452737075584781,lstm
USR-000012,EVT-0040996,2026-07-18 12:30:16.994170,0.7332739239840503,lstm
USR-000047,EVT-0040997,2026-07-18 12:33:03.058985,0.23532823992042787,lstm
USR-000064,EVT-0040998,2026-07-18 12:34:32.980291,0.4277445546549449,lstm
USR-000178,EVT-0040999,2026-07-18 12:34:41.918684,0.25568034876491746,lstm
USR-000161,EVT-0041000,2026-07-18 12:35:38.605677,0.4501300557174287,lstm
USR-000179,EVT-0041001,2026-07-18 12:36:29.864906,0.916748039797535,lstm
USR-000086,EVT-0041002,2026-07-18 12:36:42.304601,0.32909243876314165,lstm
USR-000178,EVT-0041003,2026-07-18 12:37:05.704178,0.4978164468482069,lstm
USR-000148,EVT-0041004,2026-07-18 12:38:52.466379,0.3743770524187458,lstm
SVC-000001,EVT-0041005,2026-07-18 12:39:40.463247,0.2705466484998156,lstm
USR-000043,EVT-0041006,2026-07-18 12:40:21.865564,0.27358172771759126,lstm
USR-000135,EVT-0041007,2026-07-18 12:41:11.157124,0.3811317612348748,lstm
USR-000161,EVT-0041008,2026-07-18 12:41:51.835635,0.5349227944774742,lstm
USR-000138,EVT-0041009,2026-07-18 12:42:13.042349,0.37379485725101147,lstm
USR-000151,EVT-0041010,2026-07-18 12:42:36.040555,0.5249783236962167,lstm
USR-000038,EVT-0041011,2026-07-18 12:43:50.601282,0.283868504459853,lstm
DEV-000025,EVT-0041012,2026-07-18 12:45:47.712138,0.7518876090737346,lstm
USR-000008,EVT-0041013,2026-07-18 12:47:07.414365,0.6065319521988323,lstm
SVC-000034,EVT-0041014,2026-07-18 12:48:43.428906,0.30550743719185974,lstm
USR-000061,EVT-0041015,2026-07-18 12:48:49.018988,0.4116546874501047,lstm
SVC-000050,EVT-0041016,2026-07-18 12:49:20.111149,0.2434684314602994,lstm
SVC-000053,EVT-0041017,2026-07-18 12:49:20.488556,0.6584079390437136,lstm
USR-000178,EVT-0041018,2026-07-18 12:50:59.754792,0.254358899676751,lstm
SVC-000034,EVT-0041019,2026-07-18 12:51:36.280362,0.6236983252879439,lstm
SVC-000034,EVT-0041020,2026-07-18 12:55:22.602931,0.4607976428149429,lstm
USR-000064,EVT-0041021,2026-07-18 12:56:27.730222,0.2939293114785024,lstm
USR-000055,EVT-0041022,2026-07-18 12:57:32.858408,0.4155795572531005,lstm
USR-000066,EVT-0041023,2026-07-18 12:59:33.676238,0.3919686623291838,lstm
USR-000043,EVT-0041024,2026-07-18 13:00:01.278618,0.4356426102045371,lstm
SVC-000001,EVT-0041025,2026-07-18 13:01:02.121647,0.324806511009005,lstm
SVC-000034,EVT-0041026,2026-07-18 13:01:13.951557,0.48159267675089434,lstm
USR-000206,EVT-0041027,2026-07-18 13:02:57.983936,0.5549366741573534,lstm
SVC-000017,EVT-0041028,2026-07-18 13:03:15.945476,0.9885660263056655,lstm
USR-000186,EVT-0041029,2026-07-18 13:03:33.264634,0.7680065050117735,lstm
SVC-000017,EVT-0041030,2026-07-18 13:04:34.399890,0.8599291623109814,lstm
DEV-000006,EVT-0041031,2026-07-18 13:05:06.058943,0.5623263463367524,lstm
USR-000068,EVT-0041032,2026-07-18 13:06:50.013496,0.7057986937887978,lstm
DEV-000007,EVT-0041033,2026-07-18 13:08:17.298379,0.49428993478436717,lstm
USR-000060,EVT-0041034,2026-07-18 13:08:29.178376,0.3568117580931646,lstm
DEV-000007,EVT-0041035,2026-07-18 13:09:20.066238,0.9704502201443472,lstm
DEV-000026,EVT-0041036,2026-07-18 13:10:29.816615,0.12358740726752228,lstm
SVC-000021,EVT-0041037,2026-07-18 13:11:09.789514,0.6229715299351147,lstm
USR-000153,EVT-0041038,2026-07-18 13:11:27.457912,0.5137783371908732,lstm
USR-000159,EVT-0041039,2026-07-18 13:11:45.642476,0.3103040148078991,lstm
USR-000061,EVT-0041040,2026-07-18 13:12:31.173385,0.4330961920030497,lstm
USR-000057,EVT-0041041,2026-07-18 13:12:32.216783,0.7306249886134889,lstm
USR-000062,EVT-0041042,2026-07-18 13:12:46.373691,0.3839825431497023,lstm
USR-000126,EVT-0041043,2026-07-18 13:12:54.604426,0.47452430944571156,lstm
SVC-000043,EVT-0041044,2026-07-18 13:13:22.791981,0.8489726071024136,lstm
USR-000086,EVT-0041045,2026-07-18 13:14:06.444907,0.9529891958348107,lstm
USR-000008,EVT-0041046,2026-07-18 13:14:44.108126,0.2279457390841957,lstm
USR-000125,EVT-0041047,2026-07-18 13:16:18.762564,0.4808600090923424,lstm
DEV-000010,EVT-0041048,2026-07-18 13:17:35.683248,0.5018320967950782,lstm
USR-000140,EVT-0041049,2026-07-18 13:18:46.637963,0.5352358099097275,lstm
USR-000038,EVT-0041050,2026-07-18 13:19:11.193126,0.4608522665625066,lstm
SVC-000017,EVT-0041051,2026-07-18 13:19:53.519612,0.6762004943873382,lstm
USR-000057,EVT-0041052,2026-07-18 13:21:18.915884,0.6407599802368167,lstm
USR-000066,EVT-0041053,2026-07-18 13:21:24.200629,0.2715416028311523,lstm
SVC-000017,EVT-0041054,2026-07-18 13:22:15.679292,0.8081623492805133,lstm
SVC-000050,EVT-0041055,2026-07-18 13:25:35.606562,0.24605836364170244,lstm
SVC-000050,EVT-0041056,2026-07-18 13:27:00.491378,0.9102884981076632,lstm
USR-000097,EVT-0041057,2026-07-18 13:27:11.146368,0.3569963569625535,lstm
USR-000104,EVT-0041058,2026-07-18 13:30:27.241907,0.22627822385730367,lstm
DEV-000020,EVT-0041059,2026-07-18 13:31:19.498463,0.5394029029572258,lstm
SVC-000022,EVT-0041060,2026-07-18 13:31:30.595955,0.942230930338922,lstm
USR-000092,EVT-0041061,2026-07-18 13:31:38.216374,0.8845853725581704,lstm
USR-000046,EVT-0041062,2026-07-18 13:33:29.156785,0.2337138565666077,lstm
DEV-000018,EVT-0041063,2026-07-18 13:33:43.099896,0.645875828792939,lstm
USR-000084,EVT-0041064,2026-07-18 13:34:07.457441,0.79423637281267,lstm
USR-000042,EVT-0041065,2026-07-18 13:34:15.528737,0.2944393194987573,lstm
USR-000126,EVT-0041066,2026-07-18 13:34:58.574975,0.4778122888593299,lstm
DEV-000017,EVT-0041067,2026-07-18 13:35:35.669544,0.5001922299092652,lstm
USR-000080,EVT-0041068,2026-07-18 13:35:47.879120,0.36749703640668574,lstm
USR-000026,EVT-0041069,2026-07-18 13:36:03.697096,0.3447710095901831,lstm
USR-000195,EVT-0041070,2026-07-18 13:36:36.703553,0.450000488916264,lstm
USR-000105,EVT-0041071,2026-07-18 13:36:56.053075,0.47361108344920516,lstm
SVC-000028,EVT-0041072,2026-07-18 13:37:23.493561,0.9782600945087383,lstm
USR-000064,EVT-0041073,2026-07-18 13:39:42.409443,0.2864277564874425,lstm
USR-000136,EVT-0041074,2026-07-18 13:40:45.750406,0.6259809504963325,lstm
USR-000211,EVT-0041075,2026-07-18 13:40:54.008450,0.8555371782417502,lstm
USR-000043,EVT-0041076,2026-07-18 13:41:15.239104,0.34784816249819595,lstm
USR-000128,EVT-0041077,2026-07-18 13:41:19.016903,0.672588841957046,lstm
SVC-000027,EVT-0041078,2026-07-18 13:41:26.680266,0.9839845362303071,lstm
USR-000037,EVT-0041079,2026-07-18 13:43:02.715941,0.5709084196239174,lstm
DEV-000002,EVT-0041080,2026-07-18 13:43:54.353178,0.32146260676697186,lstm
SVC-000027,EVT-0041081,2026-07-18 13:45:41.522824,0.9373977359244878,lstm
USR-000064,EVT-0041082,2026-07-18 13:47:48.263235,0.4099915867529519,lstm
USR-000144,EVT-0041083,2026-07-18 13:47:57.959630,0.5189099397086708,lstm
USR-000053,EVT-0041084,2026-07-18 13:48:22.263591,0.5858988012489101,lstm
USR-000003,EVT-0041085,2026-07-18 13:48:26.039914,0.5073692516944485,lstm
SVC-000034,EVT-0041086,2026-07-18 13:48:39.845448,0.4530876518257154,lstm
USR-000053,EVT-0041087,2026-07-18 13:50:30.629711,0.8541486941236941,lstm
SVC-000017,EVT-0041088,2026-07-18 13:52:09.879639,0.5990628279182606,lstm
DEV-000003,EVT-0041089,2026-07-18 13:52:18.575425,0.29922319973446937,lstm
USR-000193,EVT-0041090,2026-07-18 13:54:18.199976,0.20888023364154382,lstm
SVC-000027,EVT-0041091,2026-07-18 13:54:57.534191,0.5000621575139517,lstm
DEV-000016,EVT-0041092,2026-07-18 13:55:21.171375,0.44085987209847466,lstm
USR-000024,EVT-0041093,2026-07-18 13:55:24.103069,0.5034362646416989,lstm
USR-000086,EVT-0041094,2026-07-18 13:56:22.775811,0.23279062116170363,lstm
USR-000151,EVT-0041095,2026-07-18 13:56:45.514902,0.4396420398398489,lstm
SVC-000027,EVT-0041096,2026-07-18 13:59:09.431920,0.5070173282814829,lstm
USR-000138,EVT-0041097,2026-07-18 13:59:18.647255,0.6051270309237279,lstm
USR-000080,EVT-0041098,2026-07-18 13:59:47.726031,0.4681062417906017,lstm
SVC-000050,EVT-0041099,2026-07-18 13:59:51.154997,0.3693263486765403,lstm
USR-000057,EVT-0041100,2026-07-18 14:00:00.122587,0.36058663860734746,lstm
USR-000076,EVT-0041101,2026-07-18 14:01:13.114705,0.8995566947702812,lstm
USR-000135,EVT-0041102,2026-07-18 14:01:28.205017,0.5141256512257644,lstm
USR-000206,EVT-0041103,2026-07-18 14:01:57.162813,0.26947662176881426,lstm
USR-000086,EVT-0041104,2026-07-18 14:02:10.511644,0.36123392090806966,lstm
USR-000157,EVT-0041105,2026-07-18 14:02:18.460022,0.4249026990864104,lstm
SVC-000050,EVT-0041106,2026-07-18 14:03:51.729059,0.6065061753787354,lstm
USR-000062,EVT-0041107,2026-07-18 14:03:56.089890,0.3235833057400959,lstm
USR-000092,EVT-0041108,2026-07-18 14:04:22.344446,0.46470467620432354,lstm
USR-000148,EVT-0041109,2026-07-18 14:04:48.944594,0.33754750813843076,lstm
SVC-000027,EVT-0041110,2026-07-18 14:05:04.774568,0.5279536016824472,lstm
SVC-000043,EVT-0041111,2026-07-18 14:05:26.771284,0.34173706138612187,lstm
USR-000092,EVT-0041112,2026-07-18 14:06:17.356406,0.8173534978055076,lstm
SVC-000043,EVT-0041113,2026-07-18 14:06:25.849592,0.9142547745378086,lstm
USR-000080,EVT-0041114,2026-07-18 14:06:32.607534,0.5056551230418646,lstm
SVC-000027,EVT-0041115,2026-07-18 14:06:41.060375,0.7944301280692889,lstm
USR-000195,EVT-0041116,2026-07-18 14:07:06.124749,0.5710597504426534,lstm
USR-000208,EVT-0041117,2026-07-18 14:07:11.382531,0.4069953103999251,lstm
SVC-000027,EVT-0041118,2026-07-18 14:07:41.765444,0.750263770566902,lstm
USR-000052,EVT-0041119,2026-07-18 14:07:58.569657,0.42201510760717137,lstm
SVC-000027,EVT-0041120,2026-07-18 14:08:31.245304,0.7199775394503332,lstm
USR-000075,EVT-0041121,2026-07-18 14:09:39.464944,0.871779159704058,lstm
SVC-000017,EVT-0041122,2026-07-18 14:10:08.021081,0.5231231112766506,lstm
SVC-000017,EVT-0041123,2026-07-18 14:12:01.922255,0.8654210755181272,lstm
USR-000143,EVT-0041124,2026-07-18 14:12:39.530333,0.40952088046665874,lstm
DEV-000018,EVT-0041125,2026-07-18 14:12:44.457067,0.38636422310682117,lstm
USR-000079,EVT-0041126,2026-07-18 14:14:27.871408,0.40780659075325576,lstm
SVC-000017,EVT-0041127,2026-07-18 14:15:19.520895,0.9658677637058413,lstm
DEV-000010,EVT-0041128,2026-07-18 14:15:27.213695,0.5154147750945492,lstm
SVC-000026,EVT-0041129,2026-07-18 14:15:36.685414,0.9854700950862878,lstm
SVC-000028,EVT-0041130,2026-07-18 14:16:10.767547,0.46635617654850353,lstm
DEV-000002,EVT-0041131,2026-07-18 14:16:13.871589,0.34660893505735424,lstm
USR-000011,EVT-0041132,2026-07-18 14:17:19.371401,0.8776051445026802,lstm
USR-000176,EVT-0041133,2026-07-18 14:17:44.046705,0.2781412522553468,lstm
USR-000128,EVT-0041134,2026-07-18 14:18:43.203303,0.5688587678519285,lstm
SVC-000026,EVT-0041135,2026-07-18 14:19:02.771149,0.6106316944520803,lstm
DEV-000020,EVT-0041136,2026-07-18 14:19:10.941049,0.5170459791770987,lstm
USR-000053,EVT-0041137,2026-07-18 14:19:17.583308,0.3504113986579483,lstm
DEV-000020,EVT-0041138,2026-07-18 14:20:05.767324,0.9601896153593635,lstm
SVC-000027,EVT-0041139,2026-07-18 14:20:21.288218,0.5476789071808598,lstm
USR-000064,EVT-0041140,2026-07-18 14:20:30.255469,0.9094791118909413,lstm
USR-000047,EVT-0041141,2026-07-18 14:23:51.879380,0.3667123337642451,lstm
USR-000084,EVT-0041142,2026-07-18 14:25:18.161890,0.47465919358771946,lstm
SVC-000043,EVT-0041143,2026-07-18 14:25:21.159759,0.3027403515984887,lstm
SVC-000022,EVT-0041144,2026-07-18 14:28:28.428045,0.321113413406078,lstm
USR-000197,EVT-0041145,2026-07-18 14:28:46.997441,0.25958652888850875,lstm
USR-000157,EVT-0041146,2026-07-18 14:28:56.587198,0.8519466320179988,lstm
SVC-000050,EVT-0041147,2026-07-18 14:29:32.333697,0.3069534325003682,lstm
USR-000055,EVT-0041148,2026-07-18 14:30:03.214550,0.5616829566836847,lstm
USR-000075,EVT-0041149,2026-07-18 14:30:15.487023,0.3977265773985676,lstm
USR-000028,EVT-0041150,2026-07-18 14:31:04.561373,0.2780745829752204,lstm
DEV-000011,EVT-0041151,2026-07-18 14:32:19.129982,0.4617172265166741,lstm
SVC-000022,EVT-0041152,2026-07-18 14:32:22.537348,0.5081127595100541,lstm
USR-000028,EVT-0041153,2026-07-18 14:32:35.386339,0.6662414435294112,lstm
USR-000170,EVT-0041154,2026-07-18 14:33:33.010501,0.6684455699486558,lstm
DEV-000016,EVT-0041155,2026-07-18 14:34:05.345062,0.41346289938574926,lstm
SVC-000012,EVT-0041156,2026-07-18 14:34:22.478815,0.971967307233477,lstm
SVC-000012,EVT-0041157,2026-07-18 14:36:09.891909,0.8926428013261772,lstm
USR-000176,EVT-0041158,2026-07-18 14:37:27.772531,0.25923774794613047,lstm
USR-000061,EVT-0041159,2026-07-18 14:37:56.732457,0.30288095422672584,lstm
USR-000012,EVT-0041160,2026-07-18 14:37:57.435056,0.4406032775789621,lstm
USR-000083,EVT-0041161,2026-07-18 14:38:07.605950,0.42710852047386483,lstm
DEV-000018,EVT-0041162,2026-07-18 14:40:52.304139,0.5557461748155578,lstm
SVC-000043,EVT-0041163,2026-07-18 14:41:05.688614,0.33996377011590484,lstm
USR-000064,EVT-0041164,2026-07-18 14:41:20.264287,0.5459416387893578,lstm
SVC-000028,EVT-0041165,2026-07-18 14:42:02.921775,0.2653234435145527,lstm
SVC-000017,EVT-0041166,2026-07-18 14:42:46.966028,0.797681615306315,lstm
SVC-000012,EVT-0041167,2026-07-18 14:43:12.523009,0.6975509500366734,lstm
USR-000092,EVT-0041168,2026-07-18 14:43:30.769990,0.3893781826075137,lstm
USR-000144,EVT-0041169,2026-07-18 14:43:38.877837,0.3462814948193114,lstm
SVC-000001,EVT-0041170,2026-07-18 14:44:28.436397,0.5514770709271554,lstm
DEV-000005,EVT-0041171,2026-07-18 14:46:14.599301,0.6212520080600166,lstm
SVC-000027,EVT-0041172,2026-07-18 14:46:27.250897,0.5745787023288049,lstm
USR-000146,EVT-0041173,2026-07-18 14:47:28.211634,0.6410181492584637,lstm
SVC-000027,EVT-0041174,2026-07-18 14:47:45.226856,0.6844836796940904,lstm
USR-000195,EVT-0041175,2026-07-18 14:48:13.467734,0.339965864462633,lstm
DEV-000025,EVT-0041176,2026-07-18 14:49:33.336720,0.7966039030445211,lstm
DEV-000001,EVT-0041177,2026-07-18 14:49:39.867229,0.18175304973286657,lstm
SVC-000012,EVT-0041178,2026-07-18 14:50:01.159873,0.6140944242052319,lstm
USR-000064,EVT-0041179,2026-07-18 14:50:11.774332,0.9044830948209404,lstm
SVC-000027,EVT-0041180,2026-07-18 14:50:46.138172,0.5963942145794532,lstm
USR-000186,EVT-0041181,2026-07-18 14:51:11.592326,0.4310763761892587,lstm
SVC-000012,EVT-0041182,2026-07-18 14:52:47.463281,0.6230822935084118,lstm
USR-000190,EVT-0041183,2026-07-18 14:53:20.992424,0.9128259506016485,lstm
USR-000012,EVT-0041184,2026-07-18 14:53:36.501047,0.583217934562021,lstm
SVC-000027,EVT-0041185,2026-07-18 14:54:03.285700,0.5422718425562421,lstm
SVC-000022,EVT-0041186,2026-07-18 14:54:29.001636,0.2336072143945376,lstm
SVC-000027,EVT-0041187,2026-07-18 14:54:38.641263,0.6692303968244626,lstm
USR-000154,EVT-0041188,2026-07-18 14:56:04.870286,0.6135636862359997,lstm
USR-000012,EVT-0041189,2026-07-18 14:56:06.539217,0.8282952858112494,lstm
USR-000126,EVT-0041190,2026-07-18 14:56:41.890075,0.23487161791639316,lstm
USR-000003,EVT-0041191,2026-07-18 14:56:59.837383,0.2149999236672956,lstm
SVC-000027,EVT-0041192,2026-07-18 14:57:16.958752,0.5621441806965226,lstm
USR-000086,EVT-0041193,2026-07-18 14:58:10.507049,0.21254194846875085,lstm
USR-000193,EVT-0041194,2026-07-18 14:58:29.254259,0.2440076289363411,lstm
USR-000154,EVT-0041195,2026-07-18 14:58:41.998356,0.648046562386195,lstm
DEV-000018,EVT-0041196,2026-07-18 15:00:03.183372,0.30728062994879196,lstm
USR-000176,EVT-0041197,2026-07-18 15:00:40.743952,0.26993600262828193,lstm
SVC-000017,EVT-0041198,2026-07-18 15:01:15.638653,0.46545701566893244,lstm
USR-000146,EVT-0041199,2026-07-18 15:03:03.205358,0.48913285398569417,lstm
SVC-000022,EVT-0041200,2026-07-18 15:03:27.061118,0.2624848348811803,lstm
USR-000056,EVT-0041201,2026-07-18 15:03:50.825169,0.8108425097795108,lstm
SVC-000027,EVT-0041202,2026-07-18 15:05:08.499637,0.517749419776351,lstm
SVC-000022,EVT-0041203,2026-07-18 15:05:35.214226,0.4682450549042527,lstm
SVC-000043,EVT-0041204,2026-07-18 15:05:37.950769,0.2957964350976558,lstm
USR-000152,EVT-0041205,2026-07-18 15:06:29.796090,0.30915209189378307,lstm
SVC-000027,EVT-0041206,2026-07-18 15:08:55.568609,0.42074612531257416,lstm
USR-000068,EVT-0041207,2026-07-18 15:11:27.895271,0.4432405439313078,lstm
USR-000152,EVT-0041208,2026-07-18 15:11:29.664340,0.5587019654463563,lstm
USR-000033,EVT-0041209,2026-07-18 15:11:35.540627,0.2376358452094523,lstm
SVC-000026,EVT-0041210,2026-07-18 15:11:38.672398,0.47728382706787015,lstm
USR-000052,EVT-0041211,2026-07-18 15:12:21.606103,0.38553834347658394,lstm
SVC-000050,EVT-0041212,2026-07-18 15:12:55.735267,0.4541597116437414,lstm
USR-000154,EVT-0041213,2026-07-18 15:19:02.020734,0.652744488350462,lstm
USR-000040,EVT-0041214,2026-07-18 15:19:31.260270,0.558537628328029,lstm
DEV-000010,EVT-0041215,2026-07-18 15:19:40.166769,0.46227126787630524,lstm
SVC-000026,EVT-0041216,2026-07-18 15:20:13.030222,0.5367592822166832,lstm
SVC-000012,EVT-0041217,2026-07-18 15:22:58.191082,0.40029951286262044,lstm
SVC-000026,EVT-0041218,2026-07-18 15:23:41.998405,0.35865631047198565,lstm
DEV-000021,EVT-0041219,2026-07-18 15:28:13.830544,0.5510096749807989,lstm
USR-000052,EVT-0041220,2026-07-18 15:28:17.050609,0.534095279657674,lstm
USR-000187,EVT-0041221,2026-07-18 15:31:12.691219,0.22860702993347412,lstm
USR-000029,EVT-0041222,2026-07-18 15:33:05.118870,0.3796838730772975,lstm
SVC-000028,EVT-0041223,2026-07-18 15:33:21.715800,0.2881604606719137,lstm
USR-000080,EVT-0041224,2026-07-18 15:33:43.897780,0.40534540696281474,lstm
USR-000143,EVT-0041225,2026-07-18 15:34:06.201222,0.4315413199110188,lstm
USR-000192,EVT-0041226,2026-07-18 15:34:22.274904,0.47237976037927487,lstm
SVC-000028,EVT-0041227,2026-07-18 15:34:25.541995,0.7380278978522788,lstm
USR-000003,EVT-0041228,2026-07-18 15:35:12.936726,0.41396720858284536,lstm
USR-000197,EVT-0041229,2026-07-18 15:36:20.926500,0.22246126897589913,lstm
SVC-000033,EVT-0041230,2026-07-18 15:37:51.827163,0.9934309153547513,lstm
SVC-000027,EVT-0041231,2026-07-18 15:38:19.940605,0.7010035693777316,lstm
USR-000143,EVT-0041232,2026-07-18 15:38:25.169404,0.6561078094500127,lstm
USR-000092,EVT-0041233,2026-07-18 15:40:04.702824,0.21897079659496307,lstm
DEV-000004,EVT-0041234,2026-07-18 15:40:11.872299,0.642771854665231,lstm
SVC-000010,EVT-0041235,2026-07-18 15:40:26.272385,0.9782144796687149,lstm
SVC-000049,EVT-0041236,2026-07-18 15:41:14.683631,0.9558874296105436,lstm
USR-000144,EVT-0041237,2026-07-18 15:41:15.768480,0.3240175025708974,lstm
SVC-000017,EVT-0041238,2026-07-18 15:42:13.402451,0.8699017238867806,lstm
USR-000086,EVT-0041239,2026-07-18 15:42:22.516012,0.3779385492673324,lstm
USR-000033,EVT-0041240,2026-07-18 15:42:24.624925,0.2948804881191331,lstm
USR-000057,EVT-0041241,2026-07-18 15:44:45.597944,0.5669677823934832,lstm
USR-000040,EVT-0041242,2026-07-18 15:44:47.498467,0.3697412535320765,lstm
DEV-000017,EVT-0041243,2026-07-18 15:45:52.281648,0.5454365549489709,lstm
USR-000056,EVT-0041244,2026-07-18 15:47:41.795858,0.6490905964721033,lstm
SVC-000010,EVT-0041245,2026-07-18 15:47:44.486460,0.47394871635696867,lstm
SVC-000029,EVT-0041246,2026-07-18 15:48:44.291181,0.9972933245853519,lstm
USR-000011,EVT-0041247,2026-07-18 15:51:03.690091,0.3231061853627922,lstm
SVC-000049,EVT-0041248,2026-07-18 15:53:41.338982,0.505766073976286,lstm
SVC-000012,EVT-0041249,2026-07-18 15:56:53.755751,0.3446840715556079,lstm
USR-000083,EVT-0041250,2026-07-18 15:57:55.732749,0.3514715423964622,lstm
USR-000033,EVT-0041251,2026-07-18 15:59:57.241640,0.3781911400821762,lstm
USR-000003,EVT-0041252,2026-07-18 16:01:46.073753,0.3771031188122166,lstm
SVC-000026,EVT-0041253,2026-07-18 16:02:49.240483,0.4123593442955537,lstm
SVC-000026,EVT-0041254,2026-07-18 16:04:32.407049,0.4714712351232316,lstm
USR-000052,EVT-0041255,2026-07-18 16:04:47.978185,0.2979305012354934,lstm
SVC-000026,EVT-0041256,2026-07-18 16:05:26.151909,0.698810304902387,lstm
SVC-000028,EVT-0041257,2026-07-18 16:05:40.905152,0.40100915698064993,lstm
SVC-000010,EVT-0041258,2026-07-18 16:06:43.928993,0.42431666599854234,lstm
USR-000085,EVT-0041259,2026-07-18 16:06:50.333410,0.725659364706446,lstm
USR-000037,EVT-0041260,2026-07-18 16:07:29.034567,0.26803585226503973,lstm
USR-000178,EVT-0041261,2026-07-18 16:09:36.238560,0.4551716491832614,lstm
DEV-000018,EVT-0041262,2026-07-18 16:10:40.183958,0.34096580393579967,lstm
SVC-000028,EVT-0041263,2026-07-18 16:10:49.528671,0.8629173778262962,lstm
SVC-000012,EVT-0041264,2026-07-18 16:15:19.548483,0.4462167953581576,lstm
USR-000170,EVT-0041265,2026-07-18 16:15:40.292271,0.4668342876040977,lstm
SVC-000033,EVT-0041266,2026-07-18 16:15:54.879630,0.6687881298848904,lstm
USR-000109,EVT-0041267,2026-07-18 16:17:51.859420,0.415235264489069,lstm
SVC-000005,EVT-0041268,2026-07-18 16:17:52.370649,0.9710043045366316,lstm
DEV-000022,EVT-0041269,2026-07-18 16:19:54.830313,0.9126225252650619,lstm
USR-000061,EVT-0041270,2026-07-18 16:20:27.119271,0.4222238267711792,lstm
USR-000040,EVT-0041271,2026-07-18 16:20:28.434224,0.36237767441115437,lstm
USR-000109,EVT-0041272,2026-07-18 16:21:28.227564,0.5615678779780557,lstm
SVC-000027,EVT-0041273,2026-07-18 16:23:56.078589,0.8810689026438052,lstm
USR-000062,EVT-0041274,2026-07-18 16:24:43.493070,0.9052937328132887,lstm
DEV-000001,EVT-0041275,2026-07-18 16:24:53.721608,0.18572164876335023,lstm
USR-000187,EVT-0041276,2026-07-18 16:25:33.910802,0.3123829217883673,lstm
USR-000211,EVT-0041277,2026-07-18 16:25:55.643845,0.4140550111820458,lstm
USR-000028,EVT-0041278,2026-07-18 16:27:09.052245,0.36059062888219745,lstm
USR-000107,EVT-0041279,2026-07-18 16:28:43.327891,0.6969140511995667,lstm
USR-000037,EVT-0041280,2026-07-18 16:28:55.669385,0.29577632066533943,lstm
USR-000147,EVT-0041281,2026-07-18 16:29:00.767852,0.7801016991215647,lstm
SVC-000023,EVT-0041282,2026-07-18 16:29:32.840133,0.8105185430728133,lstm
SVC-000049,EVT-0041283,2026-07-18 16:29:47.606873,0.30588813414200955,lstm
SVC-000028,EVT-0041284,2026-07-18 16:31:01.566956,0.5107097430696599,lstm
SVC-000026,EVT-0041285,2026-07-18 16:31:50.798775,0.2952256717442373,lstm
SVC-000028,EVT-0041286,2026-07-18 16:32:00.657787,0.800675731860304,lstm
SVC-000029,EVT-0041287,2026-07-18 16:32:03.002555,0.4340833248041747,lstm
DEV-000002,EVT-0041288,2026-07-18 16:32:03.631033,0.6112068466603369,lstm
USR-000060,EVT-0041289,2026-07-18 16:32:03.975715,0.4750221251510496,lstm
DEV-000013,EVT-0041290,2026-07-18 16:32:13.309783,0.877694257546518,lstm
USR-000140,EVT-0041291,2026-07-18 16:33:03.239356,0.49034061818947283,lstm
SVC-000033,EVT-0041292,2026-07-18 16:36:05.159219,0.6323267171736551,lstm
USR-000100,EVT-0041293,2026-07-18 16:37:53.949878,0.9584883373274858,lstm
DEV-000022,EVT-0041294,2026-07-18 16:41:25.725415,0.8953684580581154,lstm
USR-000128,EVT-0041295,2026-07-18 16:42:30.207109,0.3788420470856465,lstm
SVC-000005,EVT-0041296,2026-07-18 16:44:56.001124,0.5464876785838674,lstm
SVC-000026,EVT-0041297,2026-07-18 16:47:33.120181,0.750194354714627,lstm
USR-000040,EVT-0041298,2026-07-18 16:47:37.649084,0.4925941356465823,lstm
SVC-000026,EVT-0041299,2026-07-18 16:47:49.074104,0.7208894418428239,lstm
USR-000136,EVT-0041300,2026-07-18 16:48:35.381913,0.3576111872312061,lstm
SVC-000010,EVT-0041301,2026-07-18 16:48:40.065536,0.35395906633463114,lstm
USR-000138,EVT-0041302,2026-07-18 16:50:16.265421,0.5845219235504533,lstm
DEV-000023,EVT-0041303,2026-07-18 16:51:34.192043,0.4710039389384187,lstm
USR-000146,EVT-0041304,2026-07-18 16:53:30.925730,0.419328186721867,lstm
SVC-000026,EVT-0041305,2026-07-18 16:53:51.317571,0.3726028316738062,lstm
USR-000152,EVT-0041306,2026-07-18 16:53:57.175078,0.21069601550650288,lstm
USR-000011,EVT-0041307,2026-07-18 16:54:00.857155,0.5042098565214276,lstm
SVC-000026,EVT-0041308,2026-07-18 16:55:15.147699,0.49129112471254077,lstm
SVC-000029,EVT-0041309,2026-07-18 16:56:39.827477,0.2800121247646354,lstm
USR-000011,EVT-0041310,2026-07-18 16:56:47.895461,0.5815986089757559,lstm
USR-000136,EVT-0041311,2026-07-18 16:57:29.583456,0.5304006215211756,lstm
USR-000024,EVT-0041312,2026-07-18 16:58:28.036294,0.8610182154665873,lstm
USR-000128,EVT-0041313,2026-07-18 16:59:59.035266,0.4587898230853872,lstm
DEV-000022,EVT-0041314,2026-07-18 17:01:29.868818,0.8026478120613006,lstm
SVC-000029,EVT-0041315,2026-07-18 17:02:19.498968,0.7560935767433495,lstm
USR-000080,EVT-0041316,2026-07-18 17:04:11.605203,0.6207324860079222,lstm
DEV-000004,EVT-0041317,2026-07-18 17:04:40.578820,0.4229436113247781,lstm
SVC-000023,EVT-0041318,2026-07-18 17:04:44.290562,0.2805063887333771,lstm
SVC-000029,EVT-0041319,2026-07-18 17:06:40.135649,0.45125865456059,lstm
USR-000056,EVT-0041320,2026-07-18 17:07:28.103354,0.6304811140449786,lstm
SVC-000026,EVT-0041321,2026-07-18 17:07:37.082911,0.28161389023182976,lstm
USR-000053,EVT-0041322,2026-07-18 17:07:37.518723,0.3424630484223282,lstm
SVC-000010,EVT-0041323,2026-07-18 17:09:58.685705,0.4736297322247764,lstm
USR-000136,EVT-0041324,2026-07-18 17:11:10.185218,0.3915682145268744,lstm
USR-000138,EVT-0041325,2026-07-18 17:12:23.710076,0.5988301552482791,lstm
SVC-000049,EVT-0041326,2026-07-18 17:13:08.737645,0.47052472354961195,lstm
DEV-000010,EVT-0041327,2026-07-18 17:14:29.186458,0.3283617484274504,lstm
USR-000037,EVT-0041328,2026-07-18 17:16:00.297216,0.27162537351078125,lstm
SVC-000033,EVT-0041329,2026-07-18 17:17:39.011898,0.5256075667536597,lstm
USR-000152,EVT-0041330,2026-07-18 17:18:00.048064,0.25142988560248913,lstm
USR-000027,EVT-0041331,2026-07-18 17:19:43.234363,0.4348281479234372,lstm
SVC-000005,EVT-0041332,2026-07-18 17:21:01.852118,0.3978942186040853,lstm
USR-000079,EVT-0041333,2026-07-18 17:24:35.307536,0.37882484461944277,lstm
USR-000033,EVT-0041334,2026-07-18 17:27:03.651688,0.40631745407493347,lstm
USR-000037,EVT-0041335,2026-07-18 17:32:08.316862,0.45067927316159234,lstm
SVC-000033,EVT-0041336,2026-07-18 17:32:52.651736,0.464153801130008,lstm
SVC-000029,EVT-0041337,2026-07-18 17:34:07.304046,0.3991274152059599,lstm
SVC-000033,EVT-0041338,2026-07-18 17:35:25.981879,0.6579064177882303,lstm
SVC-000033,EVT-0041339,2026-07-18 17:35:36.607934,0.9111102343590813,lstm
DEV-000014,EVT-0041340,2026-07-18 17:37:33.458560,0.7253829719277346,lstm
USR-000040,EVT-0041341,2026-07-18 17:41:46.736734,0.8522575264355912,lstm
SVC-000004,EVT-0041342,2026-07-18 17:41:55.739360,0.9427362095970189,lstm
DEV-000018,EVT-0041343,2026-07-18 17:48:53.151944,0.1852185685023247,lstm
USR-000144,EVT-0041344,2026-07-18 17:50:20.098021,0.38855306074747936,lstm
USR-000092,EVT-0041345,2026-07-18 17:54:24.550092,0.5720649036247527,lstm
DEV-000003,EVT-0041346,2026-07-18 17:55:01.394805,0.5945687714175331,lstm
USR-000037,EVT-0041347,2026-07-18 17:55:08.042570,0.32797084627359824,lstm
SVC-000005,EVT-0041348,2026-07-18 17:56:35.471947,0.5035262208169333,lstm
USR-000079,EVT-0041349,2026-07-18 17:58:00.194707,0.6814913263330947,lstm
SVC-000010,EVT-0041350,2026-07-18 17:59:18.877968,0.5714743674451089,lstm
USR-000092,EVT-0041351,2026-07-18 18:00:15.809894,0.5592822311035761,lstm
DEV-000020,EVT-0041352,2026-07-18 18:03:38.321256,0.33413941909942985,lstm
DEV-000018,EVT-0041353,2026-07-18 18:04:52.716046,0.4334748110056445,lstm
SVC-000023,EVT-0041354,2026-07-18 18:05:12.240726,0.22534933895097703,lstm
SVC-000026,EVT-0041355,2026-07-18 18:09:42.931540,0.5384576379924952,lstm
SVC-000052,EVT-0041356,2026-07-18 18:10:02.528115,0.9868903445134676,lstm
USR-000100,EVT-0041357,2026-07-18 18:10:21.500426,0.4815302766792616,lstm
SVC-000044,EVT-0041358,2026-07-18 18:13:07.129143,0.9938005678270114,lstm
SVC-000060,EVT-0041359,2026-07-18 18:15:28.420720,0.9929284746249087,lstm
DEV-000012,EVT-0041360,2026-07-18 18:19:55.204840,0.7524026645085727,lstm
SVC-000029,EVT-0041361,2026-07-18 18:20:27.053385,0.46056842865905,lstm
SVC-000052,EVT-0041362,2026-07-18 18:23:27.332572,0.3725448432781034,lstm
USR-000193,EVT-0041363,2026-07-18 18:26:16.663924,0.5354382838870043,lstm
USR-000037,EVT-0041364,2026-07-18 18:27:03.099612,0.3552104734946631,lstm
DEV-000008,EVT-0041365,2026-07-18 18:27:09.605516,0.5425045629294243,lstm
USR-000211,EVT-0041366,2026-07-18 18:27:53.323272,0.27086672996430067,lstm
DEV-000010,EVT-0041367,2026-07-18 18:29:37.381357,0.3127788210882591,lstm
SVC-000057,EVT-0041368,2026-07-18 18:30:36.693872,0.983827043112137,lstm
SVC-000026,EVT-0041369,2026-07-18 18:31:45.749013,0.4547274854978705,lstm
SVC-000010,EVT-0041370,2026-07-18 18:33:25.152946,0.5935215014470546,lstm
USR-000073,EVT-0041371,2026-07-18 18:34:25.038604,0.7567938171665468,lstm
USR-000075,EVT-0041372,2026-07-18 18:34:25.201984,0.3654453215950237,lstm
SVC-000060,EVT-0041373,2026-07-18 18:35:19.318113,0.8928643529744893,lstm
SVC-000044,EVT-0041374,2026-07-18 18:39:04.051780,0.7305611590211855,lstm
USR-000193,EVT-0041375,2026-07-18 18:45:15.711992,0.540555137133074,lstm
SVC-000033,EVT-0041376,2026-07-18 18:46:26.794455,0.5481274010416063,lstm
SVC-000052,EVT-0041377,2026-07-18 18:47:37.495237,0.3047916412323914,lstm
SVC-000026,EVT-0041378,2026-07-18 18:48:00.649045,0.3883741599440378,lstm
SVC-000010,EVT-0041379,2026-07-18 18:48:11.140437,0.5924768478789932,lstm
DEV-000009,EVT-0041380,2026-07-18 18:51:51.121180,0.8106505254367843,lstm
SVC-000006,EVT-0041381,2026-07-18 18:57:29.991756,0.9950908978641939,lstm
DEV-000012,EVT-0041382,2026-07-18 19:05:08.876382,0.7805582466496427,lstm
USR-000170,EVT-0041383,2026-07-18 19:06:11.368725,0.523789775066212,lstm
USR-000109,EVT-0041384,2026-07-18 19:06:21.868860,0.3232236705848988,lstm
SVC-000004,EVT-0041385,2026-07-18 19:07:52.939740,0.36196326405376,lstm
SVC-000006,EVT-0041386,2026-07-18 19:08:50.268059,0.36099243860039953,lstm
SVC-000033,EVT-0041387,2026-07-18 19:10:45.851170,0.5324289116138996,lstm
SVC-000006,EVT-0041388,2026-07-18 19:11:51.637954,0.6602889214334201,lstm
USR-000068,EVT-0041389,2026-07-18 19:12:50.679416,0.4154967378887143,lstm
SVC-000052,EVT-0041390,2026-07-18 19:15:16.697897,0.7556013426647131,lstm
SVC-000006,EVT-0041391,2026-07-18 19:16:20.205694,0.8515417681581684,lstm
DEV-000010,EVT-0041392,2026-07-18 19:16:35.312033,0.402765056034451,lstm
USR-000092,EVT-0041393,2026-07-18 19:17:01.664154,0.4863338285253899,lstm
SVC-000044,EVT-0041394,2026-07-18 19:17:27.137733,0.6500534278289435,lstm
SVC-000060,EVT-0041395,2026-07-18 19:17:56.744079,0.8669624492040159,lstm
USR-000144,EVT-0041396,2026-07-18 19:19:45.686263,0.5099728209651749,lstm
SVC-000004,EVT-0041397,2026-07-18 19:21:04.230677,0.25707058688636497,lstm
SVC-000006,EVT-0041398,2026-07-18 19:21:53.467536,0.377896169819861,lstm
SVC-000048,EVT-0041399,2026-07-18 19:22:42.319349,0.9910272632823421,lstm
DEV-000010,EVT-0041400,2026-07-18 19:23:24.723321,0.6989945832954194,lstm
SVC-000060,EVT-0041401,2026-07-18 19:23:58.859946,0.8917830200042682,lstm
SVC-000006,EVT-0041402,2026-07-18 19:26:24.966183,0.5759347804910656,lstm
SVC-000004,EVT-0041403,2026-07-18 19:26:42.863978,0.3449264445627932,lstm
USR-000073,EVT-0041404,2026-07-18 19:27:43.942200,0.46887273816172426,lstm
SVC-000006,EVT-0041405,2026-07-18 19:28:10.219411,0.5853890471460591,lstm
USR-000211,EVT-0041406,2026-07-18 19:28:27.439058,0.3977197122838777,lstm
SVC-000052,EVT-0041407,2026-07-18 19:29:31.302743,0.47511771349937626,lstm
SVC-000044,EVT-0041408,2026-07-18 19:30:12.586628,0.43063559258126927,lstm
USR-000073,EVT-0041409,2026-07-18 19:30:45.545567,0.73054852077487,lstm
SVC-000060,EVT-0041410,2026-07-18 19:32:50.470070,0.7703238776897264,lstm
SVC-000057,EVT-0041411,2026-07-18 19:35:06.210444,0.5832509545365347,lstm
SVC-000006,EVT-0041412,2026-07-18 19:37:23.524803,0.48074811473913903,lstm
USR-000027,EVT-0041413,2026-07-18 19:37:35.870668,0.30261333090231973,lstm
SVC-000004,EVT-0041414,2026-07-18 19:38:25.991727,0.4570143975865253,lstm
SVC-000004,EVT-0041415,2026-07-18 19:40:04.192204,0.44426400896996454,lstm
SVC-000006,EVT-0041416,2026-07-18 19:42:36.118060,0.5412529382873397,lstm
SVC-000060,EVT-0041417,2026-07-18 19:42:40.921520,0.7234848836113387,lstm
SVC-000044,EVT-0041418,2026-07-18 19:43:01.144135,0.7082965072823663,lstm
SVC-000060,EVT-0041419,2026-07-18 19:43:17.915733,0.9935773062180542,lstm
DEV-000020,EVT-0041420,2026-07-18 19:43:29.488006,0.33196578520951936,lstm
SVC-000004,EVT-0041421,2026-07-18 19:47:21.484919,0.38500849994258374,lstm
SVC-000060,EVT-0041422,2026-07-18 19:47:49.795564,0.6953245329992065,lstm
USR-000111,EVT-0041423,2026-07-18 19:48:10.485782,0.8147577876867587,lstm
SVC-000061,EVT-0041424,2026-07-18 19:48:25.385282,0.9886988476340353,lstm
DEV-000002,EVT-0041425,2026-07-18 19:53:51.404568,0.915229211903195,lstm
USR-000152,EVT-0041426,2026-07-18 19:58:02.359071,0.5316399996876707,lstm
USR-000192,EVT-0041427,2026-07-18 19:58:32.110744,0.45317350928539213,lstm
DEV-000005,EVT-0041428,2026-07-18 19:59:49.884132,0.3222551348908171,lstm
DEV-000001,EVT-0041429,2026-07-18 20:00:18.305069,0.5504010198472191,lstm
SVC-000057,EVT-0041430,2026-07-18 20:02:39.885271,0.5818720438169638,lstm
SVC-000006,EVT-0041431,2026-07-18 20:03:06.231397,0.8382812825691329,lstm
SVC-000052,EVT-0041432,2026-07-18 20:05:45.124829,0.35106476243102697,lstm
SVC-000004,EVT-0041433,2026-07-18 20:06:53.275417,0.2144222881762433,lstm
SVC-000023,EVT-0041434,2026-07-18 20:07:15.506769,0.3519178513903474,lstm
SVC-000058,EVT-0041435,2026-07-18 20:08:41.801803,0.9864318630814909,lstm
SVC-000052,EVT-0041436,2026-07-18 20:08:57.258065,0.4245842539210324,lstm
DEV-000002,EVT-0041437,2026-07-18 20:10:26.045011,0.8918954115166529,lstm
SVC-000058,EVT-0041438,2026-07-18 20:12:04.782109,0.5390603226693288,lstm
SVC-000023,EVT-0041439,2026-07-18 20:12:16.459508,0.8252677874990522,lstm
USR-000211,EVT-0041440,2026-07-18 20:12:57.766588,0.5577433456287001,lstm
DEV-000023,EVT-0041441,2026-07-18 20:13:15.916231,0.46012732853430005,lstm
SVC-000052,EVT-0041442,2026-07-18 20:14:54.415261,0.6601726316622402,lstm
SVC-000058,EVT-0041443,2026-07-18 20:18:44.435426,0.35921582509114497,lstm
USR-000100,EVT-0041444,2026-07-18 20:19:14.208616,0.558069330473745,lstm
DEV-000026,EVT-0041445,2026-07-18 20:22:53.967777,0.7324720435641902,lstm
SVC-000052,EVT-0041446,2026-07-18 20:26:57.363005,0.3822797260988757,lstm
DEV-000010,EVT-0041447,2026-07-18 20:28:00.246947,0.3086596680967144,lstm
DEV-000004,EVT-0041448,2026-07-18 20:29:21.793852,0.42387992408874586,lstm
SVC-000057,EVT-0041449,2026-07-18 20:30:00.239282,0.3908384588743306,lstm
DEV-000006,EVT-0041450,2026-07-18 20:30:36.589336,0.20625973181111554,lstm
DEV-000010,EVT-0041451,2026-07-18 20:32:09.868021,0.6936427281293406,lstm
SVC-000004,EVT-0041452,2026-07-18 20:33:04.884382,0.23460453007257712,lstm
SVC-000057,EVT-0041453,2026-07-18 20:33:20.126231,0.8017430033824279,lstm
SVC-000052,EVT-0041454,2026-07-18 20:36:29.947002,0.5100783973413137,lstm
SVC-000048,EVT-0041455,2026-07-18 20:38:35.394858,0.3898618573817407,lstm
SVC-000061,EVT-0041456,2026-07-18 20:39:19.672823,0.5158100839961103,lstm
SVC-000060,EVT-0041457,2026-07-18 20:39:42.527485,0.6845005442543607,lstm
SVC-000061,EVT-0041458,2026-07-18 20:40:22.834015,0.5323062823832917,lstm
DEV-000017,EVT-0041459,2026-07-18 20:42:22.796162,0.6473920317518426,lstm
SVC-000061,EVT-0041460,2026-07-18 20:42:55.516784,0.417907186560923,lstm
SVC-000057,EVT-0041461,2026-07-18 20:43:40.694834,0.7715090516745391,lstm
SVC-000061,EVT-0041462,2026-07-18 20:46:14.618325,0.3356712126104431,lstm
DEV-000008,EVT-0041463,2026-07-18 20:46:38.905877,0.29732401335048697,lstm
DEV-000024,EVT-0041464,2026-07-18 20:48:38.285072,0.50292475442685,lstm
SVC-000058,EVT-0041465,2026-07-18 20:51:12.907874,0.4619592393441476,lstm
SVC-000035,EVT-0041466,2026-07-18 20:52:40.007089,0.9947949546066162,lstm
SVC-000004,EVT-0041467,2026-07-18 20:55:10.806829,0.2653108400559595,lstm
USR-000147,EVT-0041468,2026-07-18 20:57:31.396195,0.7334484386766105,lstm
SVC-000044,EVT-0041469,2026-07-18 20:58:48.210071,0.7180772478370985,lstm
SVC-000004,EVT-0041470,2026-07-18 20:59:27.473675,0.9148769322078818,lstm
DEV-000013,EVT-0041471,2026-07-18 21:00:51.127884,0.7213678762927346,lstm
SVC-000048,EVT-0041472,2026-07-18 21:01:43.541940,0.3833397478243828,lstm
SVC-000061,EVT-0041473,2026-07-18 21:02:00.844998,0.255347279228531,lstm
SVC-000058,EVT-0041474,2026-07-18 21:02:01.592106,0.24934478958753664,lstm
SVC-000061,EVT-0041475,2026-07-18 21:04:24.251105,0.28484088593310425,lstm
SVC-000048,EVT-0041476,2026-07-18 21:05:11.679635,0.6354320432616014,lstm
SVC-000035,EVT-0041477,2026-07-18 21:06:02.341769,0.42211601644415647,lstm
SVC-000054,EVT-0041478,2026-07-18 21:07:31.163769,0.9843417801242494,lstm
USR-000165,EVT-0041479,2026-07-18 21:12:31.284759,0.43579368410391917,lstm
SVC-000054,EVT-0041480,2026-07-18 21:12:54.634262,0.5499176326840556,lstm
SVC-000004,EVT-0041481,2026-07-18 21:15:02.789949,0.31082638055213785,lstm
SVC-000045,EVT-0041482,2026-07-18 21:22:46.795024,0.9862998281840988,lstm
SVC-000048,EVT-0041483,2026-07-18 21:23:40.463660,0.46077351000686084,lstm
SVC-000048,EVT-0041484,2026-07-18 21:27:11.385352,0.8175183976006722,lstm
DEV-000023,EVT-0041485,2026-07-18 21:28:00.810226,0.3113993994491461,lstm
SVC-000048,EVT-0041486,2026-07-18 21:29:14.686843,0.7721532494937414,lstm
SVC-000058,EVT-0041487,2026-07-18 21:31:58.104677,0.23158179324317812,lstm
USR-000165,EVT-0041488,2026-07-18 21:34:43.973842,0.416698134075855,lstm
SVC-000035,EVT-0041489,2026-07-18 21:36:43.310738,0.32428448245957364,lstm
SVC-000058,EVT-0041490,2026-07-18 21:41:04.274890,0.2423605037787063,lstm
SVC-000045,EVT-0041491,2026-07-18 21:41:10.832540,0.5086348006561794,lstm
SVC-000054,EVT-0041492,2026-07-18 21:41:35.695365,0.3628615065955615,lstm
SVC-000035,EVT-0041493,2026-07-18 21:44:47.797861,0.29936369591123935,lstm
SVC-000054,EVT-0041494,2026-07-18 21:45:01.358149,0.3939273854099214,lstm
SVC-000003,EVT-0041495,2026-07-18 21:46:57.635406,0.9895708566034577,lstm
SVC-000048,EVT-0041496,2026-07-18 21:48:09.767317,0.3318270338758317,lstm
SVC-000054,EVT-0041497,2026-07-18 21:48:34.886032,0.34370654417874424,lstm
SVC-000058,EVT-0041498,2026-07-18 21:50:17.441716,0.26542485905727253,lstm
SVC-000003,EVT-0041499,2026-07-18 21:51:09.843290,0.6442506301207415,lstm
SVC-000054,EVT-0041500,2026-07-18 21:54:04.324123,0.4407343501319082,lstm
SVC-000003,EVT-0041501,2026-07-18 21:55:34.166617,0.5237462589474419,lstm
SVC-000035,EVT-0041502,2026-07-18 21:58:28.231302,0.6330384553419425,lstm
SVC-000058,EVT-0041503,2026-07-18 21:58:44.702241,0.3362588045213726,lstm
SVC-000054,EVT-0041504,2026-07-18 21:59:37.463860,0.5275161786099428,lstm
SVC-000045,EVT-0041505,2026-07-18 22:01:49.261941,0.5346948432755637,lstm
SVC-000025,EVT-0041506,2026-07-18 22:02:42.676851,0.9855596901614552,lstm
SVC-000058,EVT-0041507,2026-07-18 22:03:05.674553,0.3509094065462636,lstm
USR-000165,EVT-0041508,2026-07-18 22:03:36.406929,0.6484560268837762,lstm
SVC-000045,EVT-0041509,2026-07-18 22:05:51.720496,0.6389433761718127,lstm
SVC-000054,EVT-0041510,2026-07-18 22:06:12.592129,0.2320512824187187,lstm
SVC-000054,EVT-0041511,2026-07-18 22:08:41.987372,0.2751557742282277,lstm
SVC-000035,EVT-0041512,2026-07-18 22:09:02.047253,0.7951367522506109,lstm
SVC-000003,EVT-0041513,2026-07-18 22:10:42.136477,0.8162489755311707,lstm
SVC-000003,EVT-0041514,2026-07-18 22:11:12.432436,0.9157290379825116,lstm
SVC-000054,EVT-0041515,2026-07-18 22:16:31.762387,0.34606033610207,lstm
SVC-000002,EVT-0041516,2026-07-18 22:20:16.477901,0.9867075086570195,lstm
SVC-000045,EVT-0041517,2026-07-18 22:21:03.996189,0.3635320425100652,lstm
SVC-000045,EVT-0041518,2026-07-18 22:21:59.986695,0.6492840733755044,lstm
SVC-000045,EVT-0041519,2026-07-18 22:24:44.556156,0.6282515359326019,lstm
SVC-000048,EVT-0041520,2026-07-18 22:24:58.726103,0.5814138358999607,lstm
SVC-000059,EVT-0041521,2026-07-18 22:25:47.875189,0.991457385744229,lstm
SVC-000058,EVT-0041522,2026-07-18 22:26:08.710127,0.26497902643459703,lstm
SVC-000002,EVT-0041523,2026-07-18 22:26:30.615926,0.3573692687305656,lstm
DEV-000023,EVT-0041524,2026-07-18 22:29:52.334273,0.4525686625512203,lstm
SVC-000003,EVT-0041525,2026-07-18 22:35:53.918629,0.29232053367115823,lstm
DEV-000011,EVT-0041526,2026-07-18 22:37:21.281197,0.8534892312796714,lstm
SVC-000002,EVT-0041527,2026-07-18 22:37:25.464938,0.32495696313311545,lstm
SVC-000045,EVT-0041528,2026-07-18 22:38:19.024375,0.36295237782880496,lstm
SVC-000032,EVT-0041529,2026-07-18 22:38:31.416984,0.9820506154838374,lstm
DEV-000017,EVT-0041530,2026-07-18 22:38:56.755828,0.5344739920958065,lstm
DEV-000023,EVT-0041531,2026-07-18 22:39:10.838426,0.7279207160449843,lstm
SVC-000045,EVT-0041532,2026-07-18 22:39:37.363625,0.6992387573498517,lstm
SVC-000045,EVT-0041533,2026-07-18 22:42:11.678564,0.5664318560768301,lstm
SVC-000025,EVT-0041534,2026-07-18 22:43:57.059513,0.3239155468807603,lstm
DEV-000001,EVT-0041535,2026-07-18 22:44:02.574266,0.7256852549376286,lstm
SVC-000054,EVT-0041536,2026-07-18 22:44:15.167577,0.26535734030285923,lstm
SVC-000002,EVT-0041537,2026-07-18 22:44:44.585869,0.45837944209452697,lstm
SVC-000045,EVT-0041538,2026-07-18 22:45:37.435416,0.586129201956887,lstm
SVC-000002,EVT-0041539,2026-07-18 22:45:37.826186,0.39128249075810206,lstm
SVC-000002,EVT-0041540,2026-07-18 22:47:21.512698,0.4135299586942084,lstm
SVC-000002,EVT-0041541,2026-07-18 22:48:28.595894,0.5644030865767196,lstm
SVC-000025,EVT-0041542,2026-07-18 22:50:44.452895,0.45359937486315616,lstm
SVC-000003,EVT-0041543,2026-07-18 22:52:13.575006,0.7550895803832396,lstm
SVC-000056,EVT-0041544,2026-07-18 22:53:17.995100,0.9885779253078403,lstm
SVC-000048,EVT-0041545,2026-07-18 22:55:36.377355,0.48545428583845324,lstm
SVC-000060,EVT-0041546,2026-07-18 22:57:05.819317,0.8958454311364391,lstm
DEV-000009,EVT-0041547,2026-07-18 22:57:57.888358,0.7600169174912075,lstm
SVC-000045,EVT-0041548,2026-07-18 22:58:03.016168,0.4642141549368368,lstm
SVC-000025,EVT-0041549,2026-07-18 22:59:43.536526,0.48903130165354664,lstm
SVC-000032,EVT-0041550,2026-07-18 23:01:16.169540,0.23871023188619497,lstm
SVC-000032,EVT-0041551,2026-07-18 23:02:15.053846,0.6483502293826363,lstm
DEV-000011,EVT-0041552,2026-07-18 23:02:58.741557,0.8317828083277177,lstm
SVC-000002,EVT-0041553,2026-07-18 23:04:25.444363,0.3616973705086238,lstm
SVC-000059,EVT-0041554,2026-07-18 23:08:32.114044,0.3212761268038946,lstm
SVC-000025,EVT-0041555,2026-07-18 23:08:37.573862,0.4266466124101617,lstm
SVC-000059,EVT-0041556,2026-07-18 23:08:48.161396,0.4539494966774565,lstm
SVC-000032,EVT-0041557,2026-07-18 23:09:17.684506,0.33641802343351596,lstm
SVC-000045,EVT-0041558,2026-07-18 23:09:44.776520,0.34408602107542363,lstm
SVC-000059,EVT-0041559,2026-07-18 23:10:49.003063,0.2665983851570589,lstm
SVC-000002,EVT-0041560,2026-07-18 23:12:09.372993,0.3832249719688098,lstm
DEV-000012,EVT-0041561,2026-07-18 23:12:49.099199,0.590038685117199,lstm
USR-000165,EVT-0041562,2026-07-18 23:13:15.539161,0.297396512354451,lstm
SVC-000059,EVT-0041563,2026-07-18 23:14:07.242905,0.2487158987328969,lstm
SVC-000035,EVT-0041564,2026-07-18 23:14:14.216201,0.36771235103748906,lstm
SVC-000041,EVT-0041565,2026-07-18 23:15:22.321943,0.9965407931558184,lstm
SVC-000032,EVT-0041566,2026-07-18 23:16:53.340395,0.23394199736313365,lstm
SVC-000059,EVT-0041567,2026-07-18 23:19:52.184528,0.2481767914927429,lstm
SVC-000002,EVT-0041568,2026-07-18 23:24:47.169647,0.30942047928966215,lstm
SVC-000002,EVT-0041569,2026-07-18 23:28:49.525587,0.3162521604296949,lstm
USR-000163,EVT-0041570,2026-07-18 23:29:05.497886,0.8380863915093426,lstm
SVC-000002,EVT-0041571,2026-07-18 23:30:18.536466,0.6592539421457655,lstm
SVC-000002,EVT-0041572,2026-07-18 23:32:20.910857,0.34291443311785086,lstm
SVC-000059,EVT-0041573,2026-07-18 23:33:15.587353,0.2385885436089452,lstm
SVC-000059,EVT-0041574,2026-07-18 23:33:45.170510,0.37750696986079774,lstm
USR-000150,EVT-0041575,2026-07-18 23:35:48.660689,0.5146294777984111,lstm
DEV-000002,EVT-0041576,2026-07-18 23:36:21.643944,0.9202523052815418,lstm
SVC-000032,EVT-0041577,2026-07-18 23:37:15.628191,0.22977020807751097,lstm
SVC-000041,EVT-0041578,2026-07-18 23:38:13.502913,0.5020495730579932,lstm
SVC-000032,EVT-0041579,2026-07-18 23:39:00.922402,0.44925906985123293,lstm
SVC-000059,EVT-0041580,2026-07-18 23:41:16.477144,0.2285863143278685,lstm
SVC-000059,EVT-0041581,2026-07-18 23:43:45.040032,0.27252870837715426,lstm
SVC-000059,EVT-0041582,2026-07-18 23:44:19.857014,0.3620577461031947,lstm
SVC-000002,EVT-0041583,2026-07-18 23:46:41.682564,0.5087861350833239,lstm
SVC-000032,EVT-0041584,2026-07-18 23:46:46.662456,0.28420465359512365,lstm
SVC-000002,EVT-0041585,2026-07-18 23:47:57.506621,0.45469064101113243,lstm
SVC-000032,EVT-0041586,2026-07-18 23:48:36.807197,0.459756653088906,lstm
SVC-000025,EVT-0041587,2026-07-18 23:49:39.361314,0.31835106598817703,lstm
SVC-000035,EVT-0041588,2026-07-18 23:57:19.836456,0.555478365602852,lstm
SVC-000059,EVT-0041589,2026-07-18 23:58:05.044225,0.24018325652448025,lstm
DEV-000011,EVT-0041590,2026-07-19 00:01:42.324290,0.5509756425908535,lstm
SVC-000032,EVT-0041591,2026-07-19 00:04:32.611334,0.26832106417635665,lstm
SVC-000059,EVT-0041592,2026-07-19 00:10:09.161945,0.33423846806594115,lstm
DEV-000026,EVT-0041593,2026-07-19 00:10:59.092238,0.7620887613679749,lstm
DEV-000016,EVT-0041594,2026-07-19 00:13:52.498446,0.4987809626651677,lstm
SVC-000041,EVT-0041595,2026-07-19 00:15:56.997169,0.7123392365668956,lstm
SVC-000059,EVT-0041596,2026-07-19 00:22:48.404494,0.2707324029269724,lstm
SVC-000056,EVT-0041597,2026-07-19 00:29:23.788148,0.7518195131915213,lstm
SVC-000041,EVT-0041598,2026-07-19 00:32:13.159086,0.5210961761599805,lstm
SVC-000047,EVT-0041599,2026-07-19 00:32:34.124421,0.9996462163214699,lstm
SVC-000056,EVT-0041600,2026-07-19 00:33:14.726024,0.581158071898967,lstm
SVC-000025,EVT-0041601,2026-07-19 00:36:46.521632,0.5985581655785734,lstm
USR-000150,EVT-0041602,2026-07-19 00:38:19.029577,0.49170535231988155,lstm
USR-000150,EVT-0041603,2026-07-19 00:43:13.089459,0.7296328431334612,lstm
SVC-000056,EVT-0041604,2026-07-19 00:46:56.982986,0.5847348953997833,lstm
USR-000165,EVT-0041605,2026-07-19 00:47:53.823147,0.2789398077758106,lstm
SVC-000041,EVT-0041606,2026-07-19 00:55:16.924832,0.2839865496483901,lstm
SVC-000041,EVT-0041607,2026-07-19 01:03:29.648761,0.6127926096700831,lstm
DEV-000006,EVT-0041608,2026-07-19 01:09:50.377789,0.3829506775477845,lstm
USR-000124,EVT-0041609,2026-07-19 01:11:46.418060,0.8975108762221403,lstm
USR-000122,EVT-0041610,2026-07-19 01:15:30.333800,0.9813301574659659,lstm
SVC-000018,EVT-0041611,2026-07-19 01:16:20.379789,0.9975516047160996,lstm
DEV-000011,EVT-0041612,2026-07-19 01:16:48.180254,0.4272644878893236,lstm
DEV-000023,EVT-0041613,2026-07-19 01:23:48.539074,0.45096786220489815,lstm
SVC-000018,EVT-0041614,2026-07-19 01:24:48.077520,0.46285103585063775,lstm
DEV-000007,EVT-0041615,2026-07-19 01:27:14.276193,0.50813718017246,lstm
USR-000124,EVT-0041616,2026-07-19 01:30:54.402342,0.720776214799658,lstm
DEV-000016,EVT-0041617,2026-07-19 01:33:38.275114,0.3873463241114329,lstm
USR-000122,EVT-0041618,2026-07-19 01:39:25.304434,0.9535259759538537,lstm
USR-000150,EVT-0041619,2026-07-19 01:39:52.767034,0.5981125423485567,lstm
SVC-000041,EVT-0041620,2026-07-19 01:50:11.958496,0.662468804353232,lstm
SVC-000056,EVT-0041621,2026-07-19 01:50:52.731091,0.6769739837496737,lstm
DEV-000007,EVT-0041622,2026-07-19 01:53:38.877593,0.4385913907059413,lstm
USR-000122,EVT-0041623,2026-07-19 01:57:39.900192,0.9453607958236648,lstm
SVC-000025,EVT-0041624,2026-07-19 01:59:55.246459,0.671313572089603,lstm
SVC-000041,EVT-0041625,2026-07-19 02:01:58.429462,0.6510155356104816,lstm
DEV-000003,EVT-0041626,2026-07-19 02:09:05.221241,0.7562294659268858,lstm
SVC-000018,EVT-0041627,2026-07-19 02:11:42.067305,0.3483589655299252,lstm
USR-000165,EVT-0041628,2026-07-19 02:12:28.387075,0.45446135257194414,lstm
SVC-000018,EVT-0041629,2026-07-19 02:18:09.046404,0.3911569701690314,lstm
SVC-000018,EVT-0041630,2026-07-19 02:18:29.520763,0.5679146128572191,lstm
SVC-000018,EVT-0041631,2026-07-19 02:31:00.186781,0.247817521088683,lstm
DEV-000002,EVT-0041632,2026-07-19 02:35:56.176835,0.6671995536378299,lstm
SVC-000018,EVT-0041633,2026-07-19 02:37:32.356767,0.22764753827013282,lstm
SVC-000041,EVT-0041634,2026-07-19 02:44:27.702292,0.5581838091437034,lstm
SVC-000041,EVT-0041635,2026-07-19 02:47:00.042677,0.7267500516578638,lstm
DEV-000023,EVT-0041636,2026-07-19 02:50:42.273761,0.40871055876353407,lstm
SVC-000018,EVT-0041637,2026-07-19 02:54:24.626661,0.24482946566555755,lstm
DEV-000023,EVT-0041638,2026-07-19 02:54:29.902103,0.9343523194685884,lstm
SVC-000041,EVT-0041639,2026-07-19 02:58:07.397370,0.682088821302707,lstm
SVC-000018,EVT-0041640,2026-07-19 03:00:09.129018,0.7757075576984345,lstm
DEV-000018,EVT-0041641,2026-07-19 03:02:30.334193,0.925087456525473,lstm
SVC-000014,EVT-0041642,2026-07-19 03:02:47.689429,0.992008891664262,lstm
SVC-000041,EVT-0041643,2026-07-19 03:07:35.128897,0.6082493846264226,lstm
SVC-000018,EVT-0041644,2026-07-19 03:09:13.377762,0.4097912345961791,lstm
USR-000122,EVT-0041645,2026-07-19 03:10:55.885286,0.7009397790734049,lstm
DEV-000007,EVT-0041646,2026-07-19 03:11:06.772551,0.29611000694860273,lstm
DEV-000004,EVT-0041647,2026-07-19 03:11:52.186236,0.818858806135837,lstm
SVC-000014,EVT-0041648,2026-07-19 03:13:46.090726,0.3929400391461318,lstm
SVC-000018,EVT-0041649,2026-07-19 03:15:54.456947,0.6552712652705865,lstm
SVC-000018,EVT-0041650,2026-07-19 03:16:21.128391,0.611827546873287,lstm
SVC-000014,EVT-0041651,2026-07-19 03:18:40.402996,0.4050493385256083,lstm
SVC-000007,EVT-0041652,2026-07-19 03:20:55.798149,0.9912488311094856,lstm
DEV-000010,EVT-0041653,2026-07-19 03:26:50.038988,0.8699819866327996,lstm
SVC-000041,EVT-0041654,2026-07-19 03:27:09.872096,0.7175551677977386,lstm
SVC-000018,EVT-0041655,2026-07-19 03:29:36.642998,0.4179575824923365,lstm
SVC-000019,EVT-0041656,2026-07-19 03:30:47.744298,0.9596908138207363,lstm
DEV-000007,EVT-0041657,2026-07-19 03:33:13.736311,0.3515672352940232,lstm
DEV-000002,EVT-0041658,2026-07-19 03:40:39.582935,0.5909687550906185,lstm
SVC-000018,EVT-0041659,2026-07-19 03:44:18.530155,0.4191364661212416,lstm
SVC-000014,EVT-0041660,2026-07-19 03:46:22.212447,0.22299476514087962,lstm
SVC-000015,EVT-0041661,2026-07-19 03:47:30.023566,0.9790018059719976,lstm
USR-000113,EVT-0041662,2026-07-19 03:49:55.548594,0.8508643106816145,lstm
USR-000014,EVT-0041663,2026-07-19 03:52:16.748990,0.8589032733766132,lstm
DEV-000023,EVT-0041664,2026-07-19 03:54:08.202262,0.5183695043781504,lstm
SVC-000020,EVT-0041665,2026-07-19 03:58:09.381821,0.9976907397839487,lstm
USR-000157,EVT-0041666,2026-07-19 04:12:29.617343,0.8939931649539943,lstm
SVC-000019,EVT-0041667,2026-07-19 04:13:36.745260,0.3553019999917246,lstm
DEV-000010,EVT-0041668,2026-07-19 04:20:22.071669,0.7092903614280394,lstm
SVC-000020,EVT-0041669,2026-07-19 04:22:09.679822,0.7116679920988637,lstm
USR-000122,EVT-0041670,2026-07-19 04:25:25.449005,0.7734799357675423,lstm
DEV-000010,EVT-0041671,2026-07-19 04:25:44.735209,0.8468871088452609,lstm
DEV-000017,EVT-0041672,2026-07-19 04:26:41.358752,0.5103209471200182,lstm
SVC-000020,EVT-0041673,2026-07-19 04:28:44.294993,0.7359105737393591,lstm
SVC-000020,EVT-0041674,2026-07-19 04:29:25.128235,0.8219248328134141,lstm
DEV-000023,EVT-0041675,2026-07-19 04:31:03.779040,0.4518802551930135,lstm
SVC-000020,EVT-0041676,2026-07-19 04:31:40.814771,0.6119277824665323,lstm
SVC-000019,EVT-0041677,2026-07-19 04:34:03.644828,0.2679022809907627,lstm
SVC-000007,EVT-0041678,2026-07-19 04:34:28.053163,0.4037860393297595,lstm
USR-000016,EVT-0041679,2026-07-19 04:34:59.154656,0.8664742433561577,lstm
SVC-000014,EVT-0041680,2026-07-19 04:35:05.547192,0.28558479871090076,lstm
SVC-000015,EVT-0041681,2026-07-19 04:38:06.018579,0.5764381069243878,lstm
SVC-000019,EVT-0041682,2026-07-19 04:38:22.778595,0.3243782311745399,lstm
SVC-000007,EVT-0041683,2026-07-19 04:39:02.965930,0.4086469891133199,lstm
SVC-000020,EVT-0041684,2026-07-19 04:40:14.695751,0.2871279463857217,lstm
SVC-000019,EVT-0041685,2026-07-19 04:43:38.945179,0.33234955776198544,lstm
SVC-000007,EVT-0041686,2026-07-19 04:44:58.615907,0.29024883796169776,lstm
SVC-000019,EVT-0041687,2026-07-19 04:45:01.255390,0.5323194974473328,lstm
SVC-000007,EVT-0041688,2026-07-19 04:46:32.976383,0.46644447449835374,lstm
DEV-000019,EVT-0041689,2026-07-19 04:48:29.194350,0.4587780306243881,lstm
SVC-000015,EVT-0041690,2026-07-19 04:49:09.711627,0.726024958069722,lstm
SVC-000014,EVT-0041691,2026-07-19 04:50:09.344405,0.28529045253717394,lstm
SVC-000007,EVT-0041692,2026-07-19 04:53:19.805630,0.3738530818056624,lstm
SVC-000015,EVT-0041693,2026-07-19 04:53:45.984638,0.6049145768702529,lstm
SVC-000014,EVT-0041694,2026-07-19 04:53:48.948433,0.3978867004775446,lstm
USR-000203,EVT-0041695,2026-07-19 04:55:23.000000,0.5921915702489127,lstm
USR-000036,EVT-0041696,2026-07-19 04:55:37.945338,0.9598700100625317,lstm
SVC-000007,EVT-0041697,2026-07-19 04:56:04.573507,0.3125029076294186,lstm
SVC-000019,EVT-0041698,2026-07-19 04:57:45.254510,0.24961594616165533,lstm
USR-000191,EVT-0041699,2026-07-19 04:57:51.450637,0.6964426556026158,lstm
SVC-000019,EVT-0041700,2026-07-19 05:00:18.600863,0.39846873408047073,lstm
SVC-000014,EVT-0041701,2026-07-19 05:00:52.706652,0.26680645403473247,lstm
SVC-000014,EVT-0041702,2026-07-19 05:02:56.796570,0.41602899230435725,lstm
SVC-000007,EVT-0041703,2026-07-19 05:06:43.436593,0.3695405849424339,lstm
SVC-000007,EVT-0041704,2026-07-19 05:09:03.437854,0.5377042846613079,lstm
SVC-000020,EVT-0041705,2026-07-19 05:11:06.454752,0.38884380754033954,lstm
SVC-000020,EVT-0041706,2026-07-19 05:12:00.852145,0.7119214269409971,lstm
DEV-000021,EVT-0041707,2026-07-19 05:14:06.304847,0.44290700864113036,lstm
SVC-000007,EVT-0041708,2026-07-19 05:14:10.856369,0.3858989419502158,lstm
SVC-000015,EVT-0041709,2026-07-19 05:15:12.110500,0.662135588798845,lstm
SVC-000019,EVT-0041710,2026-07-19 05:18:17.698789,0.2818640773043666,lstm
SVC-000020,EVT-0041711,2026-07-19 05:18:49.932280,0.31565385080792824,lstm
SVC-000019,EVT-0041712,2026-07-19 05:18:57.836852,0.6212993534932676,lstm
SVC-000007,EVT-0041713,2026-07-19 05:20:50.622813,0.5021957071358768,lstm
SVC-000020,EVT-0041714,2026-07-19 05:22:27.014887,0.5862453615577565,lstm
SVC-000015,EVT-0041715,2026-07-19 05:22:28.262263,0.4444771742498134,lstm
SVC-000015,EVT-0041716,2026-07-19 05:24:16.464283,0.6015785228988086,lstm
SVC-000015,EVT-0041717,2026-07-19 05:29:06.900724,0.49848357911468555,lstm
USR-000036,EVT-0041718,2026-07-19 05:30:55.339884,0.5054391639230488,lstm
SVC-000007,EVT-0041719,2026-07-19 05:31:44.564046,0.26650443462281326,lstm
DEV-000022,EVT-0041720,2026-07-19 05:34:22.172975,0.797492196396477,lstm
SVC-000019,EVT-0041721,2026-07-19 05:35:10.361795,0.2842359508438204,lstm
SVC-000019,EVT-0041722,2026-07-19 05:40:17.147234,0.3922717866049467,lstm
DEV-000009,EVT-0041723,2026-07-19 05:43:06.543344,0.7631462316196496,lstm
DEV-000010,EVT-0041724,2026-07-19 05:43:15.968012,0.6083225308994298,lstm
DEV-000008,EVT-0041725,2026-07-19 05:45:01.799422,0.6795421429209283,lstm
SVC-000019,EVT-0041726,2026-07-19 05:47:00.100829,0.29573787659035866,lstm
SVC-000019,EVT-0041727,2026-07-19 05:50:40.367394,0.3287091593403203,lstm
SVC-000019,EVT-0041728,2026-07-19 05:51:12.780905,0.5159618756850591,lstm
USR-000168,EVT-0041729,2026-07-19 05:55:56.529120,0.9890274354625928,lstm
DEV-000021,EVT-0041730,2026-07-19 05:57:10.044713,0.32514505486990675,lstm
SVC-000031,EVT-0041731,2026-07-19 06:01:02.173842,0.9910158990607943,lstm
SVC-000031,EVT-0041732,2026-07-19 06:07:01.981660,0.383805754109133,lstm
DEV-000007,EVT-0041733,2026-07-19 06:11:48.108782,0.4054559106851819,lstm
USR-000116,EVT-0041734,2026-07-19 06:16:13.185194,0.5665470470124605,lstm
USR-000059,EVT-0041735,2026-07-19 06:21:46.330154,0.8005186903710966,lstm
USR-000058,EVT-0041736,2026-07-19 06:22:50.353960,0.5885904130997303,lstm
DEV-000006,EVT-0041737,2026-07-19 06:23:34.257341,0.694253726065242,lstm
SVC-000016,EVT-0041738,2026-07-19 06:32:35.483939,0.9999097386966579,lstm
USR-000069,EVT-0041739,2026-07-19 06:34:39.992389,0.7493431311571861,lstm
USR-000007,EVT-0041740,2026-07-19 06:41:10.474549,0.7027310526181888,lstm
SVC-000019,EVT-0041741,2026-07-19 06:41:34.655215,0.5091612584241324,lstm
USR-000203,EVT-0041742,2026-07-19 06:48:19.788569,1.0,lstm
SVC-000031,EVT-0041743,2026-07-19 06:48:40.707053,0.36706177240396703,lstm
USR-000111,EVT-0041744,2026-07-19 06:49:34.170484,0.7921782455649179,lstm
DEV-000026,EVT-0041745,2026-07-19 06:50:49.912931,0.5250078623317379,lstm
SVC-000031,EVT-0041746,2026-07-19 06:53:44.489081,0.28952287171600777,lstm
USR-000059,EVT-0041747,2026-07-19 06:55:10.719476,0.3519900695732778,lstm
SVC-000055,EVT-0041748,2026-07-19 06:57:00.644216,0.987889942714983,lstm
USR-000155,EVT-0041749,2026-07-19 06:58:17.223458,0.5238637479491011,lstm
USR-000157,EVT-0041750,2026-07-19 07:04:24.454484,0.3384090374514017,lstm
SVC-000031,EVT-0041751,2026-07-19 07:04:46.542330,0.2216753630677072,lstm
SVC-000055,EVT-0041752,2026-07-19 07:05:18.793092,0.385978187618067,lstm
SVC-000006,EVT-0041753,2026-07-19 07:07:05.702717,1.0,lstm
SVC-000055,EVT-0041754,2026-07-19 07:08:09.686894,0.8412485779027713,lstm
SVC-000031,EVT-0041755,2026-07-19 07:08:23.603851,0.26944443061166484,lstm
SVC-000006,EVT-0041756,2026-07-19 07:08:50.029704,1.0,lstm
SVC-000006,EVT-0041757,2026-07-19 07:09:52.102428,1.0,lstm
SVC-000055,EVT-0041758,2026-07-19 07:09:56.949970,0.41616732928278255,lstm
SVC-000031,EVT-0041759,2026-07-19 07:12:43.353062,0.5294026020792937,lstm
SVC-000031,EVT-0041760,2026-07-19 07:13:17.167976,0.7176655806156229,lstm
USR-000096,EVT-0041761,2026-07-19 07:13:17.991892,0.58461072177946,lstm
USR-000058,EVT-0041762,2026-07-19 07:16:32.377214,0.48375314338500575,lstm
USR-000116,EVT-0041763,2026-07-19 07:18:24.371846,0.5425014429148517,lstm
SVC-000040,EVT-0041764,2026-07-19 07:19:53.241804,0.9629793698851242,lstm
USR-000058,EVT-0041765,2026-07-19 07:20:35.291424,0.6685514848616868,lstm
USR-000155,EVT-0041766,2026-07-19 07:25:08.496276,0.4410723736110948,lstm
SVC-000011,EVT-0041767,2026-07-19 07:25:25.889814,0.9896490457501947,lstm
SVC-000055,EVT-0041768,2026-07-19 07:26:40.076083,0.6737466272898479,lstm
USR-000014,EVT-0041769,2026-07-19 07:26:49.840999,0.2931904218315916,lstm
USR-000096,EVT-0041770,2026-07-19 07:28:37.172737,0.7284488116771332,lstm
DEV-000006,EVT-0041771,2026-07-19 07:29:15.473602,0.408545104660375,lstm
SVC-000055,EVT-0041772,2026-07-19 07:33:37.197562,0.3227269099854586,lstm
USR-000007,EVT-0041773,2026-07-19 07:34:00.599423,0.4006712684263316,lstm
SVC-000051,EVT-0041774,2026-07-19 07:37:20.548891,0.6753239529983434,lstm
USR-000093,EVT-0041775,2026-07-19 07:37:21.566461,0.6632886865605895,lstm
SVC-000040,EVT-0041776,2026-07-19 07:39:08.154658,0.4115719493218843,lstm
SVC-000030,EVT-0041777,2026-07-19 07:39:37.946939,0.987573108216303,lstm
USR-000082,EVT-0041778,2026-07-19 07:41:48.855248,0.4014683635580447,lstm
USR-000172,EVT-0041779,2026-07-19 07:42:27.702834,0.9240079777751528,lstm
SVC-000055,EVT-0041780,2026-07-19 07:44:03.419393,0.31304717910267277,lstm
USR-000029,EVT-0041781,2026-07-19 07:44:10.035493,0.7250604049818596,lstm
DEV-000023,EVT-0041782,2026-07-19 07:47:52.006989,0.5446951219714822,lstm
SVC-000011,EVT-0041783,2026-07-19 07:48:40.709016,0.3714184486221042,lstm
USR-000058,EVT-0041784,2026-07-19 07:49:21.454316,0.3324937117443335,lstm
SVC-000039,EVT-0041785,2026-07-19 07:52:21.917643,0.9915925347074412,lstm
USR-000036,EVT-0041786,2026-07-19 07:52:27.487844,0.34282242240099897,lstm
SVC-000011,EVT-0041787,2026-07-19 07:52:37.786879,0.40338507682724667,lstm
SVC-000031,EVT-0041788,2026-07-19 07:54:17.490583,0.4742785031373276,lstm
USR-000047,EVT-0041789,2026-07-19 07:54:51.205458,0.3882221382121206,lstm
USR-000016,EVT-0041790,2026-07-19 07:55:29.506077,0.4635499359053632,lstm
SVC-000031,EVT-0041791,2026-07-19 07:55:39.397653,0.6121666467622738,lstm
SVC-000055,EVT-0041792,2026-07-19 07:55:59.288484,0.733132603005159,lstm
USR-000051,EVT-0041793,2026-07-19 07:56:43.390768,0.5237699866249297,lstm
SVC-000055,EVT-0041794,2026-07-19 07:57:35.142004,0.7925866638718444,lstm
SVC-000011,EVT-0041795,2026-07-19 07:58:02.609535,0.4777001348616818,lstm
USR-000132,EVT-0041796,2026-07-19 08:00:40.997558,0.7907290535591887,lstm
SVC-000011,EVT-0041797,2026-07-19 08:00:44.308548,0.4029274550186401,lstm
SVC-000030,EVT-0041798,2026-07-19 08:02:37.044940,0.35049333203479766,lstm
SVC-000011,EVT-0041799,2026-07-19 08:02:51.570529,0.43207889412367084,lstm
USR-000168,EVT-0041800,2026-07-19 08:04:01.223428,0.4979049509090396,lstm
SVC-000055,EVT-0041801,2026-07-19 08:04:29.630281,0.25631138189403185,lstm
SVC-000055,EVT-0041802,2026-07-19 08:05:21.785461,0.7912897507138348,lstm
SVC-000055,EVT-0041803,2026-07-19 08:06:45.105361,0.44825188729556986,lstm
USR-000058,EVT-0041804,2026-07-19 08:07:39.574996,0.3753512152377266,lstm
SVC-000011,EVT-0041805,2026-07-19 08:09:23.810649,0.3637803303384122,lstm
USR-000132,EVT-0041806,2026-07-19 08:10:10.477036,0.7045758357510127,lstm
SVC-000011,EVT-0041807,2026-07-19 08:11:17.722341,0.3830055439644003,lstm
SVC-000055,EVT-0041808,2026-07-19 08:12:25.410933,0.5280419416398203,lstm
SVC-000046,EVT-0041809,2026-07-19 08:12:54.123059,0.9901086479328599,lstm
SVC-000055,EVT-0041810,2026-07-19 08:13:38.628216,0.6772488092427346,lstm
DEV-000023,EVT-0041811,2026-07-19 08:15:02.077222,0.44619872974881875,lstm
SVC-000011,EVT-0041812,2026-07-19 08:17:56.373551,0.2668234505724285,lstm
USR-000009,EVT-0041813,2026-07-19 08:22:05.833827,0.47129135520822696,lstm
SVC-000011,EVT-0041814,2026-07-19 08:22:18.429690,0.30949357264670607,lstm
USR-000162,EVT-0041815,2026-07-19 08:23:09.762569,0.5671214205980141,lstm
SVC-000040,EVT-0041816,2026-07-19 08:24:06.767817,0.5473502209235992,lstm
SVC-000011,EVT-0041817,2026-07-19 08:25:27.473278,0.31723613455165134,lstm
SVC-000055,EVT-0041818,2026-07-19 08:26:38.630203,0.3261556026684976,lstm
SVC-000011,EVT-0041819,2026-07-19 08:28:35.783574,0.38902500952431857,lstm
USR-000158,EVT-0041820,2026-07-19 08:28:54.320796,0.9619739780997125,lstm
SVC-000011,EVT-0041821,2026-07-19 08:29:52.615333,0.4342132521792972,lstm
DEV-000013,EVT-0041822,2026-07-19 08:30:08.560543,0.6972695341770898,lstm
USR-000024,EVT-0041823,2026-07-19 08:30:29.568251,0.807806361360498,lstm
SVC-000053,EVT-0041824,2026-07-19 08:31:23.188150,0.9987595077803391,lstm
SVC-000024,EVT-0041825,2026-07-19 08:32:45.866457,0.9979300470518876,lstm
USR-000001,EVT-0041826,2026-07-19 08:34:56.300911,0.8816638563038294,lstm
USR-000099,EVT-0041827,2026-07-19 08:37:03.467089,0.6012342054211439,lstm
USR-000162,EVT-0041828,2026-07-19 08:37:41.349251,0.37888166604556367,lstm
USR-000103,EVT-0041829,2026-07-19 08:39:22.757100,0.44129103668570163,lstm
DEV-000015,EVT-0041830,2026-07-19 08:39:56.698572,0.9197338529274549,lstm
SVC-000030,EVT-0041831,2026-07-19 08:40:28.762234,0.7815853352036943,lstm
SVC-000011,EVT-0041832,2026-07-19 08:40:31.773990,0.7464704572068181,lstm
USR-000153,EVT-0041833,2026-07-19 08:42:23.137338,0.3769149327778154,lstm
USR-000133,EVT-0041834,2026-07-19 08:42:59.546657,0.5585254749280141,lstm
DEV-000012,EVT-0041835,2026-07-19 08:44:17.051206,0.2989774519635733,lstm
USR-000053,EVT-0041836,2026-07-19 08:44:57.505309,0.5194675302479175,lstm
DEV-000008,EVT-0041837,2026-07-19 08:47:57.845042,0.5977909269932875,lstm
USR-000172,EVT-0041838,2026-07-19 08:48:06.106376,0.4245379942537398,lstm
USR-000042,EVT-0041839,2026-07-19 08:49:11.576242,0.6741445596522743,lstm
SVC-000046,EVT-0041840,2026-07-19 08:49:26.850270,0.7296116850016678,lstm
USR-000162,EVT-0041841,2026-07-19 08:49:40.098654,0.41821394480169766,lstm
SVC-000051,EVT-0041842,2026-07-19 08:50:12.994515,0.8033382314080075,lstm
SVC-000011,EVT-0041843,2026-07-19 08:51:47.630518,0.27309674257002503,lstm
USR-000016,EVT-0041844,2026-07-19 08:53:49.123030,0.26794519076917567,lstm
USR-000169,EVT-0041845,2026-07-19 08:54:11.604170,0.6770287913558333,lstm
USR-000133,EVT-0041846,2026-07-19 08:54:16.018174,0.40959269626141587,lstm
USR-000172,EVT-0041847,2026-07-19 08:54:25.435905,0.595040288770691,lstm
SVC-000021,EVT-0041848,2026-07-19 08:54:32.891906,0.9953382529431484,lstm
SVC-000046,EVT-0041849,2026-07-19 08:54:48.549264,0.7011819582178334,lstm
SVC-000016,EVT-0041850,2026-07-19 08:55:02.371408,0.7956389097477707,lstm
SVC-000046,EVT-0041851,2026-07-19 08:56:02.697818,0.5502968149721418,lstm
SVC-000053,EVT-0041852,2026-07-19 08:57:18.974956,0.5692865327502407,lstm
SVC-000046,EVT-0041853,2026-07-19 08:59:17.760144,0.5319856927779192,lstm
USR-000103,EVT-0041854,2026-07-19 08:59:27.759936,0.8448819781435216,lstm
SVC-000016,EVT-0041855,2026-07-19 08:59:45.018752,0.838254727434298,lstm
USR-000015,EVT-0041856,2026-07-19 09:03:12.102758,0.7962414450363189,lstm
USR-000105,EVT-0041857,2026-07-19 09:05:59.609183,0.5896949975274052,lstm
USR-000157,EVT-0041858,2026-07-19 09:06:14.795691,0.33918429311715487,lstm
USR-000190,EVT-0041859,2026-07-19 09:07:20.984549,0.7191588265462683,lstm
SVC-000016,EVT-0041860,2026-07-19 09:09:20.391191,0.6776700691625563,lstm
USR-000162,EVT-0041861,2026-07-19 09:11:54.741620,0.40666437214728707,lstm
DEV-000008,EVT-0041862,2026-07-19 09:12:07.818337,0.8546153788178807,lstm
USR-000042,EVT-0041863,2026-07-19 09:12:11.204775,0.3249286378073267,lstm
DEV-000021,EVT-0041864,2026-07-19 09:13:02.448968,0.20317468176797768,lstm
SVC-000046,EVT-0041865,2026-07-19 09:13:23.571475,0.46497745559470804,lstm
SVC-000013,EVT-0041866,2026-07-19 09:13:41.463746,0.9991329670125844,lstm
SVC-000046,EVT-0041867,2026-07-19 09:14:12.313491,0.7055080133081817,lstm
SVC-000046,EVT-0041868,2026-07-19 09:14:18.990326,0.6157610278435165,lstm
USR-000087,EVT-0041869,2026-07-19 09:17:03.214479,0.7369240776005737,lstm
USR-000086,EVT-0041870,2026-07-19 09:17:03.514811,0.5516187066080241,lstm
USR-000059,EVT-0041871,2026-07-19 09:17:32.378549,0.6890826770250574,lstm
USR-000158,EVT-0041872,2026-07-19 09:21:14.041343,0.380930093291332,lstm
DEV-000016,EVT-0041873,2026-07-19 09:21:34.551317,0.5114854718048083,lstm
SVC-000046,EVT-0041874,2026-07-19 09:22:26.116580,0.28439811599521087,lstm
SVC-000046,EVT-0041875,2026-07-19 09:22:46.121798,0.5922397789478585,lstm
USR-000153,EVT-0041876,2026-07-19 09:23:35.713182,0.49906977417275156,lstm
SVC-000053,EVT-0041877,2026-07-19 09:25:02.576426,0.8260281566405451,lstm
SVC-000046,EVT-0041878,2026-07-19 09:25:24.934565,0.39714529105876817,lstm
SVC-000042,EVT-0041879,2026-07-19 09:25:59.669820,0.9777786614101002,lstm
USR-000062,EVT-0041880,2026-07-19 09:29:13.644716,0.5657898492457375,lstm
DEV-000010,EVT-0041881,2026-07-19 09:29:45.586994,0.42798112695944596,lstm
USR-000036,EVT-0041882,2026-07-19 09:29:46.756788,0.2957751815412147,lstm
USR-000172,EVT-0041883,2026-07-19 09:30:14.625473,0.29807359687664153,lstm
DEV-000026,EVT-0041884,2026-07-19 09:31:12.076431,0.24303590805614222,lstm
USR-000105,EVT-0041885,2026-07-19 09:32:54.663612,0.43480174468081917,lstm
USR-000120,EVT-0041886,2026-07-19 09:34:00.300313,0.8477456198908452,lstm
SVC-000024,EVT-0041887,2026-07-19 09:35:04.166335,0.6482583716985562,lstm
SVC-000024,EVT-0041888,2026-07-19 09:36:39.189272,0.8829655480569649,lstm
USR-000099,EVT-0041889,2026-07-19 09:39:29.058627,0.3139560500814095,lstm
SVC-000046,EVT-0041890,2026-07-19 09:39:59.450630,0.37768258900695195,lstm
USR-000178,EVT-0041891,2026-07-19 09:41:05.313185,0.4030964606267339,lstm
USR-000120,EVT-0041892,2026-07-19 09:42:09.055701,0.6910987111032146,lstm
USR-000009,EVT-0041893,2026-07-19 09:42:41.330186,0.2702647751537821,lstm
SVC-000024,EVT-0041894,2026-07-19 09:43:15.391845,0.3764961609804012,lstm
USR-000030,EVT-0041895,2026-07-19 09:44:21.007807,0.791322506170501,lstm
SVC-000016,EVT-0041896,2026-07-19 09:44:23.293248,0.5189484385820132,lstm
SVC-000011,EVT-0041897,2026-07-19 09:44:59.049436,0.7099224047046323,lstm
USR-000015,EVT-0041898,2026-07-19 09:50:41.843166,0.3695692388312682,lstm
USR-000102,EVT-0041899,2026-07-19 09:51:14.290814,0.8387414593872284,lstm
USR-000093,EVT-0041900,2026-07-19 09:51:58.533395,0.28337756420160437,lstm
SVC-000042,EVT-0041901,2026-07-19 09:52:06.626060,0.3115084028621884,lstm
SVC-000051,EVT-0041902,2026-07-19 09:53:18.130260,0.7971031008381848,lstm
DEV-000010,EVT-0041903,2026-07-19 09:53:26.329843,0.44255019554835257,lstm
SVC-000021,EVT-0041904,2026-07-19 09:53:28.137901,0.7950687788701308,lstm
SVC-000024,EVT-0041905,2026-07-19 09:53:54.176482,0.31628158949073676,lstm
SVC-000039,EVT-0041906,2026-07-19 09:53:58.121783,0.4243017487538292,lstm
USR-000015,EVT-0041907,2026-07-19 09:54:23.825481,0.5871987955629653,lstm
SVC-000024,EVT-0041908,2026-07-19 09:54:26.356538,0.6712222498939299,lstm
SVC-000039,EVT-0041909,2026-07-19 09:56:18.015398,0.715592164472562,lstm
SVC-000024,EVT-0041910,2026-07-19 09:58:00.842206,0.31903923914194227,lstm
SVC-000024,EVT-0041911,2026-07-19 09:58:36.205531,0.558623836599951,lstm
SVC-000008,EVT-0041912,2026-07-19 09:59:48.646738,0.9995034507811438,lstm
USR-000009,EVT-0041913,2026-07-19 10:01:01.179188,0.3484869267492295,lstm
SVC-000053,EVT-0041914,2026-07-19 10:01:06.383151,0.3101303870912206,lstm
USR-000132,EVT-0041915,2026-07-19 10:01:32.021354,0.3481773584554504,lstm
SVC-000024,EVT-0041916,2026-07-19 10:02:01.008067,0.37405826224431277,lstm
SVC-000053,EVT-0041917,2026-07-19 10:02:02.390183,0.798584839266921,lstm
USR-000190,EVT-0041918,2026-07-19 10:03:02.491365,0.2881043131412992,lstm
USR-000007,EVT-0041919,2026-07-19 10:03:08.441142,0.24748519573371558,lstm
DEV-000010,EVT-0041920,2026-07-19 10:03:30.507579,0.5836758533647208,lstm
USR-000206,EVT-0041921,2026-07-19 10:04:21.756435,0.54350765723253,lstm
USR-000058,EVT-0041922,2026-07-19 10:04:27.409105,0.3958138726893771,lstm
USR-000096,EVT-0041923,2026-07-19 10:06:03.234140,0.30333316632996754,lstm
USR-000201,EVT-0041924,2026-07-19 10:06:05.072149,0.9086561541458209,lstm
USR-000029,EVT-0041925,2026-07-19 10:07:48.304549,0.36892248047674303,lstm
SVC-000008,EVT-0041926,2026-07-19 10:08:03.290265,0.7977814805809408,lstm
SVC-000042,EVT-0041927,2026-07-19 10:09:14.785434,0.24133096086718,lstm
DEV-000025,EVT-0041928,2026-07-19 10:09:31.075140,0.7751358808912078,lstm
SVC-000053,EVT-0041929,2026-07-19 10:10:33.350646,0.5494583116396538,lstm
SVC-000042,EVT-0041930,2026-07-19 10:10:51.255458,0.4750264994591833,lstm
USR-000024,EVT-0041931,2026-07-19 10:13:19.247806,0.6934251700845835,lstm
USR-000190,EVT-0041932,2026-07-19 10:13:34.505250,0.2852700676206666,lstm
USR-000070,EVT-0041933,2026-07-19 10:14:17.640880,0.6436576983877784,lstm
SVC-000039,EVT-0041934,2026-07-19 10:15:07.383876,0.35880752086886747,lstm
USR-000111,EVT-0041935,2026-07-19 10:15:48.713026,0.45618601690837113,lstm
USR-000121,EVT-0041936,2026-07-19 10:15:57.308056,0.8547372850901542,lstm
SVC-000013,EVT-0041937,2026-07-19 10:16:06.566656,0.4980406970788903,lstm
SVC-000013,EVT-0041938,2026-07-19 10:16:51.573151,0.8887681448383526,lstm
SVC-000013,EVT-0041939,2026-07-19 10:17:36.941909,0.6228803857145658,lstm
DEV-000009,EVT-0041940,2026-07-19 10:22:11.173071,0.6101295272545114,lstm
SVC-000039,EVT-0041941,2026-07-19 10:22:44.621575,0.4326899733132529,lstm
SVC-000024,EVT-0041942,2026-07-19 10:23:01.111932,0.28582409224143,lstm
USR-000078,EVT-0041943,2026-07-19 10:23:14.111700,0.6657218071846023,lstm
SVC-000024,EVT-0041944,2026-07-19 10:23:58.639351,0.5044537242344196,lstm
USR-000169,EVT-0041945,2026-07-19 10:24:38.221077,0.3948643344562879,lstm
USR-000082,EVT-0041946,2026-07-19 10:24:50.238558,0.2807922545295417,lstm
SVC-000024,EVT-0041947,2026-07-19 10:25:26.665661,0.40582702548550675,lstm
USR-000112,EVT-0041948,2026-07-19 10:26:22.940752,0.7380458447622683,lstm
USR-000090,EVT-0041949,2026-07-19 10:33:14.026422,0.9660138445340137,lstm
SVC-000042,EVT-0041950,2026-07-19 10:34:37.491375,0.2824381615703288,lstm
USR-000021,EVT-0041951,2026-07-19 10:35:39.136820,0.6939224236156952,lstm
DEV-000003,EVT-0041952,2026-07-19 10:38:48.054085,0.31012768047813716,lstm
SVC-000013,EVT-0041953,2026-07-19 10:39:07.043428,0.771411537658945,lstm
SVC-000008,EVT-0041954,2026-07-19 10:39:30.284754,0.6513742050586273,lstm
USR-000095,EVT-0041955,2026-07-19 10:39:43.764280,0.26006337124339035,lstm
DEV-000010,EVT-0041956,2026-07-19 10:40:34.287955,0.41448435928011734,lstm
USR-000159,EVT-0041957,2026-07-19 10:43:12.487858,0.36845504515940797,lstm
SVC-000016,EVT-0041958,2026-07-19 10:43:25.488509,0.34831746971694055,lstm
SVC-000039,EVT-0041959,2026-07-19 10:43:54.204583,0.3382585486636022,lstm
USR-000199,EVT-0041960,2026-07-19 10:44:00.061595,0.3935239559050033,lstm
SVC-000039,EVT-0041961,2026-07-19 10:44:59.565109,0.9719585752603593,lstm
SVC-000024,EVT-0041962,2026-07-19 10:45:39.736872,0.3626506119370541,lstm
SVC-000042,EVT-0041963,2026-07-19 10:45:49.122524,0.2501812156492542,lstm
DEV-000015,EVT-0041964,2026-07-19 10:45:50.626502,0.46042311876766046,lstm
USR-000099,EVT-0041965,2026-07-19 10:47:45.840424,0.4033766544156138,lstm
USR-000051,EVT-0041966,2026-07-19 10:49:27.289121,0.3348207874568929,lstm
SVC-000039,EVT-0041967,2026-07-19 10:49:59.184176,0.35551693819585506,lstm
SVC-000042,EVT-0041968,2026-07-19 10:50:08.767044,0.29498229507019497,lstm
SVC-000016,EVT-0041969,2026-07-19 10:50:09.839967,0.5579860056946551,lstm
SVC-000053,EVT-0041970,2026-07-19 10:50:42.906653,0.46592146346203245,lstm
SVC-000008,EVT-0041971,2026-07-19 10:51:26.773019,0.9127827925561793,lstm
USR-000102,EVT-0041972,2026-07-19 10:52:35.871737,0.36016192822727067,lstm
USR-000153,EVT-0041973,2026-07-19 10:52:44.695988,0.35300265158780814,lstm
USR-000099,EVT-0041974,2026-07-19 10:53:36.027241,0.436779530072754,lstm
SVC-000039,EVT-0041975,2026-07-19 10:54:23.647186,0.5598749425878046,lstm
USR-000206,EVT-0041976,2026-07-19 10:54:42.906511,0.28910389505162265,lstm
USR-000178,EVT-0041977,2026-07-19 10:55:22.200366,0.19944059302970638,lstm
SVC-000053,EVT-0041978,2026-07-19 10:55:34.333863,0.6154240510073147,lstm
SVC-000050,EVT-0041979,2026-07-19 10:56:03.928163,0.9745703459807432,lstm
SVC-000016,EVT-0041980,2026-07-19 10:57:05.879243,0.5280069597089325,lstm
DEV-000003,EVT-0041981,2026-07-19 10:57:35.547136,0.34652032968879465,lstm
USR-000081,EVT-0041982,2026-07-19 10:58:04.860868,0.4652942108136457,lstm
USR-000126,EVT-0041983,2026-07-19 10:58:11.042537,0.5722118280254465,lstm
USR-000157,EVT-0041984,2026-07-19 10:58:20.228936,0.510951942319002,lstm
USR-000123,EVT-0041985,2026-07-19 10:59:52.430986,0.47825506860383304,lstm
SVC-000053,EVT-0041986,2026-07-19 11:00:35.753544,0.484178069135488,lstm
SVC-000021,EVT-0041987,2026-07-19 11:00:50.767053,0.4194831985111763,lstm
USR-000123,EVT-0041988,2026-07-19 11:00:56.229271,0.8333616853577845,lstm
USR-000030,EVT-0041989,2026-07-19 11:01:05.973457,0.4899233814945984,lstm
SVC-000053,EVT-0041990,2026-07-19 11:01:48.117589,0.5137734189955755,lstm
DEV-000017,EVT-0041991,2026-07-19 11:02:40.367425,0.3089953712385406,lstm
USR-000162,EVT-0041992,2026-07-19 11:04:18.048479,0.34160127593695033,lstm
USR-000006,EVT-0041993,2026-07-19 11:04:21.021041,0.33419220572328745,lstm
USR-000103,EVT-0041994,2026-07-19 11:06:03.733712,0.28198720919372733,lstm
USR-000206,EVT-0041995,2026-07-19 11:06:56.711856,0.3154624974524906,lstm
DEV-000008,EVT-0041996,2026-07-19 11:07:43.871783,0.8512466213571313,lstm
USR-000167,EVT-0041997,2026-07-19 11:08:06.363417,0.9419767540478564,lstm
SVC-000013,EVT-0041998,2026-07-19 11:08:21.014801,0.602121068846816,lstm
USR-000020,EVT-0041999,2026-07-19 11:11:06.005544,0.9651366725024344,lstm
SVC-000024,EVT-0042000,2026-07-19 11:11:06.334815,0.49042145268897064,lstm
USR-000093,EVT-0042001,2026-07-19 11:11:27.917215,0.3280443018467906,lstm
USR-000051,EVT-0042002,2026-07-19 11:11:28.766189,0.2696649449081077,lstm
USR-000103,EVT-0042003,2026-07-19 11:11:45.575015,0.5458042831680285,lstm
USR-000087,EVT-0042004,2026-07-19 11:12:57.606987,0.3536897396324467,lstm
USR-000029,EVT-0042005,2026-07-19 11:15:26.431940,0.4564087336230699,lstm
USR-000036,EVT-0042006,2026-07-19 11:15:55.299361,0.5715762505979417,lstm
USR-000070,EVT-0042007,2026-07-19 11:15:55.779959,0.38858848758963144,lstm
DEV-000015,EVT-0042008,2026-07-19 11:15:58.723737,0.5232114287973503,lstm
SVC-000039,EVT-0042009,2026-07-19 11:16:16.302259,0.49321230016073514,lstm
USR-000059,EVT-0042010,2026-07-19 11:16:43.291810,0.5576157861454428,lstm
SVC-000024,EVT-0042011,2026-07-19 11:16:48.811540,0.47180607110387673,lstm
SVC-000021,EVT-0042012,2026-07-19 11:17:07.743702,0.5178631031263611,lstm
USR-000209,EVT-0042013,2026-07-19 11:17:37.890050,0.8578952607031977,lstm
SVC-000024,EVT-0042014,2026-07-19 11:18:22.290181,0.4069579448928734,lstm
USR-000116,EVT-0042015,2026-07-19 11:18:33.888538,0.5379212097303593,lstm
USR-000058,EVT-0042016,2026-07-19 11:18:41.833900,0.4177711279656887,lstm
SVC-000053,EVT-0042017,2026-07-19 11:18:46.694921,0.6549639608303653,lstm
USR-000029,EVT-0042018,2026-07-19 11:20:16.475559,0.578392084685782,lstm
SVC-000050,EVT-0042019,2026-07-19 11:22:09.690331,0.3367650771747966,lstm
USR-000211,EVT-0042020,2026-07-19 11:23:06.490992,0.721310790239349,lstm
DEV-000018,EVT-0042021,2026-07-19 11:25:57.187290,0.525136164905857,lstm
SVC-000008,EVT-0042022,2026-07-19 11:27:22.224683,0.5347869269591753,lstm
USR-000042,EVT-0042023,2026-07-19 11:28:02.586136,0.24239029079283353,lstm
USR-000086,EVT-0042024,2026-07-19 11:28:24.406363,0.240931086489667,lstm
DEV-000024,EVT-0042025,2026-07-19 11:28:41.416637,0.703244476481975,lstm
USR-000206,EVT-0042026,2026-07-19 11:38:09.134592,0.2658682682740401,lstm
DEV-000016,EVT-0042027,2026-07-19 11:38:40.448151,0.5804224050318065,lstm
SVC-000042,EVT-0042028,2026-07-19 11:39:10.890531,0.33482159993347366,lstm
USR-000021,EVT-0042029,2026-07-19 11:40:12.817321,0.33008279016193953,lstm
SVC-000039,EVT-0042030,2026-07-19 11:41:01.154697,0.35428939892293054,lstm
USR-000164,EVT-0042031,2026-07-19 11:42:30.688535,0.5400797569035085,lstm
USR-000080,EVT-0042032,2026-07-19 11:46:35.828174,0.5946227217757247,lstm
SVC-000050,EVT-0042033,2026-07-19 11:46:58.827244,0.8157479081533792,lstm
USR-000162,EVT-0042034,2026-07-19 11:48:19.929268,0.43681287482790926,lstm
USR-000148,EVT-0042035,2026-07-19 11:48:29.419148,0.9884360688979015,lstm
SVC-000013,EVT-0042036,2026-07-19 11:48:59.561199,0.5547495074199671,lstm
USR-000132,EVT-0042037,2026-07-19 11:49:04.695010,0.32507571952056913,lstm
USR-000176,EVT-0042038,2026-07-19 11:50:12.635179,0.43014661638711943,lstm
USR-000120,EVT-0042039,2026-07-19 11:51:47.612545,0.2557229962796155,lstm
SVC-000021,EVT-0042040,2026-07-19 11:53:20.296516,0.42206892633992343,lstm
USR-000021,EVT-0042041,2026-07-19 11:54:13.312530,0.39110909002290517,lstm
USR-000069,EVT-0042042,2026-07-19 11:54:30.958165,0.25805559163678154,lstm
SVC-000053,EVT-0042043,2026-07-19 11:54:51.313720,0.49370818464034083,lstm
USR-000048,EVT-0042044,2026-07-19 11:55:04.554775,0.7646340874995555,lstm
USR-000112,EVT-0042045,2026-07-19 11:55:07.808335,0.5735238185850988,lstm
SVC-000050,EVT-0042046,2026-07-19 11:57:21.300630,0.415765055883457,lstm
SVC-000050,EVT-0042047,2026-07-19 12:02:40.875182,0.4992468096131884,lstm
USR-000083,EVT-0042048,2026-07-19 12:03:21.126108,0.9011071980840566,lstm
DEV-000002,EVT-0042049,2026-07-19 12:05:03.450901,0.26048031017369533,lstm
USR-000096,EVT-0042050,2026-07-19 12:08:51.952880,0.374340733587412,lstm
DEV-000018,EVT-0042051,2026-07-19 12:08:54.367604,0.39440284038312085,lstm
SVC-000053,EVT-0042052,2026-07-19 12:09:15.898167,0.36028431207516864,lstm
USR-000157,EVT-0042053,2026-07-19 12:09:19.806934,0.4932862594038288,lstm
USR-000023,EVT-0042054,2026-07-19 12:12:16.106879,0.6682432655908719,lstm
USR-000030,EVT-0042055,2026-07-19 12:15:19.276336,0.32027303641651383,lstm
SVC-000053,EVT-0042056,2026-07-19 12:16:12.258574,0.3875697648052304,lstm
SVC-000021,EVT-0042057,2026-07-19 12:17:06.900726,0.6115870348410001,lstm
USR-000159,EVT-0042058,2026-07-19 12:18:22.377431,0.34302072594313704,lstm
SVC-000053,EVT-0042059,2026-07-19 12:19:37.401774,0.5074452422253775,lstm
USR-000095,EVT-0042060,2026-07-19 12:19:45.386490,0.2635449480948805,lstm
SVC-000053,EVT-0042061,2026-07-19 12:20:51.405096,0.7918299335681344,lstm
USR-000172,EVT-0042062,2026-07-19 12:22:46.964780,0.3305136345174632,lstm
USR-000079,EVT-0042063,2026-07-19 12:23:52.626283,0.748349829777273,lstm
USR-000121,EVT-0042064,2026-07-19 12:24:31.739683,0.4286364749327297,lstm
USR-000015,EVT-0042065,2026-07-19 12:25:33.952717,0.3004026512733148,lstm
SVC-000021,EVT-0042066,2026-07-19 12:25:53.087301,0.4044489021747943,lstm
SVC-000008,EVT-0042067,2026-07-19 12:26:38.507096,0.3598651985842915,lstm
SVC-000021,EVT-0042068,2026-07-19 12:27:25.911824,0.8406008743481465,lstm
SVC-000008,EVT-0042069,2026-07-19 12:28:23.105404,0.7310293799094895,lstm
SVC-000008,EVT-0042070,2026-07-19 12:29:02.419765,0.8286488813034443,lstm
USR-000170,EVT-0042071,2026-07-19 12:30:42.529671,0.5140847365225352,lstm
DEV-000017,EVT-0042072,2026-07-19 12:31:04.090576,0.27507019008743977,lstm
USR-000172,EVT-0042073,2026-07-19 12:32:13.087002,0.4725182409849818,lstm
USR-000143,EVT-0042074,2026-07-19 12:32:20.158135,0.3622325766007953,lstm
SVC-000021,EVT-0042075,2026-07-19 12:32:40.249780,0.6996297704308924,lstm
USR-000029,EVT-0042076,2026-07-19 12:33:50.916585,0.3511999328974217,lstm
USR-000164,EVT-0042077,2026-07-19 12:35:10.407284,0.34797716588591443,lstm
USR-000164,EVT-0042078,2026-07-19 12:36:39.179184,0.7366438117371922,lstm
USR-000170,EVT-0042079,2026-07-19 12:38:35.899150,0.4965892440126083,lstm
USR-000181,EVT-0042080,2026-07-19 12:39:07.788171,0.629226772305995,lstm
USR-000090,EVT-0042081,2026-07-19 12:41:10.210569,0.6698588536658825,lstm
USR-000143,EVT-0042082,2026-07-19 12:42:39.934167,0.505617780259548,lstm
USR-000151,EVT-0042083,2026-07-19 12:43:16.905626,0.671103585653638,lstm
USR-000039,EVT-0042084,2026-07-19 12:43:39.473483,0.8613544366337955,lstm
DEV-000001,EVT-0042085,2026-07-19 12:44:51.589089,0.3347772381469596,lstm
USR-000077,EVT-0042086,2026-07-19 12:45:15.636850,0.5399245822486121,lstm
DEV-000001,EVT-0042087,2026-07-19 12:45:41.294526,0.9276065671764524,lstm
USR-000143,EVT-0042088,2026-07-19 12:47:01.420692,0.6005092555183486,lstm
USR-000170,EVT-0042089,2026-07-19 12:48:24.088026,0.4052398203380724,lstm
SVC-000034,EVT-0042090,2026-07-19 12:49:06.998973,0.9781438469232974,lstm
SVC-000034,EVT-0042091,2026-07-19 12:49:36.126838,0.6373014290404587,lstm
SVC-000034,EVT-0042092,2026-07-19 12:49:36.943427,0.6573500337331297,lstm
SVC-000034,EVT-0042093,2026-07-19 12:50:25.427861,0.4969329422800023,lstm
USR-000212,EVT-0042094,2026-07-19 12:51:11.769659,0.7264415633662163,lstm
USR-000080,EVT-0042095,2026-07-19 12:54:29.663071,0.9166600815258271,lstm
SVC-000034,EVT-0042096,2026-07-19 12:55:09.899275,0.2538951623776247,lstm
SVC-000034,EVT-0042097,2026-07-19 12:57:43.760116,0.5203811248814074,lstm
DEV-000012,EVT-0042098,2026-07-19 12:59:00.655712,0.216698281421687,lstm
USR-000184,EVT-0042099,2026-07-19 12:59:24.977758,0.8712941587017106,lstm
USR-000112,EVT-0042100,2026-07-19 12:59:31.872461,0.6345119437017159,lstm
USR-000053,EVT-0042101,2026-07-19 12:59:34.555211,0.33409295378163145,lstm
USR-000081,EVT-0042102,2026-07-19 12:59:53.702681,0.2948829206980209,lstm
USR-000123,EVT-0042103,2026-07-19 12:59:56.905335,0.35650795693061443,lstm
DEV-000018,EVT-0042104,2026-07-19 13:00:25.642281,0.2166696856567563,lstm
SVC-000039,EVT-0042105,2026-07-19 13:00:26.315872,0.6024092318721339,lstm
DEV-000015,EVT-0042106,2026-07-19 13:00:37.680184,0.2597461869703334,lstm
DEV-000015,EVT-0042107,2026-07-19 13:01:04.895787,0.9800527682044343,lstm
USR-000042,EVT-0042108,2026-07-19 13:02:40.851414,0.22000639084873336,lstm
USR-000014,EVT-0042109,2026-07-19 13:04:32.479155,0.4232903136657909,lstm
USR-000170,EVT-0042110,2026-07-19 13:04:34.262686,0.3837827906740706,lstm
DEV-000012,EVT-0042111,2026-07-19 13:04:55.636126,0.7854876707573301,lstm
USR-000146,EVT-0042112,2026-07-19 13:05:05.262841,0.6803371582593997,lstm
USR-000111,EVT-0042113,2026-07-19 13:05:55.930050,0.2715909429914386,lstm
USR-000069,EVT-0042114,2026-07-19 13:06:11.693120,0.3103685843322547,lstm
USR-000079,EVT-0042115,2026-07-19 13:06:57.115510,0.6061848605689683,lstm
USR-000008,EVT-0042116,2026-07-19 13:07:49.290115,0.36834032678352596,lstm
USR-000079,EVT-0042117,2026-07-19 13:10:46.451210,0.8790674028649905,lstm
SVC-000017,EVT-0042118,2026-07-19 13:16:20.529996,0.9890656084278667,lstm
SVC-000027,EVT-0042119,2026-07-19 13:18:21.914929,0.9983774027243337,lstm
USR-000183,EVT-0042120,2026-07-19 13:18:44.823416,0.5950928669820457,lstm
USR-000079,EVT-0042121,2026-07-19 13:20:36.172616,0.5711909247236626,lstm
USR-000200,EVT-0042122,2026-07-19 13:21:04.470938,0.752896544601133,lstm
DEV-000016,EVT-0042123,2026-07-19 13:21:56.366461,0.5169587222935694,lstm
USR-000029,EVT-0042124,2026-07-19 13:22:52.719839,0.3420547932630689,lstm
SVC-000049,EVT-0042125,2026-07-19 13:25:07.996607,0.9725947329626783,lstm
USR-000148,EVT-0042126,2026-07-19 13:25:12.295411,0.9544652823425123,lstm
USR-000099,EVT-0042127,2026-07-19 13:26:45.113033,0.5769264544150694,lstm
USR-000030,EVT-0042128,2026-07-19 13:27:07.780061,0.2684550270464889,lstm
USR-000173,EVT-0042129,2026-07-19 13:27:17.433249,0.7078872286728372,lstm
SVC-000049,EVT-0042130,2026-07-19 13:27:30.086465,0.8069403112304002,lstm
USR-000112,EVT-0042131,2026-07-19 13:29:25.229640,0.5869291791245783,lstm
DEV-000014,EVT-0042132,2026-07-19 13:30:47.820142,0.6659854852406205,lstm
USR-000196,EVT-0042133,2026-07-19 13:31:02.943214,0.9239441591177534,lstm
USR-000069,EVT-0042134,2026-07-19 13:31:25.325918,0.44921959999624406,lstm
USR-000086,EVT-0042135,2026-07-19 13:32:57.243730,0.21286480406765482,lstm
USR-000200,EVT-0042136,2026-07-19 13:34:27.903424,0.49536744683955153,lstm
SVC-000027,EVT-0042137,2026-07-19 13:34:48.246686,0.49683658372272493,lstm
USR-000157,EVT-0042138,2026-07-19 13:36:10.272387,0.513744580401693,lstm
USR-000079,EVT-0042139,2026-07-19 13:36:16.502321,0.578439081041478,lstm
SVC-000008,EVT-0042140,2026-07-19 13:37:20.468109,0.5288419467728093,lstm
SVC-000034,EVT-0042141,2026-07-19 13:37:39.370716,0.7467486486462158,lstm
USR-000075,EVT-0042142,2026-07-19 13:37:42.579544,0.4402808589734804,lstm
USR-000018,EVT-0042143,2026-07-19 13:38:11.780169,0.8107626092667275,lstm
USR-000178,EVT-0042144,2026-07-19 13:39:01.714894,0.3246515771529515,lstm
SVC-000027,EVT-0042145,2026-07-19 13:39:29.798657,0.49980562164426573,lstm
USR-000035,EVT-0042146,2026-07-19 13:39:49.583648,0.8031913904328307,lstm
USR-000178,EVT-0042147,2026-07-19 13:39:50.468895,0.54713299405485,lstm
USR-000062,EVT-0042148,2026-07-19 13:40:13.545867,0.22689948465092613,lstm
USR-000006,EVT-0042149,2026-07-19 13:40:52.236838,0.32243318486641176,lstm
USR-000196,EVT-0042150,2026-07-19 13:41:15.721657,0.6912763794605808,lstm
SVC-000017,EVT-0042151,2026-07-19 13:41:37.287280,0.9705229421811853,lstm
USR-000121,EVT-0042152,2026-07-19 13:42:05.384481,0.3798311457699284,lstm
USR-000151,EVT-0042153,2026-07-19 13:43:46.753515,0.27194192277319107,lstm
USR-000069,EVT-0042154,2026-07-19 13:43:52.499607,0.4707448569440908,lstm
SVC-000034,EVT-0042155,2026-07-19 13:44:00.695886,0.2513226973598934,lstm
USR-000126,EVT-0042156,2026-07-19 13:44:55.843990,0.23921724025729643,lstm
USR-000002,EVT-0042157,2026-07-19 13:45:35.471853,0.9367410603043365,lstm
USR-000201,EVT-0042158,2026-07-19 13:48:03.050578,0.4565144992583582,lstm
DEV-000015,EVT-0042159,2026-07-19 13:48:37.205603,0.28917001542868304,lstm
SVC-000021,EVT-0042160,2026-07-19 13:50:50.252344,0.8145790906161127,lstm
USR-000176,EVT-0042161,2026-07-19 13:51:16.534833,0.34747164560799754,lstm
USR-000033,EVT-0042162,2026-07-19 13:52:48.707886,0.38292858827921866,lstm
USR-000002,EVT-0042163,2026-07-19 13:57:27.939175,0.7320961273651388,lstm
SVC-000022,EVT-0042164,2026-07-19 13:58:43.966499,0.9764970986641127,lstm
SVC-000008,EVT-0042165,2026-07-19 13:58:54.544361,0.5522138240344721,lstm
USR-000008,EVT-0042166,2026-07-19 14:00:06.627207,0.22195943945050717,lstm
SVC-000022,EVT-0042167,2026-07-19 14:00:33.574246,0.7006209569850942,lstm
SVC-000027,EVT-0042168,2026-07-19 14:02:00.299339,0.5241213274962577,lstm
USR-000079,EVT-0042169,2026-07-19 14:02:34.316559,0.4190811987359733,lstm
SVC-000050,EVT-0042170,2026-07-19 14:02:39.068256,0.5087619007142786,lstm
SVC-000027,EVT-0042171,2026-07-19 14:03:07.444827,0.5677311358381344,lstm
USR-000047,EVT-0042172,2026-07-19 14:05:02.815852,0.2805985592215463,lstm
SVC-000022,EVT-0042173,2026-07-19 14:05:25.380458,0.42039444635167333,lstm
SVC-000022,EVT-0042174,2026-07-19 14:06:38.091934,0.5895631914685362,lstm
SVC-000017,EVT-0042175,2026-07-19 14:06:57.816494,0.8136763689305742,lstm
SVC-000028,EVT-0042176,2026-07-19 14:07:07.244262,0.9863120316496634,lstm
USR-000149,EVT-0042177,2026-07-19 14:10:19.004623,0.7079856474412037,lstm
USR-000184,EVT-0042178,2026-07-19 14:10:31.713117,0.42025035711071,lstm
DEV-000016,EVT-0042179,2026-07-19 14:11:02.349931,0.5452191815070491,lstm
SVC-000027,EVT-0042180,2026-07-19 14:11:12.487075,0.8519986450498064,lstm
USR-000131,EVT-0042181,2026-07-19 14:11:16.718951,0.8456583021954064,lstm
SVC-000049,EVT-0042182,2026-07-19 14:12:10.374934,0.3952829441191948,lstm
USR-000195,EVT-0042183,2026-07-19 14:13:50.331526,0.7693179928048939,lstm
DEV-000011,EVT-0042184,2026-07-19 14:16:18.142668,0.4596925017154662,lstm
USR-000086,EVT-0042185,2026-07-19 14:16:53.120751,0.38174913394285487,lstm
USR-000109,EVT-0042186,2026-07-19 14:18:15.000908,0.4786850298358017,lstm
USR-000107,EVT-0042187,2026-07-19 14:18:26.121803,0.3762790109686097,lstm
USR-000077,EVT-0042188,2026-07-19 14:18:38.011668,0.33592625051089325,lstm
SVC-000022,EVT-0042189,2026-07-19 14:20:13.886228,0.25707296729071805,lstm
DEV-000003,EVT-0042190,2026-07-19 14:20:20.682617,0.14526230048843103,lstm
USR-000080,EVT-0042191,2026-07-19 14:20:22.699607,0.30650780004112343,lstm
SVC-000027,EVT-0042192,2026-07-19 14:20:31.067723,0.398665381317349,lstm
SVC-000027,EVT-0042193,2026-07-19 14:20:39.522856,0.7777238389947554,lstm
SVC-000034,EVT-0042194,2026-07-19 14:20:50.568908,0.5955834700915585,lstm
USR-000030,EVT-0042195,2026-07-19 14:21:29.220350,0.2886652293803531,lstm
USR-000090,EVT-0042196,2026-07-19 14:22:00.575417,0.7842269675811284,lstm
USR-000101,EVT-0042197,2026-07-19 14:22:19.363045,0.7943657214233086,lstm
USR-000169,EVT-0042198,2026-07-19 14:23:59.776889,0.3486228629429101,lstm
DEV-000011,EVT-0042199,2026-07-19 14:25:39.692828,0.6892083701392433,lstm
USR-000028,EVT-0042200,2026-07-19 14:26:26.947033,0.3386231883547136,lstm
SVC-000027,EVT-0042201,2026-07-19 14:27:58.386460,0.49746894827729005,lstm
USR-000101,EVT-0042202,2026-07-19 14:29:14.891584,0.5159204471168727,lstm
SVC-000036,EVT-0042203,2026-07-19 14:29:39.055377,0.9999490239170732,lstm
SVC-000010,EVT-0042204,2026-07-19 14:30:22.147348,0.9847740403921575,lstm
USR-000184,EVT-0042205,2026-07-19 14:31:27.715018,0.3708931046632271,lstm
SVC-000026,EVT-0042206,2026-07-19 14:31:36.264882,0.9969941604846245,lstm
SVC-000028,EVT-0042207,2026-07-19 14:32:11.854435,0.39396141877913154,lstm
USR-000147,EVT-0042208,2026-07-19 14:33:31.604948,0.5309405195136168,lstm
USR-000200,EVT-0042209,2026-07-19 14:34:06.232649,0.42926012194015395,lstm
USR-000028,EVT-0042210,2026-07-19 14:34:29.871393,0.42227631489615325,lstm
USR-000043,EVT-0042211,2026-07-19 14:35:39.019244,0.3679567518486024,lstm
SVC-000027,EVT-0042212,2026-07-19 14:36:06.259238,0.8138690920416647,lstm
DEV-000001,EVT-0042213,2026-07-19 14:36:15.062622,0.11283807759792804,lstm
SVC-000027,EVT-0042214,2026-07-19 14:36:24.255818,0.8550061352681934,lstm
DEV-000018,EVT-0042215,2026-07-19 14:39:09.845304,0.1675992439160781,lstm
SVC-000012,EVT-0042216,2026-07-19 14:43:06.097335,0.8988787767879525,lstm
USR-000028,EVT-0042217,2026-07-19 14:44:38.896258,0.5948894145676341,lstm
USR-000178,EVT-0042218,2026-07-19 14:45:12.738806,0.30223886280566387,lstm
SVC-000022,EVT-0042219,2026-07-19 14:46:08.804912,0.3284233927070067,lstm
USR-000112,EVT-0042220,2026-07-19 14:48:49.433367,0.5533007319226283,lstm
SVC-000012,EVT-0042221,2026-07-19 14:50:01.466036,0.4946242073763052,lstm
DEV-000002,EVT-0042222,2026-07-19 14:53:46.488896,0.25522379055979594,lstm
SVC-000036,EVT-0042223,2026-07-19 14:54:35.353240,0.7384585284643422,lstm
USR-000052,EVT-0042224,2026-07-19 14:55:50.302192,0.35948857888043867,lstm
USR-000173,EVT-0042225,2026-07-19 14:56:06.070441,0.37637441761994894,lstm
USR-000099,EVT-0042226,2026-07-19 14:56:12.592675,0.6178921380612271,lstm
SVC-000012,EVT-0042227,2026-07-19 14:58:04.181243,0.46653173051776725,lstm
USR-000154,EVT-0042228,2026-07-19 14:58:59.612308,0.6463668472420931,lstm
DEV-000010,EVT-0042229,2026-07-19 14:59:55.495103,0.47912212205871735,lstm
SVC-000036,EVT-0042230,2026-07-19 15:00:22.849237,0.7168884410810127,lstm
USR-000195,EVT-0042231,2026-07-19 15:00:40.111282,0.5406893403217837,lstm
SVC-000010,EVT-0042232,2026-07-19 15:00:56.028251,0.4952658847532774,lstm
SVC-000049,EVT-0042233,2026-07-19 15:01:06.122321,0.3676121613480889,lstm
USR-000128,EVT-0042234,2026-07-19 15:01:24.315192,0.2652457352422837,lstm
USR-000173,EVT-0042235,2026-07-19 15:02:59.138365,0.5412773507054921,lstm
SVC-000012,EVT-0042236,2026-07-19 15:05:07.275034,0.3433670079959716,lstm
USR-000111,EVT-0042237,2026-07-19 15:06:17.647807,0.38160115043708337,lstm
USR-000001,EVT-0042238,2026-07-19 15:08:55.128547,0.6262796130221991,lstm
USR-000176,EVT-0042239,2026-07-19 15:09:26.115369,0.26965601485951823,lstm
USR-000052,EVT-0042240,2026-07-19 15:09:28.997864,0.3488466580074203,lstm
SVC-000027,EVT-0042241,2026-07-19 15:11:06.532612,0.6232469182976802,lstm
SVC-000012,EVT-0042242,2026-07-19 15:12:17.574296,0.3715608648192387,lstm
SVC-000026,EVT-0042243,2026-07-19 15:12:51.871441,0.8931767618744515,lstm
SVC-000012,EVT-0042244,2026-07-19 15:13:53.172984,0.5548908985980509,lstm
USR-000012,EVT-0042245,2026-07-19 15:15:03.434301,0.49936661533219784,lstm
USR-000176,EVT-0042246,2026-07-19 15:15:53.360856,0.555917759508221,lstm
USR-000029,EVT-0042247,2026-07-19 15:16:49.489597,0.6004060538152416,lstm
SVC-000026,EVT-0042248,2026-07-19 15:18:18.388542,0.46170925087835285,lstm
SVC-000010,EVT-0042249,2026-07-19 15:19:05.402666,0.818855055297069,lstm
SVC-000036,EVT-0042250,2026-07-19 15:19:26.664613,0.964992564263128,lstm
SVC-000027,EVT-0042251,2026-07-19 15:21:30.366743,0.4962803790343469,lstm
USR-000206,EVT-0042252,2026-07-19 15:23:52.888211,0.3957785115105236,lstm
SVC-000012,EVT-0042253,2026-07-19 15:24:34.537573,0.35177556728662873,lstm
USR-000043,EVT-0042254,2026-07-19 15:27:11.696619,0.3028573487766448,lstm
USR-000028,EVT-0042255,2026-07-19 15:27:39.112059,0.29158959792788364,lstm
USR-000206,EVT-0042256,2026-07-19 15:27:45.520670,0.7187138861583827,lstm
SVC-000010,EVT-0042257,2026-07-19 15:28:25.055267,0.4072548895543461,lstm
SVC-000028,EVT-0042258,2026-07-19 15:30:19.066438,0.4221087747480048,lstm
USR-000184,EVT-0042259,2026-07-19 15:33:32.670456,0.28598124106659084,lstm
SVC-000027,EVT-0042260,2026-07-19 15:34:17.058345,0.39444978651103385,lstm
SVC-000036,EVT-0042261,2026-07-19 15:35:22.363308,0.7269367104987116,lstm
USR-000053,EVT-0042262,2026-07-19 15:35:36.269333,0.3774804479281016,lstm
USR-000001,EVT-0042263,2026-07-19 15:36:05.874396,0.5838237875266375,lstm
DEV-000004,EVT-0042264,2026-07-19 15:36:22.086304,0.34912837650349626,lstm
USR-000173,EVT-0042265,2026-07-19 15:37:33.443647,0.37455438645280825,lstm
USR-000052,EVT-0042266,2026-07-19 15:38:45.110222,0.26656990008653336,lstm
USR-000021,EVT-0042267,2026-07-19 15:38:56.648809,0.4952024955049407,lstm
USR-000212,EVT-0042268,2026-07-19 15:39:43.395602,0.22320809506473016,lstm
USR-000083,EVT-0042269,2026-07-19 15:40:56.288056,0.3123258395742666,lstm
USR-000192,EVT-0042270,2026-07-19 15:41:13.531765,0.5635748290173651,lstm
SVC-000029,EVT-0042271,2026-07-19 15:41:50.180660,0.9597597877973599,lstm
USR-000184,EVT-0042272,2026-07-19 15:42:54.201780,0.5071139990730443,lstm
SVC-000012,EVT-0042273,2026-07-19 15:44:23.616116,0.3543858144324412,lstm
SVC-000036,EVT-0042274,2026-07-19 15:47:17.758364,0.4466304746574247,lstm
DEV-000019,EVT-0042275,2026-07-19 15:48:55.245757,0.857386429209788,lstm
USR-000195,EVT-0042276,2026-07-19 15:49:22.105041,0.3216946024209565,lstm
USR-000176,EVT-0042277,2026-07-19 15:55:12.070324,0.3064700873760218,lstm
DEV-000019,EVT-0042278,2026-07-19 15:55:28.060617,0.9720213348593082,lstm
SVC-000027,EVT-0042279,2026-07-19 15:56:01.232275,0.8491778742140051,lstm
USR-000104,EVT-0042280,2026-07-19 15:57:50.382698,0.4362760564457341,lstm
SVC-000026,EVT-0042281,2026-07-19 15:58:17.963212,0.3571684636123106,lstm
SVC-000017,EVT-0042282,2026-07-19 15:59:11.405670,0.8831446283109414,lstm
USR-000126,EVT-0042283,2026-07-19 16:00:35.683815,0.3019621494270627,lstm
SVC-000039,EVT-0042284,2026-07-19 16:00:52.871890,0.9895723750869657,lstm
SVC-000036,EVT-0042285,2026-07-19 16:01:00.329491,0.4352580518157014,lstm
SVC-000033,EVT-0042286,2026-07-19 16:01:29.755796,0.9695292801667258,lstm
USR-000035,EVT-0042287,2026-07-19 16:01:56.584064,0.5609096617937674,lstm
USR-000198,EVT-0042288,2026-07-19 16:02:26.454323,0.5672463271045411,lstm
USR-000028,EVT-0042289,2026-07-19 16:04:39.197892,0.3902212012855912,lstm
SVC-000027,EVT-0042290,2026-07-19 16:04:56.858206,0.8225924354945972,lstm
SVC-000049,EVT-0042291,2026-07-19 16:05:26.185202,0.5923530787158772,lstm
USR-000178,EVT-0042292,2026-07-19 16:06:48.536470,0.5202905724582535,lstm
SVC-000036,EVT-0042293,2026-07-19 16:08:24.313980,0.5254235108971772,lstm
SVC-000036,EVT-0042294,2026-07-19 16:10:10.811411,0.7896282813656144,lstm
SVC-000028,EVT-0042295,2026-07-19 16:11:48.615834,0.32293257737548553,lstm
SVC-000023,EVT-0042296,2026-07-19 16:12:10.820519,0.8257661854108896,lstm
SVC-000033,EVT-0042297,2026-07-19 16:12:28.843919,0.5275494754068035,lstm
SVC-000038,EVT-0042298,2026-07-19 16:12:50.057509,0.9999920617673843,lstm
USR-000178,EVT-0042299,2026-07-19 16:12:53.321936,0.6144811390435493,lstm
SVC-000029,EVT-0042300,2026-07-19 16:13:37.516140,0.468007638881252,lstm
SVC-000010,EVT-0042301,2026-07-19 16:14:01.534064,0.35275026251972363,lstm
DEV-000017,EVT-0042302,2026-07-19 16:15:40.108092,0.3201500702144129,lstm
SVC-000026,EVT-0042303,2026-07-19 16:16:54.528820,0.20638798357346394,lstm
SVC-000036,EVT-0042304,2026-07-19 16:17:02.366354,0.5868111499137141,lstm
DEV-000017,EVT-0042305,2026-07-19 16:17:14.346758,0.9546955073586315,lstm
SVC-000010,EVT-0042306,2026-07-19 16:19:30.886069,0.4694369296592363,lstm
SVC-000012,EVT-0042307,2026-07-19 16:20:59.816070,0.49654916317966585,lstm
SVC-000036,EVT-0042308,2026-07-19 16:22:20.781076,0.5335520722421162,lstm
USR-000080,EVT-0042309,2026-07-19 16:24:03.005804,0.4052674842545368,lstm
SVC-000026,EVT-0042310,2026-07-19 16:26:21.277182,0.2821699440406528,lstm
SVC-000036,EVT-0042311,2026-07-19 16:28:15.125655,0.639786004280986,lstm
SVC-000038,EVT-0042312,2026-07-19 16:28:22.892593,0.9878416620087023,lstm
SVC-000038,EVT-0042313,2026-07-19 16:29:06.240989,0.9847762562230605,lstm
USR-000152,EVT-0042314,2026-07-19 16:30:02.952558,0.39704202226084623,lstm
SVC-000028,EVT-0042315,2026-07-19 16:30:07.737210,0.45111758612005615,lstm
USR-000152,EVT-0042316,2026-07-19 16:32:12.552620,0.5970496748335123,lstm
SVC-000026,EVT-0042317,2026-07-19 16:32:33.495745,0.3793756916181994,lstm
USR-000147,EVT-0042318,2026-07-19 16:32:49.561147,0.2911366472414637,lstm
USR-000062,EVT-0042319,2026-07-19 16:33:47.881689,0.29205497155665744,lstm
USR-000012,EVT-0042320,2026-07-19 16:33:49.219159,0.3696596617872071,lstm
SVC-000033,EVT-0042321,2026-07-19 16:34:38.592169,0.8347008577166869,lstm
USR-000002,EVT-0042322,2026-07-19 16:35:02.599085,0.4718052133058306,lstm
USR-000075,EVT-0042323,2026-07-19 16:35:07.399005,0.41967731536060565,lstm
SVC-000026,EVT-0042324,2026-07-19 16:35:21.663763,0.42346534341911524,lstm
USR-000192,EVT-0042325,2026-07-19 16:35:30.821525,0.23847739040699756,lstm
SVC-000036,EVT-0042326,2026-07-19 16:35:32.085081,0.5098779677864709,lstm
SVC-000036,EVT-0042327,2026-07-19 16:37:06.941516,0.6092992822439212,lstm
USR-000131,EVT-0042328,2026-07-19 16:38:50.274843,0.42674491913074913,lstm
USR-000146,EVT-0042329,2026-07-19 16:39:51.742510,0.3220052080628606,lstm
SVC-000029,EVT-0042330,2026-07-19 16:40:29.853849,0.5670316626431496,lstm
USR-000212,EVT-0042331,2026-07-19 16:42:29.542935,0.23528190239333488,lstm
USR-000101,EVT-0042332,2026-07-19 16:44:13.623837,0.5027970895582988,lstm
SVC-000010,EVT-0042333,2026-07-19 16:45:29.180374,0.44622213782686865,lstm
SVC-000028,EVT-0042334,2026-07-19 16:45:35.240195,0.48452006389515717,lstm
SVC-000033,EVT-0042335,2026-07-19 16:50:35.671298,0.4664785253839099,lstm
SVC-000029,EVT-0042336,2026-07-19 16:58:19.104228,0.6911467041800085,lstm
SVC-000029,EVT-0042337,2026-07-19 16:58:24.467573,0.9257087523664742,lstm
USR-000126,EVT-0042338,2026-07-19 17:00:33.928792,0.27033869836345,lstm
USR-000075,EVT-0042339,2026-07-19 17:02:30.504269,0.26463171885558656,lstm
USR-000152,EVT-0042340,2026-07-19 17:02:39.114894,0.23041975649887117,lstm
USR-000154,EVT-0042341,2026-07-19 17:03:31.273423,0.38801847902164344,lstm
SVC-000023,EVT-0042342,2026-07-19 17:03:33.363787,0.363835187472048,lstm
USR-000201,EVT-0042343,2026-07-19 17:05:39.202771,0.3938764856394865,lstm
USR-000147,EVT-0042344,2026-07-19 17:08:23.692621,0.38082770766662566,lstm
SVC-000038,EVT-0042345,2026-07-19 17:08:50.354830,0.8004116172774668,lstm
SVC-000010,EVT-0042346,2026-07-19 17:09:09.576667,0.3545433456210103,lstm
SVC-000029,EVT-0042347,2026-07-19 17:09:09.833294,0.4346690800847717,lstm
SVC-000037,EVT-0042348,2026-07-19 17:12:44.174943,0.9989614131405281,lstm
DEV-000016,EVT-0042349,2026-07-19 17:14:30.447491,0.41116132202795386,lstm
USR-000077,EVT-0042350,2026-07-19 17:14:58.639362,0.45266100938551423,lstm
SVC-000029,EVT-0042351,2026-07-19 17:15:05.633699,0.6518390070229838,lstm
SVC-000038,EVT-0042352,2026-07-19 17:16:21.851904,0.822216997540611,lstm
SVC-000010,EVT-0042353,2026-07-19 17:20:58.756920,0.4820371535434598,lstm
USR-000209,EVT-0042354,2026-07-19 17:21:48.377698,0.42482461606480365,lstm
USR-000178,EVT-0042355,2026-07-19 17:22:05.953397,0.3744581263425109,lstm
SVC-000044,EVT-0042356,2026-07-19 17:22:28.481451,0.9591247987049357,lstm
SVC-000010,EVT-0042357,2026-07-19 17:23:11.261609,0.5936536828759573,lstm
SVC-000044,EVT-0042358,2026-07-19 17:25:13.987956,0.8455935846336408,lstm
USR-000198,EVT-0042359,2026-07-19 17:25:19.621512,0.31120168551428645,lstm
USR-000136,EVT-0042360,2026-07-19 17:26:03.978613,0.4267263584103308,lstm
SVC-000026,EVT-0042361,2026-07-19 17:30:32.484918,0.7956867040188981,lstm
SVC-000038,EVT-0042362,2026-07-19 17:30:49.116744,0.5984062607932843,lstm
USR-000187,EVT-0042363,2026-07-19 17:31:59.413004,0.30235966983417895,lstm
SVC-000010,EVT-0042364,2026-07-19 17:33:11.397938,0.5185143091705535,lstm
USR-000109,EVT-0042365,2026-07-19 17:35:16.786293,0.19965807108035755,lstm
SVC-000004,EVT-0042366,2026-07-19 17:36:05.794138,0.9874996395708077,lstm
SVC-000010,EVT-0042367,2026-07-19 17:36:06.076276,0.6699920061070164,lstm
SVC-000036,EVT-0042368,2026-07-19 17:36:33.479461,0.7356113558728717,lstm
SVC-000029,EVT-0042369,2026-07-19 17:42:26.030871,0.4580266467796531,lstm
SVC-000038,EVT-0042370,2026-07-19 17:42:54.273428,0.6259888818964516,lstm
SVC-000033,EVT-0042371,2026-07-19 17:44:05.921887,0.8493389001337195,lstm
USR-000201,EVT-0042372,2026-07-19 17:45:31.559061,0.49085758956253234,lstm
SVC-000023,EVT-0042373,2026-07-19 17:46:15.736535,0.2411318555228226,lstm
DEV-000001,EVT-0042374,2026-07-19 17:46:17.217963,0.10356222881781119,lstm
USR-000212,EVT-0042375,2026-07-19 17:47:07.764662,0.47906163896268883,lstm
SVC-000005,EVT-0042376,2026-07-19 17:47:38.053729,0.9185810147991822,lstm
SVC-000052,EVT-0042377,2026-07-19 17:48:54.883306,0.9681848707083127,lstm
SVC-000033,EVT-0042378,2026-07-19 17:49:14.243350,0.5229335325109586,lstm
SVC-000026,EVT-0042379,2026-07-19 17:50:54.126465,0.35195965487306374,lstm
SVC-000033,EVT-0042380,2026-07-19 17:52:05.274591,0.6331231939098367,lstm
SVC-000052,EVT-0042381,2026-07-19 17:54:27.771675,0.389137185680452,lstm
USR-000176,EVT-0042382,2026-07-19 17:54:38.741066,0.33651072411008565,lstm
SVC-000004,EVT-0042383,2026-07-19 17:57:55.075657,0.45146066254174894,lstm
SVC-000023,EVT-0042384,2026-07-19 17:58:36.290943,0.4503387156059724,lstm
SVC-000023,EVT-0042385,2026-07-19 18:00:53.794298,0.6614376391504708,lstm
SVC-000010,EVT-0042386,2026-07-19 18:01:40.211171,0.3704322835477867,lstm
SVC-000005,EVT-0042387,2026-07-19 18:06:29.683781,0.8100770866562866,lstm
SVC-000033,EVT-0042388,2026-07-19 18:06:32.255205,0.5085743954773597,lstm
SVC-000044,EVT-0042389,2026-07-19 18:07:47.917574,0.6711982511928176,lstm
SVC-000037,EVT-0042390,2026-07-19 18:09:24.242650,0.9586950303431276,lstm
SVC-000052,EVT-0042391,2026-07-19 18:18:36.593029,0.25925045588640583,lstm
USR-000141,EVT-0042392,2026-07-19 18:20:06.272207,0.7455038335805751,lstm
USR-000195,EVT-0042393,2026-07-19 18:29:01.075980,0.4459046169301985,lstm
USR-000003,EVT-0042394,2026-07-19 18:29:08.087543,0.7127005143668107,lstm
USR-000113,EVT-0042395,2026-07-19 18:34:45.096268,0.6483638611442067,lstm
DEV-000001,EVT-0042396,2026-07-19 18:36:12.731838,0.1234014509209577,lstm
USR-000062,EVT-0042397,2026-07-19 18:37:18.841395,0.3758843582634898,lstm
SVC-000006,EVT-0042398,2026-07-19 18:38:09.596039,0.9992396329590805,lstm
SVC-000044,EVT-0042399,2026-07-19 18:38:46.381941,0.5880660585647871,lstm
SVC-000023,EVT-0042400,2026-07-19 18:38:48.424623,0.19059987885238017,lstm
USR-000109,EVT-0042401,2026-07-19 18:40:24.296322,0.2741808826757538,lstm
SVC-000006,EVT-0042402,2026-07-19 18:40:30.848896,0.9801390875351318,lstm
SVC-000037,EVT-0042403,2026-07-19 18:42:26.530592,0.5667655770901088,lstm
SVC-000033,EVT-0042404,2026-07-19 18:44:59.392041,0.6977475922173272,lstm
SVC-000033,EVT-0042405,2026-07-19 18:46:04.272227,0.8386353059851115,lstm
SVC-000060,EVT-0042406,2026-07-19 18:47:04.510871,0.9579515778308152,lstm
SVC-000037,EVT-0042407,2026-07-19 18:47:18.274665,0.9626220591044677,lstm
USR-000113,EVT-0042408,2026-07-19 18:48:10.323196,0.5445700032687056,lstm
USR-000018,EVT-0042409,2026-07-19 18:52:26.858161,0.6434726042661594,lstm
SVC-000037,EVT-0042410,2026-07-19 18:54:21.229244,0.5271455945422948,lstm
SVC-000023,EVT-0042411,2026-07-19 18:55:54.535024,0.2672358550489573,lstm
SVC-000044,EVT-0042412,2026-07-19 18:56:13.619897,0.6329299809718176,lstm
USR-000152,EVT-0042413,2026-07-19 18:56:45.161461,0.40941589238650544,lstm
DEV-000009,EVT-0042414,2026-07-19 18:56:50.573557,0.9432663027223357,lstm
SVC-000006,EVT-0042415,2026-07-19 18:57:52.339937,0.9350837431452111,lstm
SVC-000060,EVT-0042416,2026-07-19 18:58:27.417124,0.6361535531207381,lstm
SVC-000044,EVT-0042417,2026-07-19 18:58:54.716443,0.8788350016435372,lstm
SVC-000004,EVT-0042418,2026-07-19 18:59:03.172730,0.2818938465601145,lstm
USR-000146,EVT-0042419,2026-07-19 18:59:06.840526,0.3599198633507884,lstm
DEV-000019,EVT-0042420,2026-07-19 19:03:26.152934,0.6011141564294616,lstm
SVC-000005,EVT-0042421,2026-07-19 19:07:21.949428,0.6025898772900791,lstm
USR-000211,EVT-0042422,2026-07-19 19:08:47.249446,0.2765119816120638,lstm
SVC-000044,EVT-0042423,2026-07-19 19:08:55.046814,0.600219539381441,lstm
USR-000198,EVT-0042424,2026-07-19 19:09:12.552733,0.29600481693125436,lstm
SVC-000044,EVT-0042425,2026-07-19 19:10:29.909860,0.8093856483489763,lstm
SVC-000044,EVT-0042426,2026-07-19 19:11:54.566372,0.8660782363098322,lstm
SVC-000010,EVT-0042427,2026-07-19 19:12:59.525945,0.6144696381335146,lstm
SVC-000052,EVT-0042428,2026-07-19 19:16:09.177528,0.4013510030059137,lstm
DEV-000014,EVT-0042429,2026-07-19 19:17:38.216362,0.7394870163815375,lstm
SVC-000057,EVT-0042430,2026-07-19 19:18:09.908482,0.8562202811097159,lstm
SVC-000004,EVT-0042431,2026-07-19 19:18:38.203103,0.2527828066476447,lstm
SVC-000052,EVT-0042432,2026-07-19 19:19:08.134263,0.4450539899407162,lstm
DEV-000008,EVT-0042433,2026-07-19 19:21:12.433543,0.6636909271220035,lstm
USR-000033,EVT-0042434,2026-07-19 19:21:39.447369,0.522285265188513,lstm
DEV-000003,EVT-0042435,2026-07-19 19:21:47.824220,0.4121843215122678,lstm
SVC-000006,EVT-0042436,2026-07-19 19:22:26.852486,0.7095976475465351,lstm
DEV-000002,EVT-0042437,2026-07-19 19:25:30.656689,0.43079461993098384,lstm
SVC-000023,EVT-0042438,2026-07-19 19:27:39.599659,0.2573076965993446,lstm
SVC-000052,EVT-0042439,2026-07-19 19:28:41.054097,0.33796889448207,lstm
SVC-000044,EVT-0042440,2026-07-19 19:29:31.250128,0.6156464620595282,lstm
SVC-000057,EVT-0042441,2026-07-19 19:33:43.643493,0.6352870849272246,lstm
SVC-000061,EVT-0042442,2026-07-19 19:34:54.411420,0.9965274524149099,lstm
SVC-000052,EVT-0042443,2026-07-19 19:35:05.387280,0.30174233751884905,lstm
DEV-000006,EVT-0042444,2026-07-19 19:39:47.274194,0.37206708161023994,lstm
SVC-000006,EVT-0042445,2026-07-19 19:40:43.858958,0.7531756991705713,lstm
SVC-000044,EVT-0042446,2026-07-19 19:42:04.844523,0.6463045941514918,lstm
USR-000113,EVT-0042447,2026-07-19 19:42:58.233763,0.33400697503309446,lstm
USR-000113,EVT-0042448,2026-07-19 19:44:48.383388,0.6446765970799987,lstm
DEV-000002,EVT-0042449,2026-07-19 19:50:17.710193,0.5956313559705563,lstm
SVC-000057,EVT-0042450,2026-07-19 19:50:41.424518,0.5063987687531097,lstm
SVC-000037,EVT-0042451,2026-07-19 19:52:08.831368,0.34819242851389065,lstm
SVC-000057,EVT-0042452,2026-07-19 19:52:11.940676,0.8735606050462472,lstm
DEV-000018,EVT-0042453,2026-07-19 19:52:51.196517,0.5798364843996142,lstm
SVC-000033,EVT-0042454,2026-07-19 19:53:20.817078,0.7045696089315733,lstm
SVC-000060,EVT-0042455,2026-07-19 19:53:55.725646,0.4221134188753807,lstm
SVC-000044,EVT-0042456,2026-07-19 19:55:14.728527,0.6094102767718654,lstm
SVC-000044,EVT-0042457,2026-07-19 19:56:15.253196,0.7640531255594181,lstm
SVC-000044,EVT-0042458,2026-07-19 20:01:56.748484,0.408555952091859,lstm
SVC-000044,EVT-0042459,2026-07-19 20:06:07.205909,0.6046882848391832,lstm
DEV-000017,EVT-0042460,2026-07-19 20:07:17.868160,0.48185844221624624,lstm
SVC-000052,EVT-0042461,2026-07-19 20:08:53.406381,0.37526124360002633,lstm
DEV-000003,EVT-0042462,2026-07-19 20:10:37.457230,0.40442602866915534,lstm
SVC-000060,EVT-0042463,2026-07-19 20:14:14.276690,0.7252971567928213,lstm
SVC-000047,EVT-0042464,2026-07-19 20:14:19.907624,0.9936827575446061,lstm
SVC-000004,EVT-0042465,2026-07-19 20:14:23.358029,0.28858671811606956,lstm
USR-000141,EVT-0042466,2026-07-19 20:14:23.628722,0.3141568990593657,lstm
SVC-000058,EVT-0042467,2026-07-19 20:15:18.689092,0.9704367644967055,lstm
SVC-000061,EVT-0042468,2026-07-19 20:20:22.597926,0.45749168635377047,lstm
DEV-000001,EVT-0042469,2026-07-19 20:20:46.423153,0.19596901997204308,lstm
USR-000152,EVT-0042470,2026-07-19 20:20:48.575026,0.4571952506992492,lstm
DEV-000022,EVT-0042471,2026-07-19 20:21:48.061684,0.27179104138997734,lstm
SVC-000061,EVT-0042472,2026-07-19 20:22:07.306657,0.45753901908783184,lstm
SVC-000044,EVT-0042473,2026-07-19 20:24:12.439632,0.5581380107898731,lstm
SVC-000052,EVT-0042474,2026-07-19 20:25:20.859861,0.3456054776440883,lstm
SVC-000052,EVT-0042475,2026-07-19 20:26:21.729731,0.7111760691400608,lstm
DEV-000012,EVT-0042476,2026-07-19 20:28:49.213035,0.47846500219042476,lstm
SVC-000061,EVT-0042477,2026-07-19 20:29:06.953158,0.25277980486043294,lstm
SVC-000061,EVT-0042478,2026-07-19 20:32:31.145563,0.39744847129962574,lstm
SVC-000060,EVT-0042479,2026-07-19 20:33:18.021253,0.41556200195300147,lstm
SVC-000004,EVT-0042480,2026-07-19 20:36:26.466472,0.37521844517173397,lstm
USR-000002,EVT-0042481,2026-07-19 20:36:32.552333,0.5634935075439681,lstm
SVC-000004,EVT-0042482,2026-07-19 20:37:27.590744,0.9197654835551532,lstm
USR-000198,EVT-0042483,2026-07-19 20:37:35.237966,0.3053474457848223,lstm
SVC-000052,EVT-0042484,2026-07-19 20:37:40.852144,0.2594459993352099,lstm
SVC-000023,EVT-0042485,2026-07-19 20:39:15.267830,0.3820459531795755,lstm
SVC-000035,EVT-0042486,2026-07-19 20:40:31.592399,0.972914283120626,lstm
DEV-000006,EVT-0042487,2026-07-19 20:40:41.177424,0.3328348963993218,lstm
SVC-000004,EVT-0042488,2026-07-19 20:41:02.705537,0.5758756317332634,lstm
SVC-000044,EVT-0042489,2026-07-19 20:41:28.806744,0.657095927851918,lstm
DEV-000004,EVT-0042490,2026-07-19 20:43:47.407716,0.3824425145917229,lstm
SVC-000061,EVT-0042491,2026-07-19 20:44:00.952375,0.2607288503634913,lstm
DEV-000010,EVT-0042492,2026-07-19 20:45:03.994822,0.6756071708439487,lstm
SVC-000052,EVT-0042493,2026-07-19 20:51:59.210807,0.60041445506205,lstm
SVC-000054,EVT-0042494,2026-07-19 20:55:41.655750,0.9886924857295958,lstm
DEV-000001,EVT-0042495,2026-07-19 20:55:57.245973,0.34059019278754793,lstm
SVC-000054,EVT-0042496,2026-07-19 20:59:54.938434,0.4228063938874603,lstm
SVC-000047,EVT-0042497,2026-07-19 21:02:29.312986,0.5192948596430418,lstm
DEV-000017,EVT-0042498,2026-07-19 21:04:58.884333,0.6030194775444717,lstm
DEV-000021,EVT-0042499,2026-07-19 21:06:51.033822,0.8452339607406371,lstm
SVC-000047,EVT-0042500,2026-07-19 21:07:38.238696,0.470747614327025,lstm
SVC-000054,EVT-0042501,2026-07-19 21:08:08.916146,0.275677060220394,lstm
DEV-000011,EVT-0042502,2026-07-19 21:08:33.570665,0.32924533488872415,lstm
SVC-000054,EVT-0042503,2026-07-19 21:09:10.656125,0.4985319010087517,lstm
DEV-000010,EVT-0042504,2026-07-19 21:15:06.867033,0.5154403482903909,lstm
SVC-000045,EVT-0042505,2026-07-19 21:17:01.561876,0.9947837110482,lstm
SVC-000060,EVT-0042506,2026-07-19 21:17:02.426972,0.3928308774269453,lstm
USR-000201,EVT-0042507,2026-07-19 21:24:32.994652,0.6955236063944552,lstm
SVC-000025,EVT-0042508,2026-07-19 21:26:54.279599,0.9282584326822687,lstm
SVC-000047,EVT-0042509,2026-07-19 21:27:42.679023,0.32441014395485385,lstm
SVC-000023,EVT-0042510,2026-07-19 21:28:33.005744,0.5991531566212736,lstm
SVC-000047,EVT-0042511,2026-07-19 21:29:55.517595,0.41801080622371456,lstm
SVC-000054,EVT-0042512,2026-07-19 21:36:23.598026,0.28848333100727774,lstm
SVC-000047,EVT-0042513,2026-07-19 21:37:47.326676,0.2943652401657999,lstm
SVC-000058,EVT-0042514,2026-07-19 21:40:22.031906,0.37195010382189275,lstm
SVC-000052,EVT-0042515,2026-07-19 21:41:12.304563,0.6825881107267292,lstm
SVC-000058,EVT-0042516,2026-07-19 21:41:26.618159,0.6090735328791225,lstm
SVC-000035,EVT-0042517,2026-07-19 21:43:31.586901,0.5333357552759941,lstm
SVC-000058,EVT-0042518,2026-07-19 21:44:04.595771,0.3827852297068667,lstm
SVC-000060,EVT-0042519,2026-07-19 21:45:33.113681,0.6200764783351858,lstm
SVC-000054,EVT-0042520,2026-07-19 21:45:56.295912,0.31649014708662326,lstm
SVC-000058,EVT-0042521,2026-07-19 21:46:15.175104,0.5271633703948952,lstm
SVC-000054,EVT-0042522,2026-07-19 21:46:18.282283,0.5649499709769547,lstm
DEV-000022,EVT-0042523,2026-07-19 21:51:26.934088,0.268652706214049,lstm
SVC-000044,EVT-0042524,2026-07-19 21:53:38.378358,0.9795082923391599,lstm
SVC-000045,EVT-0042525,2026-07-19 21:58:47.426572,0.42702661105225215,lstm
SVC-000032,EVT-0042526,2026-07-19 21:59:14.933010,0.9764603303293065,lstm
SVC-000054,EVT-0042527,2026-07-19 22:00:14.064750,0.23116440009669692,lstm
SVC-000045,EVT-0042528,2026-07-19 22:00:16.804717,0.5895631914685362,lstm
SVC-000058,EVT-0042529,2026-07-19 22:01:19.763232,0.23866010470011373,lstm
DEV-000026,EVT-0042530,2026-07-19 22:03:17.581408,0.7465611264404054,lstm
SVC-000045,EVT-0042531,2026-07-19 22:03:28.263871,0.39663831927129894,lstm
SVC-000054,EVT-0042532,2026-07-19 22:03:33.430130,0.6400143516067354,lstm
SVC-000047,EVT-0042533,2026-07-19 22:04:27.916456,0.3918545184846617,lstm
SVC-000025,EVT-0042534,2026-07-19 22:06:01.189035,0.3547842443633956,lstm
SVC-000058,EVT-0042535,2026-07-19 22:07:18.382203,0.29626156260454184,lstm
SVC-000035,EVT-0042536,2026-07-19 22:09:44.752261,0.39150038468233556,lstm
SVC-000045,EVT-0042537,2026-07-19 22:11:20.206453,0.40349877561062414,lstm
SVC-000045,EVT-0042538,2026-07-19 22:13:47.860445,0.47655635076837466,lstm
DEV-000023,EVT-0042539,2026-07-19 22:17:24.530080,0.6218210445746001,lstm
DEV-000001,EVT-0042540,2026-07-19 22:18:29.132611,0.45909355301969423,lstm
SVC-000032,EVT-0042541,2026-07-19 22:18:33.937502,0.2873165044784679,lstm
DEV-000020,EVT-0042542,2026-07-19 22:21:01.997563,0.6541424753927904,lstm
SVC-000058,EVT-0042543,2026-07-19 22:22:15.498408,0.27336222382276765,lstm
SVC-000045,EVT-0042544,2026-07-19 22:23:06.912211,0.32236200258694037,lstm
SVC-000045,EVT-0042545,2026-07-19 22:23:40.562691,0.4988337722575731,lstm
SVC-000045,EVT-0042546,2026-07-19 22:25:24.493652,0.6613064355108588,lstm
SVC-000054,EVT-0042547,2026-07-19 22:26:30.473168,0.27206512182914944,lstm
USR-000150,EVT-0042548,2026-07-19 22:30:02.313960,0.445574465815474,lstm
SVC-000058,EVT-0042549,2026-07-19 22:30:25.177728,0.3349496620260485,lstm
SVC-000035,EVT-0042550,2026-07-19 22:31:01.564525,0.40271932450422876,lstm
SVC-000059,EVT-0042551,2026-07-19 22:31:56.944220,0.9891976907658815,lstm
DEV-000014,EVT-0042552,2026-07-19 22:40:37.691523,0.793818778507036,lstm
DEV-000003,EVT-0042553,2026-07-19 22:41:05.859178,0.3144621614268909,lstm
SVC-000045,EVT-0042554,2026-07-19 22:41:07.295562,0.4526598525668322,lstm
DEV-000007,EVT-0042555,2026-07-19 22:41:21.946846,0.2968523693308373,lstm
SVC-000002,EVT-0042556,2026-07-19 22:44:21.508852,0.9982148326285096,lstm
SVC-000059,EVT-0042557,2026-07-19 22:44:52.656860,0.227924223958226,lstm
DEV-000026,EVT-0042558,2026-07-19 22:45:45.168361,0.6483383576736758,lstm
SVC-000032,EVT-0042559,2026-07-19 22:45:51.527007,0.2573904373497147,lstm
SVC-000002,EVT-0042560,2026-07-19 22:47:57.650643,0.36170144936258636,lstm
SVC-000032,EVT-0042561,2026-07-19 22:49:53.266431,0.3127878973901569,lstm
USR-000165,EVT-0042562,2026-07-19 22:51:26.412839,0.3854944919232904,lstm
SVC-000032,EVT-0042563,2026-07-19 22:54:26.193157,0.2715622199889154,lstm
SVC-000054,EVT-0042564,2026-07-19 22:55:39.675160,0.4448063836285726,lstm
SVC-000035,EVT-0042565,2026-07-19 22:55:41.021491,0.28670026965929135,lstm
SVC-000045,EVT-0042566,2026-07-19 22:58:31.948454,0.403982382900907,lstm
SVC-000002,EVT-0042567,2026-07-19 23:00:59.824484,0.32326312544636526,lstm
SVC-000045,EVT-0042568,2026-07-19 23:01:10.717831,0.42872660029800697,lstm
SVC-000002,EVT-0042569,2026-07-19 23:05:15.969437,0.4694501103996353,lstm
USR-000113,EVT-0042570,2026-07-19 23:05:43.262792,0.3037080194912063,lstm
DEV-000008,EVT-0042571,2026-07-19 23:08:21.017116,0.5176193554499119,lstm
SVC-000032,EVT-0042572,2026-07-19 23:13:39.162640,0.3058645661723647,lstm
SVC-000032,EVT-0042573,2026-07-19 23:17:36.175171,0.332543520222713,lstm
SVC-000002,EVT-0042574,2026-07-19 23:18:10.942734,0.3473113990455015,lstm
SVC-000002,EVT-0042575,2026-07-19 23:18:28.595798,0.5643563190622578,lstm
SVC-000045,EVT-0042576,2026-07-19 23:19:16.794513,0.4019928021424244,lstm
SVC-000025,EVT-0042577,2026-07-19 23:22:13.831052,0.3544966404417685,lstm
USR-000165,EVT-0042578,2026-07-19 23:24:50.276644,0.639114867652991,lstm
SVC-000047,EVT-0042579,2026-07-19 23:26:10.394586,0.41882015131358324,lstm
SVC-000025,EVT-0042580,2026-07-19 23:29:32.348600,0.5243945228791979,lstm
SVC-000025,EVT-0042581,2026-07-19 23:29:35.635609,0.9719150431127337,lstm
SVC-000047,EVT-0042582,2026-07-19 23:31:47.581695,0.5253456622401209,lstm
SVC-000032,EVT-0042583,2026-07-19 23:34:13.528299,0.24338309871688793,lstm
USR-000106,EVT-0042584,2026-07-19 23:38:12.998726,0.837241995234208,lstm
SVC-000059,EVT-0042585,2026-07-19 23:43:46.700414,0.33267180940477237,lstm
SVC-000059,EVT-0042586,2026-07-19 23:43:47.224627,0.517128681422307,lstm
SVC-000041,EVT-0042587,2026-07-19 23:46:04.520929,0.9889421319534235,lstm
USR-000141,EVT-0042588,2026-07-19 23:46:08.607561,0.3579203374215376,lstm
DEV-000006,EVT-0042589,2026-07-19 23:46:16.772270,0.22005150740271678,lstm
SVC-000056,EVT-0042590,2026-07-19 23:46:18.389610,0.9498660347777067,lstm
SVC-000041,EVT-0042591,2026-07-19 23:47:46.040319,0.9607034553436924,lstm
SVC-000032,EVT-0042592,2026-07-19 23:49:02.597432,0.3331123430000403,lstm
USR-000149,EVT-0042593,2026-07-19 23:49:03.833947,0.7171397967856404,lstm
SVC-000059,EVT-0042594,2026-07-19 23:55:21.431820,0.18711483647774974,lstm
DEV-000023,EVT-0042595,2026-07-20 00:00:13.201772,0.36004265768962435,lstm
SVC-000056,EVT-0042596,2026-07-20 00:03:16.769989,0.49041056601618765,lstm
SVC-000059,EVT-0042597,2026-07-20 00:06:57.167244,0.4335145535226801,lstm
DEV-000007,EVT-0042598,2026-07-20 00:08:20.426346,0.12432644623907162,lstm
SVC-000056,EVT-0042599,2026-07-20 00:12:19.452424,0.5459518371126177,lstm
SVC-000041,EVT-0042600,2026-07-20 00:15:21.601396,0.5070705610101162,lstm
SVC-000002,EVT-0042601,2026-07-20 00:17:32.649326,0.9369774026707972,lstm
SVC-000025,EVT-0042602,2026-07-20 00:19:37.165828,0.5139968683795585,lstm
DEV-000020,EVT-0042603,2026-07-20 00:21:22.215767,0.3956738320351009,lstm
DEV-000008,EVT-0042604,2026-07-20 00:22:57.467437,0.2573775347976788,lstm
SVC-000041,EVT-0042605,2026-07-20 00:24:05.964531,0.690830585822739,lstm
SVC-000056,EVT-0042606,2026-07-20 00:24:44.249838,0.5375645908966417,lstm
SVC-000041,EVT-0042607,2026-07-20 00:28:23.089600,0.5743780667077348,lstm
DEV-000001,EVT-0042608,2026-07-20 00:29:56.402502,0.5970316144704124,lstm
USR-000122,EVT-0042609,2026-07-20 00:31:43.446075,0.49042185965678414,lstm
DEV-000002,EVT-0042610,2026-07-20 00:36:05.950415,0.5868195654352214,lstm
SVC-000041,EVT-0042611,2026-07-20 00:37:54.473251,0.8246043255317028,lstm
SVC-000041,EVT-0042612,2026-07-20 00:41:33.776240,0.6525918922001201,lstm
SVC-000056,EVT-0042613,2026-07-20 00:47:09.452408,0.4502329622437205,lstm
DEV-000009,EVT-0042614,2026-07-20 01:02:54.890668,0.8737535264478423,lstm
DEV-000006,EVT-0042615,2026-07-20 01:05:10.372447,0.2517348200255192,lstm
USR-000088,EVT-0042616,2026-07-20 01:09:12.395360,0.7336774769408009,lstm
SVC-000025,EVT-0042617,2026-07-20 01:11:20.255915,0.4546866405538248,lstm
DEV-000020,EVT-0042618,2026-07-20 01:15:05.055959,0.3500135221141667,lstm
DEV-000003,EVT-0042619,2026-07-20 01:15:57.082348,0.41516548934499636,lstm
USR-000150,EVT-0042620,2026-07-20 01:19:53.301543,0.1970175444908323,lstm
DEV-000005,EVT-0042621,2026-07-20 01:22:25.842884,0.958459078256959,lstm
USR-000113,EVT-0042622,2026-07-20 01:25:09.895328,0.32267208213730786,lstm
DEV-000002,EVT-0042623,2026-07-20 01:26:13.678104,0.4486637085814541,lstm
SVC-000041,EVT-0042624,2026-07-20 01:27:33.992367,0.49163432286422376,lstm
DEV-000007,EVT-0042625,2026-07-20 01:28:47.413040,0.11792536876436431,lstm
SVC-000018,EVT-0042626,2026-07-20 01:34:42.907351,0.9952663831378256,lstm
DEV-000007,EVT-0042627,2026-07-20 01:37:25.987667,0.22240426241297184,lstm
SVC-000018,EVT-0042628,2026-07-20 01:40:59.281919,0.44787658194144186,lstm
DEV-000020,EVT-0042629,2026-07-20 01:46:24.752294,0.41834252488957935,lstm
SVC-000018,EVT-0042630,2026-07-20 01:49:43.589645,0.36038319645793815,lstm
DEV-000011,EVT-0042631,2026-07-20 01:52:02.940867,0.34326492585008683,lstm
SVC-000041,EVT-0042632,2026-07-20 01:56:02.780738,0.7675620094045702,lstm
SVC-000018,EVT-0042633,2026-07-20 01:56:21.454960,0.40013268613484926,lstm
SVC-000041,EVT-0042634,2026-07-20 01:59:53.890237,0.5679807692944585,lstm
SVC-000018,EVT-0042635,2026-07-20 02:02:34.874776,0.24098496836962127,lstm
SVC-000018,EVT-0042636,2026-07-20 02:06:14.251862,0.5153010952998581,lstm
SVC-000018,EVT-0042637,2026-07-20 02:09:05.532655,0.3885287184980216,lstm
DEV-000013,EVT-0042638,2026-07-20 02:16:22.390858,0.8857594202740481,lstm
SVC-000018,EVT-0042639,2026-07-20 02:16:46.881753,0.6642025615904538,lstm
SVC-000041,EVT-0042640,2026-07-20 02:16:47.192838,0.3024759926577358,lstm
SVC-000041,EVT-0042641,2026-07-20 02:24:26.731810,0.2926243566852891,lstm
SVC-000018,EVT-0042642,2026-07-20 02:28:34.826000,0.40618984601768054,lstm
SVC-000018,EVT-0042643,2026-07-20 02:28:45.575259,0.7601158593241472,lstm
DEV-000016,EVT-0042644,2026-07-20 02:30:58.786715,0.5026898456725439,lstm
SVC-000018,EVT-0042645,2026-07-20 02:33:52.652845,0.326054249150959,lstm
DEV-000021,EVT-0042646,2026-07-20 02:38:22.239088,0.5214487214077262,lstm
DEV-000007,EVT-0042647,2026-07-20 02:38:57.570893,0.09266684846052026,lstm
DEV-000008,EVT-0042648,2026-07-20 02:39:36.147423,0.20226253330311278,lstm
SVC-000018,EVT-0042649,2026-07-20 02:40:33.590418,0.6561440587571234,lstm
USR-000059,EVT-0042650,2026-07-20 02:43:41.507223,0.7867081304248953,lstm
SVC-000018,EVT-0042651,2026-07-20 02:44:02.728316,0.31798876581887603,lstm
USR-000088,EVT-0042652,2026-07-20 02:47:18.857992,0.4182952674219218,lstm
SVC-000018,EVT-0042653,2026-07-20 02:47:33.959971,0.4142744957632966,lstm
SVC-000018,EVT-0042654,2026-07-20 02:49:08.773505,0.8280078058069923,lstm
USR-000163,EVT-0042655,2026-07-20 02:54:43.319360,0.945282590609322,lstm
DEV-000026,EVT-0042656,2026-07-20 02:55:27.631002,0.5599330264480359,lstm
SVC-000018,EVT-0042657,2026-07-20 02:59:02.664328,0.43669652904401673,lstm
SVC-000041,EVT-0042658,2026-07-20 03:00:16.946611,0.61961516247321,lstm
SVC-000018,EVT-0042659,2026-07-20 03:03:57.906860,0.8273399875750583,lstm
DEV-000014,EVT-0042660,2026-07-20 03:06:37.925094,0.6787817171006868,lstm
SVC-000018,EVT-0042661,2026-07-20 03:10:18.711083,0.44231505214047195,lstm
USR-000163,EVT-0042662,2026-07-20 03:17:47.515927,0.9313159800165768,lstm
DEV-000011,EVT-0042663,2026-07-20 03:18:57.951772,0.3617756038495262,lstm
DEV-000010,EVT-0042664,2026-07-20 03:25:03.196949,0.40932581240349675,lstm
SVC-000014,EVT-0042665,2026-07-20 03:27:56.702716,0.9921294453966387,lstm
SVC-000041,EVT-0042666,2026-07-20 03:28:16.903016,0.800044378744138,lstm
DEV-000001,EVT-0042667,2026-07-20 03:36:40.766645,0.818838821788401,lstm
SVC-000015,EVT-0042668,2026-07-20 03:39:00.692393,0.9849252128533104,lstm
SVC-000041,EVT-0042669,2026-07-20 03:42:38.032330,0.4981463350818144,lstm
SVC-000014,EVT-0042670,2026-07-20 03:51:25.061337,0.3600649604962661,lstm
DEV-000004,EVT-0042671,2026-07-20 03:52:46.318457,0.8759923556393006,lstm
SVC-000041,EVT-0042672,2026-07-20 03:54:05.382609,0.8281143471821022,lstm
SVC-000015,EVT-0042673,2026-07-20 03:55:23.944024,0.5159783159147088,lstm
SVC-000014,EVT-0042674,2026-07-20 03:57:29.126359,0.4519548822766696,lstm
SVC-000019,EVT-0042675,2026-07-20 03:57:44.218549,0.9949111593614272,lstm
USR-000171,EVT-0042676,2026-07-20 03:58:55.361928,0.9826593013622641,lstm
SVC-000019,EVT-0042677,2026-07-20 04:00:27.217053,0.3748310408383232,lstm
SVC-000018,EVT-0042678,2026-07-20 04:07:52.293854,0.7289008851481978,lstm
SVC-000019,EVT-0042679,2026-07-20 04:09:35.437562,0.27748864348599034,lstm
DEV-000026,EVT-0042680,2026-07-20 04:10:30.174520,0.4459142667148586,lstm
SVC-000014,EVT-0042681,2026-07-20 04:12:14.999254,0.3922026316065932,lstm
SVC-000007,EVT-0042682,2026-07-20 04:12:24.314971,0.9911508862370696,lstm
SVC-000020,EVT-0042683,2026-07-20 04:14:44.104629,0.9817052116491914,lstm
SVC-000019,EVT-0042684,2026-07-20 04:18:10.277629,0.23474136912314558,lstm
USR-000124,EVT-0042685,2026-07-20 04:19:28.285242,0.8578724051864064,lstm
SVC-000014,EVT-0042686,2026-07-20 04:22:39.959603,0.2811759252451006,lstm
DEV-000011,EVT-0042687,2026-07-20 04:24:31.843403,0.2944239295990915,lstm
DEV-000017,EVT-0042688,2026-07-20 04:27:37.581590,0.9138263873901148,lstm
SVC-000007,EVT-0042689,2026-07-20 04:28:13.615693,0.40581714366660143,lstm
USR-000014,EVT-0042690,2026-07-20 04:29:09.237203,0.5507078788164537,lstm
SVC-000041,EVT-0042691,2026-07-20 04:31:44.936987,0.5282400869553345,lstm
SVC-000020,EVT-0042692,2026-07-20 04:35:03.214741,0.5557798883428579,lstm
SVC-000019,EVT-0042693,2026-07-20 04:35:10.850178,0.24511154019069437,lstm
SVC-000020,EVT-0042694,2026-07-20 04:35:20.761695,0.7759800129906529,lstm
DEV-000023,EVT-0042695,2026-07-20 04:36:30.682294,0.48391170669101924,lstm
SVC-000007,EVT-0042696,2026-07-20 04:42:35.393913,0.2959575098625342,lstm
SVC-000014,EVT-0042697,2026-07-20 04:43:59.465857,0.26174298041640587,lstm
SVC-000007,EVT-0042698,2026-07-20 04:51:04.010666,0.6284222569770594,lstm
SVC-000007,EVT-0042699,2026-07-20 04:52:01.464229,0.48652653739258384,lstm
SVC-000007,EVT-0042700,2026-07-20 04:52:33.971146,0.6617541817712269,lstm
SVC-000007,EVT-0042701,2026-07-20 04:55:50.782969,0.37446600004482467,lstm
SVC-000007,EVT-0042702,2026-07-20 04:56:21.266802,0.6402815066613781,lstm
SVC-000007,EVT-0042703,2026-07-20 04:56:34.411796,0.45129337354098487,lstm
SVC-000007,EVT-0042704,2026-07-20 04:58:22.186959,0.45852485014843564,lstm
SVC-000007,EVT-0042705,2026-07-20 05:02:30.590386,0.33278586506574254,lstm
SVC-000019,EVT-0042706,2026-07-20 05:02:43.887210,0.2942388102313211,lstm
SVC-000007,EVT-0042707,2026-07-20 05:02:48.036644,0.9137672766940776,lstm
SVC-000014,EVT-0042708,2026-07-20 05:03:57.389698,0.25476548109192393,lstm
USR-000155,EVT-0042709,2026-07-20 05:06:32.455493,0.524283080403971,lstm
SVC-000014,EVT-0042710,2026-07-20 05:09:57.850048,0.33340841142221267,lstm
SVC-000019,EVT-0042711,2026-07-20 05:10:27.336998,0.2362729713349659,lstm
SVC-000015,EVT-0042712,2026-07-20 05:11:30.889974,0.5123987086725236,lstm
SVC-000020,EVT-0042713,2026-07-20 05:12:17.832281,0.4912297120119021,lstm
SVC-000020,EVT-0042714,2026-07-20 05:14:08.685938,0.650433465615147,lstm
DEV-000016,EVT-0042715,2026-07-20 05:14:26.288330,0.42847509880763696,lstm
USR-000019,EVT-0042716,2026-07-20 05:16:09.378283,0.976275259155766,lstm
SVC-000009,EVT-0042717,2026-07-20 05:16:49.019063,0.9999860973731584,lstm
SVC-000019,EVT-0042718,2026-07-20 05:17:09.547237,0.24137774118429428,lstm
SVC-000014,EVT-0042719,2026-07-20 05:17:23.583240,0.6816354366979193,lstm
USR-000119,EVT-0042720,2026-07-20 05:20:14.187218,0.7910133697887856,lstm
USR-000122,EVT-0042721,2026-07-20 05:25:24.696513,0.6664916933103245,lstm
DEV-000009,EVT-0042722,2026-07-20 05:28:32.729667,0.6910770838572843,lstm
SVC-000031,EVT-0042723,2026-07-20 05:30:34.603916,0.9885751266442565,lstm
USR-000022,EVT-0042724,2026-07-20 05:32:47.115970,0.9699364842835384,lstm
SVC-000007,EVT-0042725,2026-07-20 05:33:00.044694,0.3383715979732839,lstm
USR-000094,EVT-0042726,2026-07-20 05:34:31.096685,0.7751453621090505,lstm
DEV-000009,EVT-0042727,2026-07-20 05:36:38.061513,0.7873369774285394,lstm
SVC-000031,EVT-0042728,2026-07-20 05:42:50.680904,0.6248802504413609,lstm
USR-000041,EVT-0042729,2026-07-20 05:43:09.381753,0.8835264080746157,lstm
USR-000016,EVT-0042730,2026-07-20 05:47:29.237604,0.6297482179891779,lstm
SVC-000019,EVT-0042731,2026-07-20 05:48:45.720385,0.301352602812361,lstm
DEV-000018,EVT-0042732,2026-07-20 05:48:51.712171,0.9579902646269925,lstm
SVC-000019,EVT-0042733,2026-07-20 05:48:57.673975,0.5771797462597938,lstm
USR-000067,EVT-0042734,2026-07-20 05:49:50.703646,0.8810040058815745,lstm
SVC-000019,EVT-0042735,2026-07-20 05:54:24.540131,0.293653316774247,lstm
SVC-000019,EVT-0042736,2026-07-20 05:54:28.303676,0.6169008679710453,lstm
SVC-000031,EVT-0042737,2026-07-20 05:55:56.780859,0.5223844415068561,lstm
SVC-000007,EVT-0042738,2026-07-20 05:55:57.402702,0.33850524027672535,lstm
SVC-000009,EVT-0042739,2026-07-20 06:00:48.629310,0.9326336550723854,lstm
SVC-000009,EVT-0042740,2026-07-20 06:02:31.426422,0.851685752403537,lstm
SVC-000019,EVT-0042741,2026-07-20 06:04:32.328891,0.2809363767707749,lstm
SVC-000019,EVT-0042742,2026-07-20 06:09:57.421249,0.2815216315747283,lstm
SVC-000019,EVT-0042743,2026-07-20 06:10:26.646219,0.4917390863813839,lstm
DEV-000026,EVT-0042744,2026-07-20 06:10:38.486102,0.2053589393961686,lstm
SVC-000009,EVT-0042745,2026-07-20 06:11:55.576864,0.6069798482420217,lstm
DEV-000001,EVT-0042746,2026-07-20 06:12:50.563043,0.8510249266390681,lstm
SVC-000031,EVT-0042747,2026-07-20 06:16:20.494236,0.3951404494547909,lstm
USR-000067,EVT-0042748,2026-07-20 06:26:44.414341,0.534305603927396,lstm
SVC-000031,EVT-0042749,2026-07-20 06:27:27.609271,0.322503737452872,lstm
SVC-000019,EVT-0042750,2026-07-20 06:27:58.192440,0.7744406904177255,lstm
USR-000019,EVT-0042751,2026-07-20 06:33:13.796237,0.6901464621295714,lstm
DEV-000013,EVT-0042752,2026-07-20 06:34:52.819271,0.6149127111998723,lstm
SVC-000009,EVT-0042753,2026-07-20 06:35:40.490991,0.6350073035559493,lstm
USR-000155,EVT-0042754,2026-07-20 06:37:22.832224,0.3018893570847539,lstm
SVC-000031,EVT-0042755,2026-07-20 06:38:25.385317,0.27814661046275774,lstm
SVC-000019,EVT-0042756,2026-07-20 06:39:09.434984,0.7095064735474953,lstm
USR-000026,EVT-0042757,2026-07-20 06:40:00.870594,0.8584219425653291,lstm
USR-000060,EVT-0042758,2026-07-20 06:40:27.106134,0.8076752910092326,lstm
SVC-000009,EVT-0042759,2026-07-20 06:41:33.729304,0.5978256074776291,lstm
SVC-000009,EVT-0042760,2026-07-20 06:42:17.142735,0.7430288148626626,lstm
DEV-000020,EVT-0042761,2026-07-20 06:45:54.468989,0.5036387609044756,lstm
USR-000206,EVT-0042762,2026-07-20 06:46:37.148794,0.6427220074774707,lstm
SVC-000031,EVT-0042763,2026-07-20 06:48:41.778772,0.24459266701736346,lstm
SVC-000031,EVT-0042764,2026-07-20 06:50:51.011759,0.33355438781717045,lstm
USR-000162,EVT-0042765,2026-07-20 06:51:13.581953,0.6686586710508938,lstm
USR-000177,EVT-0042766,2026-07-20 06:55:17.275942,0.8681152235951425,lstm
DEV-000023,EVT-0042767,2026-07-20 06:59:04.242968,0.4824795090285354,lstm
SVC-000009,EVT-0042768,2026-07-20 07:01:15.702664,0.3518944851153566,lstm
SVC-000009,EVT-0042769,2026-07-20 07:01:24.827314,0.9279903017151085,lstm
SVC-000055,EVT-0042770,2026-07-20 07:01:31.493571,0.9975855536655087,lstm
USR-000121,EVT-0042771,2026-07-20 07:02:58.067398,0.6312052226342395,lstm
SVC-000055,EVT-0042772,2026-07-20 07:06:26.466367,0.45972551533599726,lstm
SVC-000031,EVT-0042773,2026-07-20 07:06:40.320825,0.5645347355357138,lstm
SVC-000009,EVT-0042774,2026-07-20 07:07:25.069203,0.44104644183229774,lstm
SVC-000031,EVT-0042775,2026-07-20 07:07:53.105962,0.34219613700728196,lstm
DEV-000009,EVT-0042776,2026-07-20 07:09:12.297485,0.4004473665507422,lstm
USR-000111,EVT-0042777,2026-07-20 07:12:42.000092,0.6275957212171603,lstm
USR-000095,EVT-0042778,2026-07-20 07:14:05.104503,0.5499049324411915,lstm
DEV-000016,EVT-0042779,2026-07-20 07:17:15.963525,0.3780890504162379,lstm
SVC-000040,EVT-0042780,2026-07-20 07:18:52.968122,0.9562073251040357,lstm
USR-000019,EVT-0042781,2026-07-20 07:22:18.682423,0.8063741148360916,lstm
USR-000169,EVT-0042782,2026-07-20 07:23:53.303518,0.5552253659915511,lstm
USR-000067,EVT-0042783,2026-07-20 07:25:12.219385,0.48627686352543376,lstm
SVC-000040,EVT-0042784,2026-07-20 07:25:29.925926,0.4536358845721273,lstm
SVC-000055,EVT-0042785,2026-07-20 07:26:23.107240,0.36839954470084874,lstm
SVC-000011,EVT-0042786,2026-07-20 07:27:11.871843,0.9989135736582454,lstm
SVC-000031,EVT-0042787,2026-07-20 07:27:38.172679,0.6115976513218917,lstm
USR-000168,EVT-0042788,2026-07-20 07:27:48.056304,0.6239440003716621,lstm
SVC-000031,EVT-0042789,2026-07-20 07:29:40.113280,0.6598544281972102,lstm
SVC-000031,EVT-0042790,2026-07-20 07:30:00.188862,0.791169179055662,lstm
DEV-000026,EVT-0042791,2026-07-20 07:31:08.984926,0.14792804041979524,lstm
USR-000129,EVT-0042792,2026-07-20 07:33:22.554171,0.8144679066678376,lstm
SVC-000055,EVT-0042793,2026-07-20 07:35:53.489937,0.5394128516063662,lstm
DEV-000022,EVT-0042794,2026-07-20 07:36:38.896075,0.8924624252047985,lstm
USR-000067,EVT-0042795,2026-07-20 07:36:54.409797,0.43606903824447973,lstm
SVC-000051,EVT-0042796,2026-07-20 07:37:46.342614,0.8023467279927461,lstm
SVC-000055,EVT-0042797,2026-07-20 07:39:05.714415,0.4450858691462377,lstm
SVC-000055,EVT-0042798,2026-07-20 07:40:03.123412,0.5380588467657764,lstm
USR-000112,EVT-0042799,2026-07-20 07:45:42.510828,0.596062969024686,lstm
SVC-000031,EVT-0042800,2026-07-20 07:45:50.172361,0.27822476128893325,lstm
DEV-000018,EVT-0042801,2026-07-20 07:46:12.631347,0.8060705500990022,lstm
USR-000190,EVT-0042802,2026-07-20 07:47:00.988323,0.49946474331927876,lstm
DEV-000011,EVT-0042803,2026-07-20 07:47:20.610215,0.39416406554661737,lstm
SVC-000040,EVT-0042804,2026-07-20 07:47:43.032333,0.7993000477371666,lstm
DEV-000001,EVT-0042805,2026-07-20 07:49:10.966311,0.7321843791011766,lstm
SVC-000011,EVT-0042806,2026-07-20 07:49:12.467072,0.36104460151443984,lstm
SVC-000040,EVT-0042807,2026-07-20 07:49:18.457610,0.8337020722928247,lstm
DEV-000022,EVT-0042808,2026-07-20 07:52:30.311146,0.9487919751246882,lstm
USR-000014,EVT-0042809,2026-07-20 07:53:56.573493,0.25098195738794743,lstm
SVC-000019,EVT-0042810,2026-07-20 07:55:39.342236,0.6566885382266836,lstm
SVC-000031,EVT-0042811,2026-07-20 07:59:46.265177,0.29040223608607835,lstm
SVC-000046,EVT-0042812,2026-07-20 08:03:10.960918,0.9933940663178332,lstm
SVC-000011,EVT-0042813,2026-07-20 08:03:15.905714,0.424384928438548,lstm
USR-000060,EVT-0042814,2026-07-20 08:03:59.915797,0.47863527777208215,lstm
SVC-000055,EVT-0042815,2026-07-20 08:05:54.170847,0.5315859330789262,lstm
DEV-000010,EVT-0042816,2026-07-20 08:06:26.381306,0.264680861406411,lstm
SVC-000055,EVT-0042817,2026-07-20 08:07:56.243460,0.555685081804587,lstm
SVC-000030,EVT-0042818,2026-07-20 08:09:01.204468,0.9769900893104939,lstm
SVC-000011,EVT-0042819,2026-07-20 08:09:03.536623,0.4418262576554902,lstm
USR-000039,EVT-0042820,2026-07-20 08:10:50.595658,0.736611954871132,lstm
DEV-000001,EVT-0042821,2026-07-20 08:12:17.965456,0.6943857391548658,lstm
USR-000081,EVT-0042822,2026-07-20 08:13:20.057999,0.6601037226124613,lstm
SVC-000046,EVT-0042823,2026-07-20 08:14:20.849036,0.4788777328096944,lstm
SVC-000046,EVT-0042824,2026-07-20 08:14:39.735095,0.9050348344341517,lstm
USR-000169,EVT-0042825,2026-07-20 08:16:51.211861,0.40350077943384693,lstm
USR-000059,EVT-0042826,2026-07-20 08:18:26.319186,0.3726007513124768,lstm
SVC-000011,EVT-0042827,2026-07-20 08:18:32.156844,0.2938294289741343,lstm
USR-000167,EVT-0042828,2026-07-20 08:19:02.002747,0.7454579664521958,lstm
DEV-000016,EVT-0042829,2026-07-20 08:19:13.419113,0.21728519264755466,lstm
SVC-000040,EVT-0042830,2026-07-20 08:19:55.175674,0.2690750213703483,lstm
USR-000014,EVT-0042831,2026-07-20 08:20:09.055178,0.3008363645574798,lstm
USR-000138,EVT-0042832,2026-07-20 08:22:18.278109,0.8764453556448113,lstm
SVC-000055,EVT-0042833,2026-07-20 08:24:03.692371,0.358477874557445,lstm
USR-000078,EVT-0042834,2026-07-20 08:24:44.118862,0.8680804730581301,lstm
SVC-000046,EVT-0042835,2026-07-20 08:27:23.806739,0.6510179915775057,lstm
SVC-000046,EVT-0042836,2026-07-20 08:27:45.597588,0.8768524601236022,lstm
USR-000050,EVT-0042837,2026-07-20 08:27:55.079183,0.5611245791108505,lstm
SVC-000011,EVT-0042838,2026-07-20 08:28:42.728413,0.365930925413851,lstm
SVC-000016,EVT-0042839,2026-07-20 08:29:37.284599,0.9461737209633808,lstm
SVC-000011,EVT-0042840,2026-07-20 08:29:46.277041,0.4869470649712235,lstm
DEV-000005,EVT-0042841,2026-07-20 08:31:56.161862,0.6557458869889052,lstm
DEV-000018,EVT-0042842,2026-07-20 08:34:01.428184,0.628816335919113,lstm
SVC-000053,EVT-0042843,2026-07-20 08:34:43.921851,0.9990068696694018,lstm
USR-000013,EVT-0042844,2026-07-20 08:37:05.795341,0.5894901342647891,lstm
SVC-000011,EVT-0042845,2026-07-20 08:38:03.232677,0.3813690954200377,lstm
SVC-000024,EVT-0042846,2026-07-20 08:38:13.762813,0.9973681486500359,lstm
USR-000031,EVT-0042847,2026-07-20 08:39:17.640520,0.7726147956100614,lstm
SVC-000011,EVT-0042848,2026-07-20 08:39:26.050040,0.4341568289753491,lstm
USR-000048,EVT-0042849,2026-07-20 08:39:51.029154,0.8289134865051639,lstm
SVC-000011,EVT-0042850,2026-07-20 08:40:22.948747,0.41289387797260857,lstm
SVC-000024,EVT-0042851,2026-07-20 08:40:25.675964,0.5832867205536844,lstm
SVC-000011,EVT-0042852,2026-07-20 08:40:54.070502,0.8557199767113366,lstm
SVC-000011,EVT-0042853,2026-07-20 08:41:23.060173,0.605233731063018,lstm
SVC-000046,EVT-0042854,2026-07-20 08:44:49.832085,0.2830581693773958,lstm
USR-000058,EVT-0042855,2026-07-20 08:45:09.359466,0.4282671889145728,lstm
SVC-000011,EVT-0042856,2026-07-20 08:45:14.462059,0.3212558094414682,lstm
SVC-000042,EVT-0042857,2026-07-20 08:46:26.233878,0.978379908355295,lstm
USR-000039,EVT-0042858,2026-07-20 08:46:38.473520,0.5347054447230456,lstm
USR-000058,EVT-0042859,2026-07-20 08:48:26.664485,0.560090701019788,lstm
SVC-000013,EVT-0042860,2026-07-20 08:49:25.229085,0.9920102012629421,lstm
DEV-000010,EVT-0042861,2026-07-20 08:50:06.738461,0.15157057563257845,lstm
USR-000026,EVT-0042862,2026-07-20 08:54:26.002187,0.5580042809172355,lstm
USR-000167,EVT-0042863,2026-07-20 08:56:42.131812,0.5277369423787307,lstm
DEV-000012,EVT-0042864,2026-07-20 08:56:56.240566,0.4862238428475477,lstm
USR-000076,EVT-0042865,2026-07-20 08:57:02.467680,0.7773784809033008,lstm
USR-000168,EVT-0042866,2026-07-20 08:59:35.415849,0.363445500978801,lstm
USR-000158,EVT-0042867,2026-07-20 09:00:12.920379,0.429443131405693,lstm
SVC-000046,EVT-0042868,2026-07-20 09:02:05.952900,0.3293893365626437,lstm
USR-000203,EVT-0042869,2026-07-20 09:02:11.492761,0.972944600595353,lstm
USR-000135,EVT-0042870,2026-07-20 09:03:31.771808,0.720720928022621,lstm
SVC-000046,EVT-0042871,2026-07-20 09:05:23.055597,0.6067796089036117,lstm
SVC-000046,EVT-0042872,2026-07-20 09:05:30.517602,0.7895930618748848,lstm
USR-000162,EVT-0042873,2026-07-20 09:06:08.200594,0.26332387729293555,lstm
USR-000177,EVT-0042874,2026-07-20 09:08:56.829021,0.5290353033245083,lstm
SVC-000039,EVT-0042875,2026-07-20 09:09:06.956315,0.9731951976031284,lstm
USR-000069,EVT-0042876,2026-07-20 09:11:01.564760,0.3865990852595389,lstm
SVC-000046,EVT-0042877,2026-07-20 09:12:06.557785,0.22518512182895245,lstm
SVC-000046,EVT-0042878,2026-07-20 09:13:30.284072,0.3123943509583488,lstm
SVC-000031,EVT-0042879,2026-07-20 09:15:22.764476,0.8632597923353664,lstm
SVC-000053,EVT-0042880,2026-07-20 09:16:12.652391,0.7692308721942059,lstm
SVC-000016,EVT-0042881,2026-07-20 09:19:36.729901,0.31827393933031156,lstm
USR-000067,EVT-0042882,2026-07-20 09:20:02.634242,0.5027846292326903,lstm
USR-000060,EVT-0042883,2026-07-20 09:21:01.678079,0.300629440609843,lstm
SVC-000055,EVT-0042884,2026-07-20 09:21:54.382105,0.5741948425450787,lstm
SVC-000042,EVT-0042885,2026-07-20 09:22:05.749747,0.3432087289338302,lstm
DEV-000004,EVT-0042886,2026-07-20 09:22:40.906378,0.5575082996367965,lstm
USR-000168,EVT-0042887,2026-07-20 09:22:54.403146,0.3475123935582846,lstm
DEV-000021,EVT-0042888,2026-07-20 09:23:05.638998,0.26841136510948455,lstm
USR-000203,EVT-0042889,2026-07-20 09:23:47.287992,0.9600063157865525,lstm
SVC-000024,EVT-0042890,2026-07-20 09:23:58.451776,0.8347704351026952,lstm
SVC-000039,EVT-0042891,2026-07-20 09:24:56.505076,0.4107094440127586,lstm
SVC-000013,EVT-0042892,2026-07-20 09:25:13.034235,0.3876473177835052,lstm
SVC-000046,EVT-0042893,2026-07-20 09:25:20.391010,0.5797819426580397,lstm
SVC-000046,EVT-0042894,2026-07-20 09:25:31.004217,0.4794904189659266,lstm
USR-000207,EVT-0042895,2026-07-20 09:26:03.710537,0.5405305514886207,lstm
USR-000050,EVT-0042896,2026-07-20 09:26:22.488336,0.339193199496208,lstm
USR-000133,EVT-0042897,2026-07-20 09:26:47.225267,0.7710330206810595,lstm
SVC-000016,EVT-0042898,2026-07-20 09:28:09.092649,0.3809746470119203,lstm
SVC-000050,EVT-0042899,2026-07-20 09:28:40.159927,0.9909469735985243,lstm
DEV-000024,EVT-0042900,2026-07-20 09:28:50.253423,0.8476509307339857,lstm
SVC-000024,EVT-0042901,2026-07-20 09:34:18.300754,0.7866632699079757,lstm
USR-000013,EVT-0042902,2026-07-20 09:35:12.201345,0.3434884137050246,lstm
USR-000155,EVT-0042903,2026-07-20 09:35:42.958617,0.19204871493732184,lstm
SVC-000042,EVT-0042904,2026-07-20 09:35:47.340557,0.28673427244899574,lstm
USR-000014,EVT-0042905,2026-07-20 09:36:11.169037,0.2631581456968031,lstm
USR-000015,EVT-0042906,2026-07-20 09:36:27.499753,0.4391056830113217,lstm
DEV-000020,EVT-0042907,2026-07-20 09:36:33.508200,0.32807607561811064,lstm
SVC-000013,EVT-0042908,2026-07-20 09:38:05.361772,0.43207978493283816,lstm
DEV-000015,EVT-0042909,2026-07-20 09:38:16.116097,0.4446511880835343,lstm
SVC-000050,EVT-0042910,2026-07-20 09:39:07.799184,0.9568137339365098,lstm
USR-000026,EVT-0042911,2026-07-20 09:39:40.012122,0.4983293013979292,lstm
SVC-000013,EVT-0042912,2026-07-20 09:39:52.180762,0.6921902472117244,lstm
SVC-000013,EVT-0042913,2026-07-20 09:40:09.716090,0.7591413182683011,lstm
USR-000177,EVT-0042914,2026-07-20 09:40:36.019733,0.36120772473848534,lstm
SVC-000024,EVT-0042915,2026-07-20 09:42:16.123721,0.41864702827801253,lstm
USR-000078,EVT-0042916,2026-07-20 09:42:27.668185,0.9594861758027188,lstm
USR-000155,EVT-0042917,2026-07-20 09:42:49.735891,0.44584533534106235,lstm
SVC-000021,EVT-0042918,2026-07-20 09:42:51.105882,0.9961248048608994,lstm
SVC-000024,EVT-0042919,2026-07-20 09:43:05.839121,0.44314975846335525,lstm
USR-000193,EVT-0042920,2026-07-20 09:43:32.286536,0.7942445635115097,lstm
USR-000015,EVT-0042921,2026-07-20 09:44:14.601504,0.5247447450471482,lstm
SVC-000046,EVT-0042922,2026-07-20 09:44:44.553100,0.6476447374008192,lstm
USR-000099,EVT-0042923,2026-07-20 09:44:45.499075,0.5121995592192884,lstm
SVC-000024,EVT-0042924,2026-07-20 09:45:33.772347,0.37608131396794436,lstm
SVC-000042,EVT-0042925,2026-07-20 09:45:48.267211,0.24628608522691392,lstm
USR-000156,EVT-0042926,2026-07-20 09:46:57.445530,0.5232423365982253,lstm
USR-000069,EVT-0042927,2026-07-20 09:47:31.545743,0.341715831099352,lstm
USR-000133,EVT-0042928,2026-07-20 09:48:43.731668,0.3880405067871267,lstm
USR-000102,EVT-0042929,2026-07-20 09:51:18.141025,0.8691245296693684,lstm
USR-000048,EVT-0042930,2026-07-20 09:51:22.946323,0.38744443932428,lstm
USR-000060,EVT-0042931,2026-07-20 09:53:10.245430,0.46671712271114063,lstm
USR-000024,EVT-0042932,2026-07-20 09:53:10.940782,0.5410498682124452,lstm
SVC-000013,EVT-0042933,2026-07-20 09:54:10.901265,0.8071322220058614,lstm
USR-000037,EVT-0042934,2026-07-20 09:54:51.011234,0.8900331486345422,lstm
DEV-000012,EVT-0042935,2026-07-20 09:55:20.805939,0.30533141010302295,lstm
DEV-000003,EVT-0042936,2026-07-20 09:57:01.248822,0.4187637899455018,lstm
USR-000129,EVT-0042937,2026-07-20 09:57:20.783979,0.24082022487980806,lstm
SVC-000042,EVT-0042938,2026-07-20 09:57:27.499415,0.28463260625265263,lstm
DEV-000016,EVT-0042939,2026-07-20 09:58:55.179703,0.19005648620577487,lstm
SVC-000013,EVT-0042940,2026-07-20 09:59:26.235957,0.5207346344974956,lstm
USR-000061,EVT-0042941,2026-07-20 10:02:37.304298,0.8715070581391062,lstm
USR-000200,EVT-0042942,2026-07-20 10:02:50.325319,0.5723082116499462,lstm
SVC-000031,EVT-0042943,2026-07-20 10:04:17.513973,0.6599954996843685,lstm
SVC-000053,EVT-0042944,2026-07-20 10:05:12.961087,0.42445668199401004,lstm
SVC-000008,EVT-0042945,2026-07-20 10:05:19.771792,0.9745899476036441,lstm
SVC-000042,EVT-0042946,2026-07-20 10:05:32.084702,0.2746853238559789,lstm
SVC-000013,EVT-0042947,2026-07-20 10:06:16.661945,0.3654835715566101,lstm
SVC-000030,EVT-0042948,2026-07-20 10:06:56.297285,0.7307947465415497,lstm
SVC-000024,EVT-0042949,2026-07-20 10:07:10.004722,0.2790012259542489,lstm
USR-000157,EVT-0042950,2026-07-20 10:07:54.487955,0.4224415592401811,lstm
USR-000133,EVT-0042951,2026-07-20 10:08:02.689584,0.270211463858024,lstm
SVC-000016,EVT-0042952,2026-07-20 10:08:49.391236,0.4787121299350848,lstm
SVC-000013,EVT-0042953,2026-07-20 10:09:45.538599,0.7967016358006367,lstm
SVC-000013,EVT-0042954,2026-07-20 10:11:35.071226,0.4676845594520034,lstm
SVC-000039,EVT-0042955,2026-07-20 10:11:49.486622,0.4430646369962738,lstm
USR-000008,EVT-0042956,2026-07-20 10:12:28.848648,0.5658987923628704,lstm
USR-000050,EVT-0042957,2026-07-20 10:13:08.491001,0.2413423048206276,lstm
SVC-000024,EVT-0042958,2026-07-20 10:14:22.519117,0.3416716796028331,lstm
DEV-000002,EVT-0042959,2026-07-20 10:14:33.972852,0.6294929872252089,lstm
SVC-000024,EVT-0042960,2026-07-20 10:15:46.174026,0.481980756493829,lstm
SVC-000024,EVT-0042961,2026-07-20 10:16:40.388062,0.4900326428969933,lstm
SVC-000024,EVT-0042962,2026-07-20 10:17:18.707136,0.6210492662429052,lstm
DEV-000005,EVT-0042963,2026-07-20 10:17:52.396883,0.4376613679150833,lstm
USR-000190,EVT-0042964,2026-07-20 10:19:08.959167,0.2328436039790024,lstm
USR-000050,EVT-0042965,2026-07-20 10:19:37.729248,0.4929229602667239,lstm
USR-000135,EVT-0042966,2026-07-20 10:19:57.979992,0.40973724351419655,lstm
USR-000016,EVT-0042967,2026-07-20 10:20:11.843579,0.2201806823876132,lstm
SVC-000042,EVT-0042968,2026-07-20 10:20:55.542249,0.23767225557039903,lstm
SVC-000016,EVT-0042969,2026-07-20 10:22:47.413713,0.5388681670995984,lstm
USR-000119,EVT-0042970,2026-07-20 10:23:46.258617,0.6330813134186145,lstm
USR-000014,EVT-0042971,2026-07-20 10:23:52.808452,0.3878739948060989,lstm
SVC-000013,EVT-0042972,2026-07-20 10:25:36.242291,0.41330048323352975,lstm
SVC-000013,EVT-0042973,2026-07-20 10:27:24.804871,0.8695597771687135,lstm
SVC-000013,EVT-0042974,2026-07-20 10:27:44.231086,0.6777263845153659,lstm
USR-000156,EVT-0042975,2026-07-20 10:28:01.728742,0.30624495415364683,lstm
USR-000092,EVT-0042976,2026-07-20 10:29:00.780886,0.8752514394716416,lstm
USR-000171,EVT-0042977,2026-07-20 10:29:56.749329,0.502077189045378,lstm
SVC-000024,EVT-0042978,2026-07-20 10:30:04.722904,0.3443491396985124,lstm
USR-000102,EVT-0042979,2026-07-20 10:30:33.365936,0.7735450863012989,lstm
USR-000177,EVT-0042980,2026-07-20 10:31:06.328861,0.22908985066847343,lstm
SVC-000050,EVT-0042981,2026-07-20 10:33:25.973949,0.48622903962331127,lstm
USR-000015,EVT-0042982,2026-07-20 10:35:10.375918,0.34148093273700086,lstm
USR-000096,EVT-0042983,2026-07-20 10:38:47.780026,0.30787561570852867,lstm
USR-000081,EVT-0042984,2026-07-20 10:39:17.792319,0.29690034364955775,lstm
SVC-000008,EVT-0042985,2026-07-20 10:40:20.543883,0.48064214937004224,lstm
USR-000022,EVT-0042986,2026-07-20 10:40:58.049705,0.3854617602626958,lstm
SVC-000053,EVT-0042987,2026-07-20 10:41:56.400312,0.3971037463490774,lstm
USR-000076,EVT-0042988,2026-07-20 10:43:16.488981,0.5716478538828877,lstm
SVC-000039,EVT-0042989,2026-07-20 10:43:28.880125,0.2764688490437091,lstm
SVC-000024,EVT-0042990,2026-07-20 10:45:56.824657,0.3917973849779039,lstm
USR-000053,EVT-0042991,2026-07-20 10:46:04.361329,0.4410222338298249,lstm
USR-000070,EVT-0042992,2026-07-20 10:50:17.408438,0.3739553872724356,lstm
USR-000015,EVT-0042993,2026-07-20 10:50:50.429018,0.4335712426249412,lstm
USR-000015,EVT-0042994,2026-07-20 10:50:59.379991,0.7101906053290971,lstm
USR-000103,EVT-0042995,2026-07-20 10:54:22.302507,0.46433618095310764,lstm
USR-000006,EVT-0042996,2026-07-20 10:55:00.349799,0.517443662920658,lstm
DEV-000002,EVT-0042997,2026-07-20 10:56:59.675143,0.5429169074391024,lstm
USR-000135,EVT-0042998,2026-07-20 10:58:23.132370,0.3261942557849699,lstm
USR-000022,EVT-0042999,2026-07-20 10:58:56.069648,0.4082886301206024,lstm
USR-000099,EVT-0043000,2026-07-20 10:59:53.180064,0.2186506367678946,lstm
USR-000135,EVT-0043001,2026-07-20 11:00:09.055826,0.6993913288255997,lstm
USR-000162,EVT-0043002,2026-07-20 11:00:36.007290,0.46511096103491467,lstm
USR-000015,EVT-0043003,2026-07-20 11:00:45.293195,0.3034714576872246,lstm
USR-000190,EVT-0043004,2026-07-20 11:01:02.356388,0.23633498235421324,lstm
DEV-000002,EVT-0043005,2026-07-20 11:04:00.972679,0.8284846601422087,lstm
USR-000203,EVT-0043006,2026-07-20 11:04:01.400175,0.8601164609615403,lstm
USR-000064,EVT-0043007,2026-07-20 11:04:29.322575,0.8653150159595885,lstm
USR-000177,EVT-0043008,2026-07-20 11:05:24.202572,0.33962451911350555,lstm
USR-000212,EVT-0043009,2026-07-20 11:05:38.005571,0.49378917282006224,lstm
USR-000015,EVT-0043010,2026-07-20 11:06:18.072540,0.3569751588238793,lstm
USR-000157,EVT-0043011,2026-07-20 11:08:47.136108,0.3212126050255579,lstm
USR-000206,EVT-0043012,2026-07-20 11:09:57.290158,0.21291477139007756,lstm
SVC-000039,EVT-0043013,2026-07-20 11:10:53.414915,0.23357892166774633,lstm
USR-000158,EVT-0043014,2026-07-20 11:11:36.103368,0.6907235661644393,lstm
USR-000177,EVT-0043015,2026-07-20 11:13:24.152881,0.9747821452531725,lstm
SVC-000021,EVT-0043016,2026-07-20 11:13:47.620915,0.7191787604347654,lstm
SVC-000021,EVT-0043017,2026-07-20 11:14:28.659923,0.9023416418156605,lstm
USR-000212,EVT-0043018,2026-07-20 11:14:35.253939,0.6584276207474415,lstm
SVC-000008,EVT-0043019,2026-07-20 11:16:38.053050,0.36061846169636574,lstm
USR-000015,EVT-0043020,2026-07-20 11:17:07.259821,0.3091009968287767,lstm
USR-000004,EVT-0043021,2026-07-20 11:17:20.425442,0.8550178830121961,lstm
SVC-000042,EVT-0043022,2026-07-20 11:19:13.371952,0.3053127567046946,lstm
USR-000135,EVT-0043023,2026-07-20 11:19:37.846769,0.2964350299702419,lstm
SVC-000050,EVT-0043024,2026-07-20 11:19:46.259715,0.3467151486444904,lstm
SVC-000008,EVT-0043025,2026-07-20 11:20:19.201245,0.8229346219945491,lstm
USR-000041,EVT-0043026,2026-07-20 11:21:05.775373,0.6358795543040705,lstm
USR-000014,EVT-0043027,2026-07-20 11:21:19.003008,0.4148839627295144,lstm
USR-000158,EVT-0043028,2026-07-20 11:21:37.236989,0.3340080529716934,lstm
SVC-000016,EVT-0043029,2026-07-20 11:22:19.935904,0.6424269851512441,lstm
SVC-000053,EVT-0043030,2026-07-20 11:23:19.121150,0.5842691574661791,lstm
USR-000155,EVT-0043031,2026-07-20 11:23:22.761551,0.2822350546536892,lstm
USR-000086,EVT-0043032,2026-07-20 11:23:39.110295,0.5427725887098795,lstm
USR-000099,EVT-0043033,2026-07-20 11:24:15.086293,0.29116896465695763,lstm
USR-000111,EVT-0043034,2026-07-20 11:24:15.794115,0.24420054601217628,lstm
USR-000190,EVT-0043035,2026-07-20 11:24:58.183556,0.45195055760968456,lstm
SVC-000053,EVT-0043036,2026-07-20 11:25:46.350786,0.4207217652761268,lstm
DEV-000003,EVT-0043037,2026-07-20 11:25:53.872987,0.29593401763284927,lstm
USR-000009,EVT-0043038,2026-07-20 11:25:55.654217,0.47806157061271454,lstm
SVC-000021,EVT-0043039,2026-07-20 11:26:17.175561,0.46203695862288896,lstm
SVC-000021,EVT-0043040,2026-07-20 11:27:28.865795,0.6217697769696431,lstm
USR-000179,EVT-0043041,2026-07-20 11:30:43.006821,0.6399965321458594,lstm
USR-000154,EVT-0043042,2026-07-20 11:33:02.007944,0.6099798735877442,lstm
SVC-000008,EVT-0043043,2026-07-20 11:35:07.345227,0.34511671438882857,lstm
USR-000070,EVT-0043044,2026-07-20 11:35:07.668177,0.28138940891976655,lstm
USR-000061,EVT-0043045,2026-07-20 11:35:18.157406,0.34322749540239544,lstm
USR-000039,EVT-0043046,2026-07-20 11:36:19.659932,0.2862504325775004,lstm
USR-000190,EVT-0043047,2026-07-20 11:39:00.938169,0.25283518669358024,lstm
USR-000207,EVT-0043048,2026-07-20 11:39:05.003065,0.36025024794023164,lstm
USR-000123,EVT-0043049,2026-07-20 11:43:02.796762,0.504359062611968,lstm
SVC-000050,EVT-0043050,2026-07-20 11:45:13.397375,0.340779366757429,lstm
USR-000002,EVT-0043051,2026-07-20 11:45:22.466770,0.3821922353002561,lstm
SVC-000039,EVT-0043052,2026-07-20 11:47:35.958539,0.4792053285035106,lstm
USR-000166,EVT-0043053,2026-07-20 11:51:27.049961,0.689807830918635,lstm
USR-000102,EVT-0043054,2026-07-20 11:52:17.765064,0.6021098750542975,lstm
SVC-000034,EVT-0043055,2026-07-20 11:52:20.159637,0.9862069851617206,lstm
USR-000127,EVT-0043056,2026-07-20 11:52:23.998935,0.9547423801215307,lstm
USR-000026,EVT-0043057,2026-07-20 11:53:06.564995,0.3433853898545019,lstm
USR-000004,EVT-0043058,2026-07-20 11:54:35.927883,0.5129069506964338,lstm
SVC-000008,EVT-0043059,2026-07-20 11:54:56.389161,0.30414847504550874,lstm
SVC-000021,EVT-0043060,2026-07-20 11:55:02.159922,0.62831792916297,lstm
USR-000022,EVT-0043061,2026-07-20 11:55:21.221649,0.2719660186941242,lstm
SVC-000050,EVT-0043062,2026-07-20 11:55:24.745738,0.2955842282026198,lstm
DEV-000011,EVT-0043063,2026-07-20 11:55:58.830283,0.49101707198767297,lstm
USR-000136,EVT-0043064,2026-07-20 11:56:21.387468,0.6605592228110019,lstm
USR-000060,EVT-0043065,2026-07-20 11:56:36.495028,0.28987979973111605,lstm
SVC-000021,EVT-0043066,2026-07-20 11:57:15.217165,0.8137983485952067,lstm
USR-000170,EVT-0043067,2026-07-20 11:57:53.386054,0.6401875245437793,lstm
SVC-000053,EVT-0043068,2026-07-20 11:58:02.085875,0.2952652526663674,lstm
USR-000028,EVT-0043069,2026-07-20 11:58:56.038198,0.7029142743629231,lstm
USR-000190,EVT-0043070,2026-07-20 11:59:00.798145,0.28144124710939666,lstm
USR-000102,EVT-0043071,2026-07-20 11:59:10.682367,0.6901241970333569,lstm
USR-000136,EVT-0043072,2026-07-20 12:00:43.983015,0.6977797507826721,lstm
USR-000039,EVT-0043073,2026-07-20 12:00:53.235668,0.35400395358075554,lstm
USR-000137,EVT-0043074,2026-07-20 12:03:25.366006,0.8362522539359689,lstm
DEV-000025,EVT-0043075,2026-07-20 12:03:28.107016,0.9414577040899692,lstm
DEV-000007,EVT-0043076,2026-07-20 12:03:43.250446,0.8163309870401159,lstm
USR-000030,EVT-0043077,2026-07-20 12:04:03.288878,0.5186604550555922,lstm
USR-000148,EVT-0043078,2026-07-20 12:04:35.362893,0.5648439924048682,lstm
SVC-000008,EVT-0043079,2026-07-20 12:04:49.973828,0.7874848846796685,lstm
SVC-000017,EVT-0043080,2026-07-20 12:05:39.607813,0.9940062224473164,lstm
DEV-000024,EVT-0043081,2026-07-20 12:05:59.595876,0.6777293782617376,lstm
USR-000044,EVT-0043082,2026-07-20 12:06:04.125895,0.9999999838333391,lstm
USR-000171,EVT-0043083,2026-07-20 12:06:07.300865,0.2692285181079055,lstm
USR-000048,EVT-0043084,2026-07-20 12:06:20.788632,0.32337752985699225,lstm
USR-000015,EVT-0043085,2026-07-20 12:06:57.579293,0.711946059827312,lstm
USR-000155,EVT-0043086,2026-07-20 12:08:36.912100,0.42435575717235124,lstm
SVC-000033,EVT-0043087,2026-07-20 12:09:24.019022,0.996722831958811,lstm
USR-000160,EVT-0043088,2026-07-20 12:09:28.653943,0.9005469822704791,lstm
SVC-000021,EVT-0043089,2026-07-20 12:10:12.363204,0.4462875242709025,lstm
USR-000095,EVT-0043090,2026-07-20 12:10:54.476045,0.2425442470488147,lstm
USR-000203,EVT-0043091,2026-07-20 12:11:17.011456,0.795507372537025,lstm
USR-000081,EVT-0043092,2026-07-20 12:12:00.193821,0.47412206130860896,lstm
USR-000021,EVT-0043093,2026-07-20 12:13:10.928525,0.4936813007439609,lstm
USR-000103,EVT-0043094,2026-07-20 12:13:47.455146,0.27673903671390626,lstm
USR-000112,EVT-0043095,2026-07-20 12:14:12.315828,0.2493269135392345,lstm
USR-000210,EVT-0043096,2026-07-20 12:14:38.243060,0.8670548990613511,lstm
USR-000048,EVT-0043097,2026-07-20 12:15:14.646312,0.8839421397054428,lstm
SVC-000039,EVT-0043098,2026-07-20 12:15:48.126998,0.2991680809870672,lstm
USR-000176,EVT-0043099,2026-07-20 12:17:28.121244,0.41387944503743546,lstm
USR-000111,EVT-0043100,2026-07-20 12:17:57.436128,0.20702137778642007,lstm
USR-000123,EVT-0043101,2026-07-20 12:19:01.695177,0.4585493932235999,lstm
USR-000155,EVT-0043102,2026-07-20 12:20:07.328277,0.4270945968901075,lstm
USR-000176,EVT-0043103,2026-07-20 12:20:28.729562,0.6359180216107938,lstm
SVC-000039,EVT-0043104,2026-07-20 12:21:41.657242,0.37784934599495973,lstm
USR-000050,EVT-0043105,2026-07-20 12:21:42.387780,0.5028291056567404,lstm
USR-000021,EVT-0043106,2026-07-20 12:22:00.419348,0.5086197792535462,lstm
DEV-000011,EVT-0043107,2026-07-20 12:22:16.102564,0.6645557289452092,lstm
USR-000078,EVT-0043108,2026-07-20 12:22:43.100790,0.27715770897013847,lstm
USR-000205,EVT-0043109,2026-07-20 12:23:26.589884,0.8500991924718124,lstm
SVC-000050,EVT-0043110,2026-07-20 12:24:40.089881,0.2590401201333382,lstm
USR-000203,EVT-0043111,2026-07-20 12:25:43.033764,0.7358304464826824,lstm
DEV-000026,EVT-0043112,2026-07-20 12:29:10.016575,0.35246887460986404,lstm
SVC-000017,EVT-0043113,2026-07-20 12:29:42.263365,0.45603432211972433,lstm
USR-000047,EVT-0043114,2026-07-20 12:30:19.566996,0.3547455747083737,lstm
USR-000127,EVT-0043115,2026-07-20 12:30:20.310759,0.2764680550130676,lstm
USR-000065,EVT-0043116,2026-07-20 12:30:25.530016,0.8829679043968222,lstm
USR-000105,EVT-0043117,2026-07-20 12:30:39.551961,0.44903705622603635,lstm
DEV-000003,EVT-0043118,2026-07-20 12:30:51.481846,0.23950964515579085,lstm
USR-000048,EVT-0043119,2026-07-20 12:31:06.539502,0.4420406915147606,lstm
USR-000170,EVT-0043120,2026-07-20 12:31:52.611965,0.323918346917904,lstm
SVC-000021,EVT-0043121,2026-07-20 12:33:51.821061,0.516600560916875,lstm
SVC-000008,EVT-0043122,2026-07-20 12:34:07.386189,0.32028795880206856,lstm
SVC-000008,EVT-0043123,2026-07-20 12:34:31.207388,0.9737176757432809,lstm
USR-000073,EVT-0043124,2026-07-20 12:35:38.822651,0.7835636801264151,lstm
USR-000156,EVT-0043125,2026-07-20 12:36:10.203308,0.6595215881949215,lstm
USR-000021,EVT-0043126,2026-07-20 12:37:20.987659,0.345082563270905,lstm
USR-000105,EVT-0043127,2026-07-20 12:37:41.127335,0.5762880294835101,lstm
USR-000121,EVT-0043128,2026-07-20 12:38:37.685941,0.25786051073291966,lstm
USR-000209,EVT-0043129,2026-07-20 12:39:19.023386,0.6879418162169809,lstm
DEV-000018,EVT-0043130,2026-07-20 12:40:00.092563,0.17723049251319953,lstm
USR-000161,EVT-0043131,2026-07-20 12:41:20.018627,0.8040798380025773,lstm
SVC-000039,EVT-0043132,2026-07-20 12:41:26.044247,0.8114387952653397,lstm
USR-000176,EVT-0043133,2026-07-20 12:41:29.529921,0.357259966162446,lstm
USR-000069,EVT-0043134,2026-07-20 12:42:46.621767,0.218854965750398,lstm
USR-000038,EVT-0043135,2026-07-20 12:44:16.985929,0.6132051154558756,lstm
USR-000015,EVT-0043136,2026-07-20 12:44:41.610602,0.2729980904670219,lstm
USR-000026,EVT-0043137,2026-07-20 12:48:21.572817,0.3595633398705375,lstm
USR-000039,EVT-0043138,2026-07-20 12:50:03.230773,0.2684194773025498,lstm
USR-000021,EVT-0043139,2026-07-20 12:50:51.969253,0.3793412465924917,lstm
USR-000004,EVT-0043140,2026-07-20 12:51:14.803673,0.5376280926451448,lstm
DEV-000004,EVT-0043141,2026-07-20 12:51:22.534116,0.481998797065688,lstm
SVC-000053,EVT-0043142,2026-07-20 12:53:03.089812,0.8251237716836971,lstm
SVC-000053,EVT-0043143,2026-07-20 12:54:02.321335,0.7445174735005354,lstm
USR-000204,EVT-0043144,2026-07-20 12:54:19.887758,0.8764955729391115,lstm
USR-000013,EVT-0043145,2026-07-20 12:56:06.520869,0.4006573379735626,lstm
SVC-000008,EVT-0043146,2026-07-20 12:56:30.928332,0.324115476931221,lstm
USR-000155,EVT-0043147,2026-07-20 12:57:17.502080,0.5838954731652052,lstm
USR-000111,EVT-0043148,2026-07-20 12:57:23.141273,0.36262099982814117,lstm
DEV-000018,EVT-0043149,2026-07-20 12:58:03.031657,0.22293768266300426,lstm
SVC-000021,EVT-0043150,2026-07-20 12:59:30.696673,0.5622781669402726,lstm
USR-000043,EVT-0043151,2026-07-20 13:00:26.147858,0.38193867898039063,lstm
SVC-000053,EVT-0043152,2026-07-20 13:00:53.877106,0.3974501520978634,lstm
SVC-000034,EVT-0043153,2026-07-20 13:02:43.650806,0.3581198593123437,lstm
USR-000048,EVT-0043154,2026-07-20 13:03:04.474367,0.7179136853067124,lstm
DEV-000008,EVT-0043155,2026-07-20 13:08:02.044787,0.7919009418598096,lstm
SVC-000008,EVT-0043156,2026-07-20 13:08:07.046678,0.7570135911270407,lstm
SVC-000008,EVT-0043157,2026-07-20 13:10:20.040606,0.8297112112896556,lstm
USR-000212,EVT-0043158,2026-07-20 13:10:52.350652,0.3544243476873618,lstm
USR-000038,EVT-0043159,2026-07-20 13:11:02.006091,0.32433607493342814,lstm
USR-000193,EVT-0043160,2026-07-20 13:11:49.178862,0.9746601933110602,lstm
USR-000038,EVT-0043161,2026-07-20 13:12:50.749757,0.7435176065665534,lstm
USR-000105,EVT-0043162,2026-07-20 13:16:08.464936,0.4066199750591984,lstm
USR-000039,EVT-0043163,2026-07-20 13:17:11.855776,0.8456722885159272,lstm
USR-000138,EVT-0043164,2026-07-20 13:18:54.599303,0.9078209117379029,lstm
USR-000127,EVT-0043165,2026-07-20 13:19:29.837611,0.24282910385776588,lstm
USR-000162,EVT-0043166,2026-07-20 13:23:14.372751,0.3991513413048224,lstm
USR-000143,EVT-0043167,2026-07-20 13:25:24.409000,0.6776284114784746,lstm
USR-000065,EVT-0043168,2026-07-20 13:27:58.056712,0.43294176665130296,lstm
SVC-000034,EVT-0043169,2026-07-20 13:29:41.341131,0.3990969246328737,lstm
USR-000149,EVT-0043170,2026-07-20 13:29:52.694358,0.7621172901482745,lstm
USR-000024,EVT-0043171,2026-07-20 13:31:30.685038,0.9220176042076974,lstm
SVC-000039,EVT-0043172,2026-07-20 13:31:48.102523,0.6285523014669095,lstm
USR-000145,EVT-0043173,2026-07-20 13:31:50.473445,0.784603080641933,lstm
SVC-000017,EVT-0043174,2026-07-20 13:31:56.548307,0.494843892269279,lstm
DEV-000026,EVT-0043175,2026-07-20 13:32:45.410448,0.30314318805761964,lstm
USR-000129,EVT-0043176,2026-07-20 13:33:01.262453,0.3571116693853213,lstm
USR-000024,EVT-0043177,2026-07-20 13:34:12.765395,0.675408525014148,lstm
USR-000053,EVT-0043178,2026-07-20 13:34:39.880983,0.2358877276175942,lstm
USR-000080,EVT-0043179,2026-07-20 13:34:57.914436,0.6607646410641119,lstm
USR-000115,EVT-0043180,2026-07-20 13:35:56.942564,0.9526286231902561,lstm
DEV-000021,EVT-0043181,2026-07-20 13:36:06.195643,0.5170045464517798,lstm
SVC-000034,EVT-0043182,2026-07-20 13:36:41.303735,0.8486779517813291,lstm
USR-000115,EVT-0043183,2026-07-20 13:37:54.023440,0.6211836913396701,lstm
USR-000032,EVT-0043184,2026-07-20 13:39:00.839224,0.8293549334125941,lstm
USR-000070,EVT-0043185,2026-07-20 13:40:26.854562,0.6052075850777123,lstm
SVC-000049,EVT-0043186,2026-07-20 13:40:30.011824,0.9318348878384615,lstm
USR-000160,EVT-0043187,2026-07-20 13:40:50.475309,0.4226190169468835,lstm
USR-000038,EVT-0043188,2026-07-20 13:43:43.278162,0.25080056215183283,lstm
USR-000095,EVT-0043189,2026-07-20 13:43:53.283882,0.3328117188473956,lstm
SVC-000017,EVT-0043190,2026-07-20 13:44:08.325015,0.8368155635289793,lstm
SVC-000026,EVT-0043191,2026-07-20 13:44:13.863348,0.9946253281716403,lstm
USR-000008,EVT-0043192,2026-07-20 13:44:26.652053,0.21031563429330538,lstm
USR-000151,EVT-0043193,2026-07-20 13:44:31.574929,0.5736737306513441,lstm
SVC-000021,EVT-0043194,2026-07-20 13:45:35.577943,0.5768683006974541,lstm
DEV-000001,EVT-0043195,2026-07-20 13:46:00.310754,0.35933830573927755,lstm
USR-000161,EVT-0043196,2026-07-20 13:46:30.349266,0.4546465131739448,lstm
USR-000204,EVT-0043197,2026-07-20 13:46:42.350111,0.8259895998078322,lstm
DEV-000001,EVT-0043198,2026-07-20 13:47:28.031337,0.8294037878504018,lstm
USR-000208,EVT-0043199,2026-07-20 13:47:56.170614,0.6401269272190545,lstm
SVC-000050,EVT-0043200,2026-07-20 13:48:33.760205,0.48054697937294527,lstm
SVC-000021,EVT-0043201,2026-07-20 13:49:12.634651,0.6024994614708502,lstm
USR-000203,EVT-0043202,2026-07-20 13:49:36.721050,0.4124758078339817,lstm
USR-000135,EVT-0043203,2026-07-20 13:49:43.309595,0.30464093384800933,lstm
SVC-000008,EVT-0043204,2026-07-20 13:50:50.273558,0.5846675870723763,lstm
SVC-000017,EVT-0043205,2026-07-20 13:51:22.114738,0.7365701295025474,lstm
USR-000065,EVT-0043206,2026-07-20 13:51:34.529958,0.4465908282108575,lstm
USR-000161,EVT-0043207,2026-07-20 13:52:48.072177,0.6080321955989344,lstm
SVC-000017,EVT-0043208,2026-07-20 13:52:58.167814,0.8325660300254822,lstm
SVC-000021,EVT-0043209,2026-07-20 13:52:58.795802,0.6956353138089636,lstm
USR-000103,EVT-0043210,2026-07-20 13:53:01.643437,0.29167071254662613,lstm
USR-000137,EVT-0043211,2026-07-20 13:54:30.767185,0.603408337040644,lstm
SVC-000017,EVT-0043212,2026-07-20 13:58:09.475390,0.6495830062883591,lstm
USR-000028,EVT-0043213,2026-07-20 13:59:09.753844,0.3269611769727847,lstm
SVC-000027,EVT-0043214,2026-07-20 14:00:53.812179,0.996033387020994,lstm
USR-000064,EVT-0043215,2026-07-20 14:01:43.033332,0.35279514817196983,lstm
USR-000003,EVT-0043216,2026-07-20 14:02:14.066207,0.43299836170910255,lstm
USR-000021,EVT-0043217,2026-07-20 14:02:14.101369,0.978173450071364,lstm
SVC-000049,EVT-0043218,2026-07-20 14:03:19.533419,0.41929300832449906,lstm
SVC-000012,EVT-0043219,2026-07-20 14:03:41.083396,0.9851295285997396,lstm
USR-000008,EVT-0043220,2026-07-20 14:03:42.181107,0.29379729745677857,lstm
USR-000011,EVT-0043221,2026-07-20 14:04:44.432020,0.6675066262674064,lstm
USR-000127,EVT-0043222,2026-07-20 14:05:00.839450,0.35459454555462566,lstm
USR-000008,EVT-0043223,2026-07-20 14:05:04.307021,0.7115168983590603,lstm
USR-000069,EVT-0043224,2026-07-20 14:05:31.974651,0.32308067438067717,lstm
USR-000129,EVT-0043225,2026-07-20 14:05:34.245545,0.30814456730283984,lstm
SVC-000049,EVT-0043226,2026-07-20 14:08:04.868813,0.5469378957505071,lstm
SVC-000027,EVT-0043227,2026-07-20 14:08:27.894231,0.5891936122082364,lstm
USR-000086,EVT-0043228,2026-07-20 14:09:00.328421,0.2084709750902179,lstm
USR-000009,EVT-0043229,2026-07-20 14:09:37.498265,0.4747815142963713,lstm
USR-000212,EVT-0043230,2026-07-20 14:10:13.126046,0.1947380779178725,lstm
DEV-000010,EVT-0043231,2026-07-20 14:11:36.622188,0.6299540762948962,lstm
SVC-000053,EVT-0043232,2026-07-20 14:12:30.138585,0.8803280628766189,lstm
USR-000204,EVT-0043233,2026-07-20 14:14:05.847492,0.5998217185250354,lstm
USR-000002,EVT-0043234,2026-07-20 14:16:11.343185,0.21302741048414778,lstm
SVC-000028,EVT-0043235,2026-07-20 14:18:39.776652,0.9942802160357793,lstm
SVC-000010,EVT-0043236,2026-07-20 14:19:18.292179,0.987646111092996,lstm
USR-000111,EVT-0043237,2026-07-20 14:22:50.473508,0.3434348394633044,lstm
SVC-000049,EVT-0043238,2026-07-20 14:23:11.789032,0.38371557281368096,lstm
SVC-000017,EVT-0043239,2026-07-20 14:24:25.971571,0.5964802348018361,lstm
USR-000202,EVT-0043240,2026-07-20 14:24:48.629962,0.7692741063601678,lstm
SVC-000008,EVT-0043241,2026-07-20 14:26:09.933932,0.815675242785274,lstm
USR-000079,EVT-0043242,2026-07-20 14:26:57.776924,0.3808471326964429,lstm
USR-000115,EVT-0043243,2026-07-20 14:28:20.806484,0.4029830017859763,lstm
SVC-000012,EVT-0043244,2026-07-20 14:28:54.364000,0.3202538884920755,lstm
DEV-000011,EVT-0043245,2026-07-20 14:30:16.813495,0.4580673111479713,lstm
SVC-000017,EVT-0043246,2026-07-20 14:30:32.961218,0.4180527860225469,lstm
USR-000133,EVT-0043247,2026-07-20 14:30:43.600663,0.5795030381671421,lstm
USR-000092,EVT-0043248,2026-07-20 14:32:40.960752,0.8636661219616445,lstm
SVC-000027,EVT-0043249,2026-07-20 14:32:48.404310,0.5388975544615006,lstm
SVC-000027,EVT-0043250,2026-07-20 14:37:34.367076,0.558594119734405,lstm
USR-000021,EVT-0043251,2026-07-20 14:38:17.874107,0.3230098698903695,lstm
USR-000032,EVT-0043252,2026-07-20 14:38:45.786353,0.7428998766285502,lstm
USR-000032,EVT-0043253,2026-07-20 14:40:37.378155,0.7808013489058352,lstm
USR-000161,EVT-0043254,2026-07-20 14:40:47.728828,0.28400439693375396,lstm
USR-000128,EVT-0043255,2026-07-20 14:41:04.523630,0.3630868578493269,lstm
SVC-000028,EVT-0043256,2026-07-20 14:41:04.843510,0.44168170619217784,lstm
SVC-000028,EVT-0043257,2026-07-20 14:41:18.419333,0.8611744921416623,lstm
USR-000099,EVT-0043258,2026-07-20 14:41:38.508597,0.5551309972932157,lstm
SVC-000012,EVT-0043259,2026-07-20 14:42:32.842869,0.3801296119322966,lstm
SVC-000028,EVT-0043260,2026-07-20 14:42:53.710121,0.8535755031090871,lstm
USR-000044,EVT-0043261,2026-07-20 14:46:29.603311,0.9999643827553258,lstm
SVC-000036,EVT-0043262,2026-07-20 14:46:41.300201,0.9971992775653493,lstm
SVC-000010,EVT-0043263,2026-07-20 14:46:56.081565,0.4767643521199156,lstm
USR-000161,EVT-0043264,2026-07-20 14:47:01.760718,0.39708501270550023,lstm
USR-000080,EVT-0043265,2026-07-20 14:47:04.709077,0.33445943026018526,lstm
USR-000076,EVT-0043266,2026-07-20 14:47:21.190776,0.5964229400290627,lstm
USR-000145,EVT-0043267,2026-07-20 14:47:29.431193,0.5365123802778198,lstm
SVC-000027,EVT-0043268,2026-07-20 14:48:42.607927,0.342018582018485,lstm
SVC-000028,EVT-0043269,2026-07-20 14:49:27.898348,0.3820959298654031,lstm
USR-000027,EVT-0043270,2026-07-20 14:49:32.563375,0.765277485101122,lstm
DEV-000012,EVT-0043271,2026-07-20 14:50:55.341984,0.18343124239783676,lstm
USR-000028,EVT-0043272,2026-07-20 14:51:31.392397,0.37069716204377673,lstm
SVC-000027,EVT-0043273,2026-07-20 14:51:45.157775,0.5297492009432373,lstm
SVC-000027,EVT-0043274,2026-07-20 14:51:54.995235,0.9299938348052585,lstm
SVC-000026,EVT-0043275,2026-07-20 14:52:34.045935,0.44576137577135055,lstm
USR-000086,EVT-0043276,2026-07-20 14:52:38.739957,0.23662609118325728,lstm
SVC-000017,EVT-0043277,2026-07-20 14:53:06.057769,0.7801302404247004,lstm
USR-000078,EVT-0043278,2026-07-20 14:55:21.803339,0.36155159912484264,lstm
DEV-000008,EVT-0043279,2026-07-20 14:56:07.385164,0.6722161882422786,lstm
SVC-000026,EVT-0043280,2026-07-20 14:56:13.480178,0.5690957184107758,lstm
USR-000129,EVT-0043281,2026-07-20 14:57:31.488479,0.3191563416477014,lstm
USR-000193,EVT-0043282,2026-07-20 14:57:35.250133,0.2101028524815858,lstm
SVC-000012,EVT-0043283,2026-07-20 14:57:48.887824,0.3423952240046872,lstm
USR-000043,EVT-0043284,2026-07-20 14:58:01.206170,0.26452967107637854,lstm
SVC-000012,EVT-0043285,2026-07-20 14:59:49.782456,0.5840521848426095,lstm
SVC-000027,EVT-0043286,2026-07-20 15:02:01.946157,0.42436865081640085,lstm
SVC-000027,EVT-0043287,2026-07-20 15:02:51.495608,0.6235452921152107,lstm
SVC-000036,EVT-0043288,2026-07-20 15:05:27.025260,0.5874439664251401,lstm
DEV-000012,EVT-0043289,2026-07-20 15:05:30.910583,0.4460249220694314,lstm
USR-000040,EVT-0043290,2026-07-20 15:05:49.429217,0.718442190248287,lstm
SVC-000036,EVT-0043291,2026-07-20 15:06:05.545356,0.7700950898877821,lstm
USR-000045,EVT-0043292,2026-07-20 15:06:40.563013,0.9971540426977754,lstm
USR-000041,EVT-0043293,2026-07-20 15:08:01.086533,0.9904495091225664,lstm
SVC-000012,EVT-0043294,2026-07-20 15:08:50.129246,0.3448950385017376,lstm
SVC-000008,EVT-0043295,2026-07-20 15:11:07.058620,0.7769405597646466,lstm
USR-000075,EVT-0043296,2026-07-20 15:12:24.250292,0.5008483315061472,lstm
USR-000095,EVT-0043297,2026-07-20 15:16:42.474339,0.5391948967337689,lstm
SVC-000036,EVT-0043298,2026-07-20 15:17:15.268072,0.591289827119975,lstm
USR-000208,EVT-0043299,2026-07-20 15:17:38.661846,0.45749920998217164,lstm
USR-000043,EVT-0043300,2026-07-20 15:17:59.665785,0.3462036151863632,lstm
USR-000154,EVT-0043301,2026-07-20 15:18:05.160695,0.5437828642561732,lstm
USR-000109,EVT-0043302,2026-07-20 15:20:24.983560,0.34491480388535634,lstm
USR-000201,EVT-0043303,2026-07-20 15:22:18.773798,0.4480231944917266,lstm
USR-000018,EVT-0043304,2026-07-20 15:24:10.448091,0.28468752086383187,lstm
USR-000045,EVT-0043305,2026-07-20 15:25:04.727609,0.7187138301781418,lstm
SVC-000028,EVT-0043306,2026-07-20 15:25:12.823237,0.36851608143349607,lstm
SVC-000036,EVT-0043307,2026-07-20 15:25:42.672674,0.6575352404739097,lstm
SVC-000010,EVT-0043308,2026-07-20 15:26:17.316158,0.3648578044771252,lstm
SVC-000033,EVT-0043309,2026-07-20 15:26:39.057690,0.7276094233555218,lstm
SVC-000026,EVT-0043310,2026-07-20 15:27:06.647244,0.24610271716770582,lstm
SVC-000012,EVT-0043311,2026-07-20 15:27:52.365125,0.2675186566046078,lstm
SVC-000026,EVT-0043312,2026-07-20 15:29:29.106469,0.9102410801579082,lstm
SVC-000049,EVT-0043313,2026-07-20 15:32:36.048591,0.32207657001279416,lstm
DEV-000019,EVT-0043314,2026-07-20 15:33:51.763068,0.6208306031680009,lstm
USR-000202,EVT-0043315,2026-07-20 15:34:25.816675,0.9809089294523777,lstm
SVC-000036,EVT-0043316,2026-07-20 15:35:02.681540,0.34111954098212793,lstm
SVC-000029,EVT-0043317,2026-07-20 15:36:01.434015,0.9940776216838454,lstm
DEV-000023,EVT-0043318,2026-07-20 15:38:01.216763,0.941949020290845,lstm
USR-000037,EVT-0043319,2026-07-20 15:40:30.370278,0.26303999683769513,lstm
SVC-000036,EVT-0043320,2026-07-20 15:41:35.841681,0.5174531576799817,lstm
USR-000078,EVT-0043321,2026-07-20 15:42:12.940575,0.31936649263514916,lstm
SVC-000028,EVT-0043322,2026-07-20 15:43:47.731536,0.7035548051260544,lstm
SVC-000028,EVT-0043323,2026-07-20 15:44:04.319796,0.9609519337395395,lstm
USR-000092,EVT-0043324,2026-07-20 15:48:52.329046,0.27387407877187164,lstm
SVC-000036,EVT-0043325,2026-07-20 15:52:27.644986,0.39124104604554344,lstm
USR-000115,EVT-0043326,2026-07-20 15:52:47.606905,0.3490033573742845,lstm
SVC-000027,EVT-0043327,2026-07-20 15:55:01.138252,0.5361835428167452,lstm
SVC-000036,EVT-0043328,2026-07-20 15:55:11.402880,0.47952492870737046,lstm
SVC-000036,EVT-0043329,2026-07-20 15:56:00.258023,0.8051911895099951,lstm
SVC-000028,EVT-0043330,2026-07-20 15:57:57.811558,0.5199196673340153,lstm
SVC-000036,EVT-0043331,2026-07-20 16:03:00.384978,0.320030055612002,lstm
USR-000170,EVT-0043332,2026-07-20 16:03:23.167644,0.26437023821782596,lstm
USR-000056,EVT-0043333,2026-07-20 16:04:16.463304,0.8366185889284298,lstm
SVC-000010,EVT-0043334,2026-07-20 16:04:18.585260,0.3158317840267593,lstm
SVC-000027,EVT-0043335,2026-07-20 16:04:25.718768,0.649419779506402,lstm
USR-000109,EVT-0043336,2026-07-20 16:04:39.063206,0.34540936991198185,lstm
USR-000075,EVT-0043337,2026-07-20 16:06:33.417442,0.34195710039902716,lstm
USR-000043,EVT-0043338,2026-07-20 16:08:13.775581,0.25704713245501787,lstm
SVC-000038,EVT-0043339,2026-07-20 16:08:24.220247,0.9877366364877544,lstm
SVC-000026,EVT-0043340,2026-07-20 16:08:50.280374,0.659462349832105,lstm
SVC-000036,EVT-0043341,2026-07-20 16:09:03.594542,0.3604056785958397,lstm
SVC-000026,EVT-0043342,2026-07-20 16:10:39.157537,0.7472508897264993,lstm
SVC-000036,EVT-0043343,2026-07-20 16:11:10.438213,0.4151423083526465,lstm
USR-000092,EVT-0043344,2026-07-20 16:11:32.881404,0.4431518139120917,lstm
USR-000193,EVT-0043345,2026-07-20 16:11:32.964166,0.30477012897547373,lstm
USR-000018,EVT-0043346,2026-07-20 16:13:27.673418,0.3662273705530892,lstm
USR-000149,EVT-0043347,2026-07-20 16:14:26.083935,0.2962629302026711,lstm
SVC-000010,EVT-0043348,2026-07-20 16:15:36.178771,0.293680943716795,lstm
USR-000056,EVT-0043349,2026-07-20 16:15:56.487017,0.5642106733094696,lstm
USR-000127,EVT-0043350,2026-07-20 16:17:05.967781,0.3374989812669139,lstm
USR-000004,EVT-0043351,2026-07-20 16:20:04.192913,0.2879736353817142,lstm
USR-000003,EVT-0043352,2026-07-20 16:21:03.560543,0.5983828487085111,lstm
USR-000037,EVT-0043353,2026-07-20 16:22:04.321568,0.26501230315554786,lstm
SVC-000036,EVT-0043354,2026-07-20 16:22:24.857053,0.31525103857470205,lstm
DEV-000016,EVT-0043355,2026-07-20 16:23:03.253195,0.45958944010450503,lstm
USR-000192,EVT-0043356,2026-07-20 16:24:23.892223,0.30806096706328756,lstm
USR-000040,EVT-0043357,2026-07-20 16:25:17.678018,0.45522061113065987,lstm
DEV-000001,EVT-0043358,2026-07-20 16:27:01.094226,0.22539620748252318,lstm
USR-000187,EVT-0043359,2026-07-20 16:28:02.182144,0.4539591413965487,lstm
SVC-000038,EVT-0043360,2026-07-20 16:28:38.094500,0.9431880765329488,lstm
DEV-000016,EVT-0043361,2026-07-20 16:29:11.876159,0.7750439152857168,lstm
USR-000137,EVT-0043362,2026-07-20 16:30:49.137061,0.8350585711889592,lstm
USR-000212,EVT-0043363,2026-07-20 16:31:55.691859,0.3928651316802001,lstm
SVC-000026,EVT-0043364,2026-07-20 16:32:09.770912,0.30469594139447176,lstm
SVC-000036,EVT-0043365,2026-07-20 16:32:56.314198,0.5370278201884591,lstm
SVC-000028,EVT-0043366,2026-07-20 16:33:12.504829,0.49703938466788955,lstm
USR-000135,EVT-0043367,2026-07-20 16:34:19.810490,0.5616901829687773,lstm
SVC-000005,EVT-0043368,2026-07-20 16:34:56.776839,0.9334497550598858,lstm
USR-000110,EVT-0043369,2026-07-20 16:35:28.337551,0.8055633927373126,lstm
SVC-000010,EVT-0043370,2026-07-20 16:37:09.113332,0.25844694541010205,lstm
SVC-000038,EVT-0043371,2026-07-20 16:37:53.409451,0.6392442538268308,lstm
SVC-000026,EVT-0043372,2026-07-20 16:39:45.230911,0.38516982212460665,lstm
USR-000075,EVT-0043373,2026-07-20 16:40:37.257636,0.33336957082768387,lstm
USR-000024,EVT-0043374,2026-07-20 16:40:40.949890,0.5233717845867303,lstm
SVC-000038,EVT-0043375,2026-07-20 16:41:44.459973,0.7008531627504114,lstm
SVC-000026,EVT-0043376,2026-07-20 16:42:21.089708,0.7299335203718648,lstm
USR-000136,EVT-0043377,2026-07-20 16:42:59.142143,0.3026407096022179,lstm
USR-000086,EVT-0043378,2026-07-20 16:44:10.676155,0.4473394366066775,lstm
USR-000154,EVT-0043379,2026-07-20 16:44:35.424063,0.3716722232533482,lstm
USR-000138,EVT-0043380,2026-07-20 16:44:39.099184,0.3887388262777029,lstm
USR-000075,EVT-0043381,2026-07-20 16:44:50.658856,0.42130033781984694,lstm
USR-000208,EVT-0043382,2026-07-20 16:45:41.107979,0.4728675842146732,lstm
SVC-000010,EVT-0043383,2026-07-20 16:46:20.348357,0.3812096340636328,lstm
USR-000099,EVT-0043384,2026-07-20 16:46:57.774245,0.5153452903811427,lstm
USR-000065,EVT-0043385,2026-07-20 16:47:59.017355,0.28056819427301616,lstm
SVC-000026,EVT-0043386,2026-07-20 16:48:00.480783,0.48869369701904336,lstm
USR-000021,EVT-0043387,2026-07-20 16:48:41.490146,0.6188608256417371,lstm
SVC-000038,EVT-0043388,2026-07-20 16:49:58.748392,0.5792859810952444,lstm
USR-000187,EVT-0043389,2026-07-20 16:50:08.085470,0.43199428996589745,lstm
USR-000209,EVT-0043390,2026-07-20 16:50:43.735346,0.4346470753882648,lstm
USR-000011,EVT-0043391,2026-07-20 16:51:47.207867,0.29954742221184916,lstm
DEV-000010,EVT-0043392,2026-07-20 16:53:36.633529,0.6952472222091669,lstm
DEV-000025,EVT-0043393,2026-07-20 16:54:18.897628,0.8736871837521965,lstm
SVC-000005,EVT-0043394,2026-07-20 16:54:50.219416,0.8248953145445673,lstm
USR-000002,EVT-0043395,2026-07-20 16:55:27.606125,0.421120026067307,lstm
USR-000043,EVT-0043396,2026-07-20 16:55:31.126377,0.3073131988472683,lstm
USR-000209,EVT-0043397,2026-07-20 16:56:59.020522,0.5185981688465647,lstm
SVC-000029,EVT-0043398,2026-07-20 16:57:21.344948,0.4389735697676961,lstm
SVC-000038,EVT-0043399,2026-07-20 16:58:05.612750,0.5089558148269308,lstm
USR-000073,EVT-0043400,2026-07-20 16:58:58.022138,0.29088579487926614,lstm
SVC-000038,EVT-0043401,2026-07-20 17:00:16.232081,0.8314102276737384,lstm
USR-000100,EVT-0043402,2026-07-20 17:01:22.569512,0.5822139867536416,lstm
SVC-000005,EVT-0043403,2026-07-20 17:02:49.063442,0.6506654967109282,lstm
SVC-000033,EVT-0043404,2026-07-20 17:02:54.488238,0.8526019105313155,lstm
SVC-000049,EVT-0043405,2026-07-20 17:03:19.963436,0.5704422919243702,lstm
SVC-000038,EVT-0043406,2026-07-20 17:05:15.963218,0.5570393913879025,lstm
USR-000028,EVT-0043407,2026-07-20 17:06:50.293963,0.39227650356735705,lstm
USR-000003,EVT-0043408,2026-07-20 17:06:54.012047,0.327489077505531,lstm
SVC-000010,EVT-0043409,2026-07-20 17:07:23.765994,0.21886173244356433,lstm
SVC-000033,EVT-0043410,2026-07-20 17:12:10.205443,0.8094226353126234,lstm
SVC-000026,EVT-0043411,2026-07-20 17:13:33.077461,0.5893114668179417,lstm
DEV-000009,EVT-0043412,2026-07-20 17:13:34.985650,0.3288264881053228,lstm
DEV-000017,EVT-0043413,2026-07-20 17:14:22.263024,0.373496543028479,lstm
SVC-000010,EVT-0043414,2026-07-20 17:15:52.457883,0.37719839187513615,lstm
SVC-000026,EVT-0043415,2026-07-20 17:16:34.239934,0.5234239280890796,lstm
USR-000136,EVT-0043416,2026-07-20 17:16:36.530591,0.27450915887504507,lstm
SVC-000026,EVT-0043417,2026-07-20 17:16:55.844004,0.6535991799251362,lstm
USR-000198,EVT-0043418,2026-07-20 17:17:03.198325,0.2896218255222123,lstm
DEV-000001,EVT-0043419,2026-07-20 17:17:22.580708,0.2029542491191895,lstm
SVC-000026,EVT-0043420,2026-07-20 17:17:35.207167,0.6218091614684965,lstm
SVC-000010,EVT-0043421,2026-07-20 17:19:50.678706,0.3261043831602512,lstm
DEV-000018,EVT-0043422,2026-07-20 17:23:18.030969,0.33493551589511417,lstm
SVC-000005,EVT-0043423,2026-07-20 17:23:36.104895,0.4494032267773969,lstm
DEV-000025,EVT-0043424,2026-07-20 17:23:44.273035,0.8641359980776274,lstm
DEV-000012,EVT-0043425,2026-07-20 17:26:41.723943,0.259317411514867,lstm
USR-000027,EVT-0043426,2026-07-20 17:27:09.238939,0.32005774857605596,lstm
SVC-000029,EVT-0043427,2026-07-20 17:28:00.407284,0.3222769632493216,lstm
SVC-000026,EVT-0043428,2026-07-20 17:28:50.706904,0.31822577085743464,lstm
USR-000092,EVT-0043429,2026-07-20 17:34:23.535763,0.46329978293053475,lstm
USR-000146,EVT-0043430,2026-07-20 17:35:00.051585,0.41855172887488956,lstm
SVC-000026,EVT-0043431,2026-07-20 17:36:15.101465,0.7668732143754691,lstm
USR-000056,EVT-0043432,2026-07-20 17:38:12.754771,0.5672387479871718,lstm
USR-000003,EVT-0043433,2026-07-20 17:42:47.188856,0.2323720496503736,lstm
SVC-000037,EVT-0043434,2026-07-20 17:43:19.511470,0.99499952101856,lstm
DEV-000018,EVT-0043435,2026-07-20 17:47:47.791396,0.3999733046104091,lstm
DEV-000025,EVT-0043436,2026-07-20 17:48:09.152739,0.755378342016705,lstm
USR-000056,EVT-0043437,2026-07-20 17:52:39.173242,0.3420943665024457,lstm
USR-000027,EVT-0043438,2026-07-20 17:53:20.109354,0.4255783680094338,lstm
USR-000193,EVT-0043439,2026-07-20 17:54:17.285523,0.28208858581674123,lstm
SVC-000044,EVT-0043440,2026-07-20 17:54:31.631252,0.997655599137399,lstm
SVC-000004,EVT-0043441,2026-07-20 17:57:36.619776,0.9803726866291713,lstm
SVC-000044,EVT-0043442,2026-07-20 18:00:16.035270,0.49204188844566926,lstm
DEV-000014,EVT-0043443,2026-07-20 18:03:48.298045,0.7090989070481252,lstm
USR-000146,EVT-0043444,2026-07-20 18:04:24.235544,0.35001025581658946,lstm
DEV-000021,EVT-0043445,2026-07-20 18:04:31.390662,0.7261512072945194,lstm
SVC-000026,EVT-0043446,2026-07-20 18:09:44.974900,0.4109966051627609,lstm
USR-000040,EVT-0043447,2026-07-20 18:12:20.464694,0.513710892661253,lstm
USR-000152,EVT-0043448,2026-07-20 18:12:42.267969,0.544097574609492,lstm
SVC-000052,EVT-0043449,2026-07-20 18:13:33.431867,0.9744875646124534,lstm
USR-000018,EVT-0043450,2026-07-20 18:13:35.265880,0.29822832250205483,lstm
DEV-000007,EVT-0043451,2026-07-20 18:13:51.844460,0.6922342399782686,lstm
SVC-000052,EVT-0043452,2026-07-20 18:14:50.606836,0.9184887281192274,lstm
SVC-000033,EVT-0043453,2026-07-20 18:15:02.227128,0.40839537574159235,lstm
SVC-000033,EVT-0043454,2026-07-20 18:17:25.940746,0.5836641318579742,lstm
SVC-000037,EVT-0043455,2026-07-20 18:22:39.244553,0.36428057980220463,lstm
USR-000045,EVT-0043456,2026-07-20 18:25:26.679999,0.5282679325157491,lstm
SVC-000010,EVT-0043457,2026-07-20 18:26:11.248921,0.39781105805075206,lstm
DEV-000023,EVT-0043458,2026-07-20 18:26:51.107140,0.7877291722010785,lstm
USR-000146,EVT-0043459,2026-07-20 18:27:09.972475,0.4314599774410037,lstm
SVC-000044,EVT-0043460,2026-07-20 18:29:10.934956,0.6079405877904293,lstm
SVC-000010,EVT-0043461,2026-07-20 18:29:22.822057,0.7369250817541345,lstm
SVC-000044,EVT-0043462,2026-07-20 18:29:52.315950,0.7052252455363404,lstm
USR-000040,EVT-0043463,2026-07-20 18:30:39.912190,0.3858387945909483,lstm
DEV-000025,EVT-0043464,2026-07-20 18:30:58.993474,0.7913692842002382,lstm
SVC-000006,EVT-0043465,2026-07-20 18:32:45.014789,0.9992633915012278,lstm
SVC-000037,EVT-0043466,2026-07-20 18:33:56.025618,0.4096139653847311,lstm
DEV-000001,EVT-0043467,2026-07-20 18:35:54.497250,0.1660374263354372,lstm
DEV-000017,EVT-0043468,2026-07-20 18:38:45.530361,0.18822084406419612,lstm
SVC-000052,EVT-0043469,2026-07-20 18:43:13.680757,0.2832320966237086,lstm
SVC-000004,EVT-0043470,2026-07-20 18:46:31.125333,0.2931090364621503,lstm
USR-000109,EVT-0043471,2026-07-20 18:46:47.235273,0.40854627621370454,lstm
DEV-000020,EVT-0043472,2026-07-20 18:47:03.604240,0.5293855703936056,lstm
USR-000075,EVT-0043473,2026-07-20 18:47:12.600168,0.24446522592779404,lstm
USR-000136,EVT-0043474,2026-07-20 18:47:22.689115,0.3107925440222363,lstm
SVC-000006,EVT-0043475,2026-07-20 18:48:28.954434,0.7565553050689495,lstm
USR-000037,EVT-0043476,2026-07-20 18:50:45.874857,0.2778970129694923,lstm
DEV-000026,EVT-0043477,2026-07-20 18:51:56.761524,0.5812853626106027,lstm
SVC-000010,EVT-0043478,2026-07-20 18:57:08.700402,0.6395845213063036,lstm
SVC-000006,EVT-0043479,2026-07-20 18:59:47.233262,0.9895043222853237,lstm
SVC-000006,EVT-0043480,2026-07-20 19:01:25.882406,0.999999658844908,lstm
USR-000109,EVT-0043481,2026-07-20 19:02:11.874001,0.39484991048649054,lstm
DEV-000003,EVT-0043482,2026-07-20 19:03:44.595983,0.44160565241341015,lstm
SVC-000052,EVT-0043483,2026-07-20 19:03:45.080415,0.2806803309743464,lstm
SVC-000037,EVT-0043484,2026-07-20 19:07:11.461078,0.768928286438142,lstm
USR-000073,EVT-0043485,2026-07-20 19:07:22.325829,0.40691795582723067,lstm
DEV-000021,EVT-0043486,2026-07-20 19:08:44.157675,0.6509828260684294,lstm
DEV-000020,EVT-0043487,2026-07-20 19:09:53.005440,0.34700362939073937,lstm
DEV-000023,EVT-0043488,2026-07-20 19:10:08.859955,0.8408879940029661,lstm
SVC-000037,EVT-0043489,2026-07-20 19:10:33.080799,0.6283183059552238,lstm
SVC-000006,EVT-0043490,2026-07-20 19:13:25.605317,0.9887455372360872,lstm
SVC-000006,EVT-0043491,2026-07-20 19:13:33.063094,0.9992606573540521,lstm
SVC-000052,EVT-0043492,2026-07-20 19:18:14.251928,0.34471515872956776,lstm
SVC-000006,EVT-0043493,2026-07-20 19:19:02.306347,0.9846361541465208,lstm
SVC-000052,EVT-0043494,2026-07-20 19:21:26.717839,0.30536580092946597,lstm
SVC-000057,EVT-0043495,2026-07-20 19:24:28.617191,0.919535981649734,lstm
SVC-000006,EVT-0043496,2026-07-20 19:28:26.150666,0.8864987621181808,lstm
SVC-000006,EVT-0043497,2026-07-20 19:31:08.158573,0.6506184800471281,lstm
USR-000209,EVT-0043498,2026-07-20 19:32:26.388936,0.372187143313685,lstm
SVC-000006,EVT-0043499,2026-07-20 19:33:16.549977,0.5664939851369148,lstm
SVC-000006,EVT-0043500,2026-07-20 19:35:50.622637,0.4554534344650265,lstm
SVC-000044,EVT-0043501,2026-07-20 19:36:05.601795,0.5654281125035331,lstm
USR-000053,EVT-0043502,2026-07-20 19:38:14.068396,0.5982815948111145,lstm
DEV-000011,EVT-0043503,2026-07-20 19:38:36.013742,0.4250512565862898,lstm
SVC-000006,EVT-0043504,2026-07-20 19:39:52.046890,0.5454546518426352,lstm
USR-000201,EVT-0043505,2026-07-20 19:40:41.219117,0.3889608201370511,lstm
SVC-000052,EVT-0043506,2026-07-20 19:41:48.931685,0.21783403644851118,lstm
SVC-000048,EVT-0043507,2026-07-20 19:42:58.747877,0.9971039520909892,lstm
SVC-000061,EVT-0043508,2026-07-20 19:46:20.069548,0.9785280865108403,lstm
SVC-000044,EVT-0043509,2026-07-20 19:48:15.137043,0.6998394709550887,lstm
SVC-000057,EVT-0043510,2026-07-20 19:48:24.079786,0.8137335515110793,lstm
SVC-000044,EVT-0043511,2026-07-20 19:48:31.050352,0.6817509680361646,lstm
SVC-000006,EVT-0043512,2026-07-20 19:48:55.495206,0.3972138015431113,lstm
SVC-000048,EVT-0043513,2026-07-20 19:49:06.029512,0.627316167017584,lstm
SVC-000057,EVT-0043514,2026-07-20 19:50:29.895780,0.7499901140840124,lstm
SVC-000006,EVT-0043515,2026-07-20 19:51:10.269405,0.3973893744264367,lstm
SVC-000061,EVT-0043516,2026-07-20 19:53:31.831344,0.3347272444989147,lstm
SVC-000033,EVT-0043517,2026-07-20 19:53:37.926082,0.9364693094429856,lstm
SVC-000037,EVT-0043518,2026-07-20 19:55:15.968055,0.5784451745218705,lstm
SVC-000048,EVT-0043519,2026-07-20 19:57:32.173175,0.58314051358666,lstm
SVC-000004,EVT-0043520,2026-07-20 19:57:36.624280,0.4306497351732252,lstm
DEV-000018,EVT-0043521,2026-07-20 19:57:59.939643,0.504305744469856,lstm
SVC-000004,EVT-0043522,2026-07-20 20:00:40.441789,0.5325603731881121,lstm
SVC-000061,EVT-0043523,2026-07-20 20:03:24.343416,0.7006219045591215,lstm
USR-000187,EVT-0043524,2026-07-20 20:03:32.914798,0.413601277819737,lstm
SVC-000061,EVT-0043525,2026-07-20 20:05:34.947029,0.3531183196334085,lstm
SVC-000044,EVT-0043526,2026-07-20 20:06:41.298648,0.7458295517532125,lstm
USR-000092,EVT-0043527,2026-07-20 20:11:51.281353,0.4887359324831466,lstm
SVC-000058,EVT-0043528,2026-07-20 20:15:53.249316,0.9825319495887851,lstm
SVC-000006,EVT-0043529,2026-07-20 20:18:22.698195,0.44724568747654325,lstm
SVC-000004,EVT-0043530,2026-07-20 20:25:21.094593,0.5958828643796157,lstm
DEV-000004,EVT-0043531,2026-07-20 20:26:54.881459,0.5014981976382648,lstm
SVC-000048,EVT-0043532,2026-07-20 20:30:38.175958,0.26117215880420147,lstm
SVC-000061,EVT-0043533,2026-07-20 20:31:30.669940,0.24849078386228174,lstm
SVC-000061,EVT-0043534,2026-07-20 20:32:13.841000,0.5495256115961638,lstm
DEV-000022,EVT-0043535,2026-07-20 20:33:23.629780,0.293600889222494,lstm
SVC-000004,EVT-0043536,2026-07-20 20:35:19.950732,0.5827171055605956,lstm
SVC-000058,EVT-0043537,2026-07-20 20:35:21.222415,0.2961974346832903,lstm
SVC-000061,EVT-0043538,2026-07-20 20:36:08.369833,0.3118689118971645,lstm
SVC-000052,EVT-0043539,2026-07-20 20:37:57.730820,0.35344337465416964,lstm
USR-000113,EVT-0043540,2026-07-20 20:39:27.104687,0.3997577187089786,lstm
SVC-000061,EVT-0043541,2026-07-20 20:39:40.539279,0.4390580480417153,lstm
USR-000113,EVT-0043542,2026-07-20 20:43:59.272642,0.730905453145036,lstm
SVC-000052,EVT-0043543,2026-07-20 20:47:42.521292,0.5298101733389906,lstm
SVC-000048,EVT-0043544,2026-07-20 20:47:45.035658,0.37841980710987716,lstm
DEV-000019,EVT-0043545,2026-07-20 20:47:59.796584,0.47057323358850384,lstm
SVC-000061,EVT-0043546,2026-07-20 20:48:15.894392,0.25360545166952725,lstm
DEV-000010,EVT-0043547,2026-07-20 20:52:11.711820,0.7827186663307628,lstm
SVC-000058,EVT-0043548,2026-07-20 20:54:05.430246,0.2675208459916286,lstm
DEV-000008,EVT-0043549,2026-07-20 20:55:11.361570,0.5575413249220039,lstm
DEV-000009,EVT-0043550,2026-07-20 20:56:23.052958,0.2554078952435163,lstm
DEV-000010,EVT-0043551,2026-07-20 20:58:43.758000,0.8535085594979012,lstm
SVC-000061,EVT-0043552,2026-07-20 21:00:01.210698,0.23693421495816125,lstm
SVC-000045,EVT-0043553,2026-07-20 21:01:00.666810,0.9945290107843981,lstm
DEV-000022,EVT-0043554,2026-07-20 21:03:05.627002,0.397745635833875,lstm
SVC-000058,EVT-0043555,2026-07-20 21:04:19.826201,0.24567754331568029,lstm
SVC-000048,EVT-0043556,2026-07-20 21:08:16.723680,0.4065483897048113,lstm
SVC-000035,EVT-0043557,2026-07-20 21:10:53.895887,0.9688614547469809,lstm
SVC-000035,EVT-0043558,2026-07-20 21:11:18.190962,0.9678383100516059,lstm
SVC-000052,EVT-0043559,2026-07-20 21:12:00.624264,0.30940244876164297,lstm
SVC-000058,EVT-0043560,2026-07-20 21:13:13.334124,0.26292654945271976,lstm
SVC-000048,EVT-0043561,2026-07-20 21:15:23.920862,0.3595758455383363,lstm
DEV-000012,EVT-0043562,2026-07-20 21:16:40.373177,0.4923612455258298,lstm
DEV-000007,EVT-0043563,2026-07-20 21:16:47.040056,0.38487877167039225,lstm
SVC-000058,EVT-0043564,2026-07-20 21:19:12.975381,0.2613210487204916,lstm
SVC-000052,EVT-0043565,2026-07-20 21:20:15.129067,0.5100839211036171,lstm
DEV-000006,EVT-0043566,2026-07-20 21:22:24.663924,0.23992005330120167,lstm
SVC-000058,EVT-0043567,2026-07-20 21:23:09.449924,0.2745871399395635,lstm
SVC-000035,EVT-0043568,2026-07-20 21:28:05.572731,0.3276692502496625,lstm
SVC-000058,EVT-0043569,2026-07-20 21:29:07.138622,0.6667872017166536,lstm
DEV-000001,EVT-0043570,2026-07-20 21:29:30.011692,0.20904416018050206,lstm
SVC-000054,EVT-0043571,2026-07-20 21:33:06.478131,0.9906118126144116,lstm
SVC-000004,EVT-0043572,2026-07-20 21:34:23.573268,0.45265405630767974,lstm
DEV-000025,EVT-0043573,2026-07-20 21:36:37.123047,0.7621474834174815,lstm
SVC-000045,EVT-0043574,2026-07-20 21:39:37.101199,0.44338877730835313,lstm
DEV-000002,EVT-0043575,2026-07-20 21:40:18.565492,0.44607166662947717,lstm
SVC-000058,EVT-0043576,2026-07-20 21:42:35.184254,0.25552243999148605,lstm
SVC-000035,EVT-0043577,2026-07-20 21:43:48.770584,0.3045070867544595,lstm
SVC-000003,EVT-0043578,2026-07-20 21:43:56.389336,0.9997818182833482,lstm
DEV-000009,EVT-0043579,2026-07-20 21:44:31.547765,0.4078863728207388,lstm
SVC-000058,EVT-0043580,2026-07-20 21:45:18.588058,0.3469393123015314,lstm
SVC-000025,EVT-0043581,2026-07-20 21:45:55.457861,0.9511745945542104,lstm
DEV-000001,EVT-0043582,2026-07-20 21:46:53.729034,0.37814567358856677,lstm
SVC-000047,EVT-0043583,2026-07-20 21:46:56.275567,0.9482730706160803,lstm
SVC-000048,EVT-0043584,2026-07-20 21:47:03.350232,0.42216430839361047,lstm
USR-000113,EVT-0043585,2026-07-20 21:48:31.995124,0.40258627736081354,lstm
SVC-000058,EVT-0043586,2026-07-20 21:49:57.048934,0.31660702953935027,lstm
SVC-000054,EVT-0043587,2026-07-20 21:53:05.827431,0.38718158777464784,lstm
SVC-000054,EVT-0043588,2026-07-20 21:53:56.316753,0.5677378670889481,lstm
SVC-000048,EVT-0043589,2026-07-20 21:57:52.028370,0.4982597579707216,lstm
SVC-000003,EVT-0043590,2026-07-20 21:58:46.261712,0.627418270869119,lstm
SVC-000035,EVT-0043591,2026-07-20 21:59:04.638916,0.29674696166604136,lstm
SVC-000025,EVT-0043592,2026-07-20 22:01:44.457691,0.39373387510702584,lstm
DEV-000009,EVT-0043593,2026-07-20 22:03:59.951858,0.5524819386080435,lstm
SVC-000045,EVT-0043594,2026-07-20 22:04:47.039140,0.4268530411783934,lstm
SVC-000002,EVT-0043595,2026-07-20 22:08:33.617767,0.9968778382341337,lstm
SVC-000058,EVT-0043596,2026-07-20 22:09:21.660851,0.6171778131622181,lstm
SVC-000045,EVT-0043597,2026-07-20 22:10:51.155920,0.31763518350046793,lstm
SVC-000047,EVT-0043598,2026-07-20 22:11:52.495634,0.29686020786769457,lstm
SVC-000058,EVT-0043599,2026-07-20 22:14:08.759827,0.35187334568699247,lstm
USR-000152,EVT-0043600,2026-07-20 22:15:13.022053,0.5344970728132589,lstm
DEV-000017,EVT-0043601,2026-07-20 22:17:29.851582,0.43861709118560005,lstm
SVC-000045,EVT-0043602,2026-07-20 22:17:32.859293,0.28784921593809654,lstm
SVC-000045,EVT-0043603,2026-07-20 22:20:15.335323,0.508243936860022,lstm
SVC-000002,EVT-0043604,2026-07-20 22:21:28.009768,0.38936529420663185,lstm
SVC-000047,EVT-0043605,2026-07-20 22:21:32.958644,0.48562988210528135,lstm
SVC-000035,EVT-0043606,2026-07-20 22:21:44.778421,0.49731995176798677,lstm
SVC-000054,EVT-0043607,2026-07-20 22:22:05.340175,0.3202279155588818,lstm
SVC-000002,EVT-0043608,2026-07-20 22:22:58.953784,0.5117342404934508,lstm
SVC-000003,EVT-0043609,2026-07-20 22:23:26.635319,0.4247888866296137,lstm
DEV-000013,EVT-0043610,2026-07-20 22:23:26.723326,0.749042393764551,lstm
DEV-000001,EVT-0043611,2026-07-20 22:24:40.404285,0.24396462012110184,lstm
SVC-000047,EVT-0043612,2026-07-20 22:25:20.667974,0.5842014354098578,lstm
SVC-000032,EVT-0043613,2026-07-20 22:28:59.411641,0.9675197037034666,lstm
DEV-000001,EVT-0043614,2026-07-20 22:31:01.326445,0.5273364405558552,lstm
DEV-000018,EVT-0043615,2026-07-20 22:31:16.075098,0.6233143903562676,lstm
SVC-000047,EVT-0043616,2026-07-20 22:31:24.382281,0.38011379677849844,lstm
SVC-000047,EVT-0043617,2026-07-20 22:31:31.890961,0.6983408904011442,lstm
SVC-000045,EVT-0043618,2026-07-20 22:31:40.234332,0.4923579234052272,lstm
SVC-000032,EVT-0043619,2026-07-20 22:32:13.056850,0.45277745943712167,lstm
SVC-000003,EVT-0043620,2026-07-20 22:33:09.590245,0.8899389220934949,lstm
SVC-000047,EVT-0043621,2026-07-20 22:33:17.041310,0.4333479874539274,lstm
SVC-000002,EVT-0043622,2026-07-20 22:33:21.193866,0.46989884346707156,lstm
DEV-000023,EVT-0043623,2026-07-20 22:37:39.145922,0.5222528322821688,lstm
SVC-000025,EVT-0043624,2026-07-20 22:38:12.687958,0.23188770974493686,lstm
SVC-000002,EVT-0043625,2026-07-20 22:39:00.810751,0.40402276640506085,lstm
SVC-000002,EVT-0043626,2026-07-20 22:41:33.360332,0.44202087856311484,lstm
DEV-000008,EVT-0043627,2026-07-20 22:42:34.121470,0.4236379340893286,lstm
SVC-000047,EVT-0043628,2026-07-20 22:44:40.959648,0.32606392817947155,lstm
SVC-000045,EVT-0043629,2026-07-20 22:45:32.784820,0.29571057398993694,lstm
SVC-000002,EVT-0043630,2026-07-20 22:46:15.702730,0.4092538804187857,lstm
DEV-000022,EVT-0043631,2026-07-20 22:46:59.870986,0.26504579290974967,lstm
SVC-000002,EVT-0043632,2026-07-20 22:48:38.785278,0.41057476908044244,lstm
SVC-000045,EVT-0043633,2026-07-20 22:50:22.092532,0.5744674032698386,lstm
SVC-000032,EVT-0043634,2026-07-20 22:52:07.931046,0.19384382031023248,lstm
SVC-000035,EVT-0043635,2026-07-20 22:55:23.298848,0.3858055946788085,lstm
DEV-000006,EVT-0043636,2026-07-20 22:55:31.002173,0.11896319954105468,lstm
SVC-000002,EVT-0043637,2026-07-20 22:55:42.568862,0.5791056417441802,lstm
SVC-000045,EVT-0043638,2026-07-20 22:55:48.999734,0.4425163647036918,lstm
SVC-000002,EVT-0043639,2026-07-20 22:57:45.031680,0.6818910110442045,lstm
SVC-000047,EVT-0043640,2026-07-20 22:59:45.217845,0.4277709699159452,lstm
SVC-000025,EVT-0043641,2026-07-20 23:00:40.295815,0.31785495840577516,lstm
SVC-000002,EVT-0043642,2026-07-20 23:04:43.218103,0.334058171394053,lstm
SVC-000002,EVT-0043643,2026-07-20 23:08:17.669493,0.36502571689057034,lstm
DEV-000022,EVT-0043644,2026-07-20 23:09:55.187889,0.510451927421372,lstm
SVC-000054,EVT-0043645,2026-07-20 23:15:11.770656,0.5996767828910566,lstm
SVC-000035,EVT-0043646,2026-07-20 23:15:32.641146,0.47059273514704847,lstm
SVC-000032,EVT-0043647,2026-07-20 23:16:05.100908,0.24642078785652238,lstm
SVC-000041,EVT-0043648,2026-07-20 23:18:07.402853,0.9952934664199897,lstm
SVC-000002,EVT-0043649,2026-07-20 23:23:17.851023,0.4786048710489726,lstm
SVC-000032,EVT-0043650,2026-07-20 23:25:36.511198,0.23784263010196074,lstm
DEV-000021,EVT-0043651,2026-07-20 23:25:52.476991,0.5956883281330869,lstm
DEV-000017,EVT-0043652,2026-07-20 23:26:23.426529,0.4975364846833132,lstm
SVC-000025,EVT-0043653,2026-07-20 23:26:43.684367,0.2507488985451723,lstm
SVC-000047,EVT-0043654,2026-07-20 23:29:08.588447,0.4108017210543253,lstm
DEV-000025,EVT-0043655,2026-07-20 23:29:37.723852,0.553355898223205,lstm
USR-000086,EVT-0043656,2026-07-20 23:30:37.750974,0.8604905477200296,lstm
SVC-000002,EVT-0043657,2026-07-20 23:30:52.931993,0.4164340052694439,lstm
SVC-000047,EVT-0043658,2026-07-20 23:31:04.638483,0.6258706770450769,lstm
DEV-000023,EVT-0043659,2026-07-20 23:31:30.444283,0.37334065674137107,lstm
DEV-000023,EVT-0043660,2026-07-20 23:32:11.790886,0.9467368080675983,lstm
USR-000163,EVT-0043661,2026-07-20 23:35:25.863868,0.9082874807885519,lstm
SVC-000032,EVT-0043662,2026-07-20 23:35:34.323701,0.28284524488622026,lstm
SVC-000002,EVT-0043663,2026-07-20 23:45:20.380852,0.39843862784011236,lstm
SVC-000002,EVT-0043664,2026-07-20 23:51:12.656620,0.4256784170156914,lstm
USR-000088,EVT-0043665,2026-07-20 23:51:28.457746,0.38948474613002687,lstm
SVC-000032,EVT-0043666,2026-07-20 23:52:02.951564,0.32128951376488046,lstm
SVC-000002,EVT-0043667,2026-07-20 23:54:12.159494,0.27795976412130724,lstm
USR-000150,EVT-0043668,2026-07-20 23:56:44.964882,0.3285090185209747,lstm
SVC-000041,EVT-0043669,2026-07-20 23:56:58.597832,0.6648332399562233,lstm
DEV-000008,EVT-0043670,2026-07-20 23:57:54.960933,0.45604383554433114,lstm
USR-000122,EVT-0043671,2026-07-20 23:58:11.447328,0.5514771027062287,lstm
USR-000113,EVT-0043672,2026-07-20 23:58:27.122126,0.9768766805537755,lstm
DEV-000005,EVT-0043673,2026-07-20 23:59:14.244125,0.4213592659009768,lstm
SVC-000032,EVT-0043674,2026-07-21 00:04:45.941037,0.3359816017514568,lstm
SVC-000032,EVT-0043675,2026-07-21 00:06:42.894907,0.5220927462710973,lstm
DEV-000015,EVT-0043676,2026-07-21 00:13:24.855020,0.9850687618902709,lstm
USR-000150,EVT-0043677,2026-07-21 00:15:02.977389,0.4283375342622244,lstm
SVC-000047,EVT-0043678,2026-07-21 00:15:31.435495,0.4759908682881152,lstm
USR-000150,EVT-0043679,2026-07-21 00:16:19.135189,0.7190533374939728,lstm
DEV-000022,EVT-0043680,2026-07-21 00:17:31.726654,0.33313652068690247,lstm
DEV-000022,EVT-0043681,2026-07-21 00:22:25.925190,0.6670241358449925,lstm
SVC-000041,EVT-0043682,2026-07-21 00:24:35.912858,0.44543637090024624,lstm
SVC-000032,EVT-0043683,2026-07-21 00:28:43.698737,0.2780049949698064,lstm
DEV-000002,EVT-0043684,2026-07-21 00:31:33.969804,0.32497212591489827,lstm
USR-000106,EVT-0043685,2026-07-21 00:32:06.741097,0.9932104014480058,lstm
SVC-000056,EVT-0043686,2026-07-21 00:34:57.229692,0.991798364599113,lstm
USR-000088,EVT-0043687,2026-07-21 00:37:05.485331,0.2983333872501515,lstm
SVC-000025,EVT-0043688,2026-07-21 00:42:27.379123,0.5986028261732413,lstm
SVC-000041,EVT-0043689,2026-07-21 00:43:09.497435,0.7372905393493768,lstm
SVC-000041,EVT-0043690,2026-07-21 00:43:32.321655,0.9642747255914786,lstm
SVC-000059,EVT-0043691,2026-07-21 00:48:21.079993,0.9989789689313248,lstm
DEV-000014,EVT-0043692,2026-07-21 00:53:15.258546,0.8324814219335842,lstm
SVC-000056,EVT-0043693,2026-07-21 00:54:00.214154,0.6832445869704242,lstm
SVC-000056,EVT-0043694,2026-07-21 00:57:06.035830,0.9726157544711517,lstm
SVC-000056,EVT-0043695,2026-07-21 01:00:43.674164,0.9345918533604958,lstm
DEV-000017,EVT-0043696,2026-07-21 01:02:56.802669,0.6708864097801249,lstm
USR-000124,EVT-0043697,2026-07-21 01:03:03.299254,0.9620029167371058,lstm
SVC-000056,EVT-0043698,2026-07-21 01:03:38.400762,0.6581942476915015,lstm
DEV-000017,EVT-0043699,2026-07-21 01:08:24.565830,0.9065573610626427,lstm
USR-000124,EVT-0043700,2026-07-21 01:09:09.571800,0.9828633933541443,lstm
DEV-000017,EVT-0043701,2026-07-21 01:09:12.208113,0.9734061257265842,lstm
SVC-000056,EVT-0043702,2026-07-21 01:09:48.689308,0.5281533592630618,lstm
USR-000124,EVT-0043703,2026-07-21 01:14:25.453767,0.9086333293278711,lstm
DEV-000009,EVT-0043704,2026-07-21 01:17:44.465613,0.3428208096180441,lstm
USR-000141,EVT-0043705,2026-07-21 01:21:51.461069,0.7565664866519055,lstm
DEV-000002,EVT-0043706,2026-07-21 01:26:16.391739,0.4086572328524468,lstm
DEV-000026,EVT-0043707,2026-07-21 01:27:36.841728,0.47805119067280927,lstm
USR-000088,EVT-0043708,2026-07-21 01:27:55.876044,0.28019479820742943,lstm
SVC-000056,EVT-0043709,2026-07-21 01:29:28.993066,0.4747761220822653,lstm
DEV-000014,EVT-0043710,2026-07-21 01:31:40.514653,0.7252025880349354,lstm
USR-000088,EVT-0043711,2026-07-21 01:32:20.796445,0.4889796260347992,lstm
USR-000106,EVT-0043712,2026-07-21 01:33:18.574740,0.9760866376041833,lstm
SVC-000041,EVT-0043713,2026-07-21 01:36:19.821626,0.6279173485420896,lstm
DEV-000012,EVT-0043714,2026-07-21 01:39:05.652179,0.7706933999201192,lstm
DEV-000023,EVT-0043715,2026-07-21 01:39:48.111346,0.48215976250511783,lstm
SVC-000041,EVT-0043716,2026-07-21 01:41:57.977640,0.31682425817609206,lstm
DEV-000014,EVT-0043717,2026-07-21 01:43:40.969847,0.7574623427153049,lstm
USR-000141,EVT-0043718,2026-07-21 01:54:46.912624,0.47356759263372195,lstm
DEV-000006,EVT-0043719,2026-07-21 01:58:56.423816,0.37927529406989313,lstm
DEV-000011,EVT-0043720,2026-07-21 02:02:31.193503,0.32081307586941776,lstm
USR-000106,EVT-0043721,2026-07-21 02:02:44.053490,0.9676875060095742,lstm
DEV-000012,EVT-0043722,2026-07-21 02:07:48.105736,0.674099324108929,lstm
SVC-000041,EVT-0043723,2026-07-21 02:11:54.587056,0.4951853011130726,lstm
SVC-000041,EVT-0043724,2026-07-21 02:17:50.502059,0.6984055330262158,lstm
SVC-000018,EVT-0043725,2026-07-21 02:18:12.067709,0.9970816563401066,lstm
DEV-000006,EVT-0043726,2026-07-21 02:18:22.558432,0.3890316402430003,lstm
SVC-000041,EVT-0043727,2026-07-21 02:21:47.945499,0.7218966424731288,lstm
SVC-000018,EVT-0043728,2026-07-21 02:23:05.350457,0.8749525409187611,lstm
DEV-000021,EVT-0043729,2026-07-21 02:23:16.093422,0.3284330300958117,lstm
SVC-000041,EVT-0043730,2026-07-21 02:23:46.774551,0.5900776616335387,lstm
SVC-000018,EVT-0043731,2026-07-21 02:27:06.310211,0.355278476763607,lstm
SVC-000014,EVT-0043732,2026-07-21 02:33:12.226916,0.988238678640817,lstm
USR-000141,EVT-0043733,2026-07-21 02:34:42.538821,0.4406750088075987,lstm
USR-000106,EVT-0043734,2026-07-21 02:35:43.880881,0.8503772109488373,lstm
SVC-000041,EVT-0043735,2026-07-21 02:38:50.785365,0.6243857416710727,lstm
SVC-000018,EVT-0043736,2026-07-21 02:43:25.055248,0.3030200386897197,lstm
SVC-000018,EVT-0043737,2026-07-21 02:43:48.943731,0.6581867702341532,lstm
SVC-000014,EVT-0043738,2026-07-21 02:43:51.528428,0.4780042338666116,lstm
DEV-000005,EVT-0043739,2026-07-21 02:46:19.867032,0.4713981481571251,lstm
DEV-000026,EVT-0043740,2026-07-21 02:49:08.441967,0.2464737048147243,lstm
SVC-000020,EVT-0043741,2026-07-21 02:49:14.891910,0.994647634727024,lstm
SVC-000018,EVT-0043742,2026-07-21 02:52:55.657254,0.36171007275872386,lstm
USR-000106,EVT-0043743,2026-07-21 02:57:35.431766,0.7752238764745067,lstm
SVC-000018,EVT-0043744,2026-07-21 02:59:05.420102,0.2417012586685318,lstm
SVC-000018,EVT-0043745,2026-07-21 03:05:45.609584,0.2763071445863698,lstm
SVC-000018,EVT-0043746,2026-07-21 03:09:43.399160,0.38475257583333466,lstm
DEV-000019,EVT-0043747,2026-07-21 03:10:28.644735,0.8368176995862207,lstm
SVC-000018,EVT-0043748,2026-07-21 03:10:29.309107,0.44363929145145614,lstm
SVC-000018,EVT-0043749,2026-07-21 03:11:39.968625,0.4995172609346761,lstm
SVC-000014,EVT-0043750,2026-07-21 03:17:15.785002,0.28060573204425204,lstm
DEV-000019,EVT-0043751,2026-07-21 03:20:52.456922,0.8842111058460056,lstm
SVC-000015,EVT-0043752,2026-07-21 03:27:08.211448,0.9804835598492506,lstm
SVC-000018,EVT-0043753,2026-07-21 03:37:46.738700,0.39380478136537195,lstm
DEV-000014,EVT-0043754,2026-07-21 03:38:06.120614,0.43814433900269595,lstm
SVC-000014,EVT-0043755,2026-07-21 03:39:45.266533,0.29368572964066925,lstm
SVC-000014,EVT-0043756,2026-07-21 03:46:47.006631,0.34559431185604583,lstm
SVC-000014,EVT-0043757,2026-07-21 03:49:22.608700,0.45829416336707385,lstm
DEV-000019,EVT-0043758,2026-07-21 03:55:53.314511,0.6206188639706844,lstm
SVC-000014,EVT-0043759,2026-07-21 03:56:48.005523,0.36728578960032165,lstm
SVC-000015,EVT-0043760,2026-07-21 03:57:08.952526,0.4341848520885798,lstm
SVC-000019,EVT-0043761,2026-07-21 03:57:13.205969,0.9940003212724824,lstm
DEV-000009,EVT-0043762,2026-07-21 03:57:29.041871,0.26183769236168375,lstm
SVC-000019,EVT-0043763,2026-07-21 03:59:53.599298,0.44326347129983007,lstm
SVC-000014,EVT-0043764,2026-07-21 04:01:43.836673,0.2969251765916695,lstm
DEV-000024,EVT-0043765,2026-07-21 04:04:30.696830,0.7225782003275586,lstm
SVC-000020,EVT-0043766,2026-07-21 04:09:06.675925,0.7054472347584646,lstm
SVC-000019,EVT-0043767,2026-07-21 04:09:15.204743,0.2784055504214525,lstm
SVC-000014,EVT-0043768,2026-07-21 04:10:27.638569,0.29720673521294283,lstm
SVC-000018,EVT-0043769,2026-07-21 04:11:05.296916,0.5137932088380663,lstm
SVC-000041,EVT-0043770,2026-07-21 04:11:15.660039,0.5536671426947842,lstm
SVC-000020,EVT-0043771,2026-07-21 04:16:52.840661,0.2780973084381848,lstm
DEV-000023,EVT-0043772,2026-07-21 04:16:54.872155,0.30101454720873516,lstm
USR-000162,EVT-0043773,2026-07-21 04:17:13.356762,0.7168961792516826,lstm
SVC-000015,EVT-0043774,2026-07-21 04:17:53.253676,0.3791060123458478,lstm
DEV-000003,EVT-0043775,2026-07-21 04:19:03.520240,0.7431757093634909,lstm
SVC-000019,EVT-0043776,2026-07-21 04:20:08.860751,0.2947048274145782,lstm
SVC-000014,EVT-0043777,2026-07-21 04:21:36.326593,0.3200131503582523,lstm
SVC-000031,EVT-0043778,2026-07-21 04:22:19.385027,0.9955520651797336,lstm
USR-000082,EVT-0043779,2026-07-21 04:23:22.396211,0.8382504908907116,lstm
DEV-000019,EVT-0043780,2026-07-21 04:25:16.066751,0.5392483649905618,lstm
SVC-000019,EVT-0043781,2026-07-21 04:26:10.697123,0.31239809394927304,lstm
USR-000088,EVT-0043782,2026-07-21 04:26:34.711906,0.4399241723707627,lstm
DEV-000014,EVT-0043783,2026-07-21 04:28:22.739808,0.5704292947368855,lstm
SVC-000020,EVT-0043784,2026-07-21 04:29:11.359504,0.2944762820052802,lstm
SVC-000014,EVT-0043785,2026-07-21 04:31:59.308681,0.23537018081376673,lstm
DEV-000022,EVT-0043786,2026-07-21 04:33:52.027647,0.7201480292299647,lstm
SVC-000019,EVT-0043787,2026-07-21 04:35:12.962901,0.26278203216488993,lstm
USR-000088,EVT-0043788,2026-07-21 04:36:22.536346,0.9592486395936051,lstm
SVC-000014,EVT-0043789,2026-07-21 04:38:52.796669,0.30826067770629534,lstm
SVC-000019,EVT-0043790,2026-07-21 04:41:59.541801,0.24884279076603302,lstm
SVC-000015,EVT-0043791,2026-07-21 04:43:08.711047,0.36940872958693516,lstm
SVC-000019,EVT-0043792,2026-07-21 04:43:21.971711,0.3698523341103512,lstm
DEV-000022,EVT-0043793,2026-07-21 04:43:34.751059,0.7278138048413368,lstm
DEV-000014,EVT-0043794,2026-07-21 04:44:06.239416,0.8435138912571091,lstm
USR-000088,EVT-0043795,2026-07-21 04:46:15.658054,0.5588786459322252,lstm
SVC-000015,EVT-0043796,2026-07-21 04:47:36.391120,0.572764958986717,lstm
SVC-000019,EVT-0043797,2026-07-21 04:48:01.155654,0.9057816721945146,lstm
SVC-000019,EVT-0043798,2026-07-21 04:48:50.833884,0.7178259709288562,lstm
SVC-000015,EVT-0043799,2026-07-21 04:51:58.333364,0.5417417258697029,lstm
SVC-000041,EVT-0043800,2026-07-21 04:54:14.796504,0.9251699663614518,lstm
DEV-000017,EVT-0043801,2026-07-21 04:56:58.472835,0.7708778558868709,lstm
SVC-000019,EVT-0043802,2026-07-21 04:57:02.379353,0.30523544116645024,lstm
SVC-000014,EVT-0043803,2026-07-21 04:57:42.158017,0.439769577394945,lstm
USR-000163,EVT-0043804,2026-07-21 05:01:11.552251,0.752438331352627,lstm
DEV-000016,EVT-0043805,2026-07-21 05:01:13.342954,0.5391845180996769,lstm
SVC-000014,EVT-0043806,2026-07-21 05:03:51.373378,0.42352354431825345,lstm
SVC-000041,EVT-0043807,2026-07-21 05:05:25.932559,0.9146502384379791,lstm
USR-000058,EVT-0043808,2026-07-21 05:05:56.639093,0.6145995350200074,lstm
DEV-000021,EVT-0043809,2026-07-21 05:06:40.012734,0.24559319131358975,lstm
DEV-000016,EVT-0043810,2026-07-21 05:08:47.127215,0.7389377823298654,lstm
SVC-000014,EVT-0043811,2026-07-21 05:11:42.433880,0.25306465298217956,lstm
SVC-000019,EVT-0043812,2026-07-21 05:14:12.287145,0.31753627895480724,lstm
SVC-000019,EVT-0043813,2026-07-21 05:16:34.838849,0.3563198206806503,lstm
USR-000096,EVT-0043814,2026-07-21 05:20:36.615572,0.6203542133317931,lstm
SVC-000031,EVT-0043815,2026-07-21 05:23:31.838562,0.5421492144781632,lstm
DEV-000008,EVT-0043816,2026-07-21 05:28:32.951217,0.4271547592322481,lstm
SVC-000019,EVT-0043817,2026-07-21 05:32:49.590406,0.2728494201162356,lstm
SVC-000015,EVT-0043818,2026-07-21 05:32:54.695564,0.346542275110045,lstm
SVC-000019,EVT-0043819,2026-07-21 05:37:01.126009,0.28519787050346,lstm
SVC-000019,EVT-0043820,2026-07-21 05:37:45.391427,0.4432501726426622,lstm
USR-000096,EVT-0043821,2026-07-21 05:39:34.057778,0.6244133090364608,lstm
USR-000203,EVT-0043822,2026-07-21 05:40:35.822381,0.9407785793182347,lstm
USR-000182,EVT-0043823,2026-07-21 05:41:54.991239,0.923229657909621,lstm
SVC-000009,EVT-0043824,2026-07-21 05:48:40.497559,0.992926897488071,lstm
USR-000090,EVT-0043825,2026-07-21 05:53:40.444391,0.6784932830233265,lstm
SVC-000015,EVT-0043826,2026-07-21 05:54:16.784836,0.44340056369085507,lstm
USR-000082,EVT-0043827,2026-07-21 05:56:50.959648,0.6370216114052734,lstm
USR-000019,EVT-0043828,2026-07-21 06:00:11.542771,0.8159845888761601,lstm
SVC-000009,EVT-0043829,2026-07-21 06:00:55.076243,0.6966567427431014,lstm
SVC-000009,EVT-0043830,2026-07-21 06:02:11.822036,0.5537043421633538,lstm
SVC-000031,EVT-0043831,2026-07-21 06:06:33.825448,0.5131628149327325,lstm
DEV-000018,EVT-0043832,2026-07-21 06:08:34.051545,0.9146048254356118,lstm
DEV-000002,EVT-0043833,2026-07-21 06:10:08.555647,0.42085003557015516,lstm
DEV-000017,EVT-0043834,2026-07-21 06:15:39.155014,0.7618279912251593,lstm
SVC-000031,EVT-0043835,2026-07-21 06:21:50.142195,0.37521133435353127,lstm
DEV-000023,EVT-0043836,2026-07-21 06:22:04.332367,0.4517763565992636,lstm
DEV-000026,EVT-0043837,2026-07-21 06:23:12.811303,0.26317845487856256,lstm
DEV-000005,EVT-0043838,2026-07-21 06:23:52.340979,0.30391549067051676,lstm
SVC-000055,EVT-0043839,2026-07-21 06:24:41.155837,0.9887821760458066,lstm
USR-000098,EVT-0043840,2026-07-21 06:25:17.987611,0.9650697313675692,lstm
SVC-000019,EVT-0043841,2026-07-21 06:31:39.830645,0.509101137759281,lstm
SVC-000009,EVT-0043842,2026-07-21 06:34:51.123910,0.5831828319684905,lstm
SVC-000031,EVT-0043843,2026-07-21 06:35:05.342150,0.33599576607566883,lstm
USR-000094,EVT-0043844,2026-07-21 06:41:23.784333,0.7008156626875414,lstm
SVC-000031,EVT-0043845,2026-07-21 06:41:51.380136,0.38811242941436525,lstm
SVC-000031,EVT-0043846,2026-07-21 06:42:59.490667,0.5366855448679237,lstm
USR-000036,EVT-0043847,2026-07-21 06:44:13.817781,0.6301513979493258,lstm
DEV-000009,EVT-0043848,2026-07-21 06:49:25.278431,0.39457289235503706,lstm
SVC-000031,EVT-0043849,2026-07-21 06:51:23.737944,0.31325449430375796,lstm
SVC-000011,EVT-0043850,2026-07-21 06:51:25.009539,0.9974459076690722,lstm
SVC-000030,EVT-0043851,2026-07-21 06:58:39.580490,0.9949391144769022,lstm
DEV-000025,EVT-0043852,2026-07-21 07:01:11.198887,0.5189220252032285,lstm
SVC-000055,EVT-0043853,2026-07-21 07:02:12.473883,0.378784204246729,lstm
SVC-000009,EVT-0043854,2026-07-21 07:03:27.530947,0.47391170827526996,lstm
USR-000135,EVT-0043855,2026-07-21 07:03:29.259306,0.6746511196897772,lstm
SVC-000055,EVT-0043856,2026-07-21 07:03:44.078866,0.5123739576714575,lstm
SVC-000009,EVT-0043857,2026-07-21 07:06:57.506135,0.3665260588008657,lstm
SVC-000055,EVT-0043858,2026-07-21 07:07:41.578117,0.38791820423386614,lstm
SVC-000031,EVT-0043859,2026-07-21 07:09:26.352760,0.2942661677484666,lstm
SVC-000009,EVT-0043860,2026-07-21 07:12:12.684987,0.301613090855678,lstm
USR-000042,EVT-0043861,2026-07-21 07:13:41.991251,0.8507598515281066,lstm
SVC-000055,EVT-0043862,2026-07-21 07:14:28.241164,0.33586446492223704,lstm
DEV-000016,EVT-0043863,2026-07-21 07:15:21.599317,0.17862989809941723,lstm
DEV-000013,EVT-0043864,2026-07-21 07:16:25.023113,0.566606192670201,lstm
SVC-000031,EVT-0043865,2026-07-21 07:19:17.587675,0.2865470148294905,lstm
SVC-000040,EVT-0043866,2026-07-21 07:20:54.804317,0.9623060088379873,lstm
SVC-000031,EVT-0043867,2026-07-21 07:22:05.509192,0.7796512038937226,lstm
SVC-000055,EVT-0043868,2026-07-21 07:26:19.341853,0.32015930952551247,lstm
SVC-000040,EVT-0043869,2026-07-21 07:29:25.508151,0.6191292813112049,lstm
USR-000142,EVT-0043870,2026-07-21 07:29:26.774930,0.7618290647987507,lstm
DEV-000001,EVT-0043871,2026-07-21 07:30:10.577872,0.7535950321286902,lstm
SVC-000055,EVT-0043872,2026-07-21 07:35:58.586726,0.6541308180047082,lstm
USR-000082,EVT-0043873,2026-07-21 07:37:46.583828,0.36156045188254843,lstm
SVC-000030,EVT-0043874,2026-07-21 07:41:03.792704,0.4369961862892646,lstm
SVC-000061,EVT-0043875,2026-07-21 07:42:57.098952,1.0,lstm
SVC-000061,EVT-0043876,2026-07-21 07:45:18.982779,1.0,lstm
SVC-000055,EVT-0043877,2026-07-21 07:45:45.000668,0.29769729494194785,lstm
USR-000050,EVT-0043878,2026-07-21 07:46:03.416231,0.5181954030876654,lstm
SVC-000031,EVT-0043879,2026-07-21 07:46:28.502471,0.28952521149117394,lstm
SVC-000055,EVT-0043880,2026-07-21 07:46:38.977715,0.8398616482926142,lstm
SVC-000061,EVT-0043881,2026-07-21 07:48:46.405556,1.0,lstm
USR-000121,EVT-0043882,2026-07-21 07:48:54.017160,0.6010468094374234,lstm
USR-000058,EVT-0043883,2026-07-21 07:49:04.176053,0.23256163669124197,lstm
SVC-000040,EVT-0043884,2026-07-21 07:50:11.822884,0.3500138334367777,lstm
DEV-000012,EVT-0043885,2026-07-21 07:52:31.206608,0.4618839436742172,lstm
DEV-000014,EVT-0043886,2026-07-21 07:53:24.229436,0.6326256362426705,lstm
USR-000036,EVT-0043887,2026-07-21 07:53:47.902022,0.3387053319543211,lstm
USR-000069,EVT-0043888,2026-07-21 07:55:29.887994,0.633285962103667,lstm
SVC-000040,EVT-0043889,2026-07-21 07:55:51.609952,0.4218983275960344,lstm
USR-000090,EVT-0043890,2026-07-21 07:56:00.991773,0.2720615794507604,lstm
USR-000206,EVT-0043891,2026-07-21 07:56:42.601345,0.5799933410012265,lstm
SVC-000055,EVT-0043892,2026-07-21 07:57:03.234006,0.9413878097280692,lstm
SVC-000040,EVT-0043893,2026-07-21 07:57:20.259679,0.5983241747155057,lstm
USR-000162,EVT-0043894,2026-07-21 07:59:13.330965,0.27755114649449103,lstm
USR-000206,EVT-0043895,2026-07-21 08:00:39.732638,0.6419350040779733,lstm
USR-000175,EVT-0043896,2026-07-21 08:01:03.471503,0.6721120595994019,lstm
SVC-000011,EVT-0043897,2026-07-21 08:01:13.764387,0.6032620186188931,lstm
USR-000206,EVT-0043898,2026-07-21 08:02:02.393868,0.6816915632958477,lstm
SVC-000046,EVT-0043899,2026-07-21 08:02:21.335375,0.9955817956422318,lstm
USR-000082,EVT-0043900,2026-07-21 08:04:48.550481,0.3456992427309654,lstm
SVC-000030,EVT-0043901,2026-07-21 08:05:05.515354,0.6772638327524575,lstm
DEV-000010,EVT-0043902,2026-07-21 08:05:11.385320,0.48280245695703866,lstm
SVC-000011,EVT-0043903,2026-07-21 08:05:25.779110,0.32842784098735195,lstm
USR-000090,EVT-0043904,2026-07-21 08:07:31.136561,0.3876248182067441,lstm
SVC-000011,EVT-0043905,2026-07-21 08:09:36.356073,0.33572221465055785,lstm
DEV-000025,EVT-0043906,2026-07-21 08:10:41.197451,0.6102038737472861,lstm
DEV-000026,EVT-0043907,2026-07-21 08:11:26.257857,0.206907878908761,lstm
USR-000191,EVT-0043908,2026-07-21 08:11:37.870300,0.7539098092520237,lstm
SVC-000046,EVT-0043909,2026-07-21 08:12:10.964639,0.5587910308886838,lstm
DEV-000016,EVT-0043910,2026-07-21 08:15:03.949299,0.18553856517044115,lstm
USR-000069,EVT-0043911,2026-07-21 08:16:54.816964,0.5008945052332214,lstm
DEV-000021,EVT-0043912,2026-07-21 08:17:16.687073,0.2105112677686602,lstm
USR-000042,EVT-0043913,2026-07-21 08:18:13.276281,0.4111645973394357,lstm
SVC-000055,EVT-0043914,2026-07-21 08:22:42.875569,0.570439050032833,lstm
SVC-000016,EVT-0043915,2026-07-21 08:23:15.355065,0.9433720310865579,lstm
SVC-000053,EVT-0043916,2026-07-21 08:24:26.252219,0.9946707353209373,lstm
SVC-000040,EVT-0043917,2026-07-21 08:25:36.790219,0.25476909576124235,lstm
USR-000090,EVT-0043918,2026-07-21 08:25:46.782985,0.42941317691301545,lstm
SVC-000011,EVT-0043919,2026-07-21 08:28:49.255661,0.355783205981175,lstm
USR-000024,EVT-0043920,2026-07-21 08:31:55.308543,0.604802937166576,lstm
SVC-000011,EVT-0043921,2026-07-21 08:34:17.427128,0.28107855368998536,lstm
USR-000082,EVT-0043922,2026-07-21 08:34:25.405110,0.33459013088351586,lstm
SVC-000011,EVT-0043923,2026-07-21 08:35:02.905844,0.3673923167609767,lstm
SVC-000030,EVT-0043924,2026-07-21 08:35:17.233986,0.3769265921130955,lstm
SVC-000024,EVT-0043925,2026-07-21 08:37:19.152872,0.9954096175653545,lstm
SVC-000031,EVT-0043926,2026-07-21 08:39:59.011805,0.6520360119858035,lstm
SVC-000011,EVT-0043927,2026-07-21 08:39:59.887238,0.3085063091671258,lstm
USR-000102,EVT-0043928,2026-07-21 08:40:13.998359,0.577106058165743,lstm
USR-000103,EVT-0043929,2026-07-21 08:41:06.344088,0.7122124892677221,lstm
SVC-000040,EVT-0043930,2026-07-21 08:41:25.256582,0.3419767008152148,lstm
USR-000194,EVT-0043931,2026-07-21 08:43:00.482048,0.9403321885333193,lstm
SVC-000046,EVT-0043932,2026-07-21 08:44:37.947551,0.7984017144402833,lstm
USR-000066,EVT-0043933,2026-07-21 08:49:55.726814,0.9552658092901204,lstm
SVC-000024,EVT-0043934,2026-07-21 08:51:23.897441,0.507458792053814,lstm
SVC-000046,EVT-0043935,2026-07-21 08:51:56.871779,0.2890895098042962,lstm
SVC-000039,EVT-0043936,2026-07-21 08:52:02.893648,0.9717047105491003,lstm
USR-000103,EVT-0043937,2026-07-21 08:53:15.302846,0.6274957264600975,lstm
SVC-000013,EVT-0043938,2026-07-21 08:53:43.324847,0.9979838134821607,lstm
USR-000112,EVT-0043939,2026-07-21 08:55:51.098133,0.3958808566352056,lstm
SVC-000042,EVT-0043940,2026-07-21 08:58:27.781859,0.9781635404854764,lstm
USR-000102,EVT-0043941,2026-07-21 08:58:42.046552,0.30811109618200866,lstm
SVC-000046,EVT-0043942,2026-07-21 08:58:57.301070,0.5260160452470481,lstm
USR-000025,EVT-0043943,2026-07-21 08:59:05.585633,0.9532569984666751,lstm
USR-000042,EVT-0043944,2026-07-21 09:00:23.113616,0.3267101896376539,lstm
DEV-000011,EVT-0043945,2026-07-21 09:01:40.210535,0.37731040300498286,lstm
SVC-000016,EVT-0043946,2026-07-21 09:01:49.144299,0.422056726042524,lstm
USR-000204,EVT-0043947,2026-07-21 09:03:46.237169,0.7943350523883996,lstm
USR-000042,EVT-0043948,2026-07-21 09:04:41.264955,0.45918715532209176,lstm
USR-000017,EVT-0043949,2026-07-21 09:07:45.417173,0.9147524152530412,lstm
DEV-000012,EVT-0043950,2026-07-21 09:08:50.676858,0.20640027917929638,lstm
USR-000213,EVT-0043951,2026-07-21 09:13:30.924693,0.9267354407677743,lstm
SVC-000011,EVT-0043952,2026-07-21 09:14:27.774749,0.4435328861318845,lstm
USR-000182,EVT-0043953,2026-07-21 09:17:00.566119,0.3355534670149192,lstm
USR-000206,EVT-0043954,2026-07-21 09:17:43.945274,0.29553138105491455,lstm
USR-000153,EVT-0043955,2026-07-21 09:17:49.403012,0.7766673324069643,lstm
USR-000162,EVT-0043956,2026-07-21 09:17:53.617777,0.24338097593205396,lstm
SVC-000046,EVT-0043957,2026-07-21 09:18:35.151557,0.45155056443739733,lstm
USR-000102,EVT-0043958,2026-07-21 09:18:37.629995,0.45068396901961244,lstm
SVC-000051,EVT-0043959,2026-07-21 09:19:14.769551,0.9460512542438582,lstm
USR-000060,EVT-0043960,2026-07-21 09:20:18.862138,0.3751898284499066,lstm
SVC-000016,EVT-0043961,2026-07-21 09:20:42.951351,0.2880673888392045,lstm
SVC-000030,EVT-0043962,2026-07-21 09:23:13.809430,0.7770375708861208,lstm
SVC-000046,EVT-0043963,2026-07-21 09:23:32.186871,0.3121565306286293,lstm
USR-000180,EVT-0043964,2026-07-21 09:25:44.775012,0.8533775322268484,lstm
SVC-000016,EVT-0043965,2026-07-21 09:27:10.521694,0.47917537062794413,lstm
SVC-000042,EVT-0043966,2026-07-21 09:28:32.907364,0.3207994014895038,lstm
SVC-000046,EVT-0043967,2026-07-21 09:28:55.492258,0.24639183163255526,lstm
SVC-000024,EVT-0043968,2026-07-21 09:34:01.297506,0.4694942340418546,lstm
SVC-000053,EVT-0043969,2026-07-21 09:35:59.248046,0.49132975476670365,lstm
SVC-000051,EVT-0043970,2026-07-21 09:36:02.896319,0.8830194904426805,lstm
SVC-000016,EVT-0043971,2026-07-21 09:37:22.161257,0.296818987804939,lstm
USR-000030,EVT-0043972,2026-07-21 09:38:47.374305,0.8032929647831664,lstm
USR-000022,EVT-0043973,2026-07-21 09:38:59.026935,0.3756137713618443,lstm
DEV-000025,EVT-0043974,2026-07-21 09:39:15.360342,0.2845844378405841,lstm
USR-000069,EVT-0043975,2026-07-21 09:40:00.140129,0.3105302331420374,lstm
DEV-000023,EVT-0043976,2026-07-21 09:42:13.586092,0.5951830715081872,lstm
USR-000025,EVT-0043977,2026-07-21 09:43:54.606742,0.5662962123076194,lstm
USR-000019,EVT-0043978,2026-07-21 09:45:07.619134,0.30207944935590675,lstm
USR-000072,EVT-0043979,2026-07-21 09:45:14.961190,0.554902718028199,lstm
USR-000153,EVT-0043980,2026-07-21 09:46:07.179517,0.42924557020965837,lstm
SVC-000013,EVT-0043981,2026-07-21 09:47:01.970373,0.5790409488010456,lstm
SVC-000042,EVT-0043982,2026-07-21 09:48:05.307084,0.28926821852588397,lstm
SVC-000039,EVT-0043983,2026-07-21 09:48:29.331536,0.8591811154993381,lstm
SVC-000046,EVT-0043984,2026-07-21 09:48:40.088559,0.5479542393599074,lstm
USR-000154,EVT-0043985,2026-07-21 09:48:59.996925,0.6402655290455936,lstm
USR-000194,EVT-0043986,2026-07-21 09:49:14.703590,0.423295924208113,lstm
SVC-000053,EVT-0043987,2026-07-21 09:49:25.156299,0.4663491898975119,lstm
USR-000099,EVT-0043988,2026-07-21 09:50:53.292333,0.5037186930217873,lstm
SVC-000016,EVT-0043989,2026-07-21 09:51:10.180436,0.5212550558614797,lstm
SVC-000042,EVT-0043990,2026-07-21 09:51:20.108588,0.3951179874418904,lstm
SVC-000042,EVT-0043991,2026-07-21 09:52:58.462243,0.489436287188763,lstm
SVC-000024,EVT-0043992,2026-07-21 09:53:38.310747,0.369972276686186,lstm
SVC-000008,EVT-0043993,2026-07-21 09:53:55.370717,0.9945739247916149,lstm
DEV-000021,EVT-0043994,2026-07-21 09:54:10.295838,0.36940567315539297,lstm
USR-000082,EVT-0043995,2026-07-21 09:54:22.399236,0.26554825784455993,lstm
USR-000098,EVT-0043996,2026-07-21 09:55:39.324400,0.6742513657747605,lstm
SVC-000024,EVT-0043997,2026-07-21 09:55:59.906569,0.3911376428528446,lstm
USR-000153,EVT-0043998,2026-07-21 09:56:39.993068,0.486776867052965,lstm
USR-000102,EVT-0043999,2026-07-21 09:58:33.707105,0.2673039190516419,lstm
SVC-000042,EVT-0044000,2026-07-21 09:58:35.044266,0.2622880464089964,lstm
SVC-000024,EVT-0044001,2026-07-21 10:00:02.051570,0.327473218110279,lstm
USR-000060,EVT-0044002,2026-07-21 10:01:29.762546,0.372273493060046,lstm
USR-000006,EVT-0044003,2026-07-21 10:02:13.250299,0.7046514503620085,lstm
SVC-000042,EVT-0044004,2026-07-21 10:02:34.941882,0.3066761034425127,lstm
USR-000112,EVT-0044005,2026-07-21 10:02:57.713105,0.4477233135685426,lstm
USR-000182,EVT-0044006,2026-07-21 10:03:01.259700,0.5073141941351609,lstm
USR-000183,EVT-0044007,2026-07-21 10:04:56.714941,0.7721934811786711,lstm
USR-000036,EVT-0044008,2026-07-21 10:05:06.452039,0.258137590902842,lstm
USR-000050,EVT-0044009,2026-07-21 10:05:16.519569,0.32140541269455375,lstm
DEV-000001,EVT-0044010,2026-07-21 10:05:43.769934,0.35852264923713817,lstm
SVC-000039,EVT-0044011,2026-07-21 10:06:04.495654,0.4235277395919826,lstm
SVC-000053,EVT-0044012,2026-07-21 10:06:28.163066,0.329580944761289,lstm
USR-000006,EVT-0044013,2026-07-21 10:07:12.185779,0.826143968703203,lstm
SVC-000024,EVT-0044014,2026-07-21 10:07:30.226168,0.6572305341400889,lstm
SVC-000042,EVT-0044015,2026-07-21 10:07:45.695218,0.2764098316369145,lstm
USR-000142,EVT-0044016,2026-07-21 10:08:24.270762,0.5960314999719717,lstm
USR-000019,EVT-0044017,2026-07-21 10:09:19.640583,0.5097334259744132,lstm
SVC-000013,EVT-0044018,2026-07-21 10:09:34.749990,0.47561191549540305,lstm
SVC-000024,EVT-0044019,2026-07-21 10:09:59.489087,0.8787612092597991,lstm
SVC-000039,EVT-0044020,2026-07-21 10:10:40.649504,0.6947730613328997,lstm
USR-000082,EVT-0044021,2026-07-21 10:10:53.809018,0.3523210676874708,lstm
SVC-000011,EVT-0044022,2026-07-21 10:11:29.702479,0.7587223924607653,lstm
SVC-000042,EVT-0044023,2026-07-21 10:11:33.768171,0.2924386854661184,lstm
SVC-000013,EVT-0044024,2026-07-21 10:13:23.199901,0.4035552987924654,lstm
SVC-000042,EVT-0044025,2026-07-21 10:13:38.670479,0.2871057873653611,lstm
SVC-000042,EVT-0044026,2026-07-21 10:15:17.910305,0.38322253128778844,lstm
USR-000121,EVT-0044027,2026-07-21 10:16:03.127273,0.2860256009825391,lstm
USR-000054,EVT-0044028,2026-07-21 10:16:15.431687,0.9193900243098431,lstm
USR-000038,EVT-0044029,2026-07-21 10:16:52.065531,0.5792507923424595,lstm
SVC-000013,EVT-0044030,2026-07-21 10:17:14.276847,0.5268656359243946,lstm
SVC-000051,EVT-0044031,2026-07-21 10:17:40.294355,0.7238603709925112,lstm
USR-000095,EVT-0044032,2026-07-21 10:17:47.884757,0.33969215376628914,lstm
SVC-000013,EVT-0044033,2026-07-21 10:18:42.648576,0.44263044225036924,lstm
SVC-000024,EVT-0044034,2026-07-21 10:20:08.287934,0.2794161019168248,lstm
USR-000204,EVT-0044035,2026-07-21 10:20:57.134156,0.44397618193758837,lstm
SVC-000050,EVT-0044036,2026-07-21 10:22:34.718083,0.9535750748372759,lstm
USR-000029,EVT-0044037,2026-07-21 10:23:19.089417,0.6651679112246254,lstm
SVC-000024,EVT-0044038,2026-07-21 10:25:54.242978,0.3188785981859468,lstm
SVC-000042,EVT-0044039,2026-07-21 10:27:46.416074,0.29371623679265857,lstm
SVC-000024,EVT-0044040,2026-07-21 10:28:02.529440,0.38832129131407295,lstm
USR-000153,EVT-0044041,2026-07-21 10:28:17.070354,0.3043457295485491,lstm
SVC-000042,EVT-0044042,2026-07-21 10:28:28.209610,0.41409539521245137,lstm
USR-000139,EVT-0044043,2026-07-21 10:28:47.081997,0.9946262236710381,lstm
USR-000095,EVT-0044044,2026-07-21 10:29:18.128326,0.29825821256856777,lstm
USR-000042,EVT-0044045,2026-07-21 10:29:37.668098,0.29620810197831654,lstm
USR-000173,EVT-0044046,2026-07-21 10:30:16.085728,0.7311609683234107,lstm
USR-000166,EVT-0044047,2026-07-21 10:30:43.947508,0.4638600188395976,lstm
SVC-000053,EVT-0044048,2026-07-21 10:33:28.348312,0.597760241558525,lstm
USR-000062,EVT-0044049,2026-07-21 10:36:49.741691,0.773141259904234,lstm
USR-000206,EVT-0044050,2026-07-21 10:37:01.926680,0.27923030557023476,lstm
SVC-000039,EVT-0044051,2026-07-21 10:39:41.671954,0.4283507039110692,lstm
SVC-000013,EVT-0044052,2026-07-21 10:40:55.797345,0.5331551268252658,lstm
USR-000159,EVT-0044053,2026-07-21 10:41:58.631974,0.708468012273626,lstm
USR-000058,EVT-0044054,2026-07-21 10:42:13.481880,0.4629454484089249,lstm
SVC-000053,EVT-0044055,2026-07-21 10:44:19.124032,0.5701577732019697,lstm
USR-000019,EVT-0044056,2026-07-21 10:45:40.957132,0.4040613450028857,lstm
USR-000102,EVT-0044057,2026-07-21 10:46:11.457494,0.3325023618307201,lstm
USR-000112,EVT-0044058,2026-07-21 10:47:20.021121,0.3529334986984079,lstm
USR-000121,EVT-0044059,2026-07-21 10:48:20.394119,0.44868944237959096,lstm
SVC-000008,EVT-0044060,2026-07-21 10:48:57.051595,0.595621204300585,lstm
SVC-000039,EVT-0044061,2026-07-21 10:49:07.186506,0.32033367573920307,lstm
SVC-000053,EVT-0044062,2026-07-21 10:50:29.428009,0.7024044157949552,lstm
USR-000030,EVT-0044063,2026-07-21 10:50:47.757073,0.40767766672625255,lstm
USR-000133,EVT-0044064,2026-07-21 10:53:43.772973,0.4225595243284146,lstm
DEV-000021,EVT-0044065,2026-07-21 10:53:52.581753,0.3838130754378283,lstm
USR-000084,EVT-0044066,2026-07-21 10:54:04.558291,0.9413567334044343,lstm
SVC-000042,EVT-0044067,2026-07-21 10:54:27.390653,0.32390795027583813,lstm
USR-000090,EVT-0044068,2026-07-21 10:54:39.975619,0.21737806339434712,lstm
USR-000042,EVT-0044069,2026-07-21 10:55:34.230998,0.2657695767822208,lstm
USR-000200,EVT-0044070,2026-07-21 10:56:01.638277,0.7485902570998646,lstm
SVC-000053,EVT-0044071,2026-07-21 10:56:56.432844,0.38677070817543396,lstm
USR-000048,EVT-0044072,2026-07-21 10:57:06.232720,0.34246373431661303,lstm
USR-000087,EVT-0044073,2026-07-21 10:57:24.273940,0.9926213190231046,lstm
SVC-000021,EVT-0044074,2026-07-21 11:00:34.966629,0.9891926277721893,lstm
SVC-000039,EVT-0044075,2026-07-21 11:01:13.364619,0.387086920024896,lstm
USR-000197,EVT-0044076,2026-07-21 11:01:34.952565,0.9075814516798627,lstm
USR-000102,EVT-0044077,2026-07-21 11:02:32.266261,0.42950100644170947,lstm
USR-000102,EVT-0044078,2026-07-21 11:02:50.782572,0.7193417810229946,lstm
USR-000060,EVT-0044079,2026-07-21 11:03:14.758463,0.22827995376582436,lstm
USR-000069,EVT-0044080,2026-07-21 11:05:50.006178,0.28601463077881956,lstm
SVC-000051,EVT-0044081,2026-07-21 11:08:24.181510,0.6295242183211259,lstm
USR-000155,EVT-0044082,2026-07-21 11:08:48.471199,0.38385119329890377,lstm
USR-000054,EVT-0044083,2026-07-21 11:09:19.717413,0.44371544932509716,lstm
SVC-000053,EVT-0044084,2026-07-21 11:09:26.611714,0.4178061839893833,lstm
USR-000153,EVT-0044085,2026-07-21 11:09:42.911210,0.39717305360886923,lstm
DEV-000010,EVT-0044086,2026-07-21 11:10:23.751723,0.16450915566191043,lstm
SVC-000013,EVT-0044087,2026-07-21 11:10:32.741633,0.8612837094112088,lstm
SVC-000053,EVT-0044088,2026-07-21 11:10:55.874070,0.7034818116870846,lstm
USR-000046,EVT-0044089,2026-07-21 11:12:00.537163,0.9251280292819537,lstm
DEV-000016,EVT-0044090,2026-07-21 11:14:45.387089,0.13981368693256047,lstm
USR-000023,EVT-0044091,2026-07-21 11:15:12.832165,0.8086951747721812,lstm
DEV-000014,EVT-0044092,2026-07-21 11:15:16.634393,0.7927498227946403,lstm
USR-000135,EVT-0044093,2026-07-21 11:16:04.316316,0.2886943136095489,lstm
USR-000160,EVT-0044094,2026-07-21 11:16:16.464056,0.6559789680929984,lstm
SVC-000050,EVT-0044095,2026-07-21 11:16:50.067481,0.3708158431130995,lstm
SVC-000008,EVT-0044096,2026-07-21 11:17:43.544678,0.4326795968742522,lstm
USR-000166,EVT-0044097,2026-07-21 11:19:36.306424,0.4784548264547857,lstm
USR-000094,EVT-0044098,2026-07-21 11:19:48.674175,0.4833570793156917,lstm
DEV-000022,EVT-0044099,2026-07-21 11:20:17.715372,0.8704525492748253,lstm
SVC-000008,EVT-0044100,2026-07-21 11:20:38.485990,0.6979820862738624,lstm
USR-000036,EVT-0044101,2026-07-21 11:20:41.431937,0.5047556610835737,lstm
SVC-000001,EVT-0044102,2026-07-21 11:23:31.790949,0.9996339878544483,lstm
USR-000147,EVT-0044103,2026-07-21 11:24:07.622989,0.8299784253191704,lstm
USR-000112,EVT-0044104,2026-07-21 11:24:10.726789,0.2923681554757781,lstm
SVC-000008,EVT-0044105,2026-07-21 11:24:56.650877,0.4090753369771374,lstm
SVC-000042,EVT-0044106,2026-07-21 11:25:25.305996,0.3688418010840756,lstm
USR-000050,EVT-0044107,2026-07-21 11:26:48.964350,0.3497442989945925,lstm
SVC-000016,EVT-0044108,2026-07-21 11:27:34.445657,0.6461344377153941,lstm
USR-000101,EVT-0044109,2026-07-21 11:27:42.806214,0.7606849050126409,lstm
DEV-000018,EVT-0044110,2026-07-21 11:28:04.085609,0.24558191949598807,lstm
USR-000081,EVT-0044111,2026-07-21 11:28:08.776063,0.3094331981369765,lstm
USR-000097,EVT-0044112,2026-07-21 11:28:10.030339,0.7511247254803901,lstm
SVC-000039,EVT-0044113,2026-07-21 11:28:34.159056,0.23322335733265992,lstm
USR-000038,EVT-0044114,2026-07-21 11:28:40.731016,0.29640546199633133,lstm
SVC-000039,EVT-0044115,2026-07-21 11:28:51.542327,0.7698191442416118,lstm
USR-000191,EVT-0044116,2026-07-21 11:29:34.681732,0.3813782854321775,lstm
SVC-000021,EVT-0044117,2026-07-21 11:31:53.427181,0.35462356316034915,lstm
USR-000189,EVT-0044118,2026-07-21 11:33:04.302767,0.9726077772155658,lstm
USR-000127,EVT-0044119,2026-07-21 11:34:54.819468,0.7884644708730986,lstm
USR-000024,EVT-0044120,2026-07-21 11:37:56.321731,0.28669298080335903,lstm
USR-000160,EVT-0044121,2026-07-21 11:38:03.913294,0.4441887143237431,lstm
USR-000006,EVT-0044122,2026-07-21 11:38:34.492149,0.3582089163612885,lstm
SVC-000050,EVT-0044123,2026-07-21 11:38:37.612420,0.3934806750286414,lstm
SVC-000053,EVT-0044124,2026-07-21 11:39:04.931128,0.5072440905204486,lstm
USR-000173,EVT-0044125,2026-07-21 11:39:46.372207,0.3470120204953731,lstm
USR-000019,EVT-0044126,2026-07-21 11:41:02.158945,0.43007704585856243,lstm
SVC-000008,EVT-0044127,2026-07-21 11:42:18.304885,0.44666803841306923,lstm
USR-000066,EVT-0044128,2026-07-21 11:43:18.173191,0.5206277615104755,lstm
USR-000201,EVT-0044129,2026-07-21 11:43:23.841822,0.4501738515807697,lstm
USR-000048,EVT-0044130,2026-07-21 11:43:37.873283,0.4210639993669618,lstm
SVC-000034,EVT-0044131,2026-07-21 11:45:48.417510,0.9846754887465475,lstm
USR-000011,EVT-0044132,2026-07-21 11:46:56.202305,0.6771730003635995,lstm
USR-000121,EVT-0044133,2026-07-21 11:47:36.839608,0.416922713442978,lstm
USR-000125,EVT-0044134,2026-07-21 11:51:50.472265,0.7639429335774114,lstm
USR-000162,EVT-0044135,2026-07-21 11:54:14.705995,0.24856865002785164,lstm
USR-000038,EVT-0044136,2026-07-21 11:54:33.823152,0.2820842819070179,lstm
USR-000099,EVT-0044137,2026-07-21 11:55:05.346057,0.23513354025958644,lstm
DEV-000016,EVT-0044138,2026-07-21 11:55:36.194152,0.22444838249460247,lstm
SVC-000039,EVT-0044139,2026-07-21 11:57:10.932884,0.40098168014090035,lstm
DEV-000007,EVT-0044140,2026-07-21 11:57:58.031548,0.8895437889625862,lstm
USR-000206,EVT-0044141,2026-07-21 11:58:58.171194,0.2612213729017972,lstm
DEV-000026,EVT-0044142,2026-07-21 12:00:15.303493,0.36138191522540225,lstm
SVC-000050,EVT-0044143,2026-07-21 12:01:19.578187,0.2844845808891985,lstm
USR-000019,EVT-0044144,2026-07-21 12:01:57.018974,0.46348145702345644,lstm
USR-000058,EVT-0044145,2026-07-21 12:02:07.364165,0.44634973968467795,lstm
DEV-000017,EVT-0044146,2026-07-21 12:02:16.341988,0.8220827164417637,lstm
USR-000038,EVT-0044147,2026-07-21 12:03:25.283944,0.44264847569431476,lstm
USR-000081,EVT-0044148,2026-07-21 12:03:40.701671,0.8647557029289489,lstm
SVC-000021,EVT-0044149,2026-07-21 12:04:04.901236,0.3982504474161755,lstm
SVC-000021,EVT-0044150,2026-07-21 12:04:16.912349,0.6275511736696097,lstm
DEV-000017,EVT-0044151,2026-07-21 12:04:59.139583,0.9173540243336102,lstm
USR-000149,EVT-0044152,2026-07-21 12:05:06.863139,0.9287798034181288,lstm
SVC-000039,EVT-0044153,2026-07-21 12:06:27.394119,0.3848367181788928,lstm
USR-000129,EVT-0044154,2026-07-21 12:07:23.323102,0.4517454567043584,lstm
SVC-000039,EVT-0044155,2026-07-21 12:08:26.538555,0.5679878163363988,lstm
USR-000011,EVT-0044156,2026-07-21 12:09:37.519222,0.6264230275897028,lstm
DEV-000010,EVT-0044157,2026-07-21 12:11:32.164179,0.15881454612937002,lstm
SVC-000039,EVT-0044158,2026-07-21 12:11:58.056528,0.4573550584377923,lstm
USR-000036,EVT-0044159,2026-07-21 12:12:26.057968,0.32346953957687424,lstm
USR-000024,EVT-0044160,2026-07-21 12:12:39.177978,0.26310437521354424,lstm
DEV-000003,EVT-0044161,2026-07-21 12:14:54.880975,0.31395928953246893,lstm
USR-000022,EVT-0044162,2026-07-21 12:14:57.339885,0.42728703036481813,lstm
USR-000104,EVT-0044163,2026-07-21 12:17:20.848046,0.7017007817752557,lstm
USR-000069,EVT-0044164,2026-07-21 12:17:37.190469,0.28473945801409367,lstm
SVC-000001,EVT-0044165,2026-07-21 12:18:19.083343,0.8424874402304068,lstm
USR-000054,EVT-0044166,2026-07-21 12:18:21.799073,0.26951641678795646,lstm
USR-000019,EVT-0044167,2026-07-21 12:18:22.302332,0.5415893419135175,lstm
USR-000021,EVT-0044168,2026-07-21 12:18:57.984442,0.3958697972270138,lstm
SVC-000017,EVT-0044169,2026-07-21 12:19:29.379464,0.9871989161547982,lstm
SVC-000053,EVT-0044170,2026-07-21 12:20:47.242506,0.4795267407762092,lstm
SVC-000050,EVT-0044171,2026-07-21 12:21:00.151989,0.3019144092697831,lstm
DEV-000002,EVT-0044172,2026-07-21 12:21:18.598376,0.3958726307835248,lstm
SVC-000021,EVT-0044173,2026-07-21 12:23:03.864834,0.27728795572666376,lstm
USR-000102,EVT-0044174,2026-07-21 12:23:37.182902,0.36745825761576606,lstm
USR-000136,EVT-0044175,2026-07-21 12:23:47.800741,0.5999163305827493,lstm
SVC-000050,EVT-0044176,2026-07-21 12:24:26.980202,0.4867133600830012,lstm
USR-000024,EVT-0044177,2026-07-21 12:25:21.225202,0.31283283466057155,lstm
USR-000201,EVT-0044178,2026-07-21 12:25:50.535500,0.48390860111215267,lstm
USR-000011,EVT-0044179,2026-07-21 12:27:28.985448,0.5095820501869535,lstm
USR-000056,EVT-0044180,2026-07-21 12:27:38.372468,0.8617868393149246,lstm
SVC-000001,EVT-0044181,2026-07-21 12:27:43.165913,0.7662881367030815,lstm
DEV-000003,EVT-0044182,2026-07-21 12:27:55.175645,0.4606837726731658,lstm
SVC-000050,EVT-0044183,2026-07-21 12:30:36.948349,0.46145563291794894,lstm
USR-000195,EVT-0044184,2026-07-21 12:32:01.718846,0.9058108483476024,lstm
SVC-000028,EVT-0044185,2026-07-21 12:32:27.989226,0.9960804713927407,lstm
USR-000155,EVT-0044186,2026-07-21 12:32:47.092532,0.5439323757974812,lstm
DEV-000024,EVT-0044187,2026-07-21 12:33:09.751947,0.6642704514873041,lstm
USR-000206,EVT-0044188,2026-07-21 12:33:11.155213,0.2930765010080897,lstm
USR-000010,EVT-0044189,2026-07-21 12:34:39.476598,0.589760620898484,lstm
USR-000095,EVT-0044190,2026-07-21 12:34:53.909815,0.2930312525725334,lstm
USR-000121,EVT-0044191,2026-07-21 12:36:48.566505,0.3792863214688542,lstm
SVC-000008,EVT-0044192,2026-07-21 12:37:02.501628,0.44670616106369576,lstm
USR-000200,EVT-0044193,2026-07-21 12:37:17.514370,0.6644347872390481,lstm
USR-000200,EVT-0044194,2026-07-21 12:37:44.027585,0.7801324782759205,lstm
DEV-000001,EVT-0044195,2026-07-21 12:37:50.242790,0.29701206271051983,lstm
SVC-000034,EVT-0044196,2026-07-21 12:38:26.975542,0.34396415465792185,lstm
DEV-000011,EVT-0044197,2026-07-21 12:38:27.683710,0.2692066598086426,lstm
USR-000069,EVT-0044198,2026-07-21 12:39:36.906475,0.8412927218832851,lstm
DEV-000010,EVT-0044199,2026-07-21 12:39:48.670647,0.2469317533335158,lstm
SVC-000034,EVT-0044200,2026-07-21 12:43:11.578845,0.4003347014418319,lstm
USR-000048,EVT-0044201,2026-07-21 12:43:43.204224,0.37360496664084836,lstm
USR-000058,EVT-0044202,2026-07-21 12:44:13.730656,0.4707901140965904,lstm
USR-000111,EVT-0044203,2026-07-21 12:44:49.706623,0.3893828241720638,lstm
USR-000017,EVT-0044204,2026-07-21 12:46:27.242954,0.47104738527485923,lstm
SVC-000034,EVT-0044205,2026-07-21 12:46:35.185703,0.35567685823524453,lstm
USR-000081,EVT-0044206,2026-07-21 12:49:26.049913,0.3060947206228487,lstm
USR-000162,EVT-0044207,2026-07-21 12:50:25.349016,0.549914938758182,lstm
SVC-000050,EVT-0044208,2026-07-21 12:50:39.339969,0.2613686870108446,lstm
SVC-000017,EVT-0044209,2026-07-21 12:50:43.088609,0.7405978393024676,lstm
USR-000021,EVT-0044210,2026-07-21 12:51:09.962916,0.27671785148847905,lstm
USR-000127,EVT-0044211,2026-07-21 12:51:55.355109,0.504030849758354,lstm
DEV-000010,EVT-0044212,2026-07-21 12:57:09.116314,0.3434860315857621,lstm
USR-000094,EVT-0044213,2026-07-21 12:57:28.638349,0.27635325966927693,lstm
USR-000081,EVT-0044214,2026-07-21 12:57:48.689256,0.6603767229677128,lstm
USR-000034,EVT-0044215,2026-07-21 12:58:20.229918,1.0,lstm
SVC-000034,EVT-0044216,2026-07-21 12:58:53.372633,0.43177784562067856,lstm
USR-000127,EVT-0044217,2026-07-21 12:59:32.825772,0.29385909122254733,lstm
SVC-000021,EVT-0044218,2026-07-21 12:59:41.274524,0.44329317458222284,lstm
USR-000099,EVT-0044219,2026-07-21 13:00:13.334487,0.39707536706266994,lstm
USR-000062,EVT-0044220,2026-07-21 13:00:28.362255,0.48072673794535786,lstm
USR-000125,EVT-0044221,2026-07-21 13:00:58.465092,0.3479416382564826,lstm
USR-000125,EVT-0044222,2026-07-21 13:01:24.438990,0.8967682375647379,lstm
SVC-000008,EVT-0044223,2026-07-21 13:02:24.317790,0.4594987041416476,lstm
SVC-000034,EVT-0044224,2026-07-21 13:03:24.609686,0.36360097710022354,lstm
USR-000030,EVT-0044225,2026-07-21 13:03:38.039118,0.2375127485741867,lstm
USR-000094,EVT-0044226,2026-07-21 13:04:24.347156,0.6384891159581404,lstm
USR-000048,EVT-0044227,2026-07-21 13:04:51.488377,0.6082672757373772,lstm
USR-000004,EVT-0044228,2026-07-21 13:05:35.992244,0.44320829047463545,lstm
USR-000212,EVT-0044229,2026-07-21 13:05:40.395377,0.4129877453887949,lstm
USR-000056,EVT-0044230,2026-07-21 13:05:54.699291,0.579024862910152,lstm
SVC-000021,EVT-0044231,2026-07-21 13:07:24.524279,0.43464227877125144,lstm
USR-000028,EVT-0044232,2026-07-21 13:08:30.819503,0.5893532287663613,lstm
USR-000209,EVT-0044233,2026-07-21 13:11:46.941045,0.6064650405758281,lstm
DEV-000016,EVT-0044234,2026-07-21 13:12:25.276567,0.2764298755641786,lstm
SVC-000017,EVT-0044235,2026-07-21 13:12:29.075097,0.3628645093677759,lstm
USR-000002,EVT-0044236,2026-07-21 13:12:31.468984,0.4972376609139609,lstm
USR-000139,EVT-0044237,2026-07-21 13:13:59.771265,0.5103995270567192,lstm
USR-000054,EVT-0044238,2026-07-21 13:14:49.134398,0.37226915758426726,lstm
USR-000112,EVT-0044239,2026-07-21 13:16:44.771656,0.35781903459697106,lstm
USR-000038,EVT-0044240,2026-07-21 13:16:46.545575,0.4817065648754762,lstm
USR-000035,EVT-0044241,2026-07-21 13:17:21.982487,0.6616218512428317,lstm
USR-000018,EVT-0044242,2026-07-21 13:18:36.601386,0.7627511021885632,lstm
SVC-000034,EVT-0044243,2026-07-21 13:18:47.930710,0.27682670221828837,lstm
SVC-000021,EVT-0044244,2026-07-21 13:19:09.690198,0.4152722349019753,lstm
USR-000047,EVT-0044245,2026-07-21 13:19:40.620294,0.4963142914482783,lstm
SVC-000043,EVT-0044246,2026-07-21 13:19:45.943187,0.999479403440622,lstm
USR-000110,EVT-0044247,2026-07-21 13:22:30.990917,0.6328078376654693,lstm
USR-000056,EVT-0044248,2026-07-21 13:22:38.728750,0.9660729959684563,lstm
USR-000004,EVT-0044249,2026-07-21 13:24:35.117394,0.38979531205095863,lstm
USR-000060,EVT-0044250,2026-07-21 13:25:59.283656,0.3132765175822475,lstm
USR-000139,EVT-0044251,2026-07-21 13:29:42.451490,0.688125056737587,lstm
USR-000129,EVT-0044252,2026-07-21 13:30:04.158915,0.2526319250719485,lstm
SVC-000021,EVT-0044253,2026-07-21 13:30:09.746599,0.6208949370971903,lstm
USR-000035,EVT-0044254,2026-07-21 13:31:32.908453,0.5904507284821306,lstm
USR-000060,EVT-0044255,2026-07-21 13:32:30.323368,0.43476897931548836,lstm
SVC-000034,EVT-0044256,2026-07-21 13:34:01.549362,0.6128432571142297,lstm
SVC-000008,EVT-0044257,2026-07-21 13:36:27.394883,0.4896478770170838,lstm
USR-000147,EVT-0044258,2026-07-21 13:38:19.166260,0.5643001683008863,lstm
SVC-000043,EVT-0044259,2026-07-21 13:39:15.394030,0.7736733367595692,lstm
USR-000103,EVT-0044260,2026-07-21 13:39:18.720270,0.4029145184432198,lstm
DEV-000008,EVT-0044261,2026-07-21 13:39:30.131509,0.591469219099417,lstm
USR-000097,EVT-0044262,2026-07-21 13:39:42.347168,0.31291678703512693,lstm
USR-000206,EVT-0044263,2026-07-21 13:42:35.326862,0.3399212533821052,lstm
USR-000160,EVT-0044264,2026-07-21 13:42:35.616849,0.2195364082970056,lstm
SVC-000028,EVT-0044265,2026-07-21 13:42:42.302022,0.6738026243864261,lstm
USR-000048,EVT-0044266,2026-07-21 13:43:10.317086,0.35352151014865985,lstm
USR-000056,EVT-0044267,2026-07-21 13:46:08.078700,0.41956509990111346,lstm
SVC-000021,EVT-0044268,2026-07-21 13:46:28.532919,0.6647880466148794,lstm
USR-000154,EVT-0044269,2026-07-21 13:46:29.402922,0.39586784363004857,lstm
USR-000160,EVT-0044270,2026-07-21 13:47:01.929024,0.5040309882017314,lstm
USR-000047,EVT-0044271,2026-07-21 13:47:12.960685,0.4790768420356031,lstm
USR-000101,EVT-0044272,2026-07-21 13:47:17.332860,0.4039822013137213,lstm
DEV-000021,EVT-0044273,2026-07-21 13:48:00.474532,0.3637670737248502,lstm
USR-000200,EVT-0044274,2026-07-21 13:50:51.572334,0.36572000364362245,lstm
USR-000023,EVT-0044275,2026-07-21 13:50:52.849828,0.4984060724219914,lstm
DEV-000004,EVT-0044276,2026-07-21 13:57:03.331215,0.5111670484167158,lstm
USR-000197,EVT-0044277,2026-07-21 13:58:02.707566,0.39093178404429185,lstm
USR-000154,EVT-0044278,2026-07-21 13:58:26.414555,0.41678657511848394,lstm
USR-000066,EVT-0044279,2026-07-21 13:58:41.194129,0.39143304930474265,lstm
USR-000204,EVT-0044280,2026-07-21 13:59:09.179163,0.37897420346193617,lstm
USR-000078,EVT-0044281,2026-07-21 13:59:35.514321,0.3329412828381038,lstm
USR-000047,EVT-0044282,2026-07-21 14:00:30.194039,0.47173517270674475,lstm
USR-000130,EVT-0044283,2026-07-21 14:00:40.601355,0.7157143337948026,lstm
DEV-000011,EVT-0044284,2026-07-21 14:01:17.594399,0.23293526680595292,lstm
USR-000064,EVT-0044285,2026-07-21 14:01:46.474238,0.7305628561315408,lstm
DEV-000018,EVT-0044286,2026-07-21 14:02:12.204820,0.2620428241260413,lstm
USR-000197,EVT-0044287,2026-07-21 14:04:26.128102,0.5604132837221228,lstm
USR-000197,EVT-0044288,2026-07-21 14:05:14.337357,0.7222518113995708,lstm
SVC-000027,EVT-0044289,2026-07-21 14:06:57.832499,0.9987984695476863,lstm
SVC-000028,EVT-0044290,2026-07-21 14:09:41.944872,0.43905216703144195,lstm
USR-000188,EVT-0044291,2026-07-21 14:10:15.189751,0.7535165861438984,lstm
USR-000130,EVT-0044292,2026-07-21 14:10:31.693597,0.9590046756397503,lstm
USR-000110,EVT-0044293,2026-07-21 14:10:33.603350,0.4023744456626331,lstm
DEV-000004,EVT-0044294,2026-07-21 14:11:17.059306,0.776182204729932,lstm
SVC-000027,EVT-0044295,2026-07-21 14:11:19.913124,0.6036723119342016,lstm
USR-000211,EVT-0044296,2026-07-21 14:12:54.953506,0.9245297641873792,lstm
USR-000046,EVT-0044297,2026-07-21 14:14:40.155124,0.4969172238491597,lstm
SVC-000026,EVT-0044298,2026-07-21 14:14:49.615133,0.9970178020568901,lstm
SVC-000043,EVT-0044299,2026-07-21 14:17:02.569228,0.4919658345261283,lstm
USR-000045,EVT-0044300,2026-07-21 14:18:01.874448,0.5051834712460712,lstm
SVC-000027,EVT-0044301,2026-07-21 14:20:01.928852,0.5025144741185493,lstm
USR-000070,EVT-0044302,2026-07-21 14:21:43.520559,0.4660372601469117,lstm
USR-000166,EVT-0044303,2026-07-21 14:22:17.546649,0.42224074842660025,lstm
DEV-000012,EVT-0044304,2026-07-21 14:22:39.537503,0.16489907092013067,lstm
SVC-000027,EVT-0044305,2026-07-21 14:25:16.320175,0.720135047447938,lstm
SVC-000026,EVT-0044306,2026-07-21 14:26:00.979907,0.5253681117468755,lstm
USR-000033,EVT-0044307,2026-07-21 14:26:08.200405,0.7516429315930309,lstm
USR-000003,EVT-0044308,2026-07-21 14:26:26.665100,0.48786395278568045,lstm
USR-000154,EVT-0044309,2026-07-21 14:26:41.047375,0.44413860433066044,lstm
USR-000121,EVT-0044310,2026-07-21 14:27:54.093463,0.6484894815732456,lstm
SVC-000027,EVT-0044311,2026-07-21 14:28:40.613550,0.6197825447038166,lstm
SVC-000027,EVT-0044312,2026-07-21 14:29:14.065624,0.5271525520674624,lstm
SVC-000010,EVT-0044313,2026-07-21 14:29:28.646173,0.9966778914327359,lstm
USR-000211,EVT-0044314,2026-07-21 14:30:07.965303,0.7785713524030465,lstm
SVC-000027,EVT-0044315,2026-07-21 14:32:05.033120,0.7087081637081714,lstm
USR-000173,EVT-0044316,2026-07-21 14:32:35.442399,0.21151981529191385,lstm
USR-000024,EVT-0044317,2026-07-21 14:35:20.591558,0.7137672466956871,lstm
SVC-000033,EVT-0044318,2026-07-21 14:36:54.141607,0.9825647500149168,lstm
SVC-000012,EVT-0044319,2026-07-21 14:37:32.800865,0.9912983323512848,lstm
SVC-000043,EVT-0044320,2026-07-21 14:41:46.368012,0.4633343540605288,lstm
SVC-000001,EVT-0044321,2026-07-21 14:41:59.811948,0.9087769738035919,lstm
USR-000200,EVT-0044322,2026-07-21 14:42:26.913266,0.3727828924874188,lstm
USR-000147,EVT-0044323,2026-07-21 14:42:32.458569,0.42511778507580406,lstm
USR-000109,EVT-0044324,2026-07-21 14:42:58.250817,0.6360810395887608,lstm
USR-000157,EVT-0044325,2026-07-21 14:43:48.413928,0.715346283152622,lstm
USR-000110,EVT-0044326,2026-07-21 14:43:54.701237,0.3603258441099682,lstm
USR-000084,EVT-0044327,2026-07-21 14:44:10.509213,0.46787056209159833,lstm
DEV-000007,EVT-0044328,2026-07-21 14:45:01.372705,0.744647037911973,lstm
SVC-000049,EVT-0044329,2026-07-21 14:45:13.244076,0.9312269405611626,lstm
USR-000089,EVT-0044330,2026-07-21 14:45:18.162319,0.9252336815747966,lstm
USR-000173,EVT-0044331,2026-07-21 14:45:44.858352,0.2636007920847915,lstm
SVC-000036,EVT-0044332,2026-07-21 14:45:54.586731,0.9975715339862402,lstm
SVC-000022,EVT-0044333,2026-07-21 14:47:59.305188,0.9987111672808373,lstm
USR-000110,EVT-0044334,2026-07-21 14:49:37.489468,0.5180697845313808,lstm
USR-000085,EVT-0044335,2026-07-21 14:52:34.118812,0.5317220825932347,lstm
SVC-000027,EVT-0044336,2026-07-21 14:52:57.818182,0.4814336888724644,lstm
SVC-000049,EVT-0044337,2026-07-21 14:54:16.389982,0.48922224180292534,lstm
SVC-000027,EVT-0044338,2026-07-21 14:55:40.766697,0.8480905084304359,lstm
SVC-000033,EVT-0044339,2026-07-21 14:56:26.588584,0.7290369367038079,lstm
USR-000193,EVT-0044340,2026-07-21 14:57:09.375014,0.328014012228166,lstm
SVC-000027,EVT-0044341,2026-07-21 14:58:10.756755,0.37833000048784815,lstm
SVC-000026,EVT-0044342,2026-07-21 14:58:50.785117,0.45189485795505613,lstm
USR-000081,EVT-0044343,2026-07-21 15:00:19.772935,0.37471572871252107,lstm
SVC-000026,EVT-0044344,2026-07-21 15:00:25.033434,0.5308425884125108,lstm
USR-000062,EVT-0044345,2026-07-21 15:00:55.381002,0.26311781046106175,lstm
USR-000045,EVT-0044346,2026-07-21 15:01:07.233831,0.2827527900336561,lstm
USR-000104,EVT-0044347,2026-07-21 15:01:11.860879,0.5060176111755157,lstm
SVC-000027,EVT-0044348,2026-07-21 15:02:02.821159,0.5343578386236569,lstm
DEV-000007,EVT-0044349,2026-07-21 15:02:28.289087,0.7477546481935096,lstm
USR-000117,EVT-0044350,2026-07-21 15:03:40.362567,0.9655358034915429,lstm
SVC-000005,EVT-0044351,2026-07-21 15:04:36.468898,0.9631418853462609,lstm
SVC-000036,EVT-0044352,2026-07-21 15:05:12.509226,0.41343575769608476,lstm
SVC-000036,EVT-0044353,2026-07-21 15:05:48.779051,0.9785799593707774,lstm
USR-000056,EVT-0044354,2026-07-21 15:06:58.465299,0.3798471918736647,lstm
USR-000127,EVT-0044355,2026-07-21 15:07:10.937167,0.34774386417301006,lstm
SVC-000012,EVT-0044356,2026-07-21 15:07:16.092797,0.396449058255188,lstm
USR-000202,EVT-0044357,2026-07-21 15:07:42.520716,0.3898139185538979,lstm
SVC-000027,EVT-0044358,2026-07-21 15:07:44.894800,0.47547498106642494,lstm
USR-000029,EVT-0044359,2026-07-21 15:08:15.429866,0.4411651814548192,lstm
USR-000111,EVT-0044360,2026-07-21 15:08:50.058686,0.5267117744890607,lstm
SVC-000012,EVT-0044361,2026-07-21 15:10:13.489680,0.6224771246868821,lstm
USR-000017,EVT-0044362,2026-07-21 15:10:29.461986,0.23477595210276248,lstm
USR-000023,EVT-0044363,2026-07-21 15:10:42.370675,0.4841784120118237,lstm
USR-000046,EVT-0044364,2026-07-21 15:11:28.477605,0.4442196490950256,lstm
USR-000175,EVT-0044365,2026-07-21 15:11:36.018281,0.45385477749301006,lstm
USR-000154,EVT-0044366,2026-07-21 15:13:38.891559,0.26107027736944866,lstm
SVC-000027,EVT-0044367,2026-07-21 15:14:36.098413,0.4817644377951707,lstm
USR-000018,EVT-0044368,2026-07-21 15:14:49.585267,0.3023819098356253,lstm
USR-000189,EVT-0044369,2026-07-21 15:14:56.810417,0.7622722268856508,lstm
DEV-000006,EVT-0044370,2026-07-21 15:15:51.314528,0.6567157640789008,lstm
DEV-000001,EVT-0044371,2026-07-21 15:16:07.273570,0.16145233615580679,lstm
USR-000087,EVT-0044372,2026-07-21 15:16:10.095211,0.7143710601992725,lstm
USR-000098,EVT-0044373,2026-07-21 15:16:36.891804,0.6753834527924647,lstm
USR-000201,EVT-0044374,2026-07-21 15:16:53.385354,0.403215993369259,lstm
USR-000024,EVT-0044375,2026-07-21 15:17:53.533560,0.5256931130565583,lstm
SVC-000027,EVT-0044376,2026-07-21 15:18:21.461124,0.3430435578947259,lstm
DEV-000014,EVT-0044377,2026-07-21 15:21:14.724828,0.7120090754986952,lstm
USR-000206,EVT-0044378,2026-07-21 15:21:45.015081,0.3967622420638012,lstm
USR-000160,EVT-0044379,2026-07-21 15:22:00.916584,0.2901816401288711,lstm
SVC-000027,EVT-0044380,2026-07-21 15:22:19.835695,0.7553531251860548,lstm
USR-000098,EVT-0044381,2026-07-21 15:22:21.674790,0.8592641351983354,lstm
USR-000185,EVT-0044382,2026-07-21 15:23:13.903550,0.8839112574835557,lstm
SVC-000036,EVT-0044383,2026-07-21 15:24:43.238279,0.4018496123679678,lstm
SVC-000049,EVT-0044384,2026-07-21 15:25:10.408757,0.2623910502853578,lstm
SVC-000028,EVT-0044385,2026-07-21 15:25:12.817728,0.5327190207619171,lstm
SVC-000028,EVT-0044386,2026-07-21 15:26:23.088359,0.7118809233429153,lstm
USR-000197,EVT-0044387,2026-07-21 15:28:34.942666,0.32554758554415925,lstm
SVC-000036,EVT-0044388,2026-07-21 15:28:52.872449,0.7467794649905547,lstm
USR-000057,EVT-0044389,2026-07-21 15:29:43.800720,0.9297754216541804,lstm
SVC-000036,EVT-0044390,2026-07-21 15:30:20.605786,0.4615185844524401,lstm
SVC-000036,EVT-0044391,2026-07-21 15:31:33.818671,0.7329346331867379,lstm
USR-000045,EVT-0044392,2026-07-21 15:31:54.075958,0.2758085398810469,lstm
USR-000110,EVT-0044393,2026-07-21 15:32:27.728091,0.36206594982233997,lstm
SVC-000026,EVT-0044394,2026-07-21 15:32:36.845057,0.3881341739675726,lstm
SVC-000026,EVT-0044395,2026-07-21 15:33:03.990580,0.6840872227090004,lstm
SVC-000038,EVT-0044396,2026-07-21 15:33:29.489587,0.9989257117921391,lstm
USR-000011,EVT-0044397,2026-07-21 15:34:15.537333,0.25249685198949645,lstm
USR-000183,EVT-0044398,2026-07-21 15:34:36.757198,0.3530921452593623,lstm
USR-000003,EVT-0044399,2026-07-21 15:35:44.441553,0.38148575880845503,lstm
USR-000209,EVT-0044400,2026-07-21 15:36:20.950036,0.28848801812135894,lstm
SVC-000010,EVT-0044401,2026-07-21 15:39:25.519311,0.436994519083975,lstm
USR-000166,EVT-0044402,2026-07-21 15:39:48.027822,0.4184233241775407,lstm
SVC-000050,EVT-0044403,2026-07-21 15:40:27.007487,0.8011946413643284,lstm
USR-000212,EVT-0044404,2026-07-21 15:40:56.343071,0.23103372973974398,lstm
SVC-000017,EVT-0044405,2026-07-21 15:41:07.442429,0.8000516572438021,lstm
USR-000004,EVT-0044406,2026-07-21 15:42:50.515096,0.2952553579982569,lstm
USR-000154,EVT-0044407,2026-07-21 15:44:44.980388,0.3057748470407589,lstm
USR-000109,EVT-0044408,2026-07-21 15:44:54.746147,0.33188698229894903,lstm
SVC-000036,EVT-0044409,2026-07-21 15:45:11.490559,0.26617461563741424,lstm
USR-000193,EVT-0044410,2026-07-21 15:47:05.727965,0.22819669390056393,lstm
SVC-000038,EVT-0044411,2026-07-21 15:48:03.132247,0.4689381424727962,lstm
SVC-000036,EVT-0044412,2026-07-21 15:48:24.789274,0.3718116589430561,lstm
SVC-000049,EVT-0044413,2026-07-21 15:48:27.449812,0.3516576794373943,lstm
DEV-000020,EVT-0044414,2026-07-21 15:48:39.305107,0.572914988654863,lstm
SVC-000038,EVT-0044415,2026-07-21 15:48:52.253548,0.9057974505575721,lstm
USR-000099,EVT-0044416,2026-07-21 15:49:13.959815,0.3796242658939284,lstm
SVC-000012,EVT-0044417,2026-07-21 15:49:20.375924,0.39226345931417717,lstm
USR-000070,EVT-0044418,2026-07-21 15:50:52.448568,0.2525558229666116,lstm
USR-000073,EVT-0044419,2026-07-21 15:51:38.073160,0.3688062189697538,lstm
USR-000037,EVT-0044420,2026-07-21 15:51:40.116271,0.49913965778531105,lstm
USR-000111,EVT-0044421,2026-07-21 15:51:46.018129,0.48276580561217286,lstm
SVC-000012,EVT-0044422,2026-07-21 15:53:37.421589,0.4803702561031887,lstm
SVC-000010,EVT-0044423,2026-07-21 15:54:34.857019,0.7706101225154115,lstm
USR-000070,EVT-0044424,2026-07-21 15:56:19.878208,0.5752384430481702,lstm
DEV-000025,EVT-0044425,2026-07-21 15:57:25.773827,0.43250446465021725,lstm
SVC-000010,EVT-0044426,2026-07-21 16:00:10.065629,0.3275542037905497,lstm
DEV-000014,EVT-0044427,2026-07-21 16:00:42.094900,0.7643250381509903,lstm
USR-000017,EVT-0044428,2026-07-21 16:01:28.485819,0.2774854802991629,lstm
USR-000017,EVT-0044429,2026-07-21 16:01:39.539034,0.742806464071722,lstm
SVC-000010,EVT-0044430,2026-07-21 16:01:45.512843,0.5777703750660387,lstm
USR-000211,EVT-0044431,2026-07-21 16:03:35.845959,0.2964809878797923,lstm
USR-000197,EVT-0044432,2026-07-21 16:04:08.300343,0.3758612325887359,lstm
DEV-000009,EVT-0044433,2026-07-21 16:04:16.142515,0.7038405987590508,lstm
DEV-000026,EVT-0044434,2026-07-21 16:04:16.491845,0.5814237680877141,lstm
USR-000200,EVT-0044435,2026-07-21 16:04:17.383006,0.7745790682343583,lstm
SVC-000036,EVT-0044436,2026-07-21 16:04:47.654317,0.7790318038427926,lstm
SVC-000049,EVT-0044437,2026-07-21 16:04:49.432079,0.3383465304952135,lstm
DEV-000016,EVT-0044438,2026-07-21 16:05:24.519286,0.5449282215416116,lstm
USR-000212,EVT-0044439,2026-07-21 16:05:31.754040,0.29571407630852264,lstm
USR-000128,EVT-0044440,2026-07-21 16:05:51.471645,0.6742578124900527,lstm
USR-000201,EVT-0044441,2026-07-21 16:06:20.501772,0.7272236884728367,lstm
USR-000192,EVT-0044442,2026-07-21 16:07:45.012184,0.4385380030085808,lstm
DEV-000006,EVT-0044443,2026-07-21 16:09:23.092452,0.47023131509982435,lstm
SVC-000033,EVT-0044444,2026-07-21 16:11:38.919805,0.46413185090336634,lstm
USR-000066,EVT-0044445,2026-07-21 16:12:44.563202,0.517055351380929,lstm
SVC-000027,EVT-0044446,2026-07-21 16:13:00.126395,0.6853006678152994,lstm
SVC-000036,EVT-0044447,2026-07-21 16:13:22.355590,0.6427118373780379,lstm
SVC-000027,EVT-0044448,2026-07-21 16:13:51.374415,0.964991910198875,lstm
SVC-000037,EVT-0044449,2026-07-21 16:13:58.556725,0.9729300015907546,lstm
DEV-000013,EVT-0044450,2026-07-21 16:15:33.204749,0.7633211619669398,lstm
USR-000146,EVT-0044451,2026-07-21 16:16:15.463427,0.5944094808654519,lstm
SVC-000029,EVT-0044452,2026-07-21 16:17:24.793861,0.964066581809685,lstm
USR-000210,EVT-0044453,2026-07-21 16:19:10.729832,0.8420233639910921,lstm
USR-000011,EVT-0044454,2026-07-21 16:21:17.756516,0.2391336457196979,lstm
USR-000045,EVT-0044455,2026-07-21 16:21:34.057661,0.342127958740234,lstm
SVC-000049,EVT-0044456,2026-07-21 16:22:31.703231,0.5070509213780755,lstm
USR-000104,EVT-0044457,2026-07-21 16:23:09.759326,0.4571508586749876,lstm
SVC-000029,EVT-0044458,2026-07-21 16:23:46.958694,0.8176642136727607,lstm
USR-000146,EVT-0044459,2026-07-21 16:24:21.193250,0.5963704840404473,lstm
SVC-000028,EVT-0044460,2026-07-21 16:24:41.093245,0.5806200909716518,lstm
USR-000149,EVT-0044461,2026-07-21 16:25:10.868736,0.3193959268573228,lstm
SVC-000038,EVT-0044462,2026-07-21 16:25:40.063524,0.3068048337307966,lstm
USR-000045,EVT-0044463,2026-07-21 16:25:49.337533,0.5851433955826423,lstm
USR-000173,EVT-0044464,2026-07-21 16:26:26.762416,0.23764966607120405,lstm
DEV-000026,EVT-0044465,2026-07-21 16:26:31.741928,0.6787123885462497,lstm
USR-000029,EVT-0044466,2026-07-21 16:26:37.853025,0.44024005266946087,lstm
USR-000056,EVT-0044467,2026-07-21 16:28:12.000754,0.36498298495093456,lstm
SVC-000010,EVT-0044468,2026-07-21 16:29:28.840656,0.35134199687092305,lstm
USR-000066,EVT-0044469,2026-07-21 16:31:21.797117,0.5363571729973156,lstm
USR-000209,EVT-0044470,2026-07-21 16:32:22.369227,0.5124144108963669,lstm
SVC-000036,EVT-0044471,2026-07-21 16:33:06.344372,0.32514134853193916,lstm
USR-000211,EVT-0044472,2026-07-21 16:34:38.763206,0.5964202406323622,lstm
USR-000035,EVT-0044473,2026-07-21 16:35:25.423100,0.6016242723184118,lstm
USR-000033,EVT-0044474,2026-07-21 16:35:42.829685,0.42008565002354453,lstm
SVC-000026,EVT-0044475,2026-07-21 16:35:55.139783,0.5667320611247519,lstm
SVC-000038,EVT-0044476,2026-07-21 16:37:29.467826,0.37898969347993894,lstm
DEV-000023,EVT-0044477,2026-07-21 16:37:37.454710,0.6773694779983302,lstm
USR-000018,EVT-0044478,2026-07-21 16:39:42.380593,0.2964449777826544,lstm
SVC-000010,EVT-0044479,2026-07-21 16:39:49.722738,0.233351287361103,lstm
SVC-000026,EVT-0044480,2026-07-21 16:45:28.502293,0.2884562251375861,lstm
USR-000136,EVT-0044481,2026-07-21 16:45:39.555501,0.27028327524318696,lstm
USR-000027,EVT-0044482,2026-07-21 16:45:41.620635,0.4071844224773214,lstm
SVC-000010,EVT-0044483,2026-07-21 16:47:25.602335,0.6653973807126343,lstm
USR-000127,EVT-0044484,2026-07-21 16:48:37.011475,0.39918215591689965,lstm
USR-000146,EVT-0044485,2026-07-21 16:51:00.260652,0.37167613556174245,lstm
USR-000101,EVT-0044486,2026-07-21 16:51:31.894832,0.39715021404496215,lstm
USR-000104,EVT-0044487,2026-07-21 16:52:29.508936,0.5526758980010189,lstm
USR-000037,EVT-0044488,2026-07-21 16:52:31.290294,0.27512697084575855,lstm
SVC-000029,EVT-0044489,2026-07-21 16:55:13.673022,0.5083173682605485,lstm
USR-000200,EVT-0044490,2026-07-21 16:56:29.681822,0.45717209254600344,lstm
SVC-000033,EVT-0044491,2026-07-21 16:57:59.015334,0.3733160202738912,lstm
SVC-000010,EVT-0044492,2026-07-21 17:00:42.104590,0.28479512127678,lstm
DEV-000008,EVT-0044493,2026-07-21 17:02:18.841223,0.4249524176086625,lstm
SVC-000010,EVT-0044494,2026-07-21 17:04:34.030934,0.5001492829029752,lstm
USR-000110,EVT-0044495,2026-07-21 17:06:01.256166,0.31159838120986705,lstm
SVC-000037,EVT-0044496,2026-07-21 17:06:45.505448,0.792432253411585,lstm
DEV-000006,EVT-0044497,2026-07-21 17:07:35.031962,0.41035806488884263,lstm
USR-000127,EVT-0044498,2026-07-21 17:08:31.717038,0.8867969793710919,lstm
SVC-000026,EVT-0044499,2026-07-21 17:11:41.539850,0.7373393506546694,lstm
USR-000027,EVT-0044500,2026-07-21 17:12:44.379510,0.4147076553537307,lstm
SVC-000026,EVT-0044501,2026-07-21 17:15:50.508301,0.6773060094756318,lstm
SVC-000029,EVT-0044502,2026-07-21 17:18:15.304533,0.31672252104766735,lstm
USR-000186,EVT-0044503,2026-07-21 17:19:41.674833,0.7641784474411266,lstm
SVC-000026,EVT-0044504,2026-07-21 17:20:30.082986,0.3839051402144702,lstm
USR-000146,EVT-0044505,2026-07-21 17:21:06.672397,0.461313065664441,lstm
SVC-000033,EVT-0044506,2026-07-21 17:24:33.891630,0.41604786634989294,lstm
USR-000029,EVT-0044507,2026-07-21 17:25:50.936909,0.4870977189586452,lstm
SVC-000005,EVT-0044508,2026-07-21 17:26:18.891104,0.6402233851585608,lstm
USR-000201,EVT-0044509,2026-07-21 17:26:30.075474,0.5103800482991958,lstm
USR-000085,EVT-0044510,2026-07-21 17:28:01.751051,0.46497160105828234,lstm
SVC-000026,EVT-0044511,2026-07-21 17:31:07.015799,0.39938688754968793,lstm
USR-000003,EVT-0044512,2026-07-21 17:33:14.064241,0.29414862604153935,lstm
SVC-000010,EVT-0044513,2026-07-21 17:34:53.289926,0.5501711993220516,lstm
USR-000128,EVT-0044514,2026-07-21 17:37:35.249212,0.5008359746666547,lstm
DEV-000018,EVT-0044515,2026-07-21 17:38:03.301496,0.2708000548853665,lstm
SVC-000037,EVT-0044516,2026-07-21 17:39:18.674244,0.8489557670009749,lstm
USR-000035,EVT-0044517,2026-07-21 17:39:42.389282,0.6856980133104444,lstm
USR-000209,EVT-0044518,2026-07-21 17:43:56.109447,0.28117413894562737,lstm
DEV-000008,EVT-0044519,2026-07-21 17:45:17.807984,0.4680287127470913,lstm
USR-000088,EVT-0044520,2026-07-21 17:46:41.993398,0.8871430738216793,lstm
SVC-000026,EVT-0044521,2026-07-21 17:48:25.892193,0.7952527362042503,lstm
USR-000033,EVT-0044522,2026-07-21 17:48:27.031842,0.3595567402251588,lstm
SVC-000033,EVT-0044523,2026-07-21 17:49:23.957486,0.8564979342593885,lstm
SVC-000010,EVT-0044524,2026-07-21 17:49:42.154857,0.3938002557100504,lstm
USR-000173,EVT-0044525,2026-07-21 17:52:56.880966,0.31974394960066393,lstm
DEV-000024,EVT-0044526,2026-07-21 17:53:31.149309,0.5446734569233994,lstm
SVC-000026,EVT-0044527,2026-07-21 17:54:28.504979,0.45030832303550766,lstm
SVC-000023,EVT-0044528,2026-07-21 17:57:25.205864,0.9991423867991648,lstm
USR-000104,EVT-0044529,2026-07-21 17:58:27.265258,0.6316455637558788,lstm
USR-000027,EVT-0044530,2026-07-21 18:01:18.982419,0.3321990310281689,lstm
USR-000195,EVT-0044531,2026-07-21 18:02:19.932123,0.5404024622502137,lstm
USR-000147,EVT-0044532,2026-07-21 18:03:02.451535,0.3307212721199016,lstm
USR-000027,EVT-0044533,2026-07-21 18:03:52.509484,0.733813043984079,lstm
USR-000056,EVT-0044534,2026-07-21 18:06:00.557715,0.5080606911554856,lstm
SVC-000033,EVT-0044535,2026-07-21 18:07:55.460884,0.4851515851914498,lstm
USR-000185,EVT-0044536,2026-07-21 18:09:41.348909,0.49969606245926457,lstm
SVC-000010,EVT-0044537,2026-07-21 18:10:15.119313,0.48319625247306824,lstm
USR-000147,EVT-0044538,2026-07-21 18:11:31.549658,0.5393952383085776,lstm
USR-000011,EVT-0044539,2026-07-21 18:11:53.875004,0.3109313537991409,lstm
USR-000117,EVT-0044540,2026-07-21 18:11:56.568591,0.7544638689015616,lstm
USR-000037,EVT-0044541,2026-07-21 18:14:38.366159,0.33582160159777197,lstm
SVC-000006,EVT-0044542,2026-07-21 18:14:52.120714,0.9974020389599356,lstm
SVC-000006,EVT-0044543,2026-07-21 18:15:40.318556,0.5994254582199887,lstm
DEV-000009,EVT-0044544,2026-07-21 18:16:57.989935,0.4351813739604116,lstm
USR-000097,EVT-0044545,2026-07-21 18:17:08.252259,0.41477651547337296,lstm
SVC-000052,EVT-0044546,2026-07-21 18:20:36.598075,0.9699093106887257,lstm
SVC-000037,EVT-0044547,2026-07-21 18:20:47.510469,0.4761819849737069,lstm
DEV-000002,EVT-0044548,2026-07-21 18:21:55.941851,0.34661561541487296,lstm
SVC-000006,EVT-0044549,2026-07-21 18:22:33.434661,0.7321406819682307,lstm
SVC-000004,EVT-0044550,2026-07-21 18:25:18.957387,0.9641319638681307,lstm
SVC-000052,EVT-0044551,2026-07-21 18:27:00.486144,0.47284853378837216,lstm
USR-000085,EVT-0044552,2026-07-21 18:28:52.721861,0.5274745122183021,lstm
USR-000212,EVT-0044553,2026-07-21 18:32:19.862203,0.5123286229765855,lstm
USR-000109,EVT-0044554,2026-07-21 18:33:31.697284,0.28668639795356293,lstm
SVC-000004,EVT-0044555,2026-07-21 18:33:40.786145,0.43639189809620493,lstm
DEV-000009,EVT-0044556,2026-07-21 18:34:57.510363,0.4641790049841635,lstm
DEV-000013,EVT-0044557,2026-07-21 18:36:00.586786,0.8822816795038999,lstm
SVC-000006,EVT-0044558,2026-07-21 18:37:10.023483,0.8531665607363648,lstm
DEV-000010,EVT-0044559,2026-07-21 18:38:01.936050,0.39460792216813445,lstm
USR-000027,EVT-0044560,2026-07-21 18:39:41.338655,0.2513424563266886,lstm
SVC-000010,EVT-0044561,2026-07-21 18:41:47.339777,0.39109268799118024,lstm
USR-000146,EVT-0044562,2026-07-21 18:43:14.374565,0.5724792756737267,lstm
USR-000212,EVT-0044563,2026-07-21 18:44:57.783354,0.5663413698257156,lstm
SVC-000006,EVT-0044564,2026-07-21 18:46:09.125290,0.2902882259099479,lstm
SVC-000044,EVT-0044565,2026-07-21 18:46:13.403554,0.9952268147232225,lstm
USR-000146,EVT-0044566,2026-07-21 18:52:41.070978,0.677692829240091,lstm
SVC-000033,EVT-0044567,2026-07-21 18:53:36.786776,0.59366360761262,lstm
USR-000097,EVT-0044568,2026-07-21 18:53:44.450849,0.973441853726604,lstm
SVC-000023,EVT-0044569,2026-07-21 18:54:32.076450,0.7355471176011094,lstm
SVC-000037,EVT-0044570,2026-07-21 18:57:22.508100,0.7742568788387695,lstm
DEV-000016,EVT-0044571,2026-07-21 18:59:09.185663,0.7177748736009997,lstm
SVC-000060,EVT-0044572,2026-07-21 19:00:10.631352,0.9992168146077491,lstm
SVC-000037,EVT-0044573,2026-07-21 19:05:44.223712,0.8391869856051657,lstm
SVC-000037,EVT-0044574,2026-07-21 19:06:16.568530,0.9408179135444487,lstm
USR-000017,EVT-0044575,2026-07-21 19:06:24.344502,0.4881348171810163,lstm
DEV-000017,EVT-0044576,2026-07-21 19:08:09.973839,0.4007246188724959,lstm
DEV-000010,EVT-0044577,2026-07-21 19:09:08.697274,0.44298175163053966,lstm
SVC-000006,EVT-0044578,2026-07-21 19:12:11.886737,0.36071338646038437,lstm
SVC-000004,EVT-0044579,2026-07-21 19:13:51.966892,0.3410476350282695,lstm
SVC-000061,EVT-0044580,2026-07-21 19:16:19.965024,0.9999271113159804,lstm
USR-000084,EVT-0044581,2026-07-21 19:19:54.561820,0.48550612503037743,lstm
SVC-000044,EVT-0044582,2026-07-21 19:20:25.422636,0.39342122462448553,lstm
USR-000037,EVT-0044583,2026-07-21 19:23:03.799983,0.3907786014171663,lstm
SVC-000004,EVT-0044584,2026-07-21 19:25:00.525653,0.32879671043009345,lstm
SVC-000057,EVT-0044585,2026-07-21 19:25:36.276613,0.9629669782858876,lstm
SVC-000023,EVT-0044586,2026-07-21 19:26:59.777471,0.6555663448895914,lstm
SVC-000052,EVT-0044587,2026-07-21 19:27:44.871687,0.29104032601945734,lstm
SVC-000052,EVT-0044588,2026-07-21 19:32:31.460677,0.537579110018283,lstm
USR-000011,EVT-0044589,2026-07-21 19:34:38.490055,0.45255124264961405,lstm
SVC-000006,EVT-0044590,2026-07-21 19:35:18.375735,0.818187201833812,lstm
SVC-000044,EVT-0044591,2026-07-21 19:37:15.969169,0.36435695508212945,lstm
SVC-000004,EVT-0044592,2026-07-21 19:37:51.324853,0.4859859620388148,lstm
SVC-000044,EVT-0044593,2026-07-21 19:38:31.771259,0.8015823096766382,lstm
SVC-000057,EVT-0044594,2026-07-21 19:38:46.625961,0.6419276675566272,lstm
USR-000056,EVT-0044595,2026-07-21 19:39:28.599692,0.5014815745381722,lstm
SVC-000052,EVT-0044596,2026-07-21 19:40:37.063353,0.3244646735007227,lstm
SVC-000044,EVT-0044597,2026-07-21 19:40:55.577762,0.4557557691634878,lstm
DEV-000022,EVT-0044598,2026-07-21 19:42:40.628698,0.5413636619968444,lstm
SVC-000004,EVT-0044599,2026-07-21 19:44:07.349024,0.3605330703397564,lstm
SVC-000052,EVT-0044600,2026-07-21 19:46:57.289724,0.4979907217724728,lstm
SVC-000052,EVT-0044601,2026-07-21 19:48:20.219065,0.5062039776393523,lstm
SVC-000061,EVT-0044602,2026-07-21 19:48:35.157401,0.9956290241835806,lstm
SVC-000006,EVT-0044603,2026-07-21 19:50:25.562454,0.46195206103132663,lstm
SVC-000044,EVT-0044604,2026-07-21 19:50:29.390338,0.514717155847341,lstm
SVC-000006,EVT-0044605,2026-07-21 19:52:41.378163,0.4579026096355918,lstm
SVC-000006,EVT-0044606,2026-07-21 19:53:28.402146,0.6483400766500066,lstm
USR-000117,EVT-0044607,2026-07-21 19:54:35.746392,0.7164069882797729,lstm
SVC-000004,EVT-0044608,2026-07-21 19:57:02.867300,0.3534958429446305,lstm
USR-000117,EVT-0044609,2026-07-21 19:57:08.512130,0.8941575641565715,lstm
USR-000146,EVT-0044610,2026-07-21 19:58:09.535516,0.3681832051457935,lstm
SVC-000060,EVT-0044611,2026-07-21 20:00:26.736833,0.9323801765134713,lstm
USR-000147,EVT-0044612,2026-07-21 20:00:36.774505,0.41961628368604487,lstm
SVC-000006,EVT-0044613,2026-07-21 20:01:44.310474,0.37815358030171375,lstm
USR-000109,EVT-0044614,2026-07-21 20:02:09.286885,0.37144026315365797,lstm
USR-000192,EVT-0044615,2026-07-21 20:04:06.106446,0.41786141858632825,lstm
SVC-000006,EVT-0044616,2026-07-21 20:04:22.172118,0.44181937402873805,lstm
DEV-000011,EVT-0044617,2026-07-21 20:05:51.350083,0.4852995355227001,lstm
SVC-000006,EVT-0044618,2026-07-21 20:07:05.742617,0.7759100557020177,lstm
USR-000110,EVT-0044619,2026-07-21 20:07:50.946714,0.48489995814012615,lstm
SVC-000060,EVT-0044620,2026-07-21 20:08:25.803170,0.8319888318221036,lstm
USR-000211,EVT-0044621,2026-07-21 20:10:58.391510,0.298049626577455,lstm
SVC-000004,EVT-0044622,2026-07-21 20:11:25.779123,0.3337588550270922,lstm
SVC-000052,EVT-0044623,2026-07-21 20:13:37.359881,0.29281686252251116,lstm
SVC-000052,EVT-0044624,2026-07-21 20:13:58.169534,0.6185018932567087,lstm
DEV-000024,EVT-0044625,2026-07-21 20:14:10.165661,0.6289180810416867,lstm
SVC-000035,EVT-0044626,2026-07-21 20:14:10.252711,0.9459121167944639,lstm
SVC-000035,EVT-0044627,2026-07-21 20:16:52.543661,0.7031546438596122,lstm
SVC-000061,EVT-0044628,2026-07-21 20:17:41.629870,0.9620530507982361,lstm
SVC-000004,EVT-0044629,2026-07-21 20:18:33.892951,0.27289244493407644,lstm
SVC-000048,EVT-0044630,2026-07-21 20:19:58.481645,0.960604502096348,lstm
DEV-000009,EVT-0044631,2026-07-21 20:20:51.936844,0.2398493561363684,lstm
USR-000002,EVT-0044632,2026-07-21 20:21:28.415122,0.48904082701744506,lstm
SVC-000061,EVT-0044633,2026-07-21 20:26:30.944581,0.8387402997690769,lstm
SVC-000044,EVT-0044634,2026-07-21 20:26:38.499811,0.6612202417122311,lstm
SVC-000061,EVT-0044635,2026-07-21 20:27:34.065392,0.9887758820053231,lstm
SVC-000057,EVT-0044636,2026-07-21 20:29:40.873462,0.6063917693381401,lstm
SVC-000052,EVT-0044637,2026-07-21 20:30:45.986678,0.2810137756915791,lstm
DEV-000015,EVT-0044638,2026-07-21 20:33:15.178720,0.9420327440895613,lstm
SVC-000023,EVT-0044639,2026-07-21 20:34:04.317770,0.6074837131521451,lstm
SVC-000058,EVT-0044640,2026-07-21 20:34:31.269363,0.9869003186658252,lstm
SVC-000057,EVT-0044641,2026-07-21 20:34:45.361198,0.6563432601027316,lstm
SVC-000061,EVT-0044642,2026-07-21 20:35:08.662301,0.9901938428303968,lstm
SVC-000048,EVT-0044643,2026-07-21 20:35:59.660752,0.43357717816963687,lstm
SVC-000061,EVT-0044644,2026-07-21 20:36:19.832037,0.9028956097133894,lstm
SVC-000006,EVT-0044645,2026-07-21 20:38:52.168873,0.5753511186767372,lstm
SVC-000047,EVT-0044646,2026-07-21 20:40:03.945911,0.9824142730654126,lstm
USR-000084,EVT-0044647,2026-07-21 20:41:31.030840,0.5621906757024767,lstm
SVC-000044,EVT-0044648,2026-07-21 20:43:19.119363,0.4293620592582404,lstm
SVC-000052,EVT-0044649,2026-07-21 20:44:30.176074,0.25591606245229936,lstm
SVC-000061,EVT-0044650,2026-07-21 20:46:55.959329,0.994032591573462,lstm
SVC-000035,EVT-0044651,2026-07-21 20:47:03.136037,0.5423601059722746,lstm
SVC-000054,EVT-0044652,2026-07-21 20:52:34.600423,0.9925009146039221,lstm
SVC-000054,EVT-0044653,2026-07-21 20:52:46.251903,0.8709845024045683,lstm
SVC-000058,EVT-0044654,2026-07-21 20:55:52.196457,0.5473856377288161,lstm
SVC-000033,EVT-0044655,2026-07-21 20:55:59.510163,0.8286943282240152,lstm
SVC-000048,EVT-0044656,2026-07-21 21:01:42.911833,0.25439378706133237,lstm
SVC-000052,EVT-0044657,2026-07-21 21:04:03.307974,0.31469929738881014,lstm
SVC-000004,EVT-0044658,2026-07-21 21:10:32.830115,0.3600208146633612,lstm
SVC-000023,EVT-0044659,2026-07-21 21:14:30.971471,0.6002787336188896,lstm
SVC-000035,EVT-0044660,2026-07-21 21:20:24.207368,0.4824503563663214,lstm
SVC-000035,EVT-0044661,2026-07-21 21:22:51.768271,0.44624881048706794,lstm
DEV-000026,EVT-0044662,2026-07-21 21:23:36.053910,0.644308848612594,lstm
USR-000073,EVT-0044663,2026-07-21 21:23:44.157111,0.6192448961260912,lstm
DEV-000026,EVT-0044664,2026-07-21 21:24:55.352306,0.9687559964782049,lstm
SVC-000045,EVT-0044665,2026-07-21 21:25:42.653695,0.9868357843665794,lstm
USR-000146,EVT-0044666,2026-07-21 21:29:30.274828,0.41383712702689984,lstm
SVC-000058,EVT-0044667,2026-07-21 21:33:20.705016,0.2542444799171054,lstm
SVC-000047,EVT-0044668,2026-07-21 21:34:53.520409,0.351933509031183,lstm
SVC-000035,EVT-0044669,2026-07-21 21:37:09.543935,0.259200798865742,lstm
DEV-000001,EVT-0044670,2026-07-21 21:40:53.373579,0.5641283151476788,lstm
SVC-000044,EVT-0044671,2026-07-21 21:41:17.325028,0.8742469233633265,lstm
SVC-000058,EVT-0044672,2026-07-21 21:41:41.047551,0.21685382211367268,lstm
SVC-000047,EVT-0044673,2026-07-21 21:42:09.167294,0.7424334311261375,lstm
DEV-000003,EVT-0044674,2026-07-21 21:42:19.754455,0.728946968648531,lstm
SVC-000058,EVT-0044675,2026-07-21 21:43:07.902671,0.6595078209711471,lstm
SVC-000054,EVT-0044676,2026-07-21 21:44:23.562155,0.3922195545658764,lstm
SVC-000045,EVT-0044677,2026-07-21 21:46:50.240242,0.43561281980304223,lstm
SVC-000058,EVT-0044678,2026-07-21 21:46:53.272987,0.2870914720585025,lstm
USR-000027,EVT-0044679,2026-07-21 21:48:02.986299,0.9420417988396974,lstm
SVC-000054,EVT-0044680,2026-07-21 21:49:13.184634,0.3587947147765001,lstm
SVC-000045,EVT-0044681,2026-07-21 21:53:36.211577,0.8309321035860228,lstm
SVC-000048,EVT-0044682,2026-07-21 21:55:44.172693,0.32859800191469857,lstm
SVC-000048,EVT-0044683,2026-07-21 21:58:34.941700,0.6070576709024084,lstm
SVC-000054,EVT-0044684,2026-07-21 22:01:40.004746,0.3073676441465647,lstm
SVC-000047,EVT-0044685,2026-07-21 22:01:41.334813,0.26222267167296387,lstm
SVC-000047,EVT-0044686,2026-07-21 22:02:24.713658,0.5509290678618599,lstm
SVC-000054,EVT-0044687,2026-07-21 22:05:12.439811,0.3847429512743857,lstm
SVC-000002,EVT-0044688,2026-07-21 22:06:47.697141,0.9970605327024081,lstm
SVC-000035,EVT-0044689,2026-07-21 22:10:02.958676,0.2709391120816584,lstm
SVC-000048,EVT-0044690,2026-07-21 22:11:08.604656,0.31752954837955105,lstm
SVC-000054,EVT-0044691,2026-07-21 22:11:45.472088,0.4670351889865488,lstm
DEV-000006,EVT-0044692,2026-07-21 22:13:49.180790,0.14409319873192952,lstm
USR-000202,EVT-0044693,2026-07-21 22:15:44.979048,0.8923376654173565,lstm
SVC-000045,EVT-0044694,2026-07-21 22:16:03.317329,0.3925005904354144,lstm
SVC-000004,EVT-0044695,2026-07-21 22:16:45.579497,0.6427405134154129,lstm
SVC-000045,EVT-0044696,2026-07-21 22:16:48.919256,0.6884651594877315,lstm
SVC-000047,EVT-0044697,2026-07-21 22:21:24.568648,0.24078096268001634,lstm
DEV-000023,EVT-0044698,2026-07-21 22:22:04.576877,0.3716265902520196,lstm
SVC-000047,EVT-0044699,2026-07-21 22:24:16.224069,0.33923869875346757,lstm
SVC-000045,EVT-0044700,2026-07-21 22:24:30.775964,0.7838010424558205,lstm
DEV-000001,EVT-0044701,2026-07-21 22:27:07.796877,0.2883980331080088,lstm
SVC-000002,EVT-0044702,2026-07-21 22:31:07.355352,0.31643598096718256,lstm
SVC-000047,EVT-0044703,2026-07-21 22:31:43.947246,0.26095479215781175,lstm
SVC-000025,EVT-0044704,2026-07-21 22:33:28.642002,0.9831610567741011,lstm
SVC-000004,EVT-0044705,2026-07-21 22:34:47.097631,0.5044497716364202,lstm
SVC-000002,EVT-0044706,2026-07-21 22:42:30.856492,0.3193605097453862,lstm
SVC-000032,EVT-0044707,2026-07-21 22:44:26.065550,0.9585530250910586,lstm
SVC-000035,EVT-0044708,2026-07-21 22:47:02.885261,0.3843508273055106,lstm
SVC-000059,EVT-0044709,2026-07-21 22:47:26.638987,0.9916201767566689,lstm
SVC-000045,EVT-0044710,2026-07-21 22:48:04.408962,0.2852817840269101,lstm
SVC-000032,EVT-0044711,2026-07-21 22:48:39.248276,0.3428666830160789,lstm
SVC-000002,EVT-0044712,2026-07-21 22:48:52.058324,0.24793669760467116,lstm
SVC-000002,EVT-0044713,2026-07-21 22:51:04.153226,0.44381065788880736,lstm
SVC-000047,EVT-0044714,2026-07-21 22:51:17.019470,0.3940103808693138,lstm
SVC-000054,EVT-0044715,2026-07-21 22:52:17.572152,0.33085537868484827,lstm
DEV-000002,EVT-0044716,2026-07-21 22:56:22.844003,0.26822543896942425,lstm
SVC-000047,EVT-0044717,2026-07-21 22:56:47.267863,0.28239342339184254,lstm
SVC-000032,EVT-0044718,2026-07-21 23:01:52.290160,0.4166080257729215,lstm
SVC-000059,EVT-0044719,2026-07-21 23:02:15.422892,0.42316537169288304,lstm
DEV-000005,EVT-0044720,2026-07-21 23:03:19.110040,0.41749393773596866,lstm
SVC-000059,EVT-0044721,2026-07-21 23:04:52.076457,0.5265209833224662,lstm
SVC-000002,EVT-0044722,2026-07-21 23:11:52.650421,0.33022990272991576,lstm
SVC-000047,EVT-0044723,2026-07-21 23:12:00.260311,0.406207786397311,lstm
USR-000141,EVT-0044724,2026-07-21 23:15:02.190899,0.3764144548751942,lstm
DEV-000022,EVT-0044725,2026-07-21 23:16:14.764325,0.19554768927444935,lstm
DEV-000023,EVT-0044726,2026-07-21 23:17:22.866173,0.40320566817505005,lstm
SVC-000059,EVT-0044727,2026-07-21 23:23:29.538458,0.28784833947531535,lstm
DEV-000004,EVT-0044728,2026-07-21 23:23:32.286943,0.4477088824148843,lstm
SVC-000059,EVT-0044729,2026-07-21 23:24:29.230150,0.623334428758408,lstm
SVC-000041,EVT-0044730,2026-07-21 23:26:47.134275,0.9946691819455732,lstm
SVC-000059,EVT-0044731,2026-07-21 23:27:35.112685,0.38963410401601073,lstm
SVC-000056,EVT-0044732,2026-07-21 23:29:30.497534,0.979757005181918,lstm
SVC-000035,EVT-0044733,2026-07-21 23:32:19.467409,0.422987644674911,lstm
USR-000150,EVT-0044734,2026-07-21 23:35:44.278291,0.5765400431881472,lstm
SVC-000041,EVT-0044735,2026-07-21 23:36:08.528690,0.5772506192283969,lstm
USR-000141,EVT-0044736,2026-07-21 23:37:38.406708,0.3399182711270002,lstm
SVC-000059,EVT-0044737,2026-07-21 23:39:47.444282,0.2571881606460095,lstm
SVC-000041,EVT-0044738,2026-07-21 23:40:27.077204,0.7612234460511869,lstm
SVC-000041,EVT-0044739,2026-07-21 23:41:23.655858,0.9483192061383768,lstm
SVC-000002,EVT-0044740,2026-07-21 23:42:07.494572,0.5027769320105947,lstm
SVC-000059,EVT-0044741,2026-07-21 23:42:13.972303,0.4015143919918974,lstm
DEV-000026,EVT-0044742,2026-07-21 23:44:58.541912,0.35145716229832474,lstm
USR-000211,EVT-0044743,2026-07-21 23:47:20.736855,0.6412317731835517,lstm
SVC-000025,EVT-0044744,2026-07-21 23:49:26.085955,0.3683741481889354,lstm
USR-000141,EVT-0044745,2026-07-21 23:49:47.865454,0.6163246337484946,lstm
SVC-000002,EVT-0044746,2026-07-21 23:51:47.771250,0.38978450794445213,lstm
SVC-000059,EVT-0044747,2026-07-21 23:53:15.432658,0.2564831147952424,lstm
SVC-000025,EVT-0044748,2026-07-21 23:53:42.089235,0.4887122823442794,lstm
SVC-000025,EVT-0044749,2026-07-21 23:53:53.803052,0.8094845002923878,lstm
SVC-000059,EVT-0044750,2026-07-21 23:54:17.963223,0.4993744319365049,lstm
SVC-000059,EVT-0044751,2026-07-21 23:55:48.122956,0.4169595218968369,lstm
DEV-000003,EVT-0044752,2026-07-21 23:58:05.699108,0.5067828678802743,lstm
SVC-000032,EVT-0044753,2026-07-21 23:59:40.747275,0.6310984759884003,lstm
DEV-000016,EVT-0044754,2026-07-22 00:03:25.893377,0.7954479701364504,lstm
USR-000141,EVT-0044755,2026-07-22 00:04:44.077803,0.48973122438462874,lstm
SVC-000059,EVT-0044756,2026-07-22 00:04:57.134699,0.23949288559600523,lstm
USR-000163,EVT-0044757,2026-07-22 00:08:33.287301,0.7980041641963272,lstm
USR-000122,EVT-0044758,2026-07-22 00:18:45.197456,0.6804328740264544,lstm
SVC-000056,EVT-0044759,2026-07-22 00:21:36.814772,0.4919950165190598,lstm
SVC-000059,EVT-0044760,2026-07-22 00:23:45.206046,0.24243537234954954,lstm
DEV-000011,EVT-0044761,2026-07-22 00:23:51.333266,0.5195828247954893,lstm
SVC-000056,EVT-0044762,2026-07-22 00:25:33.724120,0.7100912931958849,lstm
DEV-000002,EVT-0044763,2026-07-22 00:26:33.347314,0.33319370076766536,lstm
DEV-000007,EVT-0044764,2026-07-22 00:29:46.665241,0.3896193199933438,lstm
SVC-000025,EVT-0044765,2026-07-22 00:29:46.684149,0.6225344856509707,lstm
SVC-000025,EVT-0044766,2026-07-22 00:32:26.796708,0.7091819494290822,lstm
SVC-000059,EVT-0044767,2026-07-22 00:35:13.229917,0.23327407894637361,lstm
DEV-000008,EVT-0044768,2026-07-22 00:47:20.748815,0.6590734989559673,lstm
DEV-000008,EVT-0044769,2026-07-22 00:48:08.532034,0.9778733908328616,lstm
USR-000141,EVT-0044770,2026-07-22 00:53:50.183776,0.31015349197161,lstm
DEV-000003,EVT-0044771,2026-07-22 00:54:16.768810,0.5857274522355462,lstm
SVC-000059,EVT-0044772,2026-07-22 00:54:25.044960,0.2530657690507731,lstm
USR-000106,EVT-0044773,2026-07-22 00:56:11.885800,0.8037480653740317,lstm
SVC-000056,EVT-0044774,2026-07-22 01:01:15.328017,0.3882741420302646,lstm
USR-000163,EVT-0044775,2026-07-22 01:01:48.536151,0.8775375593416422,lstm
USR-000122,EVT-0044776,2026-07-22 01:03:43.430464,0.7478958234514986,lstm
DEV-000024,EVT-0044777,2026-07-22 01:06:24.315560,0.44966244247217046,lstm
USR-000106,EVT-0044778,2026-07-22 01:08:40.443120,0.6857671611194209,lstm
USR-000165,EVT-0044779,2026-07-22 01:11:21.129201,0.9554211110450901,lstm
SVC-000041,EVT-0044780,2026-07-22 01:15:51.008981,0.8072206987058602,lstm
USR-000122,EVT-0044781,2026-07-22 01:23:35.598765,0.6636158673914315,lstm
DEV-000010,EVT-0044782,2026-07-22 01:25:17.766648,0.8225593497100352,lstm
SVC-000041,EVT-0044783,2026-07-22 01:28:44.097239,0.6407788424812418,lstm
DEV-000013,EVT-0044784,2026-07-22 01:39:59.531742,0.6875644864012522,lstm
USR-000141,EVT-0044785,2026-07-22 01:41:04.378498,1.0,lstm
SVC-000018,EVT-0044786,2026-07-22 01:41:21.652142,0.9971300894662701,lstm
SVC-000018,EVT-0044787,2026-07-22 01:43:58.371992,0.7789627253316689,lstm
SVC-000018,EVT-0044788,2026-07-22 01:46:38.722596,0.4435457970789462,lstm
DEV-000007,EVT-0044789,2026-07-22 01:48:37.665617,0.31744978253370165,lstm
USR-000106,EVT-0044790,2026-07-22 01:51:46.417878,0.36833103399882344,lstm
USR-000163,EVT-0044791,2026-07-22 01:54:54.210957,0.7400259436596506,lstm
DEV-000011,EVT-0044792,2026-07-22 01:57:34.994206,0.43272491977735644,lstm
USR-000165,EVT-0044793,2026-07-22 01:59:09.806513,0.5573388560312024,lstm
DEV-000025,EVT-0044794,2026-07-22 01:59:19.317303,0.9349427475544733,lstm
SVC-000018,EVT-0044795,2026-07-22 02:07:40.213347,0.36629352491158224,lstm
DEV-000026,EVT-0044796,2026-07-22 02:09:41.865339,0.3355790081276218,lstm
SVC-000018,EVT-0044797,2026-07-22 02:16:27.928429,0.4477879814165662,lstm
SVC-000041,EVT-0044798,2026-07-22 02:18:15.826792,0.7150881808888581,lstm
USR-000141,EVT-0044799,2026-07-22 02:19:57.347209,0.67535346784488,lstm
SVC-000018,EVT-0044800,2026-07-22 02:25:47.029571,0.6874090415285523,lstm
DEV-000002,EVT-0044801,2026-07-22 02:26:05.972223,0.3141219424003403,lstm
SVC-000018,EVT-0044802,2026-07-22 02:32:22.063963,0.49741157758364773,lstm
SVC-000018,EVT-0044803,2026-07-22 02:32:24.513379,0.7320668240678838,lstm
SVC-000041,EVT-0044804,2026-07-22 02:33:00.836823,0.4921201083462535,lstm
SVC-000018,EVT-0044805,2026-07-22 02:34:21.685174,0.5790668188161172,lstm
SVC-000018,EVT-0044806,2026-07-22 02:38:17.348963,0.43824102500866546,lstm
USR-000122,EVT-0044807,2026-07-22 02:39:56.041665,0.38982901634798767,lstm
DEV-000017,EVT-0044808,2026-07-22 02:41:19.182268,0.62722743951772,lstm
USR-000041,EVT-0044809,2026-07-22 02:44:15.376968,0.8645891223623874,lstm
DEV-000008,EVT-0044810,2026-07-22 02:45:40.277203,0.4849401110439888,lstm
USR-000124,EVT-0044811,2026-07-22 02:53:13.152404,0.9876225722461155,lstm
SVC-000018,EVT-0044812,2026-07-22 02:54:23.352371,0.43956731218332296,lstm
SVC-000018,EVT-0044813,2026-07-22 02:55:20.037150,0.6262662768646668,lstm
USR-000163,EVT-0044814,2026-07-22 02:56:03.794664,0.5805219242111201,lstm
SVC-000018,EVT-0044815,2026-07-22 02:56:42.995319,0.40555219733994863,lstm
SVC-000018,EVT-0044816,2026-07-22 03:00:50.042945,0.45886213621602795,lstm
USR-000122,EVT-0044817,2026-07-22 03:05:58.260657,0.2689811602323016,lstm
SVC-000018,EVT-0044818,2026-07-22 03:12:11.616175,0.32741688254363926,lstm
SVC-000018,EVT-0044819,2026-07-22 03:14:53.777807,0.4093601561233061,lstm
DEV-000019,EVT-0044820,2026-07-22 03:30:32.365836,0.8724267605616682,lstm
SVC-000018,EVT-0044821,2026-07-22 03:31:34.375119,0.6113017247404433,lstm
DEV-000002,EVT-0044822,2026-07-22 03:43:24.010025,0.23926888011538047,lstm
SVC-000018,EVT-0044823,2026-07-22 03:43:54.920153,0.26914136067839406,lstm
DEV-000021,EVT-0044824,2026-07-22 03:45:44.370231,0.5948612697779896,lstm
SVC-000020,EVT-0044825,2026-07-22 03:46:10.427519,0.9920975553783612,lstm
DEV-000022,EVT-0044826,2026-07-22 03:46:26.188645,0.5278979375788017,lstm
USR-000165,EVT-0044827,2026-07-22 03:49:26.736000,0.4989173557024363,lstm
USR-000036,EVT-0044828,2026-07-22 03:57:14.101654,0.7379780898461091,lstm
SVC-000019,EVT-0044829,2026-07-22 04:00:28.172299,0.9957885428440948,lstm
DEV-000008,EVT-0044830,2026-07-22 04:01:20.763738,0.539126630676576,lstm
SVC-000007,EVT-0044831,2026-07-22 04:06:17.750041,0.9999462668368907,lstm
SVC-000019,EVT-0044832,2026-07-22 04:06:24.804142,0.28374324171571036,lstm
USR-000165,EVT-0044833,2026-07-22 04:09:23.562997,0.5496776099390107,lstm
SVC-000015,EVT-0044834,2026-07-22 04:11:37.879510,0.9605422441194434,lstm
SVC-000041,EVT-0044835,2026-07-22 04:12:21.214890,0.8453828367644932,lstm
SVC-000015,EVT-0044836,2026-07-22 04:14:08.653833,0.5853258578746878,lstm
SVC-000015,EVT-0044837,2026-07-22 04:14:18.760066,0.8723636971134262,lstm
USR-000082,EVT-0044838,2026-07-22 04:18:24.452574,0.6301601279569924,lstm
SVC-000007,EVT-0044839,2026-07-22 04:26:51.139458,0.8431844767350826,lstm
SVC-000007,EVT-0044840,2026-07-22 04:29:08.452262,0.5935803937849556,lstm
SVC-000015,EVT-0044841,2026-07-22 04:29:47.111937,0.27076046101225026,lstm
SVC-000007,EVT-0044842,2026-07-22 04:31:37.724823,0.7434385032742392,lstm
SVC-000015,EVT-0044843,2026-07-22 04:31:43.872496,0.49861552227501965,lstm
SVC-000015,EVT-0044844,2026-07-22 04:32:12.828003,0.6440448293336609,lstm
SVC-000015,EVT-0044845,2026-07-22 04:32:32.594196,0.5806812103906127,lstm
DEV-000019,EVT-0044846,2026-07-22 04:37:40.058476,0.46660165053050673,lstm
USR-000122,EVT-0044847,2026-07-22 04:40:09.308116,0.6379942853282422,lstm
DEV-000026,EVT-0044848,2026-07-22 04:44:44.795860,0.4182376674503683,lstm
DEV-000001,EVT-0044849,2026-07-22 04:46:12.746714,0.9206176404909024,lstm
SVC-000015,EVT-0044850,2026-07-22 04:47:27.494063,0.3292665831129734,lstm
SVC-000007,EVT-0044851,2026-07-22 04:53:22.916619,0.5158189263020116,lstm
DEV-000002,EVT-0044852,2026-07-22 04:53:48.366913,0.23787493209042937,lstm
SVC-000007,EVT-0044853,2026-07-22 04:53:51.320029,0.5782839065796431,lstm
SVC-000007,EVT-0044854,2026-07-22 04:56:12.605215,0.5010997859226453,lstm
SVC-000019,EVT-0044855,2026-07-22 04:58:14.839116,0.7042098813546799,lstm
SVC-000007,EVT-0044856,2026-07-22 04:58:51.099517,0.4454934632462946,lstm
SVC-000015,EVT-0044857,2026-07-22 05:00:59.961722,0.337469890943556,lstm
SVC-000015,EVT-0044858,2026-07-22 05:03:19.896214,0.47035384761295224,lstm
SVC-000007,EVT-0044859,2026-07-22 05:09:54.700683,0.28690689293049737,lstm
SVC-000019,EVT-0044860,2026-07-22 05:13:56.950595,0.2487233313808376,lstm
SVC-000020,EVT-0044861,2026-07-22 05:16:38.874327,0.42020218386081337,lstm
SVC-000007,EVT-0044862,2026-07-22 05:19:29.316499,0.477225430664858,lstm
USR-000060,EVT-0044863,2026-07-22 05:21:13.075540,0.9849165325740824,lstm
SVC-000007,EVT-0044864,2026-07-22 05:23:31.673371,0.3849285287846706,lstm
DEV-000025,EVT-0044865,2026-07-22 05:24:13.921315,0.8118227286703844,lstm
SVC-000020,EVT-0044866,2026-07-22 05:26:40.922434,0.5655367099911327,lstm
SVC-000019,EVT-0044867,2026-07-22 05:27:27.180829,0.22938607093590843,lstm
DEV-000016,EVT-0044868,2026-07-22 05:28:08.337738,0.47994985953124814,lstm
SVC-000020,EVT-0044869,2026-07-22 05:31:23.336295,0.5132877870462491,lstm
USR-000116,EVT-0044870,2026-07-22 05:36:28.028720,0.8527825060553281,lstm
SVC-000019,EVT-0044871,2026-07-22 05:38:11.407594,0.5016429654806465,lstm
USR-000207,EVT-0044872,2026-07-22 05:38:16.658152,0.8061372876219267,lstm
SVC-000019,EVT-0044873,2026-07-22 05:39:28.216219,0.3298208273301393,lstm
SVC-000019,EVT-0044874,2026-07-22 05:39:50.648721,0.5506299248507349,lstm
USR-000114,EVT-0044875,2026-07-22 05:42:53.753418,0.8404611080566108,lstm
SVC-000019,EVT-0044876,2026-07-22 05:43:20.079976,0.3405801529725781,lstm
SVC-000009,EVT-0044877,2026-07-22 05:46:46.244068,0.997248208713246,lstm
SVC-000007,EVT-0044878,2026-07-22 05:48:34.119184,0.4068786320947838,lstm
SVC-000019,EVT-0044879,2026-07-22 05:55:31.116160,0.31601260880618204,lstm
SVC-000019,EVT-0044880,2026-07-22 06:04:24.016696,0.28132120970489066,lstm
SVC-000019,EVT-0044881,2026-07-22 06:05:01.430896,0.48467837658385743,lstm
SVC-000009,EVT-0044882,2026-07-22 06:09:08.241792,0.3423920347086291,lstm
SVC-000031,EVT-0044883,2026-07-22 06:10:04.889557,0.952389319396196,lstm
SVC-000019,EVT-0044884,2026-07-22 06:10:31.506643,0.295138048976362,lstm
USR-000031,EVT-0044885,2026-07-22 06:12:21.051871,0.912838012334232,lstm
SVC-000031,EVT-0044886,2026-07-22 06:12:24.199366,0.4747062625060741,lstm
DEV-000015,EVT-0044887,2026-07-22 06:15:12.027372,0.8235544101037561,lstm
USR-000019,EVT-0044888,2026-07-22 06:17:32.321535,0.6582019910498104,lstm
DEV-000003,EVT-0044889,2026-07-22 06:19:54.737776,0.6479111087823527,lstm
SVC-000009,EVT-0044890,2026-07-22 06:20:11.173086,0.700494521131316,lstm
DEV-000018,EVT-0044891,2026-07-22 06:20:30.463149,0.864199606617879,lstm
USR-000067,EVT-0044892,2026-07-22 06:22:29.852348,0.5574906445301487,lstm
USR-000207,EVT-0044893,2026-07-22 06:23:29.596555,0.9539072272814298,lstm
SVC-000031,EVT-0044894,2026-07-22 06:23:43.145140,0.2523736445764359,lstm
DEV-000002,EVT-0044895,2026-07-22 06:27:04.517530,0.3392219547513742,lstm
DEV-000001,EVT-0044896,2026-07-22 06:29:49.875177,0.8236931587432053,lstm
SVC-000055,EVT-0044897,2026-07-22 06:33:34.097521,0.9912725709188358,lstm
SVC-000009,EVT-0044898,2026-07-22 06:36:32.613872,0.4324425649314004,lstm
SVC-000009,EVT-0044899,2026-07-22 06:42:29.662338,0.7795028333233218,lstm
USR-000031,EVT-0044900,2026-07-22 06:42:30.699600,0.5071504972394403,lstm
SVC-000030,EVT-0044901,2026-07-22 06:43:06.943155,0.9562764468479374,lstm
SVC-000031,EVT-0044902,2026-07-22 06:43:55.534681,0.23573531921363283,lstm
SVC-000009,EVT-0044903,2026-07-22 06:49:23.924600,0.5286705168357015,lstm
DEV-000011,EVT-0044904,2026-07-22 06:49:25.995700,0.24760531346071843,lstm
USR-000016,EVT-0044905,2026-07-22 06:50:44.357237,0.7614181448161901,lstm
USR-000179,EVT-0044906,2026-07-22 06:51:11.825701,0.8669762536241267,lstm
USR-000164,EVT-0044907,2026-07-22 06:52:59.989822,0.971318848861389,lstm
SVC-000031,EVT-0044908,2026-07-22 06:55:53.789830,0.23294874805236437,lstm
USR-000119,EVT-0044909,2026-07-22 06:56:31.065071,0.6162623354219504,lstm
DEV-000013,EVT-0044910,2026-07-22 06:57:43.172915,0.2644319122194184,lstm
USR-000164,EVT-0044911,2026-07-22 06:59:35.914983,0.7796544935920362,lstm
USR-000067,EVT-0044912,2026-07-22 07:01:48.697587,0.27435458245072913,lstm
USR-000058,EVT-0044913,2026-07-22 07:04:12.613094,0.7111902364090694,lstm
USR-000048,EVT-0044914,2026-07-22 07:04:26.983811,0.716917367645294,lstm
USR-000096,EVT-0044915,2026-07-22 07:06:48.480203,0.7686341124791373,lstm
USR-000009,EVT-0044916,2026-07-22 07:08:15.883514,0.9249466928913894,lstm
DEV-000012,EVT-0044917,2026-07-22 07:11:44.040654,0.7755067141716178,lstm
USR-000199,EVT-0044918,2026-07-22 07:12:08.057354,0.7076003371183294,lstm
SVC-000055,EVT-0044919,2026-07-22 07:13:43.642001,0.5193528346348056,lstm
SVC-000011,EVT-0044920,2026-07-22 07:14:08.948019,0.9961700076257995,lstm
SVC-000055,EVT-0044921,2026-07-22 07:14:16.665613,0.6581825583250362,lstm
USR-000019,EVT-0044922,2026-07-22 07:14:30.077288,0.28147019278618923,lstm
SVC-000055,EVT-0044923,2026-07-22 07:16:33.074530,0.6093771316695715,lstm
SVC-000055,EVT-0044924,2026-07-22 07:20:00.433975,0.33075010889952716,lstm
SVC-000051,EVT-0044925,2026-07-22 07:20:54.306286,0.5544712792352581,lstm
USR-000114,EVT-0044926,2026-07-22 07:21:00.303289,0.42596771884114115,lstm
SVC-000055,EVT-0044927,2026-07-22 07:21:28.602018,0.4837570780697352,lstm
SVC-000055,EVT-0044928,2026-07-22 07:22:11.184142,0.5178201043929577,lstm
SVC-000011,EVT-0044929,2026-07-22 07:25:49.833591,0.4256896615079456,lstm
SVC-000031,EVT-0044930,2026-07-22 07:25:50.773478,0.254686721395707,lstm
SVC-000055,EVT-0044931,2026-07-22 07:26:05.445675,0.46415223184946053,lstm
USR-000071,EVT-0044932,2026-07-22 07:29:41.541106,0.8761794119703887,lstm
SVC-000031,EVT-0044933,2026-07-22 07:31:52.914637,0.2502771356530133,lstm
SVC-000055,EVT-0044934,2026-07-22 07:33:37.891695,0.3099688920312325,lstm
SVC-000031,EVT-0044935,2026-07-22 07:34:05.921254,0.7275119816152287,lstm
USR-000171,EVT-0044936,2026-07-22 07:35:05.184706,0.9235325639899189,lstm
USR-000199,EVT-0044937,2026-07-22 07:35:40.126037,0.7465377803773906,lstm
SVC-000055,EVT-0044938,2026-07-22 07:35:41.035531,0.9100467295079195,lstm
SVC-000011,EVT-0044939,2026-07-22 07:37:56.856744,0.4209548468197922,lstm
SVC-000011,EVT-0044940,2026-07-22 07:39:19.642299,0.5312940503841165,lstm
DEV-000003,EVT-0044941,2026-07-22 07:40:40.364982,0.3119514361973068,lstm
USR-000190,EVT-0044942,2026-07-22 07:41:41.484200,0.9140609996692838,lstm
SVC-000011,EVT-0044943,2026-07-22 07:41:43.826109,0.47626447816895523,lstm
SVC-000011,EVT-0044944,2026-07-22 07:42:42.038070,0.5705127112705111,lstm
SVC-000011,EVT-0044945,2026-07-22 07:43:49.233754,0.45460760786949106,lstm
SVC-000031,EVT-0044946,2026-07-22 07:46:41.191910,0.5721126626927097,lstm
USR-000058,EVT-0044947,2026-07-22 07:47:35.606061,0.4262575522418641,lstm
SVC-000055,EVT-0044948,2026-07-22 07:48:30.798180,0.32928740972600967,lstm
DEV-000007,EVT-0044949,2026-07-22 07:50:49.067292,0.5994037774269388,lstm
USR-000207,EVT-0044950,2026-07-22 07:54:40.440991,0.40186652531802647,lstm
USR-000054,EVT-0044951,2026-07-22 07:54:42.663690,0.5645381803543122,lstm
SVC-000030,EVT-0044952,2026-07-22 07:58:38.413001,0.4580897601457589,lstm
SVC-000011,EVT-0044953,2026-07-22 07:59:36.690786,0.3711245067534439,lstm
DEV-000020,EVT-0044954,2026-07-22 07:59:50.185080,1.0,lstm
USR-000170,EVT-0044955,2026-07-22 08:00:12.068833,0.9999999984658967,lstm
SVC-000011,EVT-0044956,2026-07-22 08:00:46.592691,0.4481149687807594,lstm
SVC-000011,EVT-0044957,2026-07-22 08:01:11.534896,0.5005833248675203,lstm
USR-000015,EVT-0044958,2026-07-22 08:01:26.057552,0.9999999923315063,lstm
USR-000118,EVT-0044959,2026-07-22 08:01:29.824227,0.999999999961366,lstm
USR-000087,EVT-0044960,2026-07-22 08:01:46.664058,0.9999999997198823,lstm
USR-000205,EVT-0044961,2026-07-22 08:02:46.871259,0.9999999999709157,lstm
DEV-000023,EVT-0044962,2026-07-22 08:02:57.957701,1.0,lstm
USR-000016,EVT-0044963,2026-07-22 08:03:13.057204,0.9999999999985856,lstm
USR-000029,EVT-0044964,2026-07-22 08:03:20.746352,0.999999999999972,lstm
USR-000106,EVT-0044965,2026-07-22 08:03:32.089916,0.9999999999999971,lstm
USR-000008,EVT-0044966,2026-07-22 08:03:48.635590,0.9999999999882814,lstm
USR-000044,EVT-0044967,2026-07-22 08:04:20.222731,0.9999999999997975,lstm
SVC-000020,EVT-0044968,2026-07-22 08:04:31.342455,1.0,lstm
USR-000067,EVT-0044969,2026-07-22 08:04:34.029944,0.9999999999990885,lstm
USR-000034,EVT-0044970,2026-07-22 08:04:43.326353,0.9999999988652897,lstm
USR-000156,EVT-0044971,2026-07-22 08:04:49.514144,0.5609388783433742,lstm
USR-000156,EVT-0044972,2026-07-22 08:04:49.698242,0.8768114966828175,lstm
USR-000182,EVT-0044973,2026-07-22 08:04:52.746482,0.9999999962049098,lstm
SVC-000013,EVT-0044974,2026-07-22 08:04:55.643550,1.0,lstm
SVC-000055,EVT-0044975,2026-07-22 08:05:07.189711,0.4811346803691326,lstm
USR-000102,EVT-0044976,2026-07-22 08:05:16.635258,0.7134984412289599,lstm
SVC-000053,EVT-0044977,2026-07-22 08:05:32.799687,0.9879682475838756,lstm
USR-000120,EVT-0044978,2026-07-22 08:06:44.713056,0.9999999999998834,lstm
SVC-000058,EVT-0044979,2026-07-22 08:07:18.007530,1.0,lstm
USR-000006,EVT-0044980,2026-07-22 08:07:27.726516,0.999999999952462,lstm
USR-000061,EVT-0044981,2026-07-22 08:07:55.793305,0.9999999999998068,lstm
USR-000077,EVT-0044982,2026-07-22 08:07:57.157190,0.999999999932393,lstm
USR-000177,EVT-0044983,2026-07-22 08:08:19.418613,0.9999999999994331,lstm
SVC-000030,EVT-0044984,2026-07-22 08:08:53.687260,0.4559659652773079,lstm
USR-000097,EVT-0044985,2026-07-22 08:08:57.990648,0.9999999998479341,lstm
USR-000036,EVT-0044986,2026-07-22 08:09:56.222807,0.2619350199809364,lstm
USR-000173,EVT-0044987,2026-07-22 08:10:18.857311,0.9999999999824805,lstm
USR-000021,EVT-0044988,2026-07-22 08:10:21.913802,0.9999999999999789,lstm
USR-000199,EVT-0044989,2026-07-22 08:10:25.171377,0.7900308799199751,lstm
USR-000139,EVT-0044990,2026-07-22 08:10:34.020905,0.9999999999999998,lstm
USR-000090,EVT-0044991,2026-07-22 08:10:43.460194,0.9999999999605766,lstm
USR-000105,EVT-0044992,2026-07-22 08:11:04.038176,0.9999999994336026,lstm
USR-000071,EVT-0044993,2026-07-22 08:12:13.421702,0.9999999999988323,lstm
SVC-000024,EVT-0044994,2026-07-22 08:12:19.863946,1.0,lstm
USR-000014,EVT-0044995,2026-07-22 08:12:38.943984,0.9999999999317097,lstm
SVC-000011,EVT-0044996,2026-07-22 08:13:27.479138,0.31415127648446106,lstm
USR-000053,EVT-0044997,2026-07-22 08:13:38.089855,0.9342897104996613,lstm
USR-000082,EVT-0044998,2026-07-22 08:13:55.910221,0.9999999999996387,lstm
SVC-000055,EVT-0044999,2026-07-22 08:14:31.864401,0.3098096347600496,lstm
SVC-000011,EVT-0045000,2026-07-22 08:15:27.261504,0.38280320324928163,lstm
SVC-000001,EVT-0045001,2026-07-22 08:16:04.635828,1.0,lstm
SVC-000030,EVT-0045002,2026-07-22 08:16:06.807519,0.7126717990891124,lstm
SVC-000011,EVT-0045003,2026-07-22 08:16:20.573942,0.5384951664241485,lstm
SVC-000011,EVT-0045004,2026-07-22 08:16:27.719056,0.4612303108106707,lstm
SVC-000011,EVT-0045005,2026-07-22 08:18:02.328544,0.2997740244684864,lstm
USR-000093,EVT-0045006,2026-07-22 08:18:57.643368,0.9513232696525904,lstm
SVC-000011,EVT-0045007,2026-07-22 08:18:59.764428,0.2907235916162912,lstm
DEV-000011,EVT-0045008,2026-07-22 08:19:47.697173,0.24277134886668664,lstm
DEV-000014,EVT-0045009,2026-07-22 08:20:30.856607,0.7236443272855324,lstm
USR-000020,EVT-0045010,2026-07-22 08:23:38.479872,0.8289222337205167,lstm
SVC-000013,EVT-0045011,2026-07-22 08:26:40.491279,0.9999935269880541,lstm
SVC-000046,EVT-0045012,2026-07-22 08:27:55.202354,0.9929178523208034,lstm
USR-000153,EVT-0045013,2026-07-22 08:28:46.564101,0.5884492578873164,lstm
SVC-000024,EVT-0045014,2026-07-22 08:30:21.129181,0.9995184496917014,lstm
USR-000162,EVT-0045015,2026-07-22 08:33:24.773603,0.6339008547061417,lstm
SVC-000053,EVT-0045016,2026-07-22 08:33:47.484061,0.6632682960086961,lstm
USR-000183,EVT-0045017,2026-07-22 08:34:43.046279,0.9127435685185304,lstm
SVC-000011,EVT-0045018,2026-07-22 08:34:50.368799,0.4522201531911445,lstm
DEV-000001,EVT-0045019,2026-07-22 08:35:04.102319,0.6500619479251996,lstm
SVC-000046,EVT-0045020,2026-07-22 08:35:23.503585,0.5098442906148017,lstm
USR-000093,EVT-0045021,2026-07-22 08:39:13.751453,0.7800928055607732,lstm
SVC-000039,EVT-0045022,2026-07-22 08:40:33.296407,0.9886470613724643,lstm
USR-000168,EVT-0045023,2026-07-22 08:45:21.291649,0.5324579535132034,lstm
USR-000169,EVT-0045024,2026-07-22 08:46:50.018278,0.7867372821450331,lstm
SVC-000042,EVT-0045025,2026-07-22 08:48:54.327356,0.9952378283143811,lstm
USR-000148,EVT-0045026,2026-07-22 08:49:25.770555,0.9698094212770493,lstm
USR-000093,EVT-0045027,2026-07-22 08:51:10.876266,0.5457517515298728,lstm
USR-000036,EVT-0045028,2026-07-22 08:51:30.580380,0.2516201773706361,lstm
USR-000016,EVT-0045029,2026-07-22 08:52:59.188370,0.8933246454756567,lstm
USR-000172,EVT-0045030,2026-07-22 08:54:15.662174,0.8807985549245235,lstm
SVC-000011,EVT-0045031,2026-07-22 08:54:22.524592,0.8658888537681546,lstm
USR-000036,EVT-0045032,2026-07-22 08:54:36.308032,0.6249015456687265,lstm
USR-000120,EVT-0045033,2026-07-22 08:55:11.567117,0.8647023037261921,lstm
USR-000143,EVT-0045034,2026-07-22 08:55:15.724810,0.9110965260722407,lstm
USR-000026,EVT-0045035,2026-07-22 08:56:11.803295,0.7228172362794733,lstm
USR-000049,EVT-0045036,2026-07-22 08:56:57.626346,0.8490796618405021,lstm
USR-000086,EVT-0045037,2026-07-22 08:59:42.268386,0.8416204392331178,lstm
SVC-000042,EVT-0045038,2026-07-22 09:00:19.710563,0.2901712113831752,lstm
USR-000156,EVT-0045039,2026-07-22 09:01:05.295710,0.2259472540339222,lstm
USR-000041,EVT-0045040,2026-07-22 09:02:54.671275,0.4382381516210648,lstm
SVC-000051,EVT-0045041,2026-07-22 09:03:42.028873,0.33962778359981854,lstm
USR-000031,EVT-0045042,2026-07-22 09:03:50.554467,0.3151599418813851,lstm
USR-000142,EVT-0045043,2026-07-22 09:03:53.774614,0.38529333850673797,lstm
SVC-000030,EVT-0045044,2026-07-22 09:05:49.296215,0.7819550861094209,lstm
USR-000022,EVT-0045045,2026-07-22 09:06:07.839798,0.42582023583704476,lstm
USR-000168,EVT-0045046,2026-07-22 09:06:20.950253,0.3248552232738192,lstm
SVC-000042,EVT-0045047,2026-07-22 09:10:42.188243,0.2356782855074064,lstm
DEV-000015,EVT-0045048,2026-07-22 09:14:04.134221,0.24080890807836455,lstm
SVC-000011,EVT-0045049,2026-07-22 09:15:50.152077,0.8376930543001304,lstm
SVC-000051,EVT-0045050,2026-07-22 09:16:43.632146,0.5901025401078964,lstm
DEV-000021,EVT-0045051,2026-07-22 09:18:35.578456,0.2551957722975365,lstm
USR-000049,EVT-0045052,2026-07-22 09:20:20.689447,0.7631415711228691,lstm
DEV-000018,EVT-0045053,2026-07-22 09:23:45.268950,0.3266801351908589,lstm
SVC-000053,EVT-0045054,2026-07-22 09:24:06.206768,0.44474566932072945,lstm
SVC-000013,EVT-0045055,2026-07-22 09:24:41.134472,0.975041423847198,lstm
SVC-000008,EVT-0045056,2026-07-22 09:25:05.631732,0.9984732887953621,lstm
USR-000019,EVT-0045057,2026-07-22 09:28:21.590494,0.32485547175710583,lstm
SVC-000042,EVT-0045058,2026-07-22 09:28:47.906531,0.24938975251556622,lstm
USR-000179,EVT-0045059,2026-07-22 09:30:07.287478,0.5705086347594445,lstm
SVC-000051,EVT-0045060,2026-07-22 09:30:11.931183,0.7783526460261129,lstm
SVC-000039,EVT-0045061,2026-07-22 09:36:01.365028,0.5181381559554774,lstm
USR-000193,EVT-0045062,2026-07-22 09:36:07.595656,0.739160241193283,lstm
USR-000172,EVT-0045063,2026-07-22 09:39:06.016828,0.4360214262974748,lstm
SVC-000042,EVT-0045064,2026-07-22 09:40:03.377687,0.19355922163761372,lstm
SVC-000008,EVT-0045065,2026-07-22 09:40:25.541211,0.6530554596563872,lstm
SVC-000013,EVT-0045066,2026-07-22 09:40:53.277533,0.9888735203388246,lstm
USR-000053,EVT-0045067,2026-07-22 09:41:32.418861,0.6051619031475471,lstm
SVC-000053,EVT-0045068,2026-07-22 09:41:48.502790,0.3817297502152957,lstm
DEV-000026,EVT-0045069,2026-07-22 09:42:57.140134,0.5545461562874269,lstm
USR-000102,EVT-0045070,2026-07-22 09:42:59.606496,0.36761694398805045,lstm
SVC-000013,EVT-0045071,2026-07-22 09:43:09.271680,0.99007487847359,lstm
SVC-000024,EVT-0045072,2026-07-22 09:43:22.019535,0.939742402094149,lstm
USR-000162,EVT-0045073,2026-07-22 09:44:05.414837,0.258429073700429,lstm
SVC-000030,EVT-0045074,2026-07-22 09:44:56.541613,0.5143319411540712,lstm
USR-000041,EVT-0045075,2026-07-22 09:45:21.014730,0.5375636126481239,lstm
SVC-000030,EVT-0045076,2026-07-22 09:46:44.303615,0.9614962197035315,lstm
SVC-000008,EVT-0045077,2026-07-22 09:47:01.427688,0.6281425462894751,lstm
SVC-000042,EVT-0045078,2026-07-22 09:47:01.522257,0.2015184060970393,lstm
DEV-000001,EVT-0045079,2026-07-22 09:49:34.212824,0.5308501199832996,lstm
USR-000135,EVT-0045080,2026-07-22 09:49:37.162655,0.5813288193335788,lstm
USR-000158,EVT-0045081,2026-07-22 09:49:59.062498,0.7869465576389858,lstm
SVC-000053,EVT-0045082,2026-07-22 09:50:12.644695,0.7738738513010828,lstm
USR-000168,EVT-0045083,2026-07-22 09:50:18.076567,0.21164807817795056,lstm
SVC-000024,EVT-0045084,2026-07-22 09:51:16.307344,0.9798466641523859,lstm
USR-000072,EVT-0045085,2026-07-22 09:52:42.102772,0.39827718328047423,lstm
SVC-000024,EVT-0045086,2026-07-22 09:53:11.130906,0.9603013912269059,lstm
USR-000132,EVT-0045087,2026-07-22 09:53:18.112099,0.94466071502926,lstm
USR-000172,EVT-0045088,2026-07-22 09:54:34.804772,0.35423675351175493,lstm
SVC-000013,EVT-0045089,2026-07-22 09:57:37.515709,0.8357187016477949,lstm
SVC-000013,EVT-0045090,2026-07-22 09:58:57.095625,0.9105690125631527,lstm
USR-000169,EVT-0045091,2026-07-22 09:59:39.223519,0.38262161101759773,lstm
USR-000168,EVT-0045092,2026-07-22 10:01:19.275433,0.37062914491152976,lstm
SVC-000053,EVT-0045093,2026-07-22 10:01:34.052506,0.265655288360228,lstm
USR-000081,EVT-0045094,2026-07-22 10:02:18.420020,0.32786879316624046,lstm
USR-000190,EVT-0045095,2026-07-22 10:03:07.189119,0.29503252942095237,lstm
SVC-000024,EVT-0045096,2026-07-22 10:04:34.019983,0.8960133490894878,lstm
USR-000127,EVT-0045097,2026-07-22 10:05:10.326363,0.570499714368602,lstm
SVC-000053,EVT-0045098,2026-07-22 10:05:53.247905,0.6709815959516858,lstm
SVC-000053,EVT-0045099,2026-07-22 10:06:01.237717,0.6995229479655166,lstm
DEV-000008,EVT-0045100,2026-07-22 10:06:35.285173,0.8677239422185719,lstm
USR-000030,EVT-0045101,2026-07-22 10:07:16.131868,0.5287671148773169,lstm
USR-000030,EVT-0045102,2026-07-22 10:08:15.955520,0.8215613349721987,lstm
USR-000055,EVT-0045103,2026-07-22 10:09:58.295747,0.8424178246588495,lstm
USR-000180,EVT-0045104,2026-07-22 10:10:06.653827,0.37870253453860037,lstm
SVC-000053,EVT-0045105,2026-07-22 10:10:09.565604,0.38750178678582387,lstm
USR-000132,EVT-0045106,2026-07-22 10:12:55.387958,0.8113341534161954,lstm
USR-000172,EVT-0045107,2026-07-22 10:13:22.512936,0.3625137393320865,lstm
USR-000058,EVT-0045108,2026-07-22 10:14:28.322723,0.22345840456297278,lstm
DEV-000009,EVT-0045109,2026-07-22 10:14:46.366133,0.8429436898835454,lstm
SVC-000053,EVT-0045110,2026-07-22 10:15:49.526197,0.6328118457901041,lstm
SVC-000053,EVT-0045111,2026-07-22 10:16:06.781571,0.5894030837871317,lstm
SVC-000024,EVT-0045112,2026-07-22 10:16:20.869845,0.8371270786426581,lstm
USR-000031,EVT-0045113,2026-07-22 10:16:31.884138,0.39849709393315313,lstm
USR-000093,EVT-0045114,2026-07-22 10:16:52.779296,0.2817799313353491,lstm
USR-000019,EVT-0045115,2026-07-22 10:17:20.817044,0.28355147642627676,lstm
USR-000030,EVT-0045116,2026-07-22 10:17:54.360889,0.528094625282819,lstm
SVC-000030,EVT-0045117,2026-07-22 10:18:23.113327,0.5510842531370647,lstm
SVC-000021,EVT-0045118,2026-07-22 10:18:24.297817,0.988829175719531,lstm
SVC-000042,EVT-0045119,2026-07-22 10:18:42.200118,0.260730141088263,lstm
SVC-000042,EVT-0045120,2026-07-22 10:19:52.806932,0.3398880959002283,lstm
USR-000153,EVT-0045121,2026-07-22 10:20:10.491858,0.24142632902585198,lstm
USR-000200,EVT-0045122,2026-07-22 10:21:07.241259,0.380498189669467,lstm
USR-000189,EVT-0045123,2026-07-22 10:21:42.458458,0.908648754281194,lstm
USR-000169,EVT-0045124,2026-07-22 10:21:47.834438,0.293311206570741,lstm
SVC-000013,EVT-0045125,2026-07-22 10:24:44.882695,0.6958037862223401,lstm
DEV-000022,EVT-0045126,2026-07-22 10:24:49.531276,0.8387383341484423,lstm
USR-000042,EVT-0045127,2026-07-22 10:25:04.166744,0.45822210507846695,lstm
USR-000023,EVT-0045128,2026-07-22 10:25:10.175081,0.6341403279113088,lstm
SVC-000042,EVT-0045129,2026-07-22 10:25:16.277186,0.19663353629177074,lstm
USR-000139,EVT-0045130,2026-07-22 10:26:36.757710,0.9837513742148278,lstm
DEV-000007,EVT-0045131,2026-07-22 10:28:43.554458,0.45435499080134967,lstm
SVC-000013,EVT-0045132,2026-07-22 10:30:14.403294,0.783779385513941,lstm
SVC-000024,EVT-0045133,2026-07-22 10:30:14.510943,0.6460809923037834,lstm
USR-000111,EVT-0045134,2026-07-22 10:30:21.470380,0.6846741460345673,lstm
SVC-000013,EVT-0045135,2026-07-22 10:31:47.559269,0.8871297184414239,lstm
SVC-000013,EVT-0045136,2026-07-22 10:32:13.149098,0.8931860920803492,lstm
SVC-000013,EVT-0045137,2026-07-22 10:32:27.359514,0.9225131342222563,lstm
USR-000046,EVT-0045138,2026-07-22 10:32:37.393008,0.7415725909002446,lstm
DEV-000018,EVT-0045139,2026-07-22 10:32:38.312624,0.40158673935167427,lstm
USR-000078,EVT-0045140,2026-07-22 10:33:51.065326,0.6576151810490004,lstm
SVC-000039,EVT-0045141,2026-07-22 10:33:53.113971,0.3590168806290794,lstm
SVC-000053,EVT-0045142,2026-07-22 10:34:44.094499,0.5333328688179456,lstm
USR-000179,EVT-0045143,2026-07-22 10:35:14.072877,0.3382335284908632,lstm
USR-000120,EVT-0045144,2026-07-22 10:35:18.052079,0.716098536761017,lstm
SVC-000042,EVT-0045145,2026-07-22 10:36:14.201325,0.268253206471274,lstm
SVC-000013,EVT-0045146,2026-07-22 10:36:25.070346,0.927177872790935,lstm
SVC-000024,EVT-0045147,2026-07-22 10:37:58.858182,0.5905132802787011,lstm
USR-000016,EVT-0045148,2026-07-22 10:39:21.896391,0.5183873582467903,lstm
USR-000108,EVT-0045149,2026-07-22 10:40:22.064680,0.8352926083136658,lstm
SVC-000053,EVT-0045150,2026-07-22 10:40:39.768115,0.6116080349025669,lstm
USR-000135,EVT-0045151,2026-07-22 10:41:19.984277,0.3498171419057106,lstm
USR-000172,EVT-0045152,2026-07-22 10:41:59.174273,0.39983887479123914,lstm
USR-000169,EVT-0045153,2026-07-22 10:45:30.113098,0.2444603778317663,lstm
USR-000030,EVT-0045154,2026-07-22 10:46:11.550036,0.35968427358879695,lstm
SVC-000013,EVT-0045155,2026-07-22 10:46:55.334447,0.746096964672639,lstm
SVC-000042,EVT-0045156,2026-07-22 10:47:00.843510,0.2258104543561606,lstm
USR-000066,EVT-0045157,2026-07-22 10:47:31.143365,0.5540683983262201,lstm
SVC-000039,EVT-0045158,2026-07-22 10:49:26.829431,0.23500986758040718,lstm
USR-000096,EVT-0045159,2026-07-22 10:49:57.854014,0.3469577302310379,lstm
USR-000041,EVT-0045160,2026-07-22 10:50:39.751862,0.4858341132270193,lstm
SVC-000013,EVT-0045161,2026-07-22 10:51:26.569795,0.7356415629503118,lstm
USR-000172,EVT-0045162,2026-07-22 10:52:44.455928,0.3851441576323613,lstm
USR-000026,EVT-0045163,2026-07-22 10:54:10.292775,0.40127669905300367,lstm
SVC-000008,EVT-0045164,2026-07-22 10:54:17.009172,0.39399228062383573,lstm
SVC-000013,EVT-0045165,2026-07-22 10:55:00.537920,0.45186839832088577,lstm
SVC-000051,EVT-0045166,2026-07-22 10:55:22.530561,0.46273035436698884,lstm
SVC-000039,EVT-0045167,2026-07-22 10:55:45.231349,0.6071477623361066,lstm
USR-000022,EVT-0045168,2026-07-22 10:56:09.142655,0.28407072489882296,lstm
USR-000016,EVT-0045169,2026-07-22 10:58:59.418005,0.772580381356727,lstm
SVC-000050,EVT-0045170,2026-07-22 11:00:17.928552,0.9366863303598868,lstm
USR-000009,EVT-0045171,2026-07-22 11:00:29.965702,0.4596596112555245,lstm
USR-000081,EVT-0045172,2026-07-22 11:00:46.033572,0.23193714207420954,lstm
USR-000178,EVT-0045173,2026-07-22 11:00:54.817322,0.9476853234385086,lstm
USR-000096,EVT-0045174,2026-07-22 11:01:58.394955,0.912808320723374,lstm
USR-000031,EVT-0045175,2026-07-22 11:03:19.465294,0.4033532734134636,lstm
USR-000054,EVT-0045176,2026-07-22 11:04:06.430273,0.3156511952352574,lstm
USR-000038,EVT-0045177,2026-07-22 11:05:25.302098,0.5736486824842211,lstm
USR-000157,EVT-0045178,2026-07-22 11:05:35.992130,0.8542656578777282,lstm
SVC-000021,EVT-0045179,2026-07-22 11:05:48.845430,0.38987763431228606,lstm
USR-000194,EVT-0045180,2026-07-22 11:06:00.170924,0.6395812425959083,lstm
SVC-000021,EVT-0045181,2026-07-22 11:06:04.039740,0.9396146225439156,lstm
USR-000086,EVT-0045182,2026-07-22 11:06:31.292034,0.3272408847835394,lstm
USR-000162,EVT-0045183,2026-07-22 11:06:59.297729,0.21972791545674117,lstm
SVC-000001,EVT-0045184,2026-07-22 11:07:25.438834,0.9993279194592589,lstm
USR-000156,EVT-0045185,2026-07-22 11:07:45.562590,0.3721768998813474,lstm
USR-000067,EVT-0045186,2026-07-22 11:10:51.088203,0.865075578204472,lstm
USR-000072,EVT-0045187,2026-07-22 11:11:18.932769,0.6651559156342699,lstm
SVC-000039,EVT-0045188,2026-07-22 11:11:26.714922,0.33870184466120856,lstm
SVC-000050,EVT-0045189,2026-07-22 11:12:45.634330,0.4659043835917567,lstm
USR-000200,EVT-0045190,2026-07-22 11:13:14.139823,0.3538056551733225,lstm
USR-000169,EVT-0045191,2026-07-22 11:13:59.145086,0.3831559377393052,lstm
SVC-000039,EVT-0045192,2026-07-22 11:14:07.392977,0.49340647462822307,lstm
SVC-000042,EVT-0045193,2026-07-22 11:14:51.104704,0.23897124255893223,lstm
USR-000145,EVT-0045194,2026-07-22 11:15:14.316926,0.7044949179738061,lstm
USR-000053,EVT-0045195,2026-07-22 11:16:05.867853,0.26605116052595723,lstm
SVC-000021,EVT-0045196,2026-07-22 11:16:37.077390,0.43414355426357576,lstm
USR-000037,EVT-0045197,2026-07-22 11:18:17.844682,0.6746614064736285,lstm
SVC-000008,EVT-0045198,2026-07-22 11:18:21.319079,0.39194354439773493,lstm
USR-000207,EVT-0045199,2026-07-22 11:18:22.915048,0.36799085034202567,lstm
USR-000148,EVT-0045200,2026-07-22 11:18:43.129687,0.6771184478317721,lstm
USR-000022,EVT-0045201,2026-07-22 11:19:42.409067,0.281043377726155,lstm
SVC-000001,EVT-0045202,2026-07-22 11:19:43.467229,0.9992274477258619,lstm
USR-000048,EVT-0045203,2026-07-22 11:20:21.546399,0.7050860465565251,lstm
USR-000021,EVT-0045204,2026-07-22 11:21:29.794826,0.9269489970911579,lstm
SVC-000039,EVT-0045205,2026-07-22 11:21:49.419220,0.47389757146960004,lstm
DEV-000021,EVT-0045206,2026-07-22 11:21:57.974216,0.19903945095065204,lstm
USR-000164,EVT-0045207,2026-07-22 11:22:11.870024,0.3054929728626047,lstm
USR-000067,EVT-0045208,2026-07-22 11:22:57.296415,0.7646043405912287,lstm
USR-000014,EVT-0045209,2026-07-22 11:23:01.689421,0.687637365091775,lstm
SVC-000053,EVT-0045210,2026-07-22 11:23:20.602204,0.4199502402735791,lstm
DEV-000002,EVT-0045211,2026-07-22 11:24:23.687158,0.6232498701674786,lstm
SVC-000053,EVT-0045212,2026-07-22 11:24:36.402781,0.5643591682663649,lstm
SVC-000053,EVT-0045213,2026-07-22 11:25:58.897538,0.48242223220688496,lstm
USR-000183,EVT-0045214,2026-07-22 11:26:10.272764,0.4352351935227729,lstm
USR-000016,EVT-0045215,2026-07-22 11:26:29.496813,0.9979684465833153,lstm
SVC-000021,EVT-0045216,2026-07-22 11:28:10.033861,0.48878286915606006,lstm
DEV-000006,EVT-0045217,2026-07-22 11:29:24.546143,0.8344473911696041,lstm
SVC-000039,EVT-0045218,2026-07-22 11:30:47.374038,0.4153143345907278,lstm
USR-000189,EVT-0045219,2026-07-22 11:31:58.497154,0.6692043794941921,lstm
USR-000095,EVT-0045220,2026-07-22 11:33:07.459995,0.35847173851637476,lstm
SVC-000039,EVT-0045221,2026-07-22 11:33:43.670008,0.5172413544788642,lstm
SVC-000039,EVT-0045222,2026-07-22 11:34:26.164780,0.6820119198721322,lstm
USR-000078,EVT-0045223,2026-07-22 11:34:41.609052,0.4602448525929833,lstm
USR-000055,EVT-0045224,2026-07-22 11:34:50.932011,0.4874297109263673,lstm
USR-000142,EVT-0045225,2026-07-22 11:35:05.711260,0.34973520292633314,lstm
USR-000169,EVT-0045226,2026-07-22 11:35:13.029220,0.33765891331528003,lstm
SVC-000053,EVT-0045227,2026-07-22 11:35:36.298048,0.4140220643522374,lstm
SVC-000021,EVT-0045228,2026-07-22 11:36:07.071352,0.9215835920847331,lstm
USR-000060,EVT-0045229,2026-07-22 11:36:11.772487,0.9305019539212028,lstm
DEV-000021,EVT-0045230,2026-07-22 11:36:22.980466,0.5233683454118175,lstm
USR-000057,EVT-0045231,2026-07-22 11:36:32.877230,0.8852835012698694,lstm
USR-000143,EVT-0045232,2026-07-22 11:37:30.487084,0.5080694455199412,lstm
USR-000102,EVT-0045233,2026-07-22 11:37:49.853962,0.31456455687495527,lstm
SVC-000050,EVT-0045234,2026-07-22 11:38:05.805283,0.3194300664357142,lstm
SVC-000001,EVT-0045235,2026-07-22 11:38:09.653282,0.961908409547758,lstm
DEV-000017,EVT-0045236,2026-07-22 11:39:15.082006,0.7283180623666198,lstm
USR-000153,EVT-0045237,2026-07-22 11:39:43.548078,0.33559014426053924,lstm
DEV-000017,EVT-0045238,2026-07-22 11:39:54.218170,0.9599499460642392,lstm
SVC-000053,EVT-0045239,2026-07-22 11:42:18.503570,0.681110423546838,lstm
SVC-000039,EVT-0045240,2026-07-22 11:43:02.512597,0.33428461289816125,lstm
DEV-000026,EVT-0045241,2026-07-22 11:43:55.268985,0.4686150419797543,lstm
SVC-000008,EVT-0045242,2026-07-22 11:46:29.451134,0.4804382529504759,lstm
USR-000168,EVT-0045243,2026-07-22 11:46:30.201212,0.2623954719172796,lstm
SVC-000021,EVT-0045244,2026-07-22 11:46:57.888731,0.5841445591803155,lstm
USR-000213,EVT-0045245,2026-07-22 11:47:14.909176,0.7922810475180827,lstm
SVC-000034,EVT-0045246,2026-07-22 11:48:41.791664,0.9555399899574785,lstm
USR-000159,EVT-0045247,2026-07-22 11:49:03.346468,0.6266399639791299,lstm
SVC-000034,EVT-0045248,2026-07-22 11:50:38.716983,0.8347783865935033,lstm
USR-000046,EVT-0045249,2026-07-22 11:50:48.527895,0.29149553953536966,lstm
USR-000022,EVT-0045250,2026-07-22 11:51:14.526347,0.46091634343147503,lstm
SVC-000039,EVT-0045251,2026-07-22 11:52:02.326050,0.4484068963895333,lstm
DEV-000004,EVT-0045252,2026-07-22 11:52:41.581146,0.5038922885107409,lstm
SVC-000021,EVT-0045253,2026-07-22 11:53:12.660843,0.3830092381172234,lstm
USR-000203,EVT-0045254,2026-07-22 11:53:21.665784,0.9751768272677149,lstm
USR-000111,EVT-0045255,2026-07-22 11:57:54.757280,0.3436094897505927,lstm
USR-000203,EVT-0045256,2026-07-22 11:58:26.601387,0.8269363545738273,lstm
USR-000023,EVT-0045257,2026-07-22 11:58:27.186049,0.3185354974207513,lstm
SVC-000053,EVT-0045258,2026-07-22 12:00:00.623271,0.5549154995262243,lstm
USR-000023,EVT-0045259,2026-07-22 12:00:21.156989,0.6740204275530889,lstm
DEV-000003,EVT-0045260,2026-07-22 12:01:08.151087,0.21618190045405303,lstm
SVC-000050,EVT-0045261,2026-07-22 12:01:46.557887,0.29616788148923623,lstm
USR-000135,EVT-0045262,2026-07-22 12:01:50.973739,0.2354554928313656,lstm
SVC-000050,EVT-0045263,2026-07-22 12:02:04.294454,0.8312969818397351,lstm
SVC-000021,EVT-0045264,2026-07-22 12:02:49.692089,0.35506863200586936,lstm
USR-000042,EVT-0045265,2026-07-22 12:03:45.275457,0.2828085307455412,lstm
DEV-000021,EVT-0045266,2026-07-22 12:06:45.532286,0.24646044571445233,lstm
USR-000080,EVT-0045267,2026-07-22 12:09:46.070471,0.9339877760057279,lstm
SVC-000001,EVT-0045268,2026-07-22 12:10:35.459806,0.9680236568623061,lstm
USR-000085,EVT-0045269,2026-07-22 12:12:23.990571,0.7588573176973017,lstm
USR-000209,EVT-0045270,2026-07-22 12:12:51.793776,0.5932476695741975,lstm
SVC-000008,EVT-0045271,2026-07-22 12:12:58.388536,0.7420569684590961,lstm
DEV-000008,EVT-0045272,2026-07-22 12:13:11.138946,0.6809901797924528,lstm
USR-000102,EVT-0045273,2026-07-22 12:13:27.039886,0.288452938818788,lstm
SVC-000001,EVT-0045274,2026-07-22 12:13:48.925321,0.982412682788059,lstm
USR-000064,EVT-0045275,2026-07-22 12:13:52.847626,0.7300554811216746,lstm
USR-000196,EVT-0045276,2026-07-22 12:14:58.800569,0.6462218353130197,lstm
DEV-000005,EVT-0045277,2026-07-22 12:16:49.111539,0.46393735153949534,lstm
USR-000060,EVT-0045278,2026-07-22 12:17:06.340884,0.2648940191942421,lstm
USR-000125,EVT-0045279,2026-07-22 12:17:22.611128,0.5205304380816905,lstm
SVC-000050,EVT-0045280,2026-07-22 12:17:46.515091,0.3193280924478727,lstm
SVC-000008,EVT-0045281,2026-07-22 12:18:40.480028,0.9440262300536241,lstm
USR-000200,EVT-0045282,2026-07-22 12:18:41.049292,0.32245257714964,lstm
USR-000208,EVT-0045283,2026-07-22 12:18:54.195387,0.9467615356117083,lstm
SVC-000021,EVT-0045284,2026-07-22 12:21:10.617600,0.7202706501217282,lstm
DEV-000017,EVT-0045285,2026-07-22 12:21:50.163041,0.5447758569733753,lstm
USR-000209,EVT-0045286,2026-07-22 12:22:02.329629,0.5557777960675487,lstm
USR-000064,EVT-0045287,2026-07-22 12:23:38.145153,0.46542498486280715,lstm
USR-000207,EVT-0045288,2026-07-22 12:23:53.124403,0.2621355817907676,lstm
SVC-000021,EVT-0045289,2026-07-22 12:24:16.566894,0.611476158999412,lstm
SVC-000039,EVT-0045290,2026-07-22 12:24:39.052118,0.339027184329663,lstm
USR-000179,EVT-0045291,2026-07-22 12:25:11.500626,0.4697773333649932,lstm
SVC-000008,EVT-0045292,2026-07-22 12:26:00.248684,0.5705264891052569,lstm
USR-000062,EVT-0045293,2026-07-22 12:26:29.835909,0.5066040283734736,lstm
SVC-000001,EVT-0045294,2026-07-22 12:27:28.284750,0.908137717261538,lstm
USR-000136,EVT-0045295,2026-07-22 12:28:09.183408,0.5861453415019087,lstm
USR-000098,EVT-0045296,2026-07-22 12:28:11.071297,0.366600072592897,lstm
USR-000026,EVT-0045297,2026-07-22 12:28:14.689788,0.4082881350729751,lstm
DEV-000009,EVT-0045298,2026-07-22 12:29:51.277002,0.5311808760269809,lstm
USR-000062,EVT-0045299,2026-07-22 12:32:11.789383,0.9708852061623193,lstm
USR-000066,EVT-0045300,2026-07-22 12:33:06.266874,0.373350988432707,lstm
USR-000036,EVT-0045301,2026-07-22 12:34:08.346166,0.4055022506870101,lstm
USR-000056,EVT-0045302,2026-07-22 12:34:32.062350,0.8068297491717353,lstm
SVC-000034,EVT-0045303,2026-07-22 12:34:54.051279,0.34942065170741465,lstm
USR-000030,EVT-0045304,2026-07-22 12:36:03.583033,0.2992733496671023,lstm
SVC-000053,EVT-0045305,2026-07-22 12:36:07.265886,0.640962774628044,lstm
USR-000020,EVT-0045306,2026-07-22 12:37:17.263087,0.3791946727573918,lstm
USR-000056,EVT-0045307,2026-07-22 12:37:27.838761,0.779859023769625,lstm
USR-000060,EVT-0045308,2026-07-22 12:38:10.213789,0.30108301809554505,lstm
USR-000044,EVT-0045309,2026-07-22 12:40:03.690422,0.9915212831931608,lstm
USR-000031,EVT-0045310,2026-07-22 12:40:43.563929,0.3839303374863772,lstm
USR-000041,EVT-0045311,2026-07-22 12:40:54.570668,0.4572875331564287,lstm
USR-000183,EVT-0045312,2026-07-22 12:41:38.413384,0.48090595839497396,lstm
DEV-000002,EVT-0045313,2026-07-22 12:42:22.498098,0.6188829211156113,lstm
USR-000044,EVT-0045314,2026-07-22 12:44:17.910094,0.994241663879714,lstm
DEV-000002,EVT-0045315,2026-07-22 12:45:23.538353,0.9472082183998628,lstm
SVC-000001,EVT-0045316,2026-07-22 12:45:49.845193,0.8090036430142021,lstm
USR-000169,EVT-0045317,2026-07-22 12:46:08.177050,0.32842986160339904,lstm
SVC-000021,EVT-0045318,2026-07-22 12:46:10.838381,0.7243140123897878,lstm
SVC-000001,EVT-0045319,2026-07-22 12:46:48.508234,0.8698780605727786,lstm
USR-000081,EVT-0045320,2026-07-22 12:47:09.482176,0.2525963926794858,lstm
USR-000054,EVT-0045321,2026-07-22 12:47:43.690749,0.21074642420537906,lstm
USR-000183,EVT-0045322,2026-07-22 12:48:33.907045,0.661370284780834,lstm
USR-000019,EVT-0045323,2026-07-22 12:49:07.126262,0.341163925084927,lstm
USR-000030,EVT-0045324,2026-07-22 12:49:16.608441,0.4282181098816255,lstm
USR-000162,EVT-0045325,2026-07-22 12:50:04.401071,0.40133705529446506,lstm
SVC-000039,EVT-0045326,2026-07-22 12:51:34.578737,0.4708423717564405,lstm
USR-000109,EVT-0045327,2026-07-22 12:52:03.832362,0.6850954861753032,lstm
SVC-000034,EVT-0045328,2026-07-22 12:53:47.913888,0.3258124431577862,lstm
SVC-000034,EVT-0045329,2026-07-22 12:54:27.797457,0.667804232207173,lstm
USR-000175,EVT-0045330,2026-07-22 12:54:37.198674,0.3821959945191259,lstm
USR-000192,EVT-0045331,2026-07-22 12:55:16.879864,0.8694374130871209,lstm
DEV-000013,EVT-0045332,2026-07-22 12:55:25.924237,0.32829380587032914,lstm
USR-000086,EVT-0045333,2026-07-22 12:55:33.493235,0.2601405291732318,lstm
USR-000026,EVT-0045334,2026-07-22 12:56:25.798480,0.6046189140357763,lstm
USR-000073,EVT-0045335,2026-07-22 12:57:49.984376,0.5449116463665248,lstm
USR-000105,EVT-0045336,2026-07-22 12:59:15.121197,0.7384235884060624,lstm
USR-000208,EVT-0045337,2026-07-22 13:01:11.456494,0.5197874892588552,lstm
SVC-000050,EVT-0045338,2026-07-22 13:01:58.008754,0.384689659718391,lstm
USR-000089,EVT-0045339,2026-07-22 13:04:39.831980,0.6635376974764561,lstm
USR-000060,EVT-0045340,2026-07-22 13:04:41.557030,0.48681126716626966,lstm
USR-000049,EVT-0045341,2026-07-22 13:04:56.440781,0.7432489706443072,lstm
SVC-000034,EVT-0045342,2026-07-22 13:05:21.191912,0.5463521788907617,lstm
SVC-000021,EVT-0045343,2026-07-22 13:06:32.580303,0.5414859125125105,lstm
SVC-000017,EVT-0045344,2026-07-22 13:06:35.647399,0.9898837350612973,lstm
USR-000139,EVT-0045345,2026-07-22 13:07:20.475350,0.476652714006938,lstm
USR-000175,EVT-0045346,2026-07-22 13:07:22.328244,0.4966189920664978,lstm
USR-000201,EVT-0045347,2026-07-22 13:08:01.659894,0.7046041563123139,lstm
SVC-000021,EVT-0045348,2026-07-22 13:08:55.532284,0.6410662159634201,lstm
SVC-000008,EVT-0045349,2026-07-22 13:09:04.251868,0.5950471538131298,lstm
USR-000171,EVT-0045350,2026-07-22 13:12:43.551128,0.5589463029670637,lstm
USR-000171,EVT-0045351,2026-07-22 13:13:21.722951,0.787785394104705,lstm
SVC-000039,EVT-0045352,2026-07-22 13:15:13.696954,0.5627782122853264,lstm
USR-000172,EVT-0045353,2026-07-22 13:15:39.895818,0.5043501497376615,lstm
DEV-000010,EVT-0045354,2026-07-22 13:16:05.555092,0.22000502021540172,lstm
USR-000092,EVT-0045355,2026-07-22 13:16:12.191847,0.9724986142006509,lstm
USR-000159,EVT-0045356,2026-07-22 13:19:37.253157,0.5086932983595108,lstm
USR-000055,EVT-0045357,2026-07-22 13:20:19.183124,0.40533609518950786,lstm
SVC-000050,EVT-0045358,2026-07-22 13:20:50.211276,0.35021343733593446,lstm
SVC-000049,EVT-0045359,2026-07-22 13:20:55.055613,0.9289377682601803,lstm
SVC-000021,EVT-0045360,2026-07-22 13:22:30.990279,0.6657826471785881,lstm
SVC-000008,EVT-0045361,2026-07-22 13:23:27.651023,0.6095563135555409,lstm
USR-000136,EVT-0045362,2026-07-22 13:23:36.123818,0.3549745465026534,lstm
USR-000127,EVT-0045363,2026-07-22 13:24:37.025937,0.2888533591762752,lstm
DEV-000024,EVT-0045364,2026-07-22 13:24:44.781741,0.4057811248671945,lstm
DEV-000018,EVT-0045365,2026-07-22 13:25:38.556134,0.23282086725685092,lstm
USR-000172,EVT-0045366,2026-07-22 13:27:58.071766,0.4226438301680484,lstm
USR-000147,EVT-0045367,2026-07-22 13:28:54.015535,0.3516865950877402,lstm
SVC-000001,EVT-0045368,2026-07-22 13:29:16.365347,0.6041846922468752,lstm
USR-000086,EVT-0045369,2026-07-22 13:31:39.540918,0.26433365781475826,lstm
USR-000089,EVT-0045370,2026-07-22 13:32:01.612360,0.7928345862139496,lstm
SVC-000008,EVT-0045371,2026-07-22 13:33:48.597686,0.8990699728550674,lstm
USR-000125,EVT-0045372,2026-07-22 13:34:12.930319,0.29505304623910417,lstm
USR-000135,EVT-0045373,2026-07-22 13:34:31.717013,0.322997484571547,lstm
USR-000196,EVT-0045374,2026-07-22 13:35:33.506775,0.3037174600800487,lstm
USR-000193,EVT-0045375,2026-07-22 13:36:09.226541,0.3360239518989705,lstm
USR-000111,EVT-0045376,2026-07-22 13:36:17.300963,0.3570503825688778,lstm
USR-000145,EVT-0045377,2026-07-22 13:36:37.039313,0.33342233969490626,lstm
SVC-000017,EVT-0045378,2026-07-22 13:36:54.391364,0.7961833949349822,lstm
USR-000029,EVT-0045379,2026-07-22 13:37:09.673848,0.8899571470043244,lstm
USR-000196,EVT-0045380,2026-07-22 13:37:23.733800,0.675368570404752,lstm
USR-000043,EVT-0045381,2026-07-22 13:37:36.343838,0.6096308349747623,lstm
USR-000023,EVT-0045382,2026-07-22 13:37:43.235852,0.19367942368326105,lstm
SVC-000017,EVT-0045383,2026-07-22 13:38:07.379527,0.8177320839792396,lstm
USR-000038,EVT-0045384,2026-07-22 13:39:12.134785,0.23960441640788552,lstm
USR-000209,EVT-0045385,2026-07-22 13:41:05.601451,0.35890609443420607,lstm
SVC-000021,EVT-0045386,2026-07-22 13:43:20.073265,0.7288164518792721,lstm
SVC-000017,EVT-0045387,2026-07-22 13:45:05.157179,0.7225676628475296,lstm
USR-000200,EVT-0045388,2026-07-22 13:45:26.122902,0.5923969414082191,lstm
USR-000193,EVT-0045389,2026-07-22 13:45:31.252875,0.45950308539948514,lstm
SVC-000017,EVT-0045390,2026-07-22 13:45:34.255730,0.8543917228117234,lstm
USR-000176,EVT-0045391,2026-07-22 13:46:25.930563,0.8235211905562771,lstm
SVC-000017,EVT-0045392,2026-07-22 13:46:45.874359,0.6736004710253258,lstm
DEV-000023,EVT-0045393,2026-07-22 13:46:51.817233,0.9999999999407816,lstm
USR-000140,EVT-0045394,2026-07-22 13:48:09.745121,0.9081894473321361,lstm
DEV-000023,EVT-0045395,2026-07-22 13:48:28.254839,0.9977277161806458,lstm
USR-000030,EVT-0045396,2026-07-22 13:48:52.761307,0.33640321900046255,lstm
USR-000081,EVT-0045397,2026-07-22 13:49:33.989961,0.4888808446587081,lstm
USR-000055,EVT-0045398,2026-07-22 13:49:38.586246,0.609531142745858,lstm
USR-000061,EVT-0045399,2026-07-22 13:49:45.581281,0.9814682776141737,lstm
USR-000072,EVT-0045400,2026-07-22 13:50:25.573561,0.6885971038119986,lstm
USR-000105,EVT-0045401,2026-07-22 13:51:23.271536,0.9164504567100134,lstm
USR-000040,EVT-0045402,2026-07-22 13:51:33.183859,0.7777561037820171,lstm
USR-000092,EVT-0045403,2026-07-22 13:52:42.056487,0.42260343100175907,lstm
SVC-000050,EVT-0045404,2026-07-22 13:53:30.064034,0.4242151377285705,lstm
USR-000150,EVT-0045405,2026-07-22 13:53:40.732793,0.9999999997843299,lstm
USR-000010,EVT-0045406,2026-07-22 13:53:46.372830,1.0,lstm
USR-000028,EVT-0045407,2026-07-22 13:53:47.860873,0.9999999999985547,lstm
SVC-000009,EVT-0045408,2026-07-22 13:54:13.004124,1.0,lstm
SVC-000033,EVT-0045409,2026-07-22 13:54:19.910071,1.0,lstm
USR-000014,EVT-0045410,2026-07-22 13:54:21.168860,0.9999999840365277,lstm
SVC-000001,EVT-0045411,2026-07-22 13:54:34.977914,0.7479587645499745,lstm
SVC-000012,EVT-0045412,2026-07-22 13:54:38.110707,0.9899758478860522,lstm
SVC-000001,EVT-0045413,2026-07-22 13:55:02.429378,1.0,lstm
USR-000023,EVT-0045414,2026-07-22 13:55:03.061203,0.9999999978528529,lstm
USR-000070,EVT-0045415,2026-07-22 13:55:14.573842,0.9999999997129816,lstm
SVC-000027,EVT-0045416,2026-07-22 13:56:00.808097,0.9983053364293073,lstm
USR-000032,EVT-0045417,2026-07-22 13:56:57.763579,0.9999999727543062,lstm
USR-000193,EVT-0045418,2026-07-22 13:57:02.193119,0.39886626222031224,lstm
USR-000160,EVT-0045419,2026-07-22 13:57:16.454428,0.999999999830417,lstm
USR-000133,EVT-0045420,2026-07-22 13:57:17.237021,0.9999999998530773,lstm
USR-000195,EVT-0045421,2026-07-22 13:57:21.605926,0.9999999999999956,lstm
USR-000027,EVT-0045422,2026-07-22 13:57:39.217227,0.9999999998293652,lstm
USR-000213,EVT-0045423,2026-07-22 13:57:47.686866,1.0,lstm
SVC-000003,EVT-0045424,2026-07-22 13:57:50.736303,1.0,lstm
SVC-000021,EVT-0045425,2026-07-22 13:57:51.253491,0.7253606230959445,lstm
USR-000046,EVT-0045426,2026-07-22 13:57:53.373448,0.9999999978155782,lstm
USR-000043,EVT-0045427,2026-07-22 13:58:21.935663,0.36048767277276694,lstm
USR-000094,EVT-0045428,2026-07-22 13:58:27.501500,0.999999998893585,lstm
USR-000053,EVT-0045429,2026-07-22 13:58:44.365030,0.999999999699716,lstm
USR-000127,EVT-0045430,2026-07-22 13:58:53.818886,0.9999999995704834,lstm
SVC-000054,EVT-0045431,2026-07-22 13:58:56.599394,1.0,lstm
DEV-000006,EVT-0045432,2026-07-22 13:59:55.488063,1.0,lstm
DEV-000019,EVT-0045433,2026-07-22 13:59:56.911844,1.0,lstm
SVC-000050,EVT-0045434,2026-07-22 14:00:18.728429,0.42394039298163394,lstm
USR-000146,EVT-0045435,2026-07-22 14:00:21.982832,1.0,lstm
SVC-000010,EVT-0045436,2026-07-22 14:00:33.165780,1.0,lstm
USR-000018,EVT-0045437,2026-07-22 14:00:46.373626,0.9999999999976621,lstm
SVC-000017,EVT-0045438,2026-07-22 14:00:56.231585,0.3705433909194979,lstm
USR-000049,EVT-0045439,2026-07-22 14:00:56.545821,0.9999999994006761,lstm
USR-000201,EVT-0045440,2026-07-22 14:01:21.090194,0.31920844444803637,lstm
USR-000102,EVT-0045441,2026-07-22 14:01:28.931492,1.0,lstm
USR-000090,EVT-0045442,2026-07-22 14:01:39.497437,0.9999999999950142,lstm
USR-000200,EVT-0045443,2026-07-22 14:01:51.002302,0.3882391491492372,lstm
USR-000189,EVT-0045444,2026-07-22 14:02:21.196554,0.9999999999998372,lstm
USR-000107,EVT-0045445,2026-07-22 14:02:35.991988,0.8223327132961415,lstm
SVC-000050,EVT-0045446,2026-07-22 14:02:56.075408,0.5720998724489149,lstm
USR-000188,EVT-0045447,2026-07-22 14:02:57.610765,0.9999999999939411,lstm
USR-000066,EVT-0045448,2026-07-22 14:03:06.620234,0.3508358989578137,lstm
SVC-000012,EVT-0045449,2026-07-22 14:03:26.709243,0.6723638926344825,lstm
SVC-000027,EVT-0045450,2026-07-22 14:03:41.303476,0.48166406846848836,lstm
USR-000179,EVT-0045451,2026-07-22 14:03:54.794441,1.0,lstm
USR-000061,EVT-0045452,2026-07-22 14:04:04.533160,0.9457476217813412,lstm
SVC-000021,EVT-0045453,2026-07-22 14:04:08.805612,0.4419457889482391,lstm
SVC-000017,EVT-0045454,2026-07-22 14:05:09.139118,0.6282438186737244,lstm
USR-000005,EVT-0045455,2026-07-22 14:05:17.855822,0.9999999972655904,lstm
USR-000213,EVT-0045456,2026-07-22 14:05:19.788355,0.9579232216564235,lstm
SVC-000018,EVT-0045457,2026-07-22 14:05:31.917833,1.0,lstm
USR-000029,EVT-0045458,2026-07-22 14:06:32.683580,0.6583156253238011,lstm
USR-000129,EVT-0045459,2026-07-22 14:06:48.275142,0.47492886835544007,lstm
USR-000160,EVT-0045460,2026-07-22 14:07:38.948770,0.8365611450616631,lstm
USR-000072,EVT-0045461,2026-07-22 14:08:41.961193,0.6596289113601512,lstm
USR-000140,EVT-0045462,2026-07-22 14:08:47.787606,0.8275858048178554,lstm
SVC-000022,EVT-0045463,2026-07-22 14:08:48.324607,0.9896822885581056,lstm
DEV-000008,EVT-0045464,2026-07-22 14:09:27.381706,0.5827261943184291,lstm
SVC-000017,EVT-0045465,2026-07-22 14:09:32.590300,0.42916621165768737,lstm
USR-000183,EVT-0045466,2026-07-22 14:11:58.375035,0.3987507625283032,lstm
SVC-000022,EVT-0045467,2026-07-22 14:12:56.441795,0.7626774799150347,lstm
SVC-000012,EVT-0045468,2026-07-22 14:13:04.097391,0.5639324784481481,lstm
DEV-000016,EVT-0045469,2026-07-22 14:13:56.018982,0.3319303148675395,lstm
USR-000136,EVT-0045470,2026-07-22 14:16:47.780441,0.33417872157584727,lstm
USR-000129,EVT-0045471,2026-07-22 14:16:52.969633,0.5673968296723625,lstm
USR-000131,EVT-0045472,2026-07-22 14:17:41.863583,0.9711898951586276,lstm
USR-000173,EVT-0045473,2026-07-22 14:19:30.437796,0.6857589579641432,lstm
SVC-000008,EVT-0045474,2026-07-22 14:20:16.532072,0.8107746472890326,lstm
USR-000030,EVT-0045475,2026-07-22 14:20:28.461057,0.34464344593335866,lstm
USR-000081,EVT-0045476,2026-07-22 14:21:32.807120,0.4060012476518834,lstm
USR-000081,EVT-0045477,2026-07-22 14:21:42.924031,0.8443547485832282,lstm
USR-000064,EVT-0045478,2026-07-22 14:23:02.394470,0.3011702193071561,lstm
USR-000054,EVT-0045479,2026-07-22 14:24:12.648477,0.3060518086596184,lstm
SVC-000017,EVT-0045480,2026-07-22 14:24:48.727418,0.560156725735379,lstm
USR-000196,EVT-0045481,2026-07-22 14:24:53.326867,0.28864258516756613,lstm
USR-000046,EVT-0045482,2026-07-22 14:25:56.547602,0.7995645065515932,lstm
USR-000026,EVT-0045483,2026-07-22 14:26:32.986365,0.4836614825308774,lstm
SVC-000010,EVT-0045484,2026-07-22 14:26:38.878959,0.9991566566420608,lstm
USR-000152,EVT-0045485,2026-07-22 14:27:16.801336,0.9301432318783397,lstm
USR-000200,EVT-0045486,2026-07-22 14:27:22.953005,0.37499991801172805,lstm
USR-000208,EVT-0045487,2026-07-22 14:28:51.746381,0.3879259790775079,lstm
USR-000044,EVT-0045488,2026-07-22 14:31:21.333850,0.9984799478034254,lstm
SVC-000017,EVT-0045489,2026-07-22 14:31:36.323877,0.3492522166768419,lstm
SVC-000017,EVT-0045490,2026-07-22 14:31:41.817953,0.9322066092298672,lstm
SVC-000027,EVT-0045491,2026-07-22 14:32:12.461703,0.6739953639010662,lstm
USR-000062,EVT-0045492,2026-07-22 14:33:05.749024,0.26596673348470296,lstm
SVC-000012,EVT-0045493,2026-07-22 14:34:00.224306,0.3827592089295217,lstm
USR-000064,EVT-0045494,2026-07-22 14:34:26.903923,0.43326310673590623,lstm
SVC-000050,EVT-0045495,2026-07-22 14:34:40.501293,0.5777919138644833,lstm
USR-000178,EVT-0045496,2026-07-22 14:36:50.190520,0.5632327479852899,lstm
USR-000111,EVT-0045497,2026-07-22 14:37:21.765516,0.417061306699502,lstm
SVC-000008,EVT-0045498,2026-07-22 14:38:09.613549,0.7221026189171583,lstm
DEV-000012,EVT-0045499,2026-07-22 14:38:27.393857,0.3012683567063271,lstm
SVC-000026,EVT-0045500,2026-07-22 14:39:01.339014,0.9972729506125079,lstm
USR-000099,EVT-0045501,2026-07-22 14:40:07.473719,0.5765044511036337,lstm
SVC-000027,EVT-0045502,2026-07-22 14:40:09.874292,0.5522312401462326,lstm
DEV-000018,EVT-0045503,2026-07-22 14:40:20.697943,0.20726800724108962,lstm
SVC-000017,EVT-0045504,2026-07-22 14:41:30.528763,0.36470673447711854,lstm
USR-000146,EVT-0045505,2026-07-22 14:41:32.997297,0.7673122550273971,lstm
USR-000060,EVT-0045506,2026-07-22 14:43:31.405791,0.4184553810133748,lstm
SVC-000012,EVT-0045507,2026-07-22 14:45:35.240720,0.49627591541883265,lstm
USR-000144,EVT-0045508,2026-07-22 14:46:16.989119,0.9852106255636697,lstm
SVC-000028,EVT-0045509,2026-07-22 14:47:24.491386,0.9890353540905754,lstm
USR-000107,EVT-0045510,2026-07-22 14:48:30.204535,0.6366869413626273,lstm
USR-000074,EVT-0045511,2026-07-22 14:48:50.242197,0.8344493507002217,lstm
SVC-000027,EVT-0045512,2026-07-22 14:51:53.817020,0.6142770865911716,lstm
USR-000077,EVT-0045513,2026-07-22 14:52:01.158366,0.8226490655930238,lstm
USR-000126,EVT-0045514,2026-07-22 14:52:01.976631,0.8871941300223439,lstm
DEV-000010,EVT-0045515,2026-07-22 14:52:08.166321,0.09897695606003791,lstm
SVC-000026,EVT-0045516,2026-07-22 14:53:14.657493,0.4546930755997476,lstm
USR-000131,EVT-0045517,2026-07-22 14:53:44.071409,0.9255185923188106,lstm
SVC-000012,EVT-0045518,2026-07-22 14:55:42.172670,0.3604413526202855,lstm
USR-000056,EVT-0045519,2026-07-22 14:55:48.380053,0.4326739922122051,lstm
USR-000207,EVT-0045520,2026-07-22 14:56:54.564178,0.49366213226443906,lstm
USR-000193,EVT-0045521,2026-07-22 14:57:46.331177,0.24626000500339393,lstm
USR-000048,EVT-0045522,2026-07-22 14:58:32.850741,0.46546377215434676,lstm
SVC-000049,EVT-0045523,2026-07-22 14:58:35.620197,0.3446010616620477,lstm
USR-000040,EVT-0045524,2026-07-22 15:00:44.028452,0.3595232774659195,lstm
USR-000126,EVT-0045525,2026-07-22 15:01:25.079216,0.709720797647732,lstm
SVC-000036,EVT-0045526,2026-07-22 15:01:42.057684,0.9859594687806554,lstm
USR-000197,EVT-0045527,2026-07-22 15:03:03.394337,0.3555964724083032,lstm
SVC-000012,EVT-0045528,2026-07-22 15:03:26.225614,0.42362269776302314,lstm
USR-000057,EVT-0045529,2026-07-22 15:04:05.790344,0.7142683239709653,lstm
USR-000185,EVT-0045530,2026-07-22 15:04:52.934256,0.585627870750502,lstm
USR-000202,EVT-0045531,2026-07-22 15:05:23.414278,0.29736513133283216,lstm
USR-000126,EVT-0045532,2026-07-22 15:06:17.159230,0.7254801320452982,lstm
SVC-000033,EVT-0045533,2026-07-22 15:06:48.907570,0.9990037331456278,lstm
SVC-000022,EVT-0045534,2026-07-22 15:07:22.361623,0.5080641449581065,lstm
SVC-000022,EVT-0045535,2026-07-22 15:08:11.946327,0.7578052316774576,lstm
USR-000193,EVT-0045536,2026-07-22 15:08:40.462137,0.36008878165925196,lstm
USR-000193,EVT-0045537,2026-07-22 15:10:04.719446,0.6742566326139166,lstm
USR-000074,EVT-0045538,2026-07-22 15:10:33.077600,0.7445408672184611,lstm
SVC-000050,EVT-0045539,2026-07-22 15:11:03.445359,0.40246280559300357,lstm
USR-000193,EVT-0045540,2026-07-22 15:11:07.727074,0.6350677995336926,lstm
DEV-000023,EVT-0045541,2026-07-22 15:12:06.027016,0.9452079881083938,lstm
SVC-000022,EVT-0045542,2026-07-22 15:12:54.126449,0.4657147222611553,lstm
USR-000126,EVT-0045543,2026-07-22 15:13:11.913881,0.47033537909496465,lstm
USR-000197,EVT-0045544,2026-07-22 15:16:13.784021,0.2363802548525568,lstm
USR-000152,EVT-0045545,2026-07-22 15:16:25.644650,0.49210294534556787,lstm
SVC-000027,EVT-0045546,2026-07-22 15:17:54.419085,0.6785762414046642,lstm
USR-000172,EVT-0045547,2026-07-22 15:19:27.971023,0.9823256140978479,lstm
SVC-000029,EVT-0045548,2026-07-22 15:20:16.110954,0.9965292822345976,lstm
SVC-000012,EVT-0045549,2026-07-22 15:21:11.657096,0.3164704043421888,lstm
USR-000053,EVT-0045550,2026-07-22 15:21:21.755933,0.7366193190085814,lstm
SVC-000049,EVT-0045551,2026-07-22 15:21:29.743585,0.29356884949954876,lstm
USR-000021,EVT-0045552,2026-07-22 15:21:52.904291,0.8816828889501809,lstm
SVC-000027,EVT-0045553,2026-07-22 15:22:53.192449,0.4165063406457021,lstm
SVC-000027,EVT-0045554,2026-07-22 15:23:28.875832,0.7677571222219771,lstm
SVC-000036,EVT-0045555,2026-07-22 15:24:19.688903,0.6207881271110616,lstm
DEV-000021,EVT-0045556,2026-07-22 15:24:35.384103,0.3934681585601004,lstm
USR-000052,EVT-0045557,2026-07-22 15:24:36.288379,0.8385009549279272,lstm
SVC-000036,EVT-0045558,2026-07-22 15:25:25.152044,0.5207732541612159,lstm
SVC-000012,EVT-0045559,2026-07-22 15:25:33.067750,0.530207865043179,lstm
USR-000173,EVT-0045560,2026-07-22 15:26:26.881067,0.7395868085377485,lstm
SVC-000026,EVT-0045561,2026-07-22 15:26:37.652111,0.3910790697010745,lstm
USR-000198,EVT-0045562,2026-07-22 15:27:10.594727,0.9511488499610572,lstm
DEV-000008,EVT-0045563,2026-07-22 15:27:24.652539,0.6370296881216673,lstm
USR-000052,EVT-0045564,2026-07-22 15:29:38.952752,0.7142313269326054,lstm
SVC-000028,EVT-0045565,2026-07-22 15:30:06.509368,0.4546266443507086,lstm
SVC-000036,EVT-0045566,2026-07-22 15:34:04.715758,0.3375381504853219,lstm
USR-000037,EVT-0045567,2026-07-22 15:34:38.117110,0.2595531397153907,lstm
SVC-000033,EVT-0045568,2026-07-22 15:35:03.111618,0.9991304150995889,lstm
SVC-000026,EVT-0045569,2026-07-22 15:35:27.112258,0.2711825091883719,lstm
USR-000085,EVT-0045570,2026-07-22 15:36:32.324755,0.29592623358017595,lstm
SVC-000017,EVT-0045571,2026-07-22 15:36:44.854314,0.927228212629328,lstm
DEV-000026,EVT-0045572,2026-07-22 15:36:56.877083,0.5156142342030932,lstm
USR-000144,EVT-0045573,2026-07-22 15:37:35.269695,0.6566250463940835,lstm
DEV-000016,EVT-0045574,2026-07-22 15:38:57.580565,0.26832181056991883,lstm
SVC-000036,EVT-0045575,2026-07-22 15:40:58.941480,0.2921966802816243,lstm
SVC-000036,EVT-0045576,2026-07-22 15:42:22.303781,0.8415802756615223,lstm
USR-000140,EVT-0045577,2026-07-22 15:43:50.135629,0.8846893856376482,lstm
USR-000201,EVT-0045578,2026-07-22 15:44:12.389958,0.34470402680371387,lstm
USR-000126,EVT-0045579,2026-07-22 15:44:54.296891,0.2903744104918567,lstm
USR-000107,EVT-0045580,2026-07-22 15:45:34.008895,0.4175276888578099,lstm
SVC-000010,EVT-0045581,2026-07-22 15:45:49.312355,0.9609625826003612,lstm
USR-000056,EVT-0045582,2026-07-22 15:46:21.686204,0.4243205271252212,lstm
USR-000017,EVT-0045583,2026-07-22 15:48:11.589319,0.33951290078553525,lstm
DEV-000012,EVT-0045584,2026-07-22 15:49:23.945087,0.20959225579799412,lstm
SVC-000049,EVT-0045585,2026-07-22 15:50:31.405595,0.30158469456095227,lstm
USR-000178,EVT-0045586,2026-07-22 15:52:52.114480,0.44616536979882004,lstm
USR-000136,EVT-0045587,2026-07-22 15:53:29.127800,0.287567525840746,lstm
SVC-000049,EVT-0045588,2026-07-22 15:53:39.873926,0.6443395458098868,lstm
USR-000092,EVT-0045589,2026-07-22 15:54:02.894001,0.23857786245146298,lstm
SVC-000017,EVT-0045590,2026-07-22 15:54:30.879781,0.6293465543305704,lstm
SVC-000038,EVT-0045591,2026-07-22 15:54:41.289051,0.9933407376966813,lstm
USR-000044,EVT-0045592,2026-07-22 15:55:17.346627,0.9966827787571089,lstm
USR-000131,EVT-0045593,2026-07-22 15:55:38.970902,0.6210036985482321,lstm
SVC-000036,EVT-0045594,2026-07-22 15:55:52.660182,0.32199530692860096,lstm
SVC-000008,EVT-0045595,2026-07-22 15:56:10.363406,0.9185295712211979,lstm
USR-000064,EVT-0045596,2026-07-22 16:00:34.503608,0.6768934332269178,lstm
USR-000160,EVT-0045597,2026-07-22 16:00:36.582201,0.6771391218076137,lstm
USR-000056,EVT-0045598,2026-07-22 16:02:54.919076,0.5065188452866601,lstm
SVC-000049,EVT-0045599,2026-07-22 16:04:25.113944,0.5275046904551046,lstm
DEV-000017,EVT-0045600,2026-07-22 16:04:53.516381,0.7532228472362767,lstm
SVC-000027,EVT-0045601,2026-07-22 16:05:31.886423,0.62889713011717,lstm
USR-000107,EVT-0045602,2026-07-22 16:07:33.706408,0.35510083671483167,lstm
USR-000066,EVT-0045603,2026-07-22 16:09:06.205209,0.36048119538871987,lstm
DEV-000026,EVT-0045604,2026-07-22 16:09:10.519691,0.42023736776150855,lstm
USR-000185,EVT-0045605,2026-07-22 16:09:25.797594,0.3826060530408597,lstm
USR-000136,EVT-0045606,2026-07-22 16:09:54.295417,0.6662791769798279,lstm
SVC-000010,EVT-0045607,2026-07-22 16:10:12.802265,0.9432583123418885,lstm
SVC-000026,EVT-0045608,2026-07-22 16:10:25.421844,0.32221168406534856,lstm
SVC-000028,EVT-0045609,2026-07-22 16:10:56.538280,0.43588677192084324,lstm
SVC-000026,EVT-0045610,2026-07-22 16:11:07.432663,0.5260316570871261,lstm
DEV-000008,EVT-0045611,2026-07-22 16:15:24.038822,0.5786841046866434,lstm
SVC-000036,EVT-0045612,2026-07-22 16:17:23.004422,0.38002315928052577,lstm
USR-000131,EVT-0045613,2026-07-22 16:17:38.105868,0.7864171001054483,lstm
USR-000077,EVT-0045614,2026-07-22 16:17:48.619168,0.8422134551166933,lstm
SVC-000026,EVT-0045615,2026-07-22 16:17:51.676571,0.2720310060417817,lstm
SVC-000026,EVT-0045616,2026-07-22 16:19:09.730358,0.5627634356890847,lstm
SVC-000029,EVT-0045617,2026-07-22 16:20:31.502679,0.5121509043164711,lstm
USR-000131,EVT-0045618,2026-07-22 16:21:26.240738,0.9600803867520007,lstm
SVC-000036,EVT-0045619,2026-07-22 16:21:40.814004,0.40833120549221924,lstm
USR-000145,EVT-0045620,2026-07-22 16:22:44.739815,0.6322379732307893,lstm
DEV-000005,EVT-0045621,2026-07-22 16:25:20.253524,0.529629873191749,lstm
SVC-000036,EVT-0045622,2026-07-22 16:25:23.415651,0.4584489514906538,lstm
USR-000196,EVT-0045623,2026-07-22 16:25:40.330844,0.4261715869272488,lstm
SVC-000036,EVT-0045624,2026-07-22 16:27:17.369660,0.8489276178666136,lstm
USR-000209,EVT-0045625,2026-07-22 16:27:52.188803,0.3568760746029169,lstm
SVC-000026,EVT-0045626,2026-07-22 16:27:56.820879,0.5147518759961038,lstm
USR-000125,EVT-0045627,2026-07-22 16:28:25.659786,0.6056255851639015,lstm
USR-000092,EVT-0045628,2026-07-22 16:29:51.717488,0.34536523341989334,lstm
DEV-000018,EVT-0045629,2026-07-22 16:31:03.986767,0.1500466835917522,lstm
DEV-000016,EVT-0045630,2026-07-22 16:31:42.911919,0.29764717239620303,lstm
SVC-000028,EVT-0045631,2026-07-22 16:31:43.353154,0.7500286408025358,lstm
USR-000065,EVT-0045632,2026-07-22 16:31:52.497897,0.6441815105129228,lstm
SVC-000038,EVT-0045633,2026-07-22 16:32:51.079556,0.6517517813025127,lstm
SVC-000036,EVT-0045634,2026-07-22 16:36:21.373200,0.7666659860818628,lstm
SVC-000038,EVT-0045635,2026-07-22 16:36:59.418785,0.8745293981455311,lstm
SVC-000028,EVT-0045636,2026-07-22 16:38:14.183356,0.8709756041432373,lstm
USR-000037,EVT-0045637,2026-07-22 16:38:23.149370,0.2348561528524421,lstm
USR-000040,EVT-0045638,2026-07-22 16:38:32.852126,0.3375004684565995,lstm
USR-000144,EVT-0045639,2026-07-22 16:38:49.151856,0.5587129063698113,lstm
SVC-000010,EVT-0045640,2026-07-22 16:39:44.459826,0.9317617988922804,lstm
DEV-000014,EVT-0045641,2026-07-22 16:40:43.781585,0.6906578337457582,lstm
SVC-000010,EVT-0045642,2026-07-22 16:40:52.628557,0.9618166466034084,lstm
USR-000037,EVT-0045643,2026-07-22 16:41:13.764631,0.9893712642668372,lstm
DEV-000002,EVT-0045644,2026-07-22 16:41:28.488002,0.5946482314441217,lstm
DEV-000014,EVT-0045645,2026-07-22 16:42:26.254757,0.9768365849587941,lstm
USR-000127,EVT-0045646,2026-07-22 16:43:21.866745,0.9209812860250575,lstm
USR-000104,EVT-0045647,2026-07-22 16:44:49.388268,0.5784947623258407,lstm
SVC-000029,EVT-0045648,2026-07-22 16:44:50.970132,0.4640458983599475,lstm
DEV-000014,EVT-0045649,2026-07-22 16:45:09.822330,0.8708882459144168,lstm
SVC-000038,EVT-0045650,2026-07-22 16:45:26.851652,0.8334295623877949,lstm
SVC-000005,EVT-0045651,2026-07-22 16:46:09.715208,0.9772419560087229,lstm
SVC-000029,EVT-0045652,2026-07-22 16:47:07.017004,0.8316911725570976,lstm
DEV-000006,EVT-0045653,2026-07-22 16:47:37.122990,0.9832302154593977,lstm
USR-000061,EVT-0045654,2026-07-22 16:47:43.919074,0.930006832055518,lstm
SVC-000029,EVT-0045655,2026-07-22 16:48:28.464365,0.8586257622179108,lstm
USR-000056,EVT-0045656,2026-07-22 16:48:34.427996,0.5639380834416291,lstm
SVC-000010,EVT-0045657,2026-07-22 16:48:37.368309,0.820002254035355,lstm
SVC-000036,EVT-0045658,2026-07-22 16:50:38.922799,0.8050289381281163,lstm
USR-000077,EVT-0045659,2026-07-22 16:52:44.247070,0.8791071019920175,lstm
SVC-000033,EVT-0045660,2026-07-22 16:53:07.819369,0.9766014529696471,lstm
SVC-000033,EVT-0045661,2026-07-22 16:53:51.267645,0.9973667808536187,lstm
USR-000196,EVT-0045662,2026-07-22 16:54:47.642739,0.31850859329034914,lstm
USR-000064,EVT-0045663,2026-07-22 16:55:03.813801,0.5089413747620037,lstm
SVC-000010,EVT-0045664,2026-07-22 16:56:51.553208,0.7307621531591557,lstm
USR-000152,EVT-0045665,2026-07-22 16:58:12.537258,0.39821137012441865,lstm
SVC-000033,EVT-0045666,2026-07-22 17:03:48.846733,0.8978118210753013,lstm
USR-000200,EVT-0045667,2026-07-22 17:04:03.948763,0.502824071745751,lstm
USR-000185,EVT-0045668,2026-07-22 17:04:38.024247,0.2609549634513662,lstm
USR-000125,EVT-0045669,2026-07-22 17:05:24.591154,0.47596847952467275,lstm
USR-000198,EVT-0045670,2026-07-22 17:05:32.675839,0.6678176259954827,lstm
USR-000109,EVT-0045671,2026-07-22 17:05:57.607210,0.21745196356723645,lstm
SVC-000005,EVT-0045672,2026-07-22 17:06:47.619905,0.8731154523383072,lstm
DEV-000001,EVT-0045673,2026-07-22 17:08:08.868557,0.581234389143764,lstm
USR-000099,EVT-0045674,2026-07-22 17:15:11.514345,0.47848424438554793,lstm
SVC-000033,EVT-0045675,2026-07-22 17:16:05.492738,0.9144078132614553,lstm
SVC-000005,EVT-0045676,2026-07-22 17:16:27.368539,0.8132440396052959,lstm
USR-000052,EVT-0045677,2026-07-22 17:17:02.667846,0.7897262114703836,lstm
USR-000129,EVT-0045678,2026-07-22 17:17:24.871937,0.6354341967973519,lstm
USR-000017,EVT-0045679,2026-07-22 17:18:19.519662,0.20253166703368686,lstm
USR-000109,EVT-0045680,2026-07-22 17:18:25.571896,0.46453956912195044,lstm
SVC-000033,EVT-0045681,2026-07-22 17:22:53.151957,0.8538014978715928,lstm
SVC-000033,EVT-0045682,2026-07-22 17:23:30.547384,0.8923776901079387,lstm
SVC-000038,EVT-0045683,2026-07-22 17:25:28.509245,0.5093733603010522,lstm
USR-000027,EVT-0045684,2026-07-22 17:26:41.189962,0.5861287416965847,lstm
DEV-000002,EVT-0045685,2026-07-22 17:26:41.466570,0.5185756066010656,lstm
SVC-000029,EVT-0045686,2026-07-22 17:26:41.634084,0.6860914591745343,lstm
SVC-000037,EVT-0045687,2026-07-22 17:30:38.292929,0.9637597894307285,lstm
SVC-000029,EVT-0045688,2026-07-22 17:30:44.202038,0.5888026557981769,lstm
DEV-000023,EVT-0045689,2026-07-22 17:31:00.286261,0.9593761748259451,lstm
SVC-000005,EVT-0045690,2026-07-22 17:33:26.649266,0.5566383081367493,lstm
USR-000131,EVT-0045691,2026-07-22 17:33:35.490108,0.6572402677411432,lstm
USR-000073,EVT-0045692,2026-07-22 17:33:52.254166,0.24553142057263383,lstm
USR-000080,EVT-0045693,2026-07-22 17:35:23.263180,0.8374073837106306,lstm
SVC-000033,EVT-0045694,2026-07-22 17:35:28.132283,0.8809294213283749,lstm
SVC-000033,EVT-0045695,2026-07-22 17:36:44.997494,0.9473695394958092,lstm
USR-000062,EVT-0045696,2026-07-22 17:39:02.506343,0.6497120612792266,lstm
USR-000018,EVT-0045697,2026-07-22 17:39:47.687659,0.9574564919205388,lstm
USR-000125,EVT-0045698,2026-07-22 17:42:32.654978,0.49571257318758877,lstm
SVC-000037,EVT-0045699,2026-07-22 17:43:06.797866,0.8811200670476085,lstm
SVC-000023,EVT-0045700,2026-07-22 17:43:34.017940,0.9351592690744471,lstm
USR-000077,EVT-0045701,2026-07-22 17:43:49.482680,0.8271952350368854,lstm
USR-000109,EVT-0045702,2026-07-22 17:47:51.328648,0.5072620317699212,lstm
USR-000002,EVT-0045703,2026-07-22 17:48:19.038059,0.7640851896013787,lstm
SVC-000026,EVT-0045704,2026-07-22 17:48:46.854878,0.7702821763928778,lstm
SVC-000004,EVT-0045705,2026-07-22 17:51:29.566625,0.9357476405340831,lstm
DEV-000026,EVT-0045706,2026-07-22 17:53:39.212330,0.22597386591562107,lstm
SVC-000010,EVT-0045707,2026-07-22 17:53:48.540132,0.7810861527645511,lstm
SVC-000038,EVT-0045708,2026-07-22 17:55:05.442465,0.5892274787495472,lstm
SVC-000060,EVT-0045709,2026-07-22 17:56:32.031178,0.9782575851653983,lstm
SVC-000010,EVT-0045710,2026-07-22 17:56:53.150811,0.8470583727496203,lstm
SVC-000023,EVT-0045711,2026-07-22 17:58:34.343360,0.5563918874764481,lstm
SVC-000023,EVT-0045712,2026-07-22 17:58:36.449339,0.9290706497140702,lstm
USR-000198,EVT-0045713,2026-07-22 17:58:42.972865,0.5501073957365068,lstm
SVC-000033,EVT-0045714,2026-07-22 18:00:56.429613,0.9441147117782227,lstm
SVC-000033,EVT-0045715,2026-07-22 18:01:15.563223,0.9810663295661024,lstm
SVC-000023,EVT-0045716,2026-07-22 18:02:49.877538,0.4778592044420705,lstm
USR-000052,EVT-0045717,2026-07-22 18:03:19.307900,0.42407870406338394,lstm
SVC-000004,EVT-0045718,2026-07-22 18:04:36.738252,0.5261566779840584,lstm
USR-000185,EVT-0045719,2026-07-22 18:05:53.487636,0.48662351906170137,lstm
SVC-000005,EVT-0045720,2026-07-22 18:07:44.620098,0.485454865936436,lstm
USR-000201,EVT-0045721,2026-07-22 18:08:12.833708,0.6354792680882406,lstm
DEV-000020,EVT-0045722,2026-07-22 18:14:34.093153,0.9715694061725917,lstm
SVC-000037,EVT-0045723,2026-07-22 18:22:04.773938,0.9135868981143173,lstm
DEV-000001,EVT-0045724,2026-07-22 18:22:34.770793,0.3538662776956492,lstm
SVC-000037,EVT-0045725,2026-07-22 18:23:13.346189,0.8787528859710261,lstm
USR-000027,EVT-0045726,2026-07-22 18:23:34.745069,0.6340226325855638,lstm
USR-000192,EVT-0045727,2026-07-22 18:32:19.688650,0.4961445757032335,lstm
USR-000037,EVT-0045728,2026-07-22 18:32:28.461767,0.3985956579051306,lstm
SVC-000044,EVT-0045729,2026-07-22 18:33:36.544039,0.9938143034713557,lstm
USR-000089,EVT-0045730,2026-07-22 18:34:34.456695,0.494529019188606,lstm
USR-000135,EVT-0045731,2026-07-22 18:35:27.293207,0.744851847973077,lstm
SVC-000006,EVT-0045732,2026-07-22 18:36:04.541979,0.9965586897883517,lstm
DEV-000003,EVT-0045733,2026-07-22 18:36:22.318374,0.543595675284234,lstm
USR-000152,EVT-0045734,2026-07-22 18:37:08.843730,0.36429621572277665,lstm
SVC-000052,EVT-0045735,2026-07-22 18:38:29.481499,0.9872892989260528,lstm
SVC-000004,EVT-0045736,2026-07-22 18:46:00.119255,0.2678466227105005,lstm
SVC-000044,EVT-0045737,2026-07-22 18:51:41.058866,0.366096654672614,lstm
SVC-000023,EVT-0045738,2026-07-22 18:57:09.951460,0.2907764279274308,lstm
SVC-000033,EVT-0045739,2026-07-22 18:57:29.934524,0.8826220807099204,lstm
SVC-000004,EVT-0045740,2026-07-22 19:00:47.050145,0.36700684577082,lstm
SVC-000033,EVT-0045741,2026-07-22 19:01:08.933954,0.928355961536241,lstm
SVC-000048,EVT-0045742,2026-07-22 19:01:31.030358,0.9774380343116359,lstm
SVC-000023,EVT-0045743,2026-07-22 19:03:02.823223,0.3972687789318946,lstm
SVC-000052,EVT-0045744,2026-07-22 19:03:27.711935,0.38914383824058446,lstm
DEV-000025,EVT-0045745,2026-07-22 19:04:02.348545,0.5968506482007857,lstm
SVC-000006,EVT-0045746,2026-07-22 19:04:41.363683,0.609035102830546,lstm
USR-000092,EVT-0045747,2026-07-22 19:05:48.990465,0.3703971410996246,lstm
SVC-000023,EVT-0045748,2026-07-22 19:06:57.159117,0.45253860847657174,lstm
SVC-000006,EVT-0045749,2026-07-22 19:07:35.215500,0.5415592744480688,lstm
USR-000125,EVT-0045750,2026-07-22 19:10:08.962249,0.5866089575090547,lstm
USR-000037,EVT-0045751,2026-07-22 19:10:32.115869,0.3851177938559677,lstm
DEV-000001,EVT-0045752,2026-07-22 19:13:29.247345,0.41570152453921344,lstm
USR-000037,EVT-0045753,2026-07-22 19:14:01.508984,0.5890010403090068,lstm
SVC-000006,EVT-0045754,2026-07-22 19:14:44.373489,0.6121457753521555,lstm
SVC-000044,EVT-0045755,2026-07-22 19:15:39.019236,0.6415516869038431,lstm
SVC-000052,EVT-0045756,2026-07-22 19:19:36.596146,0.3131206445155047,lstm
DEV-000013,EVT-0045757,2026-07-22 19:20:31.810706,0.8505478934853102,lstm
DEV-000011,EVT-0045758,2026-07-22 19:25:55.209839,0.7001797015988026,lstm
SVC-000044,EVT-0045759,2026-07-22 19:32:47.747693,0.6580965082275685,lstm
DEV-000014,EVT-0045760,2026-07-22 19:33:26.018463,0.43896921501424574,lstm
DEV-000007,EVT-0045761,2026-07-22 19:36:17.925058,0.4351855249077454,lstm
SVC-000052,EVT-0045762,2026-07-22 19:39:08.732873,0.2966325262652505,lstm
SVC-000052,EVT-0045763,2026-07-22 19:39:08.831203,0.8011662994535779,lstm
DEV-000020,EVT-0045764,2026-07-22 19:40:17.383509,0.934625647541067,lstm
SVC-000006,EVT-0045765,2026-07-22 19:42:28.433501,0.4898931822237605,lstm
SVC-000004,EVT-0045766,2026-07-22 19:45:31.571891,0.3595825431384731,lstm
SVC-000061,EVT-0045767,2026-07-22 19:47:36.276040,0.9999646079915624,lstm
SVC-000052,EVT-0045768,2026-07-22 19:49:20.337136,0.31947520712807576,lstm
SVC-000048,EVT-0045769,2026-07-22 19:49:35.666907,0.4551199406705014,lstm
SVC-000006,EVT-0045770,2026-07-22 19:50:05.884256,0.7789831301681603,lstm
USR-000198,EVT-0045771,2026-07-22 19:53:25.587425,0.5193632092340745,lstm
SVC-000061,EVT-0045772,2026-07-22 19:53:55.190004,0.9989197030440968,lstm
USR-000074,EVT-0045773,2026-07-22 19:54:34.761111,0.7872490072958355,lstm
SVC-000061,EVT-0045774,2026-07-22 19:55:35.043086,0.9991556138828886,lstm
SVC-000052,EVT-0045775,2026-07-22 19:55:56.453105,0.32128521870351723,lstm
SVC-000061,EVT-0045776,2026-07-22 19:56:30.576461,0.9833498114539556,lstm
SVC-000006,EVT-0045777,2026-07-22 19:58:28.034027,0.5379750333154307,lstm
SVC-000058,EVT-0045778,2026-07-22 20:00:49.460993,0.9998394546195457,lstm
SVC-000006,EVT-0045779,2026-07-22 20:01:11.859175,0.5374391757320837,lstm
SVC-000037,EVT-0045780,2026-07-22 20:01:28.606125,0.6276976629385705,lstm
SVC-000006,EVT-0045781,2026-07-22 20:01:47.576677,0.5702900650638612,lstm
SVC-000004,EVT-0045782,2026-07-22 20:01:50.109454,0.22607756644399182,lstm
SVC-000044,EVT-0045783,2026-07-22 20:02:13.226209,0.4395226955387755,lstm
SVC-000061,EVT-0045784,2026-07-22 20:02:52.218391,0.4137202765896208,lstm
SVC-000035,EVT-0045785,2026-07-22 20:05:44.748622,0.9720498583355847,lstm
SVC-000052,EVT-0045786,2026-07-22 20:08:59.441653,0.4534801522216465,lstm
SVC-000004,EVT-0045787,2026-07-22 20:09:24.711999,0.44684812057882684,lstm
DEV-000023,EVT-0045788,2026-07-22 20:12:12.477908,0.9510008435646082,lstm
USR-000193,EVT-0045789,2026-07-22 20:13:57.344145,0.6396870943135385,lstm
SVC-000044,EVT-0045790,2026-07-22 20:17:00.157469,0.5644123509481773,lstm
SVC-000061,EVT-0045791,2026-07-22 20:19:24.490557,0.2631458456515838,lstm
SVC-000052,EVT-0045792,2026-07-22 20:19:55.216490,0.7061782547656257,lstm
SVC-000058,EVT-0045793,2026-07-22 20:19:55.716343,0.9783964538876919,lstm
SVC-000061,EVT-0045794,2026-07-22 20:22:05.625247,0.9003544047339326,lstm
SVC-000044,EVT-0045795,2026-07-22 20:22:30.527513,0.480791229014715,lstm
SVC-000052,EVT-0045796,2026-07-22 20:24:52.351108,0.43915955953474095,lstm
SVC-000061,EVT-0045797,2026-07-22 20:25:24.847114,0.29082067879581397,lstm
SVC-000037,EVT-0045798,2026-07-22 20:28:27.670358,0.5670689060633743,lstm
SVC-000058,EVT-0045799,2026-07-22 20:28:35.048713,0.9837341009747351,lstm
SVC-000044,EVT-0045800,2026-07-22 20:29:07.402959,0.6771407122511942,lstm
SVC-000052,EVT-0045801,2026-07-22 20:35:44.615325,0.4212650132459449,lstm
SVC-000058,EVT-0045802,2026-07-22 20:41:18.091327,0.9702863334086511,lstm
DEV-000020,EVT-0045803,2026-07-22 20:44:07.199998,0.944987932630367,lstm
SVC-000044,EVT-0045804,2026-07-22 20:48:04.563656,0.42570915271521786,lstm
SVC-000052,EVT-0045805,2026-07-22 20:50:24.229160,0.42674165837146866,lstm
SVC-000048,EVT-0045806,2026-07-22 20:50:26.306267,0.324123766569226,lstm
SVC-000061,EVT-0045807,2026-07-22 20:50:36.421106,0.36052809074474534,lstm
SVC-000052,EVT-0045808,2026-07-22 20:57:16.439105,0.5787680935552895,lstm
SVC-000061,EVT-0045809,2026-07-22 20:59:58.943683,0.2429323454812172,lstm
SVC-000061,EVT-0045810,2026-07-22 21:04:26.792353,0.24698166669014113,lstm
SVC-000035,EVT-0045811,2026-07-22 21:04:29.863744,0.40961583773247423,lstm
SVC-000061,EVT-0045812,2026-07-22 21:05:20.031111,0.3835146793821853,lstm
DEV-000009,EVT-0045813,2026-07-22 21:05:25.031773,0.24636831246610666,lstm
SVC-000058,EVT-0045814,2026-07-22 21:07:24.081561,0.8853938728524398,lstm
DEV-000016,EVT-0045815,2026-07-22 21:08:05.230176,0.5525920940458489,lstm
SVC-000003,EVT-0045816,2026-07-22 21:10:20.385144,0.9883196308747512,lstm
SVC-000058,EVT-0045817,2026-07-22 21:11:04.171039,0.9472227466495388,lstm
USR-000150,EVT-0045818,2026-07-22 21:11:13.996750,0.9825637912202784,lstm
SVC-000004,EVT-0045819,2026-07-22 21:12:10.276494,0.35254082716919694,lstm
SVC-000035,EVT-0045820,2026-07-22 21:16:05.192327,0.29914134826736866,lstm
DEV-000008,EVT-0045821,2026-07-22 21:17:15.783658,0.5284687207832865,lstm
SVC-000058,EVT-0045822,2026-07-22 21:17:36.427137,0.8549822606880383,lstm
DEV-000015,EVT-0045823,2026-07-22 21:18:43.889550,0.8622181262769548,lstm
SVC-000060,EVT-0045824,2026-07-22 21:21:31.467367,0.7744889587205218,lstm
SVC-000048,EVT-0045825,2026-07-22 21:22:03.882337,0.3622092831787555,lstm
SVC-000054,EVT-0045826,2026-07-22 21:22:13.570296,0.9998530778945627,lstm
SVC-000060,EVT-0045827,2026-07-22 21:24:16.917534,0.9673109419332999,lstm
SVC-000004,EVT-0045828,2026-07-22 21:25:06.898351,0.4253458481572928,lstm
SVC-000047,EVT-0045829,2026-07-22 21:26:05.083261,0.959238136045169,lstm
USR-000149,EVT-0045830,2026-07-22 21:29:38.819124,0.6635967135555099,lstm
DEV-000015,EVT-0045831,2026-07-22 21:34:17.212371,0.9315371784536886,lstm
SVC-000054,EVT-0045832,2026-07-22 21:40:49.052861,0.990412699246302,lstm
SVC-000058,EVT-0045833,2026-07-22 21:42:09.007169,0.8062923705835203,lstm
SVC-000058,EVT-0045834,2026-07-22 21:43:17.700324,0.8090976477227811,lstm
SVC-000003,EVT-0045835,2026-07-22 21:43:40.635720,0.9824301784663143,lstm
SVC-000041,EVT-0045836,2026-07-22 21:46:51.150652,0.997003557411072,lstm
SVC-000047,EVT-0045837,2026-07-22 21:50:53.594782,0.25226805994393736,lstm
SVC-000048,EVT-0045838,2026-07-22 21:53:26.784034,0.7792980819234708,lstm
SVC-000045,EVT-0045839,2026-07-22 21:53:36.199620,0.9897314830875104,lstm
SVC-000045,EVT-0045840,2026-07-22 21:55:16.078475,0.7676667895981433,lstm
SVC-000045,EVT-0045841,2026-07-22 21:57:49.964664,0.60036630578337,lstm
SVC-000054,EVT-0045842,2026-07-22 21:58:24.105394,0.9741939654110975,lstm
SVC-000058,EVT-0045843,2026-07-22 22:02:56.342499,0.558271726444821,lstm
SVC-000003,EVT-0045844,2026-07-22 22:07:52.812368,0.9991358624461428,lstm
SVC-000003,EVT-0045845,2026-07-22 22:08:19.836892,0.998458726406958,lstm
DEV-000013,EVT-0045846,2026-07-22 22:08:38.717862,0.7344853822387312,lstm
SVC-000054,EVT-0045847,2026-07-22 22:08:51.028137,0.9654568060782442,lstm
SVC-000045,EVT-0045848,2026-07-22 22:10:14.374822,0.3100746910270772,lstm
SVC-000047,EVT-0045849,2026-07-22 22:11:25.530591,0.24501924133608968,lstm
SVC-000054,EVT-0045850,2026-07-22 22:12:47.491132,0.9549796132976011,lstm
SVC-000035,EVT-0045851,2026-07-22 22:13:59.016208,0.674752143059995,lstm
SVC-000054,EVT-0045852,2026-07-22 22:15:29.711291,0.985604249403439,lstm
SVC-000060,EVT-0045853,2026-07-22 22:16:37.968758,0.829972602819355,lstm
SVC-000002,EVT-0045854,2026-07-22 22:16:41.952099,0.9863389317125394,lstm
SVC-000054,EVT-0045855,2026-07-22 22:18:07.842962,0.8386983143179193,lstm
SVC-000032,EVT-0045856,2026-07-22 22:19:34.372713,0.962416096463064,lstm
SVC-000058,EVT-0045857,2026-07-22 22:20:56.994345,0.6532587339931756,lstm
SVC-000032,EVT-0045858,2026-07-22 22:21:19.156577,0.9022895702974817,lstm
SVC-000047,EVT-0045859,2026-07-22 22:21:23.103835,0.22081869569855014,lstm
DEV-000006,EVT-0045860,2026-07-22 22:21:24.430326,0.8651443857862995,lstm
SVC-000035,EVT-0045861,2026-07-22 22:25:10.940522,0.6695370548598465,lstm
SVC-000047,EVT-0045862,2026-07-22 22:26:53.857190,0.33645280403977873,lstm
SVC-000003,EVT-0045863,2026-07-22 22:28:02.235950,0.9803864176777137,lstm
SVC-000041,EVT-0045864,2026-07-22 22:28:06.324429,0.8805151635138939,lstm
SVC-000045,EVT-0045865,2026-07-22 22:29:09.821524,0.8355546577217906,lstm
SVC-000047,EVT-0045866,2026-07-22 22:29:39.394379,0.3821477216002516,lstm
SVC-000003,EVT-0045867,2026-07-22 22:37:31.722893,0.9595383374864276,lstm
DEV-000010,EVT-0045868,2026-07-22 22:39:42.267952,0.5939710296805607,lstm
SVC-000047,EVT-0045869,2026-07-22 22:41:57.097949,0.33250725268124154,lstm
SVC-000002,EVT-0045870,2026-07-22 22:47:04.781540,0.4533861564541598,lstm
SVC-000032,EVT-0045871,2026-07-22 22:47:55.916028,0.25487485585392905,lstm
SVC-000032,EVT-0045872,2026-07-22 22:48:27.065647,0.5632307453507988,lstm
SVC-000002,EVT-0045873,2026-07-22 22:51:07.802870,0.317322599669251,lstm
SVC-000002,EVT-0045874,2026-07-22 22:53:02.188239,0.4226650553727814,lstm
SVC-000059,EVT-0045875,2026-07-22 22:54:42.366257,0.9908299190660399,lstm
DEV-000009,EVT-0045876,2026-07-22 22:55:29.881275,0.19942133205261925,lstm
USR-000141,EVT-0045877,2026-07-22 22:55:35.147478,0.7793203216009683,lstm
SVC-000032,EVT-0045878,2026-07-22 22:56:23.740845,0.3152741240454292,lstm
DEV-000018,EVT-0045879,2026-07-22 22:57:37.799071,0.6653336355809077,lstm
SVC-000047,EVT-0045880,2026-07-22 23:01:21.415557,0.3275679127859475,lstm
SVC-000032,EVT-0045881,2026-07-22 23:02:34.639700,0.2611632763707087,lstm
DEV-000002,EVT-0045882,2026-07-22 23:03:44.674455,0.4097022443432714,lstm
DEV-000002,EVT-0045883,2026-07-22 23:05:19.340100,0.8340412371078959,lstm
SVC-000059,EVT-0045884,2026-07-22 23:07:12.201156,0.2388331657037932,lstm
SVC-000032,EVT-0045885,2026-07-22 23:08:12.278176,0.38523143242370844,lstm
SVC-000048,EVT-0045886,2026-07-22 23:10:43.366063,0.40145180982518625,lstm
SVC-000002,EVT-0045887,2026-07-22 23:11:35.522787,0.6562470296109125,lstm
SVC-000002,EVT-0045888,2026-07-22 23:15:02.423165,0.47868392816646393,lstm
DEV-000016,EVT-0045889,2026-07-22 23:16:13.307933,0.5972814464936912,lstm
SVC-000032,EVT-0045890,2026-07-22 23:18:40.675403,0.2741258176909144,lstm
SVC-000059,EVT-0045891,2026-07-22 23:19:36.367711,0.6699351946191803,lstm
SVC-000058,EVT-0045892,2026-07-22 23:22:06.879895,0.8778775823633216,lstm
SVC-000032,EVT-0045893,2026-07-22 23:24:36.527020,0.2710304191510945,lstm
DEV-000003,EVT-0045894,2026-07-22 23:25:03.130052,0.5829795617510597,lstm
DEV-000005,EVT-0045895,2026-07-22 23:25:12.663477,0.3186848100966782,lstm
SVC-000025,EVT-0045896,2026-07-22 23:26:08.288409,0.9573779340479224,lstm
DEV-000017,EVT-0045897,2026-07-22 23:27:13.065777,0.5587724069205217,lstm
SVC-000059,EVT-0045898,2026-07-22 23:27:30.796215,0.20337780063548128,lstm
SVC-000032,EVT-0045899,2026-07-22 23:28:51.318558,0.4503741285686988,lstm
SVC-000002,EVT-0045900,2026-07-22 23:28:52.296579,0.2678557598690489,lstm
DEV-000002,EVT-0045901,2026-07-22 23:29:40.384911,0.22562335171836376,lstm
SVC-000059,EVT-0045902,2026-07-22 23:30:15.389866,0.25622881650879437,lstm
SVC-000059,EVT-0045903,2026-07-22 23:30:25.644081,0.4635441468142827,lstm
SVC-000002,EVT-0045904,2026-07-22 23:31:19.594152,0.5472799295929384,lstm
SVC-000032,EVT-0045905,2026-07-22 23:31:35.941468,0.33820541263547743,lstm
SVC-000025,EVT-0045906,2026-07-22 23:33:18.000474,0.3483383575290082,lstm
USR-000165,EVT-0045907,2026-07-22 23:33:43.944623,0.5092657815100589,lstm
SVC-000047,EVT-0045908,2026-07-22 23:36:13.811677,0.3568939362368303,lstm
SVC-000059,EVT-0045909,2026-07-22 23:38:48.032065,0.21597436651779126,lstm
SVC-000025,EVT-0045910,2026-07-22 23:40:15.670066,0.3354258499412905,lstm
USR-000165,EVT-0045911,2026-07-22 23:42:09.185419,0.43088897877998394,lstm
SVC-000025,EVT-0045912,2026-07-22 23:42:40.385139,0.4730746035496913,lstm
SVC-000047,EVT-0045913,2026-07-22 23:43:18.021362,0.434170105510137,lstm
SVC-000002,EVT-0045914,2026-07-22 23:44:45.539878,0.37836591139357445,lstm
DEV-000023,EVT-0045915,2026-07-22 23:45:23.134690,0.9662253019077096,lstm
SVC-000041,EVT-0045916,2026-07-22 23:45:25.905633,0.728942585179321,lstm
SVC-000059,EVT-0045917,2026-07-22 23:46:41.897162,0.23143805610825535,lstm
SVC-000032,EVT-0045918,2026-07-22 23:47:39.930469,0.29799036357172765,lstm
SVC-000059,EVT-0045919,2026-07-22 23:47:45.856291,0.35514069544649,lstm
DEV-000024,EVT-0045920,2026-07-22 23:48:15.361158,0.6325712490280699,lstm
SVC-000059,EVT-0045921,2026-07-22 23:51:39.674292,0.24335619839570777,lstm
SVC-000041,EVT-0045922,2026-07-22 23:55:05.307651,0.6934326515006144,lstm
DEV-000026,EVT-0045923,2026-07-22 23:56:09.765649,0.4757767298696426,lstm
SVC-000041,EVT-0045924,2026-07-22 23:59:43.291979,0.7178834941613431,lstm
DEV-000012,EVT-0045925,2026-07-23 00:00:07.893351,0.8771931856404225,lstm
DEV-000017,EVT-0045926,2026-07-23 00:04:41.334178,0.5685817189046847,lstm
USR-000106,EVT-0045927,2026-07-23 00:06:33.046490,0.9043619453343837,lstm
USR-000150,EVT-0045928,2026-07-23 00:06:47.375555,0.6764563168870004,lstm
SVC-000059,EVT-0045929,2026-07-23 00:07:36.774863,0.2615450181464854,lstm
SVC-000059,EVT-0045930,2026-07-23 00:07:46.551668,0.47310863289006283,lstm
DEV-000001,EVT-0045931,2026-07-23 00:08:57.470553,0.5266514012362115,lstm
DEV-000003,EVT-0045932,2026-07-23 00:10:27.963044,0.6174417335474032,lstm
DEV-000021,EVT-0045933,2026-07-23 00:12:59.597706,0.822583897791758,lstm
SVC-000056,EVT-0045934,2026-07-23 00:17:32.556993,0.9807369040946472,lstm
SVC-000041,EVT-0045935,2026-07-23 00:20:16.855506,0.5168986804916824,lstm
SVC-000056,EVT-0045936,2026-07-23 00:20:25.450488,0.6902458136552916,lstm
SVC-000025,EVT-0045937,2026-07-23 00:21:42.615337,0.4227032069143097,lstm
DEV-000015,EVT-0045938,2026-07-23 00:31:33.939384,0.8558294079868008,lstm
DEV-000013,EVT-0045939,2026-07-23 00:35:16.692365,0.498852437013722,lstm
SVC-000047,EVT-0045940,2026-07-23 00:39:28.848153,0.5421257021445872,lstm
SVC-000056,EVT-0045941,2026-07-23 00:40:29.291099,0.660226010343923,lstm
SVC-000025,EVT-0045942,2026-07-23 00:44:40.162167,0.45465638418120197,lstm
DEV-000026,EVT-0045943,2026-07-23 00:52:57.751334,0.3698828088785874,lstm
USR-000122,EVT-0045944,2026-07-23 00:58:50.343404,0.7531059304254825,lstm
USR-000088,EVT-0045945,2026-07-23 00:59:19.973476,0.5400545547192138,lstm
SVC-000041,EVT-0045946,2026-07-23 01:06:02.966357,0.6083618820055979,lstm
DEV-000022,EVT-0045947,2026-07-23 01:07:36.893264,0.5126947164164356,lstm
SVC-000041,EVT-0045948,2026-07-23 01:10:39.654115,0.6869608879729925,lstm
DEV-000016,EVT-0045949,2026-07-23 01:10:40.823995,0.6491702737069643,lstm
SVC-000041,EVT-0045950,2026-07-23 01:11:47.597424,0.8633256803858101,lstm
DEV-000022,EVT-0045951,2026-07-23 01:12:04.295290,0.5211466401429967,lstm
DEV-000014,EVT-0045952,2026-07-23 01:13:05.313760,0.666360862419565,lstm
DEV-000020,EVT-0045953,2026-07-23 01:18:30.698380,0.9574195620031923,lstm
DEV-000008,EVT-0045954,2026-07-23 01:19:03.203861,0.70447867795081,lstm
DEV-000020,EVT-0045955,2026-07-23 01:19:21.452878,0.9983587961386665,lstm
SVC-000025,EVT-0045956,2026-07-23 01:21:03.581434,0.3597881536907292,lstm
SVC-000018,EVT-0045957,2026-07-23 01:21:35.112205,0.9997004169796453,lstm
SVC-000056,EVT-0045958,2026-07-23 01:22:05.529411,0.6622043684020117,lstm
DEV-000020,EVT-0045959,2026-07-23 01:22:26.996215,0.9602123992238666,lstm
SVC-000041,EVT-0045960,2026-07-23 01:23:03.083391,0.5078808073518207,lstm
DEV-000003,EVT-0045961,2026-07-23 01:26:01.230585,0.38115142167969157,lstm
DEV-000023,EVT-0045962,2026-07-23 01:39:09.284396,0.8924850263214029,lstm
SVC-000018,EVT-0045963,2026-07-23 01:41:13.515101,0.8852249524917457,lstm
USR-000019,EVT-0045964,2026-07-23 01:41:20.378885,0.9188116819962019,lstm
SVC-000018,EVT-0045965,2026-07-23 01:42:58.763620,0.7977433149054937,lstm
DEV-000016,EVT-0045966,2026-07-23 01:43:44.689830,0.5672877896536326,lstm
USR-000122,EVT-0045967,2026-07-23 01:43:46.190961,0.3442466646806073,lstm
USR-000106,EVT-0045968,2026-07-23 01:49:36.161971,0.4848022078612659,lstm
SVC-000041,EVT-0045969,2026-07-23 01:51:33.060686,0.2814100167673458,lstm
DEV-000017,EVT-0045970,2026-07-23 01:52:09.921255,0.4318186303559409,lstm
SVC-000041,EVT-0045971,2026-07-23 01:53:30.108970,0.8794423195283956,lstm
SVC-000041,EVT-0045972,2026-07-23 02:10:55.623636,0.4026641084180226,lstm
DEV-000011,EVT-0045973,2026-07-23 02:16:35.547276,0.42641467646433595,lstm
USR-000106,EVT-0045974,2026-07-23 02:16:41.182414,0.47932135994864483,lstm
SVC-000018,EVT-0045975,2026-07-23 02:21:13.850446,0.8956435665204431,lstm
DEV-000004,EVT-0045976,2026-07-23 02:21:45.375520,0.8147127443454097,lstm
DEV-000007,EVT-0045977,2026-07-23 02:29:06.213805,0.5927678912893672,lstm
SVC-000018,EVT-0045978,2026-07-23 02:36:13.673886,0.4760170262011475,lstm
SVC-000018,EVT-0045979,2026-07-23 02:40:03.627121,0.5229268915150762,lstm
USR-000124,EVT-0045980,2026-07-23 02:43:46.816785,0.9826666903222715,lstm
DEV-000015,EVT-0045981,2026-07-23 02:44:40.465525,0.7422257728315702,lstm
SVC-000018,EVT-0045982,2026-07-23 02:51:26.925292,0.5909830380335069,lstm
SVC-000018,EVT-0045983,2026-07-23 02:54:45.967621,0.6205070704136921,lstm
DEV-000026,EVT-0045984,2026-07-23 02:55:26.182634,0.4361090032748481,lstm
SVC-000041,EVT-0045985,2026-07-23 03:02:46.421600,0.8334583080648013,lstm
SVC-000019,EVT-0045986,2026-07-23 03:04:06.794432,0.9917557727359995,lstm
DEV-000025,EVT-0045987,2026-07-23 03:04:48.364791,0.8841961011652888,lstm
DEV-000014,EVT-0045988,2026-07-23 03:15:34.121216,0.6020694030617213,lstm
SVC-000041,EVT-0045989,2026-07-23 03:22:43.720886,0.6669625595986829,lstm
SVC-000018,EVT-0045990,2026-07-23 03:23:49.102399,0.591571598826886,lstm
SVC-000018,EVT-0045991,2026-07-23 03:24:00.363926,0.9444803895631226,lstm
DEV-000003,EVT-0045992,2026-07-23 03:33:17.288879,0.32693532640410916,lstm
DEV-000024,EVT-0045993,2026-07-23 03:40:24.167150,0.591322061940748,lstm
SVC-000019,EVT-0045994,2026-07-23 03:41:02.795983,0.4361264563826955,lstm
DEV-000011,EVT-0045995,2026-07-23 03:51:47.876102,0.33561172783474136,lstm
SVC-000015,EVT-0045996,2026-07-23 03:58:53.017272,0.9914825523782967,lstm
USR-000124,EVT-0045997,2026-07-23 04:02:21.890138,0.7832802539553281,lstm
SVC-000020,EVT-0045998,2026-07-23 04:05:58.161900,0.999999764272678,lstm
SVC-000007,EVT-0045999,2026-07-23 04:07:19.157084,0.9918004550552463,lstm
SVC-000019,EVT-0046000,2026-07-23 04:09:48.424606,0.29447505050482714,lstm
SVC-000020,EVT-0046001,2026-07-23 04:10:58.741579,0.9819045482770593,lstm
DEV-000008,EVT-0046002,2026-07-23 04:11:54.234953,0.6905740392636573,lstm
USR-000059,EVT-0046003,2026-07-23 04:13:29.757128,0.9743144822825521,lstm
DEV-000004,EVT-0046004,2026-07-23 04:17:04.629144,0.6458327074501288,lstm
DEV-000011,EVT-0046005,2026-07-23 04:18:46.750879,0.4005276756487528,lstm
SVC-000019,EVT-0046006,2026-07-23 04:22:18.030775,0.25822333894200517,lstm
DEV-000013,EVT-0046007,2026-07-23 04:22:59.964087,0.34233460831199763,lstm
SVC-000007,EVT-0046008,2026-07-23 04:24:23.366803,0.2797498986300284,lstm
SVC-000007,EVT-0046009,2026-07-23 04:30:53.786892,0.4431319654754727,lstm
SVC-000015,EVT-0046010,2026-07-23 04:31:47.058656,0.552368110487929,lstm
SVC-000007,EVT-0046011,2026-07-23 04:32:06.812473,0.36588929608775206,lstm
DEV-000003,EVT-0046012,2026-07-23 04:32:38.182591,0.21644031182640153,lstm
DEV-000014,EVT-0046013,2026-07-23 04:38:36.427211,0.4029437060740088,lstm
SVC-000019,EVT-0046014,2026-07-23 04:40:10.780222,0.24372322088093387,lstm
SVC-000007,EVT-0046015,2026-07-23 04:41:09.398079,0.22970081366327116,lstm
USR-000076,EVT-0046016,2026-07-23 04:47:34.537022,0.909810006737956,lstm
SVC-000015,EVT-0046017,2026-07-23 04:48:42.379744,0.3774487266301494,lstm
SVC-000019,EVT-0046018,2026-07-23 04:50:34.094940,0.21573765017599064,lstm
SVC-000019,EVT-0046019,2026-07-23 04:52:09.153950,0.30256097324505704,lstm
DEV-000021,EVT-0046020,2026-07-23 04:52:11.749323,0.2970335419528276,lstm
SVC-000007,EVT-0046021,2026-07-23 04:53:28.034288,0.28622708279514075,lstm
SVC-000007,EVT-0046022,2026-07-23 04:56:04.464920,0.41708658069809623,lstm
SVC-000020,EVT-0046023,2026-07-23 04:58:30.269344,0.9329417298057802,lstm
SVC-000007,EVT-0046024,2026-07-23 04:58:39.202255,0.42866120288724735,lstm
SVC-000015,EVT-0046025,2026-07-23 04:59:06.627382,0.23670063926686422,lstm
SVC-000007,EVT-0046026,2026-07-23 05:00:13.282136,0.4430643572722685,lstm
SVC-000007,EVT-0046027,2026-07-23 05:00:29.580941,0.4494045631026985,lstm
SVC-000019,EVT-0046028,2026-07-23 05:00:47.740041,0.23120465311261099,lstm
DEV-000018,EVT-0046029,2026-07-23 05:04:11.389168,0.8843311168975632,lstm
SVC-000019,EVT-0046030,2026-07-23 05:05:37.028574,0.6715446040914369,lstm
SVC-000007,EVT-0046031,2026-07-23 05:06:02.960868,0.375311058123631,lstm
SVC-000015,EVT-0046032,2026-07-23 05:06:43.151933,0.2875487831556853,lstm
SVC-000015,EVT-0046033,2026-07-23 05:10:39.276740,0.3047992862544793,lstm
SVC-000019,EVT-0046034,2026-07-23 05:11:08.125053,0.24134619070985452,lstm
DEV-000010,EVT-0046035,2026-07-23 05:11:15.017767,0.8474120185791766,lstm
DEV-000021,EVT-0046036,2026-07-23 05:11:39.721456,0.43628360764358504,lstm
SVC-000007,EVT-0046037,2026-07-23 05:11:40.618517,0.36615987010321877,lstm
SVC-000015,EVT-0046038,2026-07-23 05:14:59.714429,0.7206182902499507,lstm
SVC-000019,EVT-0046039,2026-07-23 05:17:28.771254,0.25643907287211154,lstm
SVC-000015,EVT-0046040,2026-07-23 05:18:08.499524,0.34911114690298284,lstm
SVC-000007,EVT-0046041,2026-07-23 05:20:43.325295,0.4122651709151004,lstm
USR-000106,EVT-0046042,2026-07-23 05:24:31.345023,0.5431440873596866,lstm
SVC-000019,EVT-0046043,2026-07-23 05:29:33.342664,0.2877744125729897,lstm
DEV-000023,EVT-0046044,2026-07-23 05:32:08.233255,0.9052419824400413,lstm
USR-000060,EVT-0046045,2026-07-23 05:35:06.970522,0.9055075512534848,lstm
DEV-000003,EVT-0046046,2026-07-23 05:37:24.982457,0.2839089392127151,lstm
SVC-000007,EVT-0046047,2026-07-23 05:38:08.118823,0.3163002437164072,lstm
SVC-000019,EVT-0046048,2026-07-23 05:38:45.783004,0.2677477744187122,lstm
SVC-000019,EVT-0046049,2026-07-23 05:39:48.695081,0.4891645845614053,lstm
DEV-000019,EVT-0046050,2026-07-23 05:47:40.242709,0.9998080103059763,lstm
DEV-000020,EVT-0046051,2026-07-23 05:48:28.999332,0.8959111629270626,lstm
SVC-000019,EVT-0046052,2026-07-23 05:50:35.355190,0.2915928489094997,lstm
SVC-000019,EVT-0046053,2026-07-23 05:53:02.670954,0.28757348708407476,lstm
SVC-000009,EVT-0046054,2026-07-23 05:56:53.141373,0.9999950409533919,lstm
USR-000051,EVT-0046055,2026-07-23 06:01:48.483272,0.9800861486456756,lstm
SVC-000031,EVT-0046056,2026-07-23 06:03:04.147887,0.9772864305649458,lstm
SVC-000009,EVT-0046057,2026-07-23 06:03:18.898549,0.9482155007570703,lstm
DEV-000005,EVT-0046058,2026-07-23 06:04:53.419697,0.3271985229259072,lstm
DEV-000021,EVT-0046059,2026-07-23 06:06:05.050735,0.2516751449941056,lstm
USR-000162,EVT-0046060,2026-07-23 06:06:52.251108,0.5693828622572019,lstm
DEV-000015,EVT-0046061,2026-07-23 06:08:14.467990,0.5470230651026273,lstm
DEV-000010,EVT-0046062,2026-07-23 06:08:18.386868,0.5717268240167921,lstm
USR-000019,EVT-0046063,2026-07-23 06:13:03.724213,0.46949235646929915,lstm
SVC-000009,EVT-0046064,2026-07-23 06:13:14.014157,0.9764685983549155,lstm
USR-000088,EVT-0046065,2026-07-23 06:13:18.548331,0.5876075502957533,lstm
USR-000182,EVT-0046066,2026-07-23 06:13:29.438571,0.993636519330161,lstm
USR-000066,EVT-0046067,2026-07-23 06:15:04.342980,0.8950557339321985,lstm
SVC-000009,EVT-0046068,2026-07-23 06:21:13.097760,0.551240261071187,lstm
SVC-000019,EVT-0046069,2026-07-23 06:23:24.275175,0.3495302162064268,lstm
DEV-000002,EVT-0046070,2026-07-23 06:26:16.327944,0.6781383309895231,lstm
SVC-000009,EVT-0046071,2026-07-23 06:33:19.333965,0.4314537301646505,lstm
DEV-000017,EVT-0046072,2026-07-23 06:35:02.409435,0.40073731235130444,lstm
DEV-000001,EVT-0046073,2026-07-23 06:35:11.493227,0.4394421123823292,lstm
SVC-000019,EVT-0046074,2026-07-23 06:39:07.218608,0.28645310142129704,lstm
USR-000019,EVT-0046075,2026-07-23 06:40:22.902799,0.32339685812105595,lstm
USR-000093,EVT-0046076,2026-07-23 06:41:58.234454,0.6309492684115146,lstm
SVC-000009,EVT-0046077,2026-07-23 06:42:11.031712,0.6447610936318857,lstm
SVC-000009,EVT-0046078,2026-07-23 06:43:53.012273,0.7700080916567088,lstm
SVC-000009,EVT-0046079,2026-07-23 06:45:32.169287,0.721766541096623,lstm
DEV-000026,EVT-0046080,2026-07-23 06:46:46.148367,0.5369029307125703,lstm
DEV-000019,EVT-0046081,2026-07-23 06:47:03.709698,0.8837554428671964,lstm
SVC-000031,EVT-0046082,2026-07-23 06:51:45.351880,0.6350414295626639,lstm
USR-000162,EVT-0046083,2026-07-23 06:54:03.483992,0.4237752406431904,lstm
SVC-000051,EVT-0046084,2026-07-23 06:58:10.385048,0.8608584122098947,lstm
DEV-000020,EVT-0046085,2026-07-23 07:00:40.494804,0.8854305851634088,lstm
USR-000082,EVT-0046086,2026-07-23 07:00:44.418915,0.9184525968959919,lstm
SVC-000011,EVT-0046087,2026-07-23 07:06:50.011687,0.998926798912258,lstm
DEV-000002,EVT-0046088,2026-07-23 07:08:33.442329,0.36903257409106843,lstm
USR-000068,EVT-0046089,2026-07-23 07:10:04.821927,0.9739395508928165,lstm
DEV-000003,EVT-0046090,2026-07-23 07:16:24.781927,0.26016706831855463,lstm
SVC-000031,EVT-0046091,2026-07-23 07:17:43.459183,0.45234693870861514,lstm
SVC-000030,EVT-0046092,2026-07-23 07:22:55.933783,0.9196711351165432,lstm
DEV-000024,EVT-0046093,2026-07-23 07:23:15.019155,0.5626188107506372,lstm
SVC-000055,EVT-0046094,2026-07-23 07:23:27.187755,0.9960094966857345,lstm
DEV-000014,EVT-0046095,2026-07-23 07:24:45.495847,0.5611410319549704,lstm
SVC-000011,EVT-0046096,2026-07-23 07:25:38.176273,0.47418630327612393,lstm
DEV-000006,EVT-0046097,2026-07-23 07:28:28.693166,0.9808133559219068,lstm
DEV-000017,EVT-0046098,2026-07-23 07:28:56.313104,0.2960210935059128,lstm
DEV-000009,EVT-0046099,2026-07-23 07:32:31.044725,0.8949141075244038,lstm
SVC-000011,EVT-0046100,2026-07-23 07:36:42.122022,0.4027894962983954,lstm
SVC-000011,EVT-0046101,2026-07-23 07:37:34.414832,0.48183448203207746,lstm
USR-000212,EVT-0046102,2026-07-23 07:37:57.545708,0.9568784701610554,lstm
SVC-000040,EVT-0046103,2026-07-23 07:38:16.671245,0.9990352989409912,lstm
SVC-000040,EVT-0046104,2026-07-23 07:40:06.301931,0.867287954226425,lstm
USR-000051,EVT-0046105,2026-07-23 07:41:44.541360,0.8236060931143954,lstm
SVC-000030,EVT-0046106,2026-07-23 07:41:52.951089,0.6803585898678732,lstm
SVC-000030,EVT-0046107,2026-07-23 07:43:13.697931,0.9429010942787371,lstm
USR-000207,EVT-0046108,2026-07-23 07:46:10.682761,0.33024609642583286,lstm
SVC-000053,EVT-0046109,2026-07-23 07:46:41.055855,0.9995629720790733,lstm
DEV-000002,EVT-0046110,2026-07-23 07:46:56.104464,0.20575549401179993,lstm
USR-000051,EVT-0046111,2026-07-23 07:47:08.382240,0.7271668829839845,lstm
SVC-000011,EVT-0046112,2026-07-23 07:48:23.087470,0.40602601109339503,lstm
USR-000103,EVT-0046113,2026-07-23 07:49:10.414166,0.93963721221924,lstm
SVC-000040,EVT-0046114,2026-07-23 07:49:22.868071,0.46293807117154995,lstm
SVC-000055,EVT-0046115,2026-07-23 07:51:58.930748,0.32706575710765295,lstm
USR-000051,EVT-0046116,2026-07-23 07:53:06.036438,0.39760843549046687,lstm
USR-000051,EVT-0046117,2026-07-23 07:57:13.596830,0.6910471595410758,lstm
SVC-000040,EVT-0046118,2026-07-23 07:58:28.998785,0.34362582895648636,lstm
USR-000157,EVT-0046119,2026-07-23 07:59:21.228150,0.8454939077403787,lstm
SVC-000031,EVT-0046120,2026-07-23 08:00:12.948484,0.5002384592180916,lstm
DEV-000009,EVT-0046121,2026-07-23 08:00:53.706863,0.7716311908886297,lstm
USR-000162,EVT-0046122,2026-07-23 08:04:39.118802,0.4861714296691311,lstm
SVC-000031,EVT-0046123,2026-07-23 08:05:31.763095,0.3487780166132981,lstm
USR-000207,EVT-0046124,2026-07-23 08:06:00.881286,0.4567282082423885,lstm
DEV-000021,EVT-0046125,2026-07-23 08:06:09.885369,0.15719354360481658,lstm
SVC-000011,EVT-0046126,2026-07-23 08:10:23.754104,0.4004922687157598,lstm
DEV-000007,EVT-0046127,2026-07-23 08:13:59.028603,0.5238078834691091,lstm
SVC-000030,EVT-0046128,2026-07-23 08:14:06.100127,0.36502432388500905,lstm
SVC-000011,EVT-0046129,2026-07-23 08:15:46.534217,0.430170228137486,lstm
USR-000209,EVT-0046130,2026-07-23 08:17:33.481497,0.8387885242048431,lstm
USR-000121,EVT-0046131,2026-07-23 08:18:22.601030,0.8801618593997215,lstm
SVC-000046,EVT-0046132,2026-07-23 08:19:41.265051,0.9914587902479944,lstm
SVC-000046,EVT-0046133,2026-07-23 08:20:15.901704,0.8438166089437862,lstm
SVC-000055,EVT-0046134,2026-07-23 08:20:44.916695,0.45714676987196606,lstm
USR-000024,EVT-0046135,2026-07-23 08:23:06.551362,0.9060485016484083,lstm
SVC-000030,EVT-0046136,2026-07-23 08:24:59.475906,0.8454285959878405,lstm
DEV-000021,EVT-0046137,2026-07-23 08:28:27.215921,0.21238908467213452,lstm
SVC-000039,EVT-0046138,2026-07-23 08:28:33.312001,0.9985267376668805,lstm
SVC-000046,EVT-0046139,2026-07-23 08:29:00.016334,0.42166654530009773,lstm
SVC-000042,EVT-0046140,2026-07-23 08:31:21.435552,0.9894156278068147,lstm
SVC-000042,EVT-0046141,2026-07-23 08:31:38.893425,0.7237628875055401,lstm
USR-000190,EVT-0046142,2026-07-23 08:32:38.261935,0.6206148115252501,lstm
SVC-000040,EVT-0046143,2026-07-23 08:32:52.810032,0.3387132797313121,lstm
SVC-000042,EVT-0046144,2026-07-23 08:33:32.391878,0.42427301439701526,lstm
USR-000031,EVT-0046145,2026-07-23 08:35:34.249538,0.3556238533510279,lstm
DEV-000015,EVT-0046146,2026-07-23 08:35:35.079505,0.4171466644271434,lstm
DEV-000009,EVT-0046147,2026-07-23 08:36:49.667857,0.564913118953023,lstm
SVC-000024,EVT-0046148,2026-07-23 08:37:54.693446,0.9993881266508254,lstm
SVC-000030,EVT-0046149,2026-07-23 08:39:42.192190,0.4466443357319686,lstm
SVC-000055,EVT-0046150,2026-07-23 08:41:40.333938,0.2755423030736938,lstm
SVC-000055,EVT-0046151,2026-07-23 08:42:34.913134,0.9358896777413908,lstm
USR-000049,EVT-0046152,2026-07-23 08:42:52.817776,0.7965378053350392,lstm
SVC-000046,EVT-0046153,2026-07-23 08:42:55.329370,0.4044491780165159,lstm
USR-000157,EVT-0046154,2026-07-23 08:44:00.107320,0.670324530073408,lstm
SVC-000030,EVT-0046155,2026-07-23 08:44:59.906998,0.4854332206651006,lstm
SVC-000046,EVT-0046156,2026-07-23 08:45:21.707322,0.6259481217015495,lstm
USR-000076,EVT-0046157,2026-07-23 08:46:16.043759,0.4223845341950331,lstm
SVC-000024,EVT-0046158,2026-07-23 08:47:43.422732,0.9472591269319578,lstm
USR-000190,EVT-0046159,2026-07-23 08:48:18.391664,0.4183357304255002,lstm
SVC-000011,EVT-0046160,2026-07-23 08:52:47.274188,0.43210304930676346,lstm
SVC-000051,EVT-0046161,2026-07-23 08:55:12.535818,0.5842773156844512,lstm
SVC-000046,EVT-0046162,2026-07-23 08:56:16.144517,0.5770569595217581,lstm
USR-000114,EVT-0046163,2026-07-23 08:57:09.983339,0.38012437947683597,lstm
SVC-000024,EVT-0046164,2026-07-23 08:57:33.931497,0.9463329509120152,lstm
USR-000041,EVT-0046165,2026-07-23 08:58:00.317046,0.489841980555973,lstm
SVC-000053,EVT-0046166,2026-07-23 08:58:02.403876,0.7922573502130726,lstm
SVC-000046,EVT-0046167,2026-07-23 08:58:12.852733,0.4787674047557087,lstm
SVC-000046,EVT-0046168,2026-07-23 08:58:21.277450,0.8735896113113839,lstm
SVC-000053,EVT-0046169,2026-07-23 09:01:49.546092,0.5840549774310967,lstm
SVC-000046,EVT-0046170,2026-07-23 09:02:05.146011,0.37520709178806533,lstm
USR-000170,EVT-0046171,2026-07-23 09:02:08.053487,0.8893001285141207,lstm
USR-000157,EVT-0046172,2026-07-23 09:02:25.578490,0.47586471610923786,lstm
SVC-000024,EVT-0046173,2026-07-23 09:04:08.638675,0.8735505196564617,lstm
USR-000016,EVT-0046174,2026-07-23 09:06:28.062748,0.8084993478826221,lstm
SVC-000039,EVT-0046175,2026-07-23 09:06:43.831710,0.64219379642287,lstm
DEV-000009,EVT-0046176,2026-07-23 09:06:56.055097,0.44302214745968915,lstm
USR-000093,EVT-0046177,2026-07-23 09:07:30.819360,0.2320217449010627,lstm
USR-000042,EVT-0046178,2026-07-23 09:09:11.100484,0.5236546919395083,lstm
SVC-000042,EVT-0046179,2026-07-23 09:10:23.768926,0.2946409132548607,lstm
USR-000114,EVT-0046180,2026-07-23 09:10:25.415374,0.5519437997038105,lstm
USR-000031,EVT-0046181,2026-07-23 09:10:41.410082,0.21611518814516978,lstm
SVC-000046,EVT-0046182,2026-07-23 09:10:41.983250,0.41914651225692395,lstm
SVC-000046,EVT-0046183,2026-07-23 09:11:00.255658,0.617787511149468,lstm
SVC-000046,EVT-0046184,2026-07-23 09:11:53.352759,0.7207060567176123,lstm
USR-000179,EVT-0046185,2026-07-23 09:13:13.862274,0.9983889805153615,lstm
SVC-000053,EVT-0046186,2026-07-23 09:14:35.119326,0.46707701255315487,lstm
USR-000167,EVT-0046187,2026-07-23 09:17:10.990351,0.6865324077718999,lstm
USR-000066,EVT-0046188,2026-07-23 09:17:13.017414,0.4107011062363451,lstm
DEV-000018,EVT-0046189,2026-07-23 09:17:22.981016,0.3674278866626882,lstm
DEV-000005,EVT-0046190,2026-07-23 09:17:40.645685,0.27376442766215536,lstm
USR-000024,EVT-0046191,2026-07-23 09:18:19.763821,0.46852601487849643,lstm
SVC-000053,EVT-0046192,2026-07-23 09:18:59.715568,0.5050681603988816,lstm
USR-000093,EVT-0046193,2026-07-23 09:19:40.552241,0.3076625533097779,lstm
SVC-000008,EVT-0046194,2026-07-23 09:21:07.061332,0.988959949026677,lstm
USR-000019,EVT-0046195,2026-07-23 09:21:14.602116,0.25726569321070825,lstm
SVC-000024,EVT-0046196,2026-07-23 09:21:43.848327,0.7918277970513947,lstm
SVC-000046,EVT-0046197,2026-07-23 09:21:49.551620,0.41520021241535143,lstm
USR-000083,EVT-0046198,2026-07-23 09:27:40.361824,0.9411785352724182,lstm
SVC-000040,EVT-0046199,2026-07-23 09:29:14.620950,0.6424425061675407,lstm
USR-000098,EVT-0046200,2026-07-23 09:31:49.885043,0.8323109744882136,lstm
USR-000179,EVT-0046201,2026-07-23 09:32:17.311609,0.8171401317450189,lstm
SVC-000046,EVT-0046202,2026-07-23 09:32:27.416202,0.35003301131577097,lstm
SVC-000039,EVT-0046203,2026-07-23 09:33:11.501705,0.5380478442840508,lstm
DEV-000011,EVT-0046204,2026-07-23 09:33:58.161957,0.29309413183962574,lstm
USR-000127,EVT-0046205,2026-07-23 09:35:29.193300,0.6609208596506091,lstm
USR-000132,EVT-0046206,2026-07-23 09:35:31.015655,0.856407152336335,lstm
DEV-000009,EVT-0046207,2026-07-23 09:37:50.066987,0.28724285748999023,lstm
USR-000025,EVT-0046208,2026-07-23 09:38:23.656311,0.7813105102476094,lstm
SVC-000042,EVT-0046209,2026-07-23 09:38:36.835169,0.26206963089101004,lstm
USR-000102,EVT-0046210,2026-07-23 09:42:10.253639,0.9956962125277585,lstm
SVC-000042,EVT-0046211,2026-07-23 09:48:05.784984,0.20875703302680101,lstm
SVC-000042,EVT-0046212,2026-07-23 09:50:46.747989,0.26169800499812335,lstm
SVC-000024,EVT-0046213,2026-07-23 09:51:06.914714,0.7155544710318624,lstm
USR-000133,EVT-0046214,2026-07-23 09:51:27.021633,0.877322852918866,lstm
SVC-000013,EVT-0046215,2026-07-23 09:51:42.311950,0.9983987508423852,lstm
USR-000133,EVT-0046216,2026-07-23 09:51:42.537669,0.9885943395673672,lstm
USR-000019,EVT-0046217,2026-07-23 09:52:09.988398,0.31727388435491993,lstm
SVC-000039,EVT-0046218,2026-07-23 09:52:55.954174,0.4264659438181298,lstm
USR-000151,EVT-0046219,2026-07-23 09:53:01.548825,0.9033030979943617,lstm
SVC-000013,EVT-0046220,2026-07-23 09:53:35.915520,0.46151710550758795,lstm
SVC-000008,EVT-0046221,2026-07-23 09:55:23.426556,0.6875672908516078,lstm
SVC-000050,EVT-0046222,2026-07-23 09:55:27.172802,0.9893335012582158,lstm
SVC-000042,EVT-0046223,2026-07-23 09:56:13.558927,0.22563060434909413,lstm
USR-000151,EVT-0046224,2026-07-23 09:58:08.182648,0.9339618423870717,lstm
SVC-000053,EVT-0046225,2026-07-23 09:58:56.327353,0.5729239045632073,lstm
USR-000076,EVT-0046226,2026-07-23 09:59:46.646921,0.4579425085318811,lstm
USR-000008,EVT-0046227,2026-07-23 10:00:14.711356,0.6818166360697696,lstm
USR-000103,EVT-0046228,2026-07-23 10:00:41.656116,0.49183409043054555,lstm
USR-000019,EVT-0046229,2026-07-23 10:02:56.027339,0.3959149037033296,lstm
SVC-000013,EVT-0046230,2026-07-23 10:03:43.636271,0.6091890082305755,lstm
SVC-000039,EVT-0046231,2026-07-23 10:04:58.757325,0.38678239758768884,lstm
SVC-000008,EVT-0046232,2026-07-23 10:05:49.113110,0.6430159732182015,lstm
SVC-000039,EVT-0046233,2026-07-23 10:07:11.798988,0.5732865736833958,lstm
SVC-000039,EVT-0046234,2026-07-23 10:07:37.138805,0.5647836876088869,lstm
USR-000164,EVT-0046235,2026-07-23 10:08:48.601991,0.49385198489930604,lstm
USR-000121,EVT-0046236,2026-07-23 10:09:30.944205,0.3155615150464485,lstm
SVC-000053,EVT-0046237,2026-07-23 10:10:09.904090,0.5681614433180412,lstm
DEV-000023,EVT-0046238,2026-07-23 10:11:46.425516,0.6825828801405478,lstm
USR-000180,EVT-0046239,2026-07-23 10:11:48.495636,0.25647715568067847,lstm
SVC-000042,EVT-0046240,2026-07-23 10:12:10.128123,0.70097514195624,lstm
USR-000049,EVT-0046241,2026-07-23 10:12:12.083338,0.32183612477096196,lstm
USR-000172,EVT-0046242,2026-07-23 10:13:01.828894,0.4089484106404325,lstm
USR-000164,EVT-0046243,2026-07-23 10:13:30.648717,0.45046758807897147,lstm
USR-000031,EVT-0046244,2026-07-23 10:14:34.412600,0.18383294384071336,lstm
USR-000207,EVT-0046245,2026-07-23 10:17:15.041634,0.2015479079660571,lstm
USR-000009,EVT-0046246,2026-07-23 10:17:35.121562,0.7689387155550182,lstm
USR-000157,EVT-0046247,2026-07-23 10:18:01.500270,0.32047663931762826,lstm
SVC-000024,EVT-0046248,2026-07-23 10:19:24.749508,0.4975495602605358,lstm
USR-000159,EVT-0046249,2026-07-23 10:19:58.684157,0.5124120394086173,lstm
USR-000159,EVT-0046250,2026-07-23 10:20:05.824520,0.9992503897333349,lstm
USR-000205,EVT-0046251,2026-07-23 10:20:24.989014,0.8631231591325865,lstm
USR-000030,EVT-0046252,2026-07-23 10:21:30.180383,0.5505723176637173,lstm
SVC-000042,EVT-0046253,2026-07-23 10:22:27.932704,0.19987687438961782,lstm
USR-000206,EVT-0046254,2026-07-23 10:22:58.379646,0.7594229904117913,lstm
SVC-000039,EVT-0046255,2026-07-23 10:24:12.163864,0.25547848196654716,lstm
USR-000051,EVT-0046256,2026-07-23 10:24:19.341799,0.3211567769437754,lstm
USR-000019,EVT-0046257,2026-07-23 10:24:26.022884,0.43124355702535244,lstm
USR-000072,EVT-0046258,2026-07-23 10:24:36.321867,0.541641574552901,lstm
USR-000059,EVT-0046259,2026-07-23 10:24:52.566862,0.8372237124889204,lstm
SVC-000024,EVT-0046260,2026-07-23 10:26:12.399343,0.38988936168227456,lstm
SVC-000013,EVT-0046261,2026-07-23 10:26:20.084613,0.32216630497889465,lstm
USR-000060,EVT-0046262,2026-07-23 10:26:24.963647,0.4710833065293511,lstm
SVC-000039,EVT-0046263,2026-07-23 10:26:27.479964,0.906639103626771,lstm
USR-000031,EVT-0046264,2026-07-23 10:27:39.636688,0.32485958002840454,lstm
SVC-000013,EVT-0046265,2026-07-23 10:27:49.183594,0.44025210550969746,lstm
SVC-000024,EVT-0046266,2026-07-23 10:28:52.103622,0.4833138927845304,lstm
SVC-000042,EVT-0046267,2026-07-23 10:29:40.947280,0.2079021898322925,lstm
USR-000138,EVT-0046268,2026-07-23 10:30:55.616677,0.9222166132058371,lstm
SVC-000013,EVT-0046269,2026-07-23 10:31:55.509096,0.3049643313197929,lstm
SVC-000042,EVT-0046270,2026-07-23 10:32:31.887434,0.2835641788135251,lstm
USR-000082,EVT-0046271,2026-07-23 10:33:06.885177,0.7610728127328428,lstm
USR-000083,EVT-0046272,2026-07-23 10:33:55.012109,0.8280588393816295,lstm
USR-000118,EVT-0046273,2026-07-23 10:34:37.682831,0.9335190137133952,lstm
SVC-000053,EVT-0046274,2026-07-23 10:35:10.248972,0.6008631923787172,lstm
SVC-000039,EVT-0046275,2026-07-23 10:35:38.761841,0.4739022180473751,lstm
USR-000164,EVT-0046276,2026-07-23 10:35:54.349366,0.23166188461380463,lstm
DEV-000008,EVT-0046277,2026-07-23 10:37:20.301119,0.5830315095322711,lstm
SVC-000013,EVT-0046278,2026-07-23 10:37:50.156084,0.46609207279457376,lstm
SVC-000008,EVT-0046279,2026-07-23 10:38:00.528088,0.6882742917928583,lstm
SVC-000008,EVT-0046280,2026-07-23 10:38:18.832838,0.8473611499458948,lstm
USR-000183,EVT-0046281,2026-07-23 10:38:30.487588,0.5114886098637571,lstm
SVC-000039,EVT-0046282,2026-07-23 10:39:13.772463,0.49873391478089507,lstm
USR-000103,EVT-0046283,2026-07-23 10:39:58.572578,0.4286199426361488,lstm
SVC-000050,EVT-0046284,2026-07-23 10:40:10.246874,0.3817352954500033,lstm
SVC-000039,EVT-0046285,2026-07-23 10:43:18.405356,0.47273583272526964,lstm
USR-000024,EVT-0046286,2026-07-23 10:44:16.846673,0.28470191029824443,lstm
SVC-000053,EVT-0046287,2026-07-23 10:44:23.800249,0.43545800779141525,lstm
SVC-000013,EVT-0046288,2026-07-23 10:44:32.598662,0.3579752681775946,lstm
SVC-000008,EVT-0046289,2026-07-23 10:45:00.262769,0.6349781498058237,lstm
SVC-000013,EVT-0046290,2026-07-23 10:45:40.866106,0.5401541729451662,lstm
USR-000212,EVT-0046291,2026-07-23 10:45:43.467532,0.6477261494849448,lstm
SVC-000013,EVT-0046292,2026-07-23 10:46:56.087484,0.48385708771417935,lstm
DEV-000007,EVT-0046293,2026-07-23 10:48:58.407194,0.2757927262022676,lstm
USR-000164,EVT-0046294,2026-07-23 10:50:22.537531,0.23164005240056862,lstm
USR-000103,EVT-0046295,2026-07-23 10:50:44.211811,0.4532902924735812,lstm
USR-000121,EVT-0046296,2026-07-23 10:51:50.795671,0.556528789193002,lstm
SVC-000050,EVT-0046297,2026-07-23 10:52:03.601352,0.45283113225826443,lstm
SVC-000013,EVT-0046298,2026-07-23 10:52:57.130653,0.6301145387392524,lstm
USR-000060,EVT-0046299,2026-07-23 10:53:07.554035,0.32284309450374243,lstm
SVC-000001,EVT-0046300,2026-07-23 10:53:13.906563,1.0,lstm
USR-000207,EVT-0046301,2026-07-23 10:53:33.382018,0.2446279881643606,lstm
USR-000111,EVT-0046302,2026-07-23 10:53:47.028830,0.426460680079527,lstm
SVC-000024,EVT-0046303,2026-07-23 10:54:41.980419,0.4854579694908446,lstm
SVC-000021,EVT-0046304,2026-07-23 10:55:41.019955,0.9950026647768824,lstm
USR-000116,EVT-0046305,2026-07-23 10:56:15.625384,0.61413266891583,lstm
USR-000016,EVT-0046306,2026-07-23 10:57:57.966798,0.4421914655075749,lstm
SVC-000053,EVT-0046307,2026-07-23 10:58:28.549089,0.42341441652958056,lstm
SVC-000008,EVT-0046308,2026-07-23 11:00:56.988711,0.6012118901444571,lstm
USR-000017,EVT-0046309,2026-07-23 11:01:03.611948,0.6922052651160828,lstm
USR-000091,EVT-0046310,2026-07-23 11:01:40.867789,0.6991014621921287,lstm
USR-000009,EVT-0046311,2026-07-23 11:01:41.080696,0.38311327401544815,lstm
USR-000148,EVT-0046312,2026-07-23 11:02:03.402682,0.6841817414707007,lstm
USR-000042,EVT-0046313,2026-07-23 11:02:17.246892,0.3698244520531497,lstm
USR-000026,EVT-0046314,2026-07-23 11:02:38.121724,0.5370761543450728,lstm
SVC-000053,EVT-0046315,2026-07-23 11:05:00.281988,0.49960886003007643,lstm
SVC-000053,EVT-0046316,2026-07-23 11:05:09.965534,0.9188158178119774,lstm
USR-000133,EVT-0046317,2026-07-23 11:06:40.338865,0.6793726265963461,lstm
SVC-000001,EVT-0046318,2026-07-23 11:06:50.868209,0.9994565441692106,lstm
SVC-000042,EVT-0046319,2026-07-23 11:08:22.004829,0.29742136174381517,lstm
SVC-000013,EVT-0046320,2026-07-23 11:09:14.794969,0.3746453911967188,lstm
USR-000132,EVT-0046321,2026-07-23 11:09:19.374332,0.5198287769936385,lstm
USR-000121,EVT-0046322,2026-07-23 11:10:23.955553,0.4657708905039931,lstm
DEV-000017,EVT-0046323,2026-07-23 11:12:23.977638,0.28182675324088546,lstm
USR-000050,EVT-0046324,2026-07-23 11:12:39.356039,0.663278708354242,lstm
USR-000084,EVT-0046325,2026-07-23 11:13:34.999784,0.8904315142646161,lstm
USR-000066,EVT-0046326,2026-07-23 11:14:10.901549,0.30238452897381607,lstm
SVC-000039,EVT-0046327,2026-07-23 11:14:13.070264,0.30236773157322316,lstm
USR-000114,EVT-0046328,2026-07-23 11:14:17.774430,0.5101249886949469,lstm
USR-000047,EVT-0046329,2026-07-23 11:14:57.634551,0.6395188394357884,lstm
SVC-000050,EVT-0046330,2026-07-23 11:15:23.611483,0.4430110583383987,lstm
SVC-000053,EVT-0046331,2026-07-23 11:15:57.089887,0.48290275358784057,lstm
USR-000180,EVT-0046332,2026-07-23 11:16:26.325463,0.2136687803853685,lstm
USR-000209,EVT-0046333,2026-07-23 11:16:58.392284,0.39204958189667766,lstm
SVC-000021,EVT-0046334,2026-07-23 11:16:58.817888,0.6121169186838137,lstm
SVC-000021,EVT-0046335,2026-07-23 11:17:26.694453,0.8557640326380148,lstm
SVC-000008,EVT-0046336,2026-07-23 11:19:44.846839,0.75434384966007,lstm
SVC-000053,EVT-0046337,2026-07-23 11:23:04.127733,0.42407001747891226,lstm
USR-000206,EVT-0046338,2026-07-23 11:23:33.742925,0.28563842541557466,lstm
USR-000028,EVT-0046339,2026-07-23 11:24:55.929006,0.9206556230086052,lstm
USR-000129,EVT-0046340,2026-07-23 11:25:15.512888,0.5205956609673948,lstm
USR-000170,EVT-0046341,2026-07-23 11:25:35.635950,0.4635848815373709,lstm
USR-000009,EVT-0046342,2026-07-23 11:29:20.311099,0.4320953729976334,lstm
USR-000008,EVT-0046343,2026-07-23 11:30:03.541049,0.5499412481460055,lstm
USR-000170,EVT-0046344,2026-07-23 11:30:20.218365,0.9181523187880783,lstm
USR-000138,EVT-0046345,2026-07-23 11:30:29.548062,0.5479462442866813,lstm
USR-000039,EVT-0046346,2026-07-23 11:31:25.492608,0.9521809951707942,lstm
USR-000138,EVT-0046347,2026-07-23 11:33:30.655106,0.6643091567465323,lstm
SVC-000050,EVT-0046348,2026-07-23 11:33:34.146429,0.37388488171568063,lstm
USR-000151,EVT-0046349,2026-07-23 11:34:37.106548,0.42210903072769634,lstm
USR-000026,EVT-0046350,2026-07-23 11:34:53.838147,0.4127824637116454,lstm
DEV-000009,EVT-0046351,2026-07-23 11:34:56.342330,0.20915997734752914,lstm
USR-000200,EVT-0046352,2026-07-23 11:34:58.341894,0.6848847889228878,lstm
USR-000138,EVT-0046353,2026-07-23 11:38:28.559232,0.57891914494733,lstm
SVC-000039,EVT-0046354,2026-07-23 11:40:14.513008,0.3596827463963898,lstm
USR-000206,EVT-0046355,2026-07-23 11:47:26.610463,0.4981237320977941,lstm
SVC-000008,EVT-0046356,2026-07-23 11:47:36.398034,0.43468606105844804,lstm
USR-000028,EVT-0046357,2026-07-23 11:47:52.888573,0.6231177925531888,lstm
USR-000197,EVT-0046358,2026-07-23 11:47:58.716200,0.5128490786011406,lstm
USR-000121,EVT-0046359,2026-07-23 11:48:50.739800,0.45495507322082035,lstm
SVC-000021,EVT-0046360,2026-07-23 11:49:34.985723,0.742353308823138,lstm
SVC-000050,EVT-0046361,2026-07-23 11:49:54.411163,0.25906423636525955,lstm
USR-000115,EVT-0046362,2026-07-23 11:51:07.957426,0.8844584628344468,lstm
USR-000080,EVT-0046363,2026-07-23 11:51:11.445921,0.7421998353157219,lstm
SVC-000001,EVT-0046364,2026-07-23 11:52:25.510493,0.9899278185014504,lstm
SVC-000021,EVT-0046365,2026-07-23 11:52:32.535538,0.57373050804311,lstm
USR-000016,EVT-0046366,2026-07-23 11:52:42.397262,0.4701664899342144,lstm
SVC-000001,EVT-0046367,2026-07-23 11:54:11.324149,0.806440755051972,lstm
DEV-000003,EVT-0046368,2026-07-23 11:54:35.586805,0.6542635799717004,lstm
USR-000101,EVT-0046369,2026-07-23 11:55:06.331985,0.8629852190264279,lstm
USR-000103,EVT-0046370,2026-07-23 11:55:10.489524,0.2878452867205285,lstm
SVC-000053,EVT-0046371,2026-07-23 11:55:45.743397,0.560277875795092,lstm
USR-000190,EVT-0046372,2026-07-23 11:56:43.218307,0.4806437668101209,lstm
USR-000161,EVT-0046373,2026-07-23 11:57:49.694548,0.9369511599537537,lstm
USR-000182,EVT-0046374,2026-07-23 11:57:51.354866,0.7827613601502176,lstm
USR-000206,EVT-0046375,2026-07-23 12:00:51.924134,0.4252819039839857,lstm
USR-000072,EVT-0046376,2026-07-23 12:00:52.362305,0.6764081114360927,lstm
USR-000044,EVT-0046377,2026-07-23 12:00:56.755149,0.994767200359438,lstm
USR-000066,EVT-0046378,2026-07-23 12:01:27.913193,0.2463174476680604,lstm
SVC-000053,EVT-0046379,2026-07-23 12:02:15.411717,0.5281274183418186,lstm
SVC-000008,EVT-0046380,2026-07-23 12:02:17.222724,0.45357415130606077,lstm
USR-000098,EVT-0046381,2026-07-23 12:04:05.726063,0.6394550733023738,lstm
USR-000212,EVT-0046382,2026-07-23 12:05:51.338594,0.4470672583552844,lstm
DEV-000026,EVT-0046383,2026-07-23 12:06:30.558993,0.5820320099046137,lstm
USR-000038,EVT-0046384,2026-07-23 12:06:55.371511,0.5035719383587636,lstm
SVC-000001,EVT-0046385,2026-07-23 12:07:02.598687,0.5121199005891736,lstm
USR-000098,EVT-0046386,2026-07-23 12:09:11.371224,0.8854426153674125,lstm
SVC-000021,EVT-0046387,2026-07-23 12:09:24.392549,0.35334578260824184,lstm
SVC-000050,EVT-0046388,2026-07-23 12:09:53.264739,0.32670865835335955,lstm
USR-000024,EVT-0046389,2026-07-23 12:09:59.189974,0.26002907454868823,lstm
SVC-000017,EVT-0046390,2026-07-23 12:10:41.497870,0.9998277102750807,lstm
USR-000205,EVT-0046391,2026-07-23 12:14:04.055399,0.4539551154532406,lstm
USR-000028,EVT-0046392,2026-07-23 12:16:49.738458,0.8684070343289325,lstm
DEV-000009,EVT-0046393,2026-07-23 12:16:55.643004,0.1614572244798113,lstm
SVC-000039,EVT-0046394,2026-07-23 12:16:59.322698,0.9098820568650545,lstm
SVC-000039,EVT-0046395,2026-07-23 12:17:23.900345,0.8683541538134735,lstm
USR-000030,EVT-0046396,2026-07-23 12:18:16.522796,0.2668931927277233,lstm
USR-000175,EVT-0046397,2026-07-23 12:18:30.708854,0.4466890175117324,lstm
USR-000132,EVT-0046398,2026-07-23 12:20:07.464191,0.47240492388987837,lstm
USR-000148,EVT-0046399,2026-07-23 12:20:30.279905,0.34758369542470063,lstm
SVC-000021,EVT-0046400,2026-07-23 12:21:36.373324,0.40009595669991055,lstm
USR-000051,EVT-0046401,2026-07-23 12:21:47.707152,0.4920473692834462,lstm
SVC-000001,EVT-0046402,2026-07-23 12:22:13.790630,0.5212610171687616,lstm
USR-000057,EVT-0046403,2026-07-23 12:22:55.879444,0.5970972161183312,lstm
USR-000212,EVT-0046404,2026-07-23 12:23:12.166868,0.4545917876894648,lstm
USR-000148,EVT-0046405,2026-07-23 12:23:49.686421,0.6196383921064511,lstm
USR-000200,EVT-0046406,2026-07-23 12:24:22.436246,0.3909509457606302,lstm
DEV-000007,EVT-0046407,2026-07-23 12:24:35.972242,0.19308745182385742,lstm
USR-000127,EVT-0046408,2026-07-23 12:24:43.442619,0.5690593078077609,lstm
DEV-000006,EVT-0046409,2026-07-23 12:25:36.386371,0.9667749322114247,lstm
DEV-000009,EVT-0046410,2026-07-23 12:26:22.066289,0.3219866150074841,lstm
USR-000179,EVT-0046411,2026-07-23 12:27:02.438381,0.6551694894617452,lstm
USR-000175,EVT-0046412,2026-07-23 12:28:48.381440,0.612529906999704,lstm
USR-000044,EVT-0046413,2026-07-23 12:28:49.234634,0.7510204369693969,lstm
USR-000180,EVT-0046414,2026-07-23 12:28:59.077351,0.3507448028858267,lstm
DEV-000021,EVT-0046415,2026-07-23 12:29:26.433635,0.28118312721552463,lstm
USR-000008,EVT-0046416,2026-07-23 12:29:53.661541,0.5539735203842283,lstm
SVC-000053,EVT-0046417,2026-07-23 12:29:55.558532,0.5937817786150266,lstm
DEV-000022,EVT-0046418,2026-07-23 12:31:05.000119,0.95578659953223,lstm
SVC-000021,EVT-0046419,2026-07-23 12:32:02.511792,0.42826950684007,lstm
USR-000212,EVT-0046420,2026-07-23 12:32:16.094926,0.5698824679241437,lstm
USR-000038,EVT-0046421,2026-07-23 12:33:13.082074,0.4918739596473659,lstm
USR-000024,EVT-0046422,2026-07-23 12:34:25.008580,0.26868187473812394,lstm
USR-000031,EVT-0046423,2026-07-23 12:36:12.532023,0.2538670167799781,lstm
SVC-000008,EVT-0046424,2026-07-23 12:36:30.479817,0.5050157986739098,lstm
SVC-000008,EVT-0046425,2026-07-23 12:38:11.388676,0.7717205013024745,lstm
SVC-000021,EVT-0046426,2026-07-23 12:39:26.154203,0.2729302507967707,lstm
USR-000008,EVT-0046427,2026-07-23 12:39:45.427756,0.8261275410729981,lstm
USR-000025,EVT-0046428,2026-07-23 12:39:59.184583,0.5189000967720224,lstm
SVC-000039,EVT-0046429,2026-07-23 12:42:36.828756,0.5685884110864496,lstm
USR-000115,EVT-0046430,2026-07-23 12:42:42.884178,0.395997857562769,lstm
USR-000080,EVT-0046431,2026-07-23 12:43:04.798574,0.4042178519915764,lstm
SVC-000034,EVT-0046432,2026-07-23 12:45:57.104251,0.969608849439137,lstm
SVC-000001,EVT-0046433,2026-07-23 12:46:54.733540,0.6290602078907025,lstm
USR-000115,EVT-0046434,2026-07-23 12:47:37.595427,0.4629342490461988,lstm
USR-000151,EVT-0046435,2026-07-23 12:48:33.123497,0.2997674521172719,lstm
USR-000204,EVT-0046436,2026-07-23 12:48:44.493264,0.41724755530595975,lstm
USR-000204,EVT-0046437,2026-07-23 12:49:19.102772,0.9984531795021088,lstm
SVC-000021,EVT-0046438,2026-07-23 12:52:07.260996,0.7241105867198109,lstm
SVC-000027,EVT-0046439,2026-07-23 12:58:44.281726,0.9958664139911181,lstm
USR-000039,EVT-0046440,2026-07-23 12:58:56.227242,0.5495463973668306,lstm
SVC-000001,EVT-0046441,2026-07-23 12:59:26.033120,0.5744433826890627,lstm
USR-000180,EVT-0046442,2026-07-23 12:59:28.046314,0.3635798879155128,lstm
USR-000095,EVT-0046443,2026-07-23 12:59:33.835332,0.6204370652756144,lstm
SVC-000021,EVT-0046444,2026-07-23 13:02:12.521313,0.5372207769109416,lstm
SVC-000034,EVT-0046445,2026-07-23 13:03:13.305831,0.3847696159399727,lstm
USR-000209,EVT-0046446,2026-07-23 13:03:35.727304,0.476549313894407,lstm
USR-000121,EVT-0046447,2026-07-23 13:05:08.425713,0.4260028463382109,lstm
USR-000086,EVT-0046448,2026-07-23 13:05:52.540846,0.31078208801271395,lstm
USR-000166,EVT-0046449,2026-07-23 13:05:54.572805,0.5597866791303255,lstm
SVC-000034,EVT-0046450,2026-07-23 13:07:58.067248,0.5578870032899266,lstm
SVC-000008,EVT-0046451,2026-07-23 13:08:38.087045,0.44359049889298485,lstm
USR-000200,EVT-0046452,2026-07-23 13:08:49.306047,0.27710317324718753,lstm
USR-000194,EVT-0046453,2026-07-23 13:09:27.175129,0.35552610322086653,lstm
USR-000080,EVT-0046454,2026-07-23 13:11:07.442733,0.46759221297818593,lstm
SVC-000053,EVT-0046455,2026-07-23 13:11:20.745134,0.6903661601205541,lstm
USR-000050,EVT-0046456,2026-07-23 13:12:26.504951,0.4241272576270865,lstm
USR-000065,EVT-0046457,2026-07-23 13:12:32.289569,0.7367378206728579,lstm
USR-000101,EVT-0046458,2026-07-23 13:13:25.515235,0.5432593101870377,lstm
SVC-000001,EVT-0046459,2026-07-23 13:13:34.611158,0.9086066577085077,lstm
USR-000205,EVT-0046460,2026-07-23 13:14:09.408584,0.7900372947278904,lstm
USR-000066,EVT-0046461,2026-07-23 13:14:58.045206,0.25054173297502325,lstm
USR-000112,EVT-0046462,2026-07-23 13:15:13.648816,0.7321210947172925,lstm
USR-000083,EVT-0046463,2026-07-23 13:15:37.680467,0.6730829675313774,lstm
USR-000038,EVT-0046464,2026-07-23 13:17:05.341270,0.24407368623412373,lstm
SVC-000027,EVT-0046465,2026-07-23 13:18:55.355707,0.6821114725245645,lstm
USR-000098,EVT-0046466,2026-07-23 13:19:53.609696,0.8759348547139744,lstm
SVC-000017,EVT-0046467,2026-07-23 13:20:42.093686,0.8574956492270064,lstm
USR-000055,EVT-0046468,2026-07-23 13:21:02.122838,0.4637832662039135,lstm
USR-000055,EVT-0046469,2026-07-23 13:21:13.214409,0.9469851419459665,lstm
USR-000118,EVT-0046470,2026-07-23 13:21:41.775108,0.6241482850955793,lstm
DEV-000002,EVT-0046471,2026-07-23 13:22:52.793199,0.4002271591743176,lstm
DEV-000012,EVT-0046472,2026-07-23 13:23:08.374975,0.32896269737966016,lstm
SVC-000043,EVT-0046473,2026-07-23 13:23:44.633223,0.9842768439546777,lstm
DEV-000006,EVT-0046474,2026-07-23 13:24:26.144537,0.8943797877704812,lstm
USR-000120,EVT-0046475,2026-07-23 13:25:00.901459,0.4248187509625424,lstm
SVC-000001,EVT-0046476,2026-07-23 13:27:47.307748,0.8787353019812301,lstm
SVC-000001,EVT-0046477,2026-07-23 13:27:51.893297,0.9733314641916336,lstm
SVC-000053,EVT-0046478,2026-07-23 13:28:10.541110,0.553594545307356,lstm
USR-000160,EVT-0046479,2026-07-23 13:30:16.242081,0.6945562696146164,lstm
SVC-000001,EVT-0046480,2026-07-23 13:30:38.811826,0.9515517250594432,lstm
USR-000129,EVT-0046481,2026-07-23 13:31:16.162190,0.22624822291990748,lstm
SVC-000001,EVT-0046482,2026-07-23 13:33:29.912818,0.9088841381680126,lstm
SVC-000021,EVT-0046483,2026-07-23 13:33:42.923748,0.6338853053705296,lstm
USR-000160,EVT-0046484,2026-07-23 13:34:06.903336,0.8539141175018047,lstm
SVC-000027,EVT-0046485,2026-07-23 13:34:07.484722,0.538192194453309,lstm
SVC-000043,EVT-0046486,2026-07-23 13:34:26.444093,0.3998217809952351,lstm
DEV-000026,EVT-0046487,2026-07-23 13:35:58.813682,0.44698517066479054,lstm
DEV-000005,EVT-0046488,2026-07-23 13:37:00.352767,0.49845125345866537,lstm
USR-000086,EVT-0046489,2026-07-23 13:37:42.256723,0.25074019561737576,lstm
SVC-000008,EVT-0046490,2026-07-23 13:37:46.651146,0.530315508682684,lstm
DEV-000021,EVT-0046491,2026-07-23 13:38:17.530005,0.33880639888392283,lstm
USR-000018,EVT-0046492,2026-07-23 13:40:02.194458,0.5688273198158785,lstm
SVC-000043,EVT-0046493,2026-07-23 13:40:49.088267,0.40685904627711994,lstm
USR-000068,EVT-0046494,2026-07-23 13:41:24.618181,0.5452698181503268,lstm
SVC-000017,EVT-0046495,2026-07-23 13:42:50.263199,0.740945647197282,lstm
SVC-000012,EVT-0046496,2026-07-23 13:44:16.202349,0.9949870815334216,lstm
USR-000111,EVT-0046497,2026-07-23 13:44:50.293731,0.22806376583062488,lstm
USR-000160,EVT-0046498,2026-07-23 13:45:38.039694,0.7492506234872764,lstm
SVC-000001,EVT-0046499,2026-07-23 13:45:55.963024,0.6672492718273859,lstm
USR-000112,EVT-0046500,2026-07-23 13:47:59.256910,0.43464356091093775,lstm
USR-000164,EVT-0046501,2026-07-23 13:48:58.558158,0.4226131252328536,lstm
DEV-000003,EVT-0046502,2026-07-23 13:49:46.772987,0.6400647674238834,lstm
SVC-000021,EVT-0046503,2026-07-23 13:50:15.025038,0.4215652203242456,lstm
DEV-000001,EVT-0046504,2026-07-23 13:51:18.953900,0.3666150828684336,lstm
SVC-000001,EVT-0046505,2026-07-23 13:51:26.298609,0.4069572858762922,lstm
DEV-000026,EVT-0046506,2026-07-23 13:51:55.373356,0.5170076049821276,lstm
USR-000204,EVT-0046507,2026-07-23 13:52:20.151361,0.3215325631516694,lstm
USR-000084,EVT-0046508,2026-07-23 13:53:15.316139,0.41207650658544936,lstm
USR-000127,EVT-0046509,2026-07-23 13:55:24.990279,0.4922790759285887,lstm
USR-000038,EVT-0046510,2026-07-23 13:55:32.257122,0.2954832261930677,lstm
SVC-000034,EVT-0046511,2026-07-23 13:55:46.524242,0.45813812170460405,lstm
USR-000065,EVT-0046512,2026-07-23 13:57:44.914568,0.37540864746584823,lstm
USR-000115,EVT-0046513,2026-07-23 13:58:38.495784,0.3230271317500421,lstm
USR-000068,EVT-0046514,2026-07-23 13:59:27.322215,0.5227286525710996,lstm
USR-000212,EVT-0046515,2026-07-23 14:01:24.001652,0.3758713824827246,lstm
USR-000030,EVT-0046516,2026-07-23 14:01:30.517240,0.3076312623512315,lstm
USR-000111,EVT-0046517,2026-07-23 14:02:00.706906,0.5082493476504827,lstm
SVC-000001,EVT-0046518,2026-07-23 14:02:53.564037,0.29346633634846986,lstm
SVC-000049,EVT-0046519,2026-07-23 14:03:05.724328,0.9570890811008566,lstm
USR-000111,EVT-0046520,2026-07-23 14:03:34.016174,0.6295959190311697,lstm
USR-000140,EVT-0046521,2026-07-23 14:03:43.717616,0.45810682830435767,lstm
SVC-000017,EVT-0046522,2026-07-23 14:03:43.928221,0.6452542503525942,lstm
SVC-000027,EVT-0046523,2026-07-23 14:04:09.073893,0.44737979315789894,lstm
USR-000066,EVT-0046524,2026-07-23 14:04:16.693854,0.2897419293431654,lstm
USR-000029,EVT-0046525,2026-07-23 14:04:26.482921,0.7320265184894543,lstm
SVC-000027,EVT-0046526,2026-07-23 14:06:29.196400,0.6477987657683227,lstm
DEV-000008,EVT-0046527,2026-07-23 14:09:35.789901,0.564448330083031,lstm
USR-000115,EVT-0046528,2026-07-23 14:10:35.291508,0.3109711462713236,lstm
USR-000144,EVT-0046529,2026-07-23 14:11:00.518753,0.46536443693264506,lstm
USR-000068,EVT-0046530,2026-07-23 14:11:58.307412,0.6913777033151278,lstm
USR-000057,EVT-0046531,2026-07-23 14:12:14.467424,0.8140246569629838,lstm
USR-000112,EVT-0046532,2026-07-23 14:12:16.947321,0.3870996267464073,lstm
USR-000028,EVT-0046533,2026-07-23 14:13:42.740204,0.8511161460461791,lstm
USR-000115,EVT-0046534,2026-07-23 14:14:22.370142,0.5909207582026132,lstm
SVC-000043,EVT-0046535,2026-07-23 14:14:37.294127,0.3720595670410736,lstm
USR-000038,EVT-0046536,2026-07-23 14:15:06.765479,0.34823410161630675,lstm
SVC-000028,EVT-0046537,2026-07-23 14:15:35.930858,0.9553732730101157,lstm
USR-000131,EVT-0046538,2026-07-23 14:16:10.735182,0.566612630294858,lstm
USR-000047,EVT-0046539,2026-07-23 14:17:28.416635,0.2817035547490979,lstm
DEV-000009,EVT-0046540,2026-07-23 14:17:53.904878,0.19133546066438997,lstm
USR-000140,EVT-0046541,2026-07-23 14:18:23.127165,0.6411744700293665,lstm
USR-000157,EVT-0046542,2026-07-23 14:18:23.944621,0.4581873415718723,lstm
USR-000115,EVT-0046543,2026-07-23 14:18:29.973127,0.3535356272367812,lstm
USR-000017,EVT-0046544,2026-07-23 14:18:45.303105,0.28167341720179073,lstm
DEV-000013,EVT-0046545,2026-07-23 14:20:38.230333,0.6116559820066236,lstm
SVC-000049,EVT-0046546,2026-07-23 14:22:59.457027,0.8802875263969699,lstm
SVC-000043,EVT-0046547,2026-07-23 14:23:37.086036,0.295975231003752,lstm
USR-000032,EVT-0046548,2026-07-23 14:25:02.848220,0.8796415234640681,lstm
DEV-000003,EVT-0046549,2026-07-23 14:26:33.223282,0.6337538211717213,lstm
SVC-000017,EVT-0046550,2026-07-23 14:27:48.197016,0.39683789522724755,lstm
USR-000044,EVT-0046551,2026-07-23 14:27:55.184670,0.8292142293888581,lstm
USR-000074,EVT-0046552,2026-07-23 14:28:02.658423,0.4126621125711333,lstm
SVC-000001,EVT-0046553,2026-07-23 14:28:35.579132,0.28584504580896386,lstm
USR-000112,EVT-0046554,2026-07-23 14:29:09.036747,0.5525460362646699,lstm
SVC-000012,EVT-0046555,2026-07-23 14:30:54.666094,0.4488080100731221,lstm
USR-000190,EVT-0046556,2026-07-23 14:32:00.201604,0.47623886189545983,lstm
USR-000065,EVT-0046557,2026-07-23 14:32:29.409228,0.34982263917774215,lstm
USR-000160,EVT-0046558,2026-07-23 14:33:01.494342,0.506499361867697,lstm
USR-000084,EVT-0046559,2026-07-23 14:35:17.225811,0.29744759446610475,lstm
SVC-000012,EVT-0046560,2026-07-23 14:36:08.729722,0.3993571216908829,lstm
SVC-000049,EVT-0046561,2026-07-23 14:36:30.017654,0.4645166586900371,lstm
DEV-000018,EVT-0046562,2026-07-23 14:36:45.527409,0.22570277682078702,lstm
DEV-000015,EVT-0046563,2026-07-23 14:37:14.542084,0.575629446446356,lstm
USR-000086,EVT-0046564,2026-07-23 14:37:29.340592,0.25697788931336873,lstm
USR-000173,EVT-0046565,2026-07-23 14:38:43.502803,0.7410235603376878,lstm
SVC-000049,EVT-0046566,2026-07-23 14:38:58.982460,0.9308170060111775,lstm
USR-000118,EVT-0046567,2026-07-23 14:42:35.782499,0.7290177541553138,lstm
SVC-000012,EVT-0046568,2026-07-23 14:44:18.902708,0.3026430128658268,lstm
DEV-000009,EVT-0046569,2026-07-23 14:44:31.930925,0.20151355893354472,lstm
USR-000181,EVT-0046570,2026-07-23 14:45:19.585439,0.5658368180528586,lstm
USR-000209,EVT-0046571,2026-07-23 14:45:59.665912,0.26170212924989955,lstm
USR-000008,EVT-0046572,2026-07-23 14:46:19.276230,0.7550593141220319,lstm
USR-000121,EVT-0046573,2026-07-23 14:46:41.049310,0.4269174572387488,lstm
DEV-000011,EVT-0046574,2026-07-23 14:48:27.231189,0.6609206941897965,lstm
USR-000160,EVT-0046575,2026-07-23 14:49:38.126514,0.6145891976876947,lstm
DEV-000009,EVT-0046576,2026-07-23 14:49:43.184094,0.5062844235110042,lstm
DEV-000003,EVT-0046577,2026-07-23 14:50:14.819990,0.62763071918631,lstm
USR-000140,EVT-0046578,2026-07-23 14:51:50.898814,0.4553755014868826,lstm
SVC-000049,EVT-0046579,2026-07-23 14:51:56.799263,0.3572898762118651,lstm
SVC-000043,EVT-0046580,2026-07-23 14:53:39.375279,0.2518133832900404,lstm
SVC-000017,EVT-0046581,2026-07-23 14:54:13.631582,0.416636962144602,lstm
SVC-000027,EVT-0046582,2026-07-23 14:54:55.836073,0.599635923660643,lstm
USR-000044,EVT-0046583,2026-07-23 14:55:09.856518,0.3786156017032701,lstm
USR-000018,EVT-0046584,2026-07-23 14:55:34.785309,0.9058616496472551,lstm
USR-000032,EVT-0046585,2026-07-23 14:55:40.539716,0.49008988319176144,lstm
USR-000029,EVT-0046586,2026-07-23 14:56:02.012835,0.9024263273563797,lstm
USR-000170,EVT-0046587,2026-07-23 14:56:16.132962,0.725668002261534,lstm
USR-000170,EVT-0046588,2026-07-23 14:57:29.162476,0.8828949300254033,lstm
SVC-000028,EVT-0046589,2026-07-23 14:58:39.423562,0.45547690377481137,lstm
USR-000134,EVT-0046590,2026-07-23 14:59:07.810681,0.8901730690732909,lstm
SVC-000012,EVT-0046591,2026-07-23 15:00:32.956186,0.48460811576879637,lstm
SVC-000027,EVT-0046592,2026-07-23 15:01:31.433577,0.4676337816664716,lstm
USR-000066,EVT-0046593,2026-07-23 15:02:22.348453,0.33748320910504936,lstm
USR-000086,EVT-0046594,2026-07-23 15:02:52.816205,0.34820240523309737,lstm
SVC-000028,EVT-0046595,2026-07-23 15:03:34.486237,0.8572257695590277,lstm
USR-000080,EVT-0046596,2026-07-23 15:05:05.773118,0.44715628269561775,lstm
DEV-000015,EVT-0046597,2026-07-23 15:06:47.902752,0.7187029604577808,lstm
SVC-000027,EVT-0046598,2026-07-23 15:07:36.310211,0.42536477071655027,lstm
USR-000066,EVT-0046599,2026-07-23 15:08:06.257957,0.5388035639443118,lstm
SVC-000012,EVT-0046600,2026-07-23 15:08:25.871163,0.32563309376359995,lstm
USR-000056,EVT-0046601,2026-07-23 15:09:36.611804,0.7595947221503553,lstm
SVC-000017,EVT-0046602,2026-07-23 15:13:06.347433,0.3958996124966906,lstm
SVC-000017,EVT-0046603,2026-07-23 15:13:30.279513,0.7390474127424799,lstm
SVC-000027,EVT-0046604,2026-07-23 15:14:04.361423,0.6612031368547188,lstm
SVC-000010,EVT-0046605,2026-07-23 15:14:09.806605,0.9999477328857659,lstm
USR-000212,EVT-0046606,2026-07-23 15:15:21.057608,0.35029031088607077,lstm
USR-000175,EVT-0046607,2026-07-23 15:17:13.110068,0.30786295387556956,lstm
USR-000111,EVT-0046608,2026-07-23 15:17:33.827259,0.4098839732869244,lstm
SVC-000033,EVT-0046609,2026-07-23 15:17:45.850752,0.9981645442274362,lstm
USR-000176,EVT-0046610,2026-07-23 15:19:26.737286,0.7179732910908199,lstm
SVC-000027,EVT-0046611,2026-07-23 15:21:02.222941,0.35318827276393383,lstm
USR-000017,EVT-0046612,2026-07-23 15:21:24.529566,0.21718942734366548,lstm
USR-000012,EVT-0046613,2026-07-23 15:21:45.960871,0.8886645205255292,lstm
SVC-000028,EVT-0046614,2026-07-23 15:21:49.683218,0.7305307669318511,lstm
USR-000181,EVT-0046615,2026-07-23 15:27:32.884080,0.5333403844273237,lstm
USR-000147,EVT-0046616,2026-07-23 15:28:06.201997,0.4429997905029329,lstm
USR-000144,EVT-0046617,2026-07-23 15:29:06.267278,0.49175321966825847,lstm
USR-000016,EVT-0046618,2026-07-23 15:29:08.474386,0.69517320972154,lstm
SVC-000050,EVT-0046619,2026-07-23 15:29:13.239691,0.7904960126149623,lstm
SVC-000028,EVT-0046620,2026-07-23 15:30:13.796129,0.7907480993856144,lstm
USR-000197,EVT-0046621,2026-07-23 15:31:28.439023,0.23936726906592043,lstm
DEV-000026,EVT-0046622,2026-07-23 15:34:25.777237,0.28928185757923297,lstm
USR-000038,EVT-0046623,2026-07-23 15:35:37.852169,0.4513309473805333,lstm
SVC-000049,EVT-0046624,2026-07-23 15:38:18.389244,0.2781902680367542,lstm
SVC-000036,EVT-0046625,2026-07-23 15:38:57.210077,0.9978442545680349,lstm
SVC-000028,EVT-0046626,2026-07-23 15:39:22.622158,0.5299371763069227,lstm
USR-000182,EVT-0046627,2026-07-23 15:39:40.349223,0.801058944461997,lstm
SVC-000010,EVT-0046628,2026-07-23 15:42:51.284455,0.9792265654253542,lstm
SVC-000033,EVT-0046629,2026-07-23 15:43:37.914376,0.6312333001380673,lstm
SVC-000036,EVT-0046630,2026-07-23 15:43:50.013259,0.7295393526201865,lstm
SVC-000036,EVT-0046631,2026-07-23 15:44:14.947585,0.8067553940522084,lstm
USR-000092,EVT-0046632,2026-07-23 15:45:28.034123,0.31408311913604336,lstm
SVC-000036,EVT-0046633,2026-07-23 15:45:30.310218,0.5151596950003664,lstm
USR-000185,EVT-0046634,2026-07-23 15:45:49.358658,0.3976765305802276,lstm
SVC-000028,EVT-0046635,2026-07-23 15:45:50.947746,0.6508762567164172,lstm
SVC-000012,EVT-0046636,2026-07-23 15:46:13.449562,0.7557387931722552,lstm
USR-000176,EVT-0046637,2026-07-23 15:47:41.989580,0.35289263305268653,lstm
USR-000044,EVT-0046638,2026-07-23 15:48:14.643336,0.590898592675319,lstm
USR-000176,EVT-0046639,2026-07-23 15:49:44.353805,0.6974647245439929,lstm
USR-000151,EVT-0046640,2026-07-23 15:49:50.880552,0.3197341928262064,lstm
SVC-000038,EVT-0046641,2026-07-23 15:51:05.662311,0.9977721670002809,lstm
USR-000144,EVT-0046642,2026-07-23 15:51:44.527333,0.3010277101584379,lstm
USR-000028,EVT-0046643,2026-07-23 15:53:32.490557,0.7954481701387338,lstm
SVC-000036,EVT-0046644,2026-07-23 15:55:31.100101,0.5861721730520354,lstm
USR-000170,EVT-0046645,2026-07-23 15:56:39.123676,0.5808991126462497,lstm
SVC-000029,EVT-0046646,2026-07-23 15:57:40.365625,0.9575660478876338,lstm
USR-000212,EVT-0046647,2026-07-23 15:58:23.557287,0.44827908484792633,lstm
USR-000138,EVT-0046648,2026-07-23 15:59:43.922302,0.31043625420229387,lstm
SVC-000029,EVT-0046649,2026-07-23 16:02:06.650867,0.5869496650782692,lstm
SVC-000029,EVT-0046650,2026-07-23 16:03:41.447036,0.6837448635137624,lstm
USR-000083,EVT-0046651,2026-07-23 16:03:49.474869,0.682378399539466,lstm
SVC-000036,EVT-0046652,2026-07-23 16:03:56.981470,0.7771117716762831,lstm
SVC-000038,EVT-0046653,2026-07-23 16:05:19.321181,0.7436255259731833,lstm
USR-000027,EVT-0046654,2026-07-23 16:06:08.096965,0.8138648430880564,lstm
SVC-000038,EVT-0046655,2026-07-23 16:06:35.927955,0.946171717392529,lstm
SVC-000036,EVT-0046656,2026-07-23 16:07:52.990399,0.6468841208475491,lstm
SVC-000038,EVT-0046657,2026-07-23 16:10:32.092300,0.7764727257297642,lstm
SVC-000036,EVT-0046658,2026-07-23 16:12:47.133624,0.5801105226297504,lstm
DEV-000024,EVT-0046659,2026-07-23 16:13:24.195241,0.32710105102781023,lstm
USR-000012,EVT-0046660,2026-07-23 16:13:59.733126,0.6608630360015073,lstm
SVC-000028,EVT-0046661,2026-07-23 16:15:17.889146,0.42606614934528003,lstm
SVC-000038,EVT-0046662,2026-07-23 16:16:37.509036,0.7433353398318933,lstm
SVC-000038,EVT-0046663,2026-07-23 16:17:52.061489,0.6974577658562486,lstm
SVC-000012,EVT-0046664,2026-07-23 16:20:47.915126,0.3473209057213151,lstm
SVC-000038,EVT-0046665,2026-07-23 16:22:32.336972,0.9091478356445162,lstm
SVC-000036,EVT-0046666,2026-07-23 16:23:30.615641,0.6183472219777231,lstm
USR-000170,EVT-0046667,2026-07-23 16:27:33.960280,0.4873796663608892,lstm
USR-000127,EVT-0046668,2026-07-23 16:27:53.684581,0.6701909189531814,lstm
SVC-000029,EVT-0046669,2026-07-23 16:28:02.489213,0.5790439495248411,lstm
USR-000012,EVT-0046670,2026-07-23 16:28:04.666008,0.5569298720016239,lstm
DEV-000018,EVT-0046671,2026-07-23 16:29:02.752575,0.2930683514059501,lstm
USR-000183,EVT-0046672,2026-07-23 16:29:13.251663,0.8179361051071705,lstm
USR-000034,EVT-0046673,2026-07-23 16:29:25.058065,0.8065517366601906,lstm
USR-000160,EVT-0046674,2026-07-23 16:29:36.403098,0.5268786921472058,lstm
USR-000029,EVT-0046675,2026-07-23 16:30:09.266650,0.7226994286266721,lstm
SVC-000028,EVT-0046676,2026-07-23 16:30:13.332905,0.41853317209245144,lstm
USR-000068,EVT-0046677,2026-07-23 16:34:14.237205,0.3337283132632036,lstm
DEV-000024,EVT-0046678,2026-07-23 16:34:18.363771,0.6822543742071028,lstm
USR-000004,EVT-0046679,2026-07-23 16:35:47.495004,0.6395328039452461,lstm
USR-000149,EVT-0046680,2026-07-23 16:36:23.209505,0.710698947451084,lstm
USR-000204,EVT-0046681,2026-07-23 16:38:11.350468,0.3334624778272433,lstm
SVC-000029,EVT-0046682,2026-07-23 16:40:45.176608,0.46362285507447515,lstm
SVC-000033,EVT-0046683,2026-07-23 16:43:35.735480,0.6989935733450058,lstm
SVC-000004,EVT-0046684,2026-07-23 16:46:42.843664,0.9852562449341299,lstm
USR-000101,EVT-0046685,2026-07-23 16:47:45.921933,0.44715628269561775,lstm
DEV-000013,EVT-0046686,2026-07-23 16:47:54.276437,0.4851743204436957,lstm
SVC-000010,EVT-0046687,2026-07-23 16:53:24.501282,0.8963617313617593,lstm
SVC-000033,EVT-0046688,2026-07-23 16:53:41.194398,0.3138189218128008,lstm
SVC-000033,EVT-0046689,2026-07-23 16:56:24.661082,0.38956627095047985,lstm
USR-000181,EVT-0046690,2026-07-23 16:58:07.066509,0.3614692332806661,lstm
SVC-000029,EVT-0046691,2026-07-23 17:01:28.547348,0.7609677426045309,lstm
DEV-000001,EVT-0046692,2026-07-23 17:05:11.996541,0.2617663767805335,lstm
DEV-000001,EVT-0046693,2026-07-23 17:09:27.334459,0.8010941550214311,lstm
SVC-000033,EVT-0046694,2026-07-23 17:10:29.408213,0.3349086888672753,lstm
DEV-000002,EVT-0046695,2026-07-23 17:12:59.921841,0.4888552263358773,lstm
USR-000032,EVT-0046696,2026-07-23 17:13:06.757222,0.5161189569301166,lstm
USR-000212,EVT-0046697,2026-07-23 17:16:34.644222,0.41132288445367016,lstm
DEV-000014,EVT-0046698,2026-07-23 17:23:52.965059,0.7891142076278369,lstm
USR-000074,EVT-0046699,2026-07-23 17:26:59.078691,0.4931119175273689,lstm
USR-000066,EVT-0046700,2026-07-23 17:27:09.798113,0.48283516973973273,lstm
SVC-000049,EVT-0046701,2026-07-23 17:27:16.862433,0.6455824128203936,lstm
SVC-000010,EVT-0046702,2026-07-23 17:27:56.389898,0.7832408905432503,lstm
USR-000192,EVT-0046703,2026-07-23 17:30:31.465222,0.5613982209424335,lstm
SVC-000049,EVT-0046704,2026-07-23 17:31:46.103110,0.678909753804434,lstm
DEV-000020,EVT-0046705,2026-07-23 17:32:48.055910,0.8726161341990349,lstm
DEV-000001,EVT-0046706,2026-07-23 17:34:24.137412,0.3862597772051366,lstm
SVC-000006,EVT-0046707,2026-07-23 17:37:01.455462,0.999248746572944,lstm
SVC-000033,EVT-0046708,2026-07-23 17:37:18.299149,0.9400770241743732,lstm
USR-000086,EVT-0046709,2026-07-23 17:39:19.808022,0.3269470651170033,lstm
SVC-000037,EVT-0046710,2026-07-23 17:42:40.658141,0.9950601845233902,lstm
SVC-000033,EVT-0046711,2026-07-23 17:43:11.966042,0.3896609187790823,lstm
SVC-000033,EVT-0046712,2026-07-23 17:46:12.225800,0.5932802370532292,lstm
SVC-000038,EVT-0046713,2026-07-23 17:46:23.762482,0.7719652782074719,lstm
USR-000083,EVT-0046714,2026-07-23 17:46:31.702295,0.48571943837185094,lstm
USR-000086,EVT-0046715,2026-07-23 17:46:43.824060,0.5836655006966076,lstm
SVC-000033,EVT-0046716,2026-07-23 17:47:30.286986,0.6079365811263722,lstm
SVC-000037,EVT-0046717,2026-07-23 17:49:06.147053,0.6712331597335139,lstm
SVC-000052,EVT-0046718,2026-07-23 17:52:05.877441,0.9976521781930653,lstm
USR-000149,EVT-0046719,2026-07-23 17:53:43.480721,0.5232608790429766,lstm
USR-000080,EVT-0046720,2026-07-23 17:56:41.110822,0.6157257403624816,lstm
SVC-000044,EVT-0046721,2026-07-23 17:59:10.265826,0.9899422359594783,lstm
DEV-000018,EVT-0046722,2026-07-23 18:01:19.437759,0.3564614000482033,lstm
USR-000044,EVT-0046723,2026-07-23 18:02:31.892084,0.8008698523946733,lstm
SVC-000044,EVT-0046724,2026-07-23 18:11:02.475083,0.6710156357559823,lstm
USR-000074,EVT-0046725,2026-07-23 18:11:09.896852,0.3574480308459107,lstm
SVC-000033,EVT-0046726,2026-07-23 18:13:40.198966,0.734335365736169,lstm
USR-000192,EVT-0046727,2026-07-23 18:14:09.464577,0.40629953662085194,lstm
USR-000104,EVT-0046728,2026-07-23 18:16:03.510913,0.8358016075361558,lstm
USR-000134,EVT-0046729,2026-07-23 18:16:32.656961,0.3246164598740567,lstm
USR-000084,EVT-0046730,2026-07-23 18:16:55.505708,0.21172218352307398,lstm
SVC-000038,EVT-0046731,2026-07-23 18:16:58.381458,0.48369470198876546,lstm
USR-000127,EVT-0046732,2026-07-23 18:17:57.161659,0.469677397307209,lstm
DEV-000012,EVT-0046733,2026-07-23 18:20:20.147190,0.2862808170830295,lstm
DEV-000001,EVT-0046734,2026-07-23 18:20:57.281837,0.2993010921654186,lstm
DEV-000024,EVT-0046735,2026-07-23 18:21:38.616673,0.5066597309923275,lstm
SVC-000004,EVT-0046736,2026-07-23 18:22:56.048060,0.353659696247217,lstm
USR-000206,EVT-0046737,2026-07-23 18:26:03.377227,0.8645768129230029,lstm
SVC-000033,EVT-0046738,2026-07-23 18:26:07.375557,0.3456617986561095,lstm
USR-000117,EVT-0046739,2026-07-23 18:36:27.631505,0.5831925938068484,lstm
DEV-000025,EVT-0046740,2026-07-23 18:36:54.327992,0.6061123345994558,lstm
USR-000050,EVT-0046741,2026-07-23 18:37:36.951082,0.8259562744406388,lstm
USR-000044,EVT-0046742,2026-07-23 18:38:39.970612,0.774745612900543,lstm
SVC-000057,EVT-0046743,2026-07-23 18:41:00.209072,0.9986340823881077,lstm
SVC-000048,EVT-0046744,2026-07-23 18:41:08.555963,0.9601958608271282,lstm
DEV-000001,EVT-0046745,2026-07-23 18:42:14.973249,0.3379807370117678,lstm
USR-000044,EVT-0046746,2026-07-23 18:43:54.272699,0.7290115469734505,lstm
SVC-000037,EVT-0046747,2026-07-23 18:44:08.949715,0.4140959948181607,lstm
SVC-000057,EVT-0046748,2026-07-23 18:46:41.351662,0.8169874547102053,lstm
DEV-000006,EVT-0046749,2026-07-23 18:47:20.534403,0.4633244577907824,lstm
DEV-000008,EVT-0046750,2026-07-23 18:48:25.246319,0.4539628494804456,lstm
USR-000066,EVT-0046751,2026-07-23 18:50:29.303176,0.6369842162242191,lstm
SVC-000006,EVT-0046752,2026-07-23 18:51:12.598919,0.580573226441036,lstm
DEV-000021,EVT-0046753,2026-07-23 18:52:54.090001,0.9016763576177497,lstm
DEV-000018,EVT-0046754,2026-07-23 18:53:51.391628,0.6281101306693349,lstm
DEV-000020,EVT-0046755,2026-07-23 18:56:38.612907,0.7714088707305691,lstm
SVC-000037,EVT-0046756,2026-07-23 18:56:56.049236,0.46283300327090643,lstm
DEV-000010,EVT-0046757,2026-07-23 18:58:46.639325,0.5340566187843218,lstm
SVC-000006,EVT-0046758,2026-07-23 19:02:08.912913,0.37169407292069345,lstm
SVC-000004,EVT-0046759,2026-07-23 19:02:42.749791,0.23083718743001594,lstm
USR-000018,EVT-0046760,2026-07-23 19:05:05.187993,0.701841840984043,lstm
DEV-000020,EVT-0046761,2026-07-23 19:05:12.303807,0.66546827013309,lstm
USR-000138,EVT-0046762,2026-07-23 19:05:48.036049,0.720543510690185,lstm
USR-000018,EVT-0046763,2026-07-23 19:05:58.175250,0.9832134107836252,lstm
DEV-000009,EVT-0046764,2026-07-23 19:06:34.489040,0.7145099596381737,lstm
SVC-000044,EVT-0046765,2026-07-23 19:07:29.411689,0.46108377633456754,lstm
SVC-000052,EVT-0046766,2026-07-23 19:07:56.533407,0.8956960214408952,lstm
SVC-000048,EVT-0046767,2026-07-23 19:09:08.170787,0.5056119988137435,lstm
SVC-000006,EVT-0046768,2026-07-23 19:15:02.487465,0.4581304502354124,lstm
SVC-000006,EVT-0046769,2026-07-23 19:15:26.227910,0.6714693398834586,lstm
DEV-000002,EVT-0046770,2026-07-23 19:16:18.171892,0.42906433260265503,lstm
SVC-000006,EVT-0046771,2026-07-23 19:16:44.574597,0.5544155979976734,lstm
USR-000107,EVT-0046772,2026-07-23 19:17:05.892781,0.5815963768555441,lstm
SVC-000006,EVT-0046773,2026-07-23 19:17:06.857343,0.7150597831679919,lstm
SVC-000035,EVT-0046774,2026-07-23 19:17:19.053301,0.9853864491520784,lstm
SVC-000048,EVT-0046775,2026-07-23 19:21:01.096693,0.9490095756155239,lstm
SVC-000006,EVT-0046776,2026-07-23 19:21:32.256055,0.6278865620063749,lstm
USR-000209,EVT-0046777,2026-07-23 19:21:39.043179,0.5136838513203538,lstm
DEV-000007,EVT-0046778,2026-07-23 19:22:15.333259,0.4476195850637776,lstm
SVC-000044,EVT-0046779,2026-07-23 19:23:23.830403,0.5271602198576677,lstm
SVC-000044,EVT-0046780,2026-07-23 19:26:26.592910,0.6171512009534077,lstm
SVC-000006,EVT-0046781,2026-07-23 19:28:32.786851,0.38555559499109965,lstm
SVC-000006,EVT-0046782,2026-07-23 19:29:41.633545,0.39859457321005004,lstm
SVC-000033,EVT-0046783,2026-07-23 19:32:03.623049,0.6375150691739182,lstm
USR-000149,EVT-0046784,2026-07-23 19:33:13.640092,0.3129816098372477,lstm
DEV-000019,EVT-0046785,2026-07-23 19:36:37.098330,0.9436072717796573,lstm
DEV-000002,EVT-0046786,2026-07-23 19:38:29.931251,0.31595308955625867,lstm
SVC-000006,EVT-0046787,2026-07-23 19:38:40.603208,0.5934398553315366,lstm
SVC-000052,EVT-0046788,2026-07-23 19:38:41.102484,0.4446939030489781,lstm
SVC-000004,EVT-0046789,2026-07-23 19:39:36.195099,0.4481939945149978,lstm
USR-000084,EVT-0046790,2026-07-23 19:41:22.230397,0.33878051774489454,lstm
SVC-000010,EVT-0046791,2026-07-23 19:41:59.285479,0.9036421671297777,lstm
SVC-000006,EVT-0046792,2026-07-23 19:42:06.700696,0.6248460819475649,lstm
SVC-000006,EVT-0046793,2026-07-23 19:44:00.339750,0.5258551607893424,lstm
SVC-000052,EVT-0046794,2026-07-23 19:44:04.150475,0.38087265936152614,lstm
USR-000012,EVT-0046795,2026-07-23 19:45:48.480674,0.6675354727303408,lstm
SVC-000006,EVT-0046796,2026-07-23 19:45:50.392248,0.4788381620314971,lstm
SVC-000037,EVT-0046797,2026-07-23 19:46:44.067925,0.5647809076503107,lstm
SVC-000044,EVT-0046798,2026-07-23 19:47:32.705608,0.4409029248750364,lstm
SVC-000006,EVT-0046799,2026-07-23 19:47:33.670434,0.5380917518000212,lstm
SVC-000057,EVT-0046800,2026-07-23 19:48:18.456666,0.5669831830010283,lstm
USR-000101,EVT-0046801,2026-07-23 19:48:39.915966,0.5808157016240247,lstm
SVC-000052,EVT-0046802,2026-07-23 19:48:46.526580,0.37635709150624064,lstm
SVC-000058,EVT-0046803,2026-07-23 19:48:53.103274,0.9978566257354217,lstm
SVC-000004,EVT-0046804,2026-07-23 19:49:16.733184,0.27963813130904036,lstm
SVC-000006,EVT-0046805,2026-07-23 19:51:28.938103,0.4842625496830939,lstm
SVC-000006,EVT-0046806,2026-07-23 19:51:59.115669,0.47739210372048013,lstm
SVC-000006,EVT-0046807,2026-07-23 19:52:45.831575,0.5994208341937066,lstm
SVC-000061,EVT-0046808,2026-07-23 19:54:16.400996,0.9924425389191134,lstm
SVC-000057,EVT-0046809,2026-07-23 19:54:34.645598,0.6270477760938129,lstm
SVC-000006,EVT-0046810,2026-07-23 19:56:00.111211,0.8593409152764944,lstm
SVC-000057,EVT-0046811,2026-07-23 19:56:11.959471,0.6785667911994929,lstm
USR-000101,EVT-0046812,2026-07-23 19:58:09.172229,0.7148798379080529,lstm
SVC-000004,EVT-0046813,2026-07-23 19:58:23.276182,0.3810261695822074,lstm
SVC-000004,EVT-0046814,2026-07-23 19:58:51.871539,0.6657114345873058,lstm
SVC-000033,EVT-0046815,2026-07-23 20:00:45.625620,0.8657704608988486,lstm
SVC-000006,EVT-0046816,2026-07-23 20:00:48.703134,0.5862145991440743,lstm
SVC-000006,EVT-0046817,2026-07-23 20:01:03.250922,0.475680910909172,lstm
DEV-000002,EVT-0046818,2026-07-23 20:01:33.948196,0.19848843379532824,lstm
SVC-000006,EVT-0046819,2026-07-23 20:03:21.156828,0.35488734428947083,lstm
SVC-000044,EVT-0046820,2026-07-23 20:03:34.406445,0.37150345877339336,lstm
DEV-000003,EVT-0046821,2026-07-23 20:04:55.956577,0.475667573333639,lstm
SVC-000052,EVT-0046822,2026-07-23 20:04:58.634727,0.31965433144802263,lstm
SVC-000048,EVT-0046823,2026-07-23 20:05:24.060235,0.291979377769781,lstm
SVC-000006,EVT-0046824,2026-07-23 20:05:26.814392,0.40953319229430823,lstm
SVC-000004,EVT-0046825,2026-07-23 20:06:28.518899,0.46478566473415006,lstm
DEV-000001,EVT-0046826,2026-07-23 20:06:40.232766,0.26961349178484806,lstm
DEV-000011,EVT-0046827,2026-07-23 20:07:05.114701,0.6407868559715357,lstm
SVC-000006,EVT-0046828,2026-07-23 20:07:57.006190,0.427112148398987,lstm
DEV-000017,EVT-0046829,2026-07-23 20:08:05.177382,0.7393256269540294,lstm
SVC-000047,EVT-0046830,2026-07-23 20:09:05.920667,0.9507265656563447,lstm
DEV-000008,EVT-0046831,2026-07-23 20:10:23.266426,0.5247106752494275,lstm
USR-000134,EVT-0046832,2026-07-23 20:11:41.909529,0.27600993277521607,lstm
SVC-000058,EVT-0046833,2026-07-23 20:15:57.531595,0.5555284107728095,lstm
SVC-000006,EVT-0046834,2026-07-23 20:18:09.368474,0.48634598928608175,lstm
SVC-000057,EVT-0046835,2026-07-23 20:22:22.141294,0.31606021106819376,lstm
SVC-000061,EVT-0046836,2026-07-23 20:23:45.584924,0.28576592134787854,lstm
SVC-000061,EVT-0046837,2026-07-23 20:24:32.057044,0.6741051156204093,lstm
SVC-000061,EVT-0046838,2026-07-23 20:26:16.171942,0.2627209121640715,lstm
SVC-000061,EVT-0046839,2026-07-23 20:29:45.043629,0.3000972069756695,lstm
SVC-000061,EVT-0046840,2026-07-23 20:30:29.174677,0.34253981795073896,lstm
SVC-000061,EVT-0046841,2026-07-23 20:31:01.546836,0.42660710739936575,lstm
SVC-000048,EVT-0046842,2026-07-23 20:32:07.548653,0.38384174642781554,lstm
USR-000018,EVT-0046843,2026-07-23 20:34:35.048980,0.8801035630173163,lstm
SVC-000048,EVT-0046844,2026-07-23 20:36:52.237841,0.5584455027049079,lstm
SVC-000061,EVT-0046845,2026-07-23 20:38:57.212235,0.20773877951733405,lstm
SVC-000061,EVT-0046846,2026-07-23 20:42:05.051138,0.22508334220627332,lstm
SVC-000061,EVT-0046847,2026-07-23 20:42:43.763389,0.44841576114541154,lstm
SVC-000004,EVT-0046848,2026-07-23 20:44:16.539495,0.28283731770227827,lstm
SVC-000061,EVT-0046849,2026-07-23 20:45:01.529469,0.7917230645481442,lstm
SVC-000004,EVT-0046850,2026-07-23 20:45:45.610854,0.49250816994589713,lstm
SVC-000048,EVT-0046851,2026-07-23 20:46:35.608757,0.5158515085042721,lstm
SVC-000004,EVT-0046852,2026-07-23 20:50:13.346306,0.41737336856866053,lstm
SVC-000058,EVT-0046853,2026-07-23 20:50:47.021198,0.27453596370246536,lstm
SVC-000058,EVT-0046854,2026-07-23 20:54:24.941299,0.8715959138493453,lstm
DEV-000003,EVT-0046855,2026-07-23 20:55:34.876059,0.2864499929444857,lstm
SVC-000054,EVT-0046856,2026-07-23 20:56:34.704802,0.9988960917453034,lstm
SVC-000061,EVT-0046857,2026-07-23 20:57:36.250612,0.2937508878984455,lstm
SVC-000058,EVT-0046858,2026-07-23 21:02:04.522362,0.29932641363674134,lstm
SVC-000058,EVT-0046859,2026-07-23 21:03:47.340673,0.5355819994299704,lstm
SVC-000048,EVT-0046860,2026-07-23 21:04:22.534013,0.31710113976745047,lstm
DEV-000026,EVT-0046861,2026-07-23 21:08:15.450972,0.5018262843318346,lstm
USR-000117,EVT-0046862,2026-07-23 21:11:52.291717,0.5642452308829419,lstm
DEV-000003,EVT-0046863,2026-07-23 21:16:32.597060,0.3589750248031548,lstm
SVC-000058,EVT-0046864,2026-07-23 21:16:38.129002,0.255145165069783,lstm
SVC-000047,EVT-0046865,2026-07-23 21:17:59.544605,0.38833481133406955,lstm
SVC-000054,EVT-0046866,2026-07-23 21:20:26.067970,0.8482826066116833,lstm
DEV-000015,EVT-0046867,2026-07-23 21:20:27.395263,0.5276956829634938,lstm
DEV-000017,EVT-0046868,2026-07-23 21:20:35.048860,0.5333820460837662,lstm
SVC-000003,EVT-0046869,2026-07-23 21:21:28.651778,0.997384201566261,lstm
SVC-000045,EVT-0046870,2026-07-23 21:22:10.577999,0.9895163013274577,lstm
SVC-000054,EVT-0046871,2026-07-23 21:23:13.078889,0.9398117295713231,lstm
SVC-000058,EVT-0046872,2026-07-23 21:23:28.818967,0.36530871657347147,lstm
DEV-000004,EVT-0046873,2026-07-23 21:25:12.267348,0.5777476794347682,lstm
DEV-000016,EVT-0046874,2026-07-23 21:25:33.166951,0.4922382012763342,lstm
SVC-000048,EVT-0046875,2026-07-23 21:26:38.057926,0.5087118405075465,lstm
SVC-000045,EVT-0046876,2026-07-23 21:27:03.923808,0.5176303881160467,lstm
SVC-000058,EVT-0046877,2026-07-23 21:27:29.113568,0.3792790168504122,lstm
SVC-000048,EVT-0046878,2026-07-23 21:30:03.248715,0.6599406562656687,lstm
SVC-000054,EVT-0046879,2026-07-23 21:30:11.876224,0.9194967751866598,lstm
SVC-000025,EVT-0046880,2026-07-23 21:36:56.511643,0.9756279856944807,lstm
DEV-000014,EVT-0046881,2026-07-23 21:37:40.883406,0.5549506580746711,lstm
SVC-000054,EVT-0046882,2026-07-23 21:43:43.560369,0.8702255045622691,lstm
SVC-000045,EVT-0046883,2026-07-23 21:44:07.177378,0.5963871118049966,lstm
DEV-000013,EVT-0046884,2026-07-23 21:44:39.426633,0.3370827726143716,lstm
SVC-000045,EVT-0046885,2026-07-23 21:44:40.549300,0.6439573280474189,lstm
SVC-000003,EVT-0046886,2026-07-23 21:45:04.426748,0.8630204557388553,lstm
DEV-000025,EVT-0046887,2026-07-23 21:45:16.036235,0.3493379749668902,lstm
SVC-000054,EVT-0046888,2026-07-23 21:45:25.294152,0.8090486318777457,lstm
SVC-000048,EVT-0046889,2026-07-23 21:45:25.432104,0.4303885875828802,lstm
DEV-000021,EVT-0046890,2026-07-23 21:45:42.475292,0.8627569793140982,lstm
SVC-000045,EVT-0046891,2026-07-23 21:45:49.970370,0.5440061377102482,lstm
SVC-000045,EVT-0046892,2026-07-23 21:46:23.975651,0.763904732420022,lstm
SVC-000035,EVT-0046893,2026-07-23 21:47:24.263262,0.4610284813054849,lstm
DEV-000003,EVT-0046894,2026-07-23 21:47:34.905497,0.2182600851863802,lstm
SVC-000045,EVT-0046895,2026-07-23 21:47:35.842864,0.5631550757437399,lstm
SVC-000048,EVT-0046896,2026-07-23 21:49:46.643325,0.4581384775979865,lstm
SVC-000054,EVT-0046897,2026-07-23 21:50:14.127440,0.5336492690257255,lstm
SVC-000045,EVT-0046898,2026-07-23 21:52:47.421241,0.6967288945305071,lstm
DEV-000001,EVT-0046899,2026-07-23 21:53:16.329061,0.27301796501966114,lstm
SVC-000003,EVT-0046900,2026-07-23 21:54:22.008060,0.7111706948571763,lstm
SVC-000047,EVT-0046901,2026-07-23 21:54:57.001871,0.21017089844133954,lstm
SVC-000003,EVT-0046902,2026-07-23 21:56:00.211320,0.981525603027422,lstm
DEV-000017,EVT-0046903,2026-07-23 21:56:02.310806,0.4244028368588831,lstm
SVC-000045,EVT-0046904,2026-07-23 21:56:33.209236,0.7759525859376805,lstm
SVC-000045,EVT-0046905,2026-07-23 21:56:39.538830,0.5204128723793023,lstm
DEV-000007,EVT-0046906,2026-07-23 21:59:43.690006,0.4263598956845376,lstm
USR-000068,EVT-0046907,2026-07-23 22:00:52.822627,0.6767985405032649,lstm
SVC-000002,EVT-0046908,2026-07-23 22:02:44.132379,0.9895334003472849,lstm
SVC-000047,EVT-0046909,2026-07-23 22:03:34.986722,0.7364232293216507,lstm
SVC-000002,EVT-0046910,2026-07-23 22:05:49.779851,0.43107035370384444,lstm
SVC-000035,EVT-0046911,2026-07-23 22:06:14.454082,0.47120437605357424,lstm
DEV-000011,EVT-0046912,2026-07-23 22:10:04.883738,0.33681931152596045,lstm
SVC-000054,EVT-0046913,2026-07-23 22:11:11.514857,0.3570151805738928,lstm
SVC-000058,EVT-0046914,2026-07-23 22:11:32.382211,0.38995059615677735,lstm
SVC-000054,EVT-0046915,2026-07-23 22:13:28.566232,0.3775787127927107,lstm
DEV-000008,EVT-0046916,2026-07-23 22:14:45.876739,0.5139741692497389,lstm
SVC-000058,EVT-0046917,2026-07-23 22:18:13.276523,0.3223343583055788,lstm
SVC-000047,EVT-0046918,2026-07-23 22:20:28.088653,0.3678783502995211,lstm
SVC-000058,EVT-0046919,2026-07-23 22:21:17.928281,0.4130605881897119,lstm
SVC-000045,EVT-0046920,2026-07-23 22:23:21.646657,0.4432024060304153,lstm
SVC-000004,EVT-0046921,2026-07-23 22:23:41.293775,0.7334915850929732,lstm
SVC-000003,EVT-0046922,2026-07-23 22:25:56.689329,0.9864941136562544,lstm
SVC-000054,EVT-0046923,2026-07-23 22:28:12.064525,0.3061431441569079,lstm
DEV-000022,EVT-0046924,2026-07-23 22:29:12.804043,0.3988302255669995,lstm
SVC-000002,EVT-0046925,2026-07-23 22:29:18.072565,0.7707053159729179,lstm
DEV-000020,EVT-0046926,2026-07-23 22:31:36.598597,0.7388334686017675,lstm
SVC-000032,EVT-0046927,2026-07-23 22:33:42.284829,0.9842200341132703,lstm
SVC-000002,EVT-0046928,2026-07-23 22:33:50.770772,0.41406816899235077,lstm
DEV-000004,EVT-0046929,2026-07-23 22:34:11.808695,0.438099450047687,lstm
SVC-000045,EVT-0046930,2026-07-23 22:34:17.660262,0.5049882440184882,lstm
DEV-000017,EVT-0046931,2026-07-23 22:35:09.444139,0.38157415794179317,lstm
SVC-000054,EVT-0046932,2026-07-23 22:35:55.972941,0.42139321411598163,lstm
DEV-000021,EVT-0046933,2026-07-23 22:36:01.502759,0.7709148253358057,lstm
SVC-000045,EVT-0046934,2026-07-23 22:37:05.489634,0.4636070102864287,lstm
SVC-000054,EVT-0046935,2026-07-23 22:37:34.611202,0.38859279381089973,lstm
SVC-000025,EVT-0046936,2026-07-23 22:40:04.336279,0.43268702812848603,lstm
DEV-000011,EVT-0046937,2026-07-23 22:41:37.772753,0.34197800708815085,lstm
SVC-000035,EVT-0046938,2026-07-23 22:41:58.471704,0.4475250376923542,lstm
SVC-000047,EVT-0046939,2026-07-23 22:42:10.447151,0.22288425873468948,lstm
SVC-000047,EVT-0046940,2026-07-23 22:44:53.007930,0.34697345003577224,lstm
SVC-000047,EVT-0046941,2026-07-23 22:45:36.249081,0.5289604168757546,lstm
USR-000124,EVT-0046942,2026-07-23 22:45:47.330938,0.6016204333908111,lstm
SVC-000045,EVT-0046943,2026-07-23 22:46:48.910374,0.5045924014073478,lstm
SVC-000025,EVT-0046944,2026-07-23 22:49:29.794889,0.5323350089487094,lstm
SVC-000045,EVT-0046945,2026-07-23 22:50:00.809546,0.37413346692945315,lstm
DEV-000010,EVT-0046946,2026-07-23 22:52:37.065130,0.5631372430356877,lstm
DEV-000009,EVT-0046947,2026-07-23 22:55:46.317296,0.8154663190880441,lstm
SVC-000045,EVT-0046948,2026-07-23 22:56:52.736814,0.27129756251627307,lstm
SVC-000054,EVT-0046949,2026-07-23 22:59:44.077191,0.45447016999563733,lstm
SVC-000032,EVT-0046950,2026-07-23 23:00:41.446955,0.33619339174519014,lstm
SVC-000025,EVT-0046951,2026-07-23 23:01:07.257082,0.3801977453120255,lstm
SVC-000025,EVT-0046952,2026-07-23 23:03:30.576739,0.41272211576921247,lstm
SVC-000047,EVT-0046953,2026-07-23 23:04:29.873158,0.3105981343887815,lstm
SVC-000002,EVT-0046954,2026-07-23 23:05:14.401380,0.29911860583653077,lstm
SVC-000003,EVT-0046955,2026-07-23 23:07:27.199833,0.945280586037378,lstm
SVC-000059,EVT-0046956,2026-07-23 23:08:12.694393,0.9883389964737102,lstm
SVC-000002,EVT-0046957,2026-07-23 23:08:26.107560,0.40179662827853685,lstm
SVC-000032,EVT-0046958,2026-07-23 23:08:48.728185,0.31452893000227683,lstm
SVC-000059,EVT-0046959,2026-07-23 23:11:25.390578,0.22994160000275568,lstm
SVC-000059,EVT-0046960,2026-07-23 23:13:28.622375,0.241930392395631,lstm
SVC-000032,EVT-0046961,2026-07-23 23:15:04.180813,0.27052517026952894,lstm
SVC-000045,EVT-0046962,2026-07-23 23:16:35.151928,0.47747118974261404,lstm
SVC-000045,EVT-0046963,2026-07-23 23:17:45.922614,0.4245217034143176,lstm
SVC-000059,EVT-0046964,2026-07-23 23:17:53.570161,0.1873944207788077,lstm
SVC-000059,EVT-0046965,2026-07-23 23:18:19.429020,0.28645243396634756,lstm
SVC-000047,EVT-0046966,2026-07-23 23:20:29.338806,0.2994997975594866,lstm
SVC-000032,EVT-0046967,2026-07-23 23:21:50.308807,0.2558269971951115,lstm
SVC-000059,EVT-0046968,2026-07-23 23:22:50.282960,0.19714972641475229,lstm
SVC-000032,EVT-0046969,2026-07-23 23:23:20.931509,0.43199669257817863,lstm
SVC-000056,EVT-0046970,2026-07-23 23:23:33.720874,0.9733300996806725,lstm
SVC-000045,EVT-0046971,2026-07-23 23:26:36.514841,0.5433550240004926,lstm
SVC-000025,EVT-0046972,2026-07-23 23:26:36.897288,0.3477952125017721,lstm
SVC-000032,EVT-0046973,2026-07-23 23:28:43.402926,0.26687407096919896,lstm
SVC-000045,EVT-0046974,2026-07-23 23:29:01.044599,0.4878894920860365,lstm
SVC-000002,EVT-0046975,2026-07-23 23:31:09.598305,0.44518069488061385,lstm
DEV-000001,EVT-0046976,2026-07-23 23:31:25.381012,0.3753509219536826,lstm
DEV-000010,EVT-0046977,2026-07-23 23:38:24.078582,0.539272615017996,lstm
USR-000150,EVT-0046978,2026-07-23 23:39:23.849250,0.7496278349057094,lstm
SVC-000002,EVT-0046979,2026-07-23 23:40:37.409201,0.45392329148932836,lstm
SVC-000059,EVT-0046980,2026-07-23 23:41:12.255843,0.27926659386717945,lstm
SVC-000032,EVT-0046981,2026-07-23 23:41:30.881727,0.7097909905594019,lstm
DEV-000006,EVT-0046982,2026-07-23 23:42:58.715227,0.4729189071855204,lstm
SVC-000059,EVT-0046983,2026-07-23 23:45:14.808874,0.20218670574669131,lstm
SVC-000056,EVT-0046984,2026-07-23 23:47:43.330454,0.6178264020911194,lstm
SVC-000032,EVT-0046985,2026-07-23 23:49:10.693029,0.2109261430808339,lstm
SVC-000047,EVT-0046986,2026-07-23 23:50:47.180298,0.2769783476472914,lstm
SVC-000002,EVT-0046987,2026-07-23 23:54:48.083879,0.7879030378075565,lstm
SVC-000059,EVT-0046988,2026-07-23 23:57:34.603711,0.22563435468240112,lstm
SVC-000047,EVT-0046989,2026-07-24 00:02:41.840219,0.3776275674363153,lstm
DEV-000003,EVT-0046990,2026-07-24 00:07:21.607358,0.3823361970508495,lstm
SVC-000032,EVT-0046991,2026-07-24 00:08:26.265643,0.38508001662108016,lstm
SVC-000041,EVT-0046992,2026-07-24 00:08:47.428617,0.9941285120932948,lstm
SVC-000025,EVT-0046993,2026-07-24 00:16:35.172610,0.4834473508417587,lstm
SVC-000059,EVT-0046994,2026-07-24 00:23:04.762896,0.360972849091604,lstm
SVC-000041,EVT-0046995,2026-07-24 00:29:33.437775,0.48575555778578455,lstm
SVC-000025,EVT-0046996,2026-07-24 00:31:06.153849,0.3062885085658952,lstm
SVC-000041,EVT-0046997,2026-07-24 00:32:22.507707,0.6017837779953716,lstm
DEV-000022,EVT-0046998,2026-07-24 00:33:32.286790,0.15400833488475846,lstm
DEV-000018,EVT-0046999,2026-07-24 00:37:26.248469,0.8857400162812514,lstm
DEV-000008,EVT-0047000,2026-07-24 00:37:55.907650,0.625138414678402,lstm
SVC-000047,EVT-0047001,2026-07-24 00:42:40.877974,0.4404247527514837,lstm
USR-000106,EVT-0047002,2026-07-24 00:44:56.251923,0.5971226907511952,lstm
DEV-000024,EVT-0047003,2026-07-24 00:46:10.436307,0.5701952541373053,lstm
SVC-000056,EVT-0047004,2026-07-24 00:46:21.334635,0.8597326279277661,lstm
DEV-000007,EVT-0047005,2026-07-24 00:49:01.799811,0.5062614715334167,lstm
SVC-000025,EVT-0047006,2026-07-24 00:50:05.338163,0.3445760406800837,lstm
SVC-000041,EVT-0047007,2026-07-24 00:50:39.439294,0.44312335710459394,lstm
SVC-000056,EVT-0047008,2026-07-24 00:55:10.410793,0.6387770888386709,lstm
SVC-000041,EVT-0047009,2026-07-24 00:55:30.993462,0.4801523713474377,lstm
SVC-000041,EVT-0047010,2026-07-24 01:01:02.764341,0.7459000790874915,lstm
SVC-000056,EVT-0047011,2026-07-24 01:05:32.157755,0.6115118068368013,lstm
SVC-000041,EVT-0047012,2026-07-24 01:10:02.816256,0.3935818295719575,lstm
USR-000122,EVT-0047013,2026-07-24 01:14:49.810424,0.45452575798042494,lstm
SVC-000025,EVT-0047014,2026-07-24 01:16:54.183530,0.4193224936722592,lstm
SVC-000041,EVT-0047015,2026-07-24 01:25:34.224509,0.4673909757697954,lstm
DEV-000001,EVT-0047016,2026-07-24 01:29:52.162222,0.6118642177217922,lstm
SVC-000018,EVT-0047017,2026-07-24 01:34:18.951403,0.9997188041244667,lstm
DEV-000026,EVT-0047018,2026-07-24 01:34:36.583669,0.7042644820728299,lstm
USR-000088,EVT-0047019,2026-07-24 01:34:36.896259,0.6079458095024293,lstm
DEV-000004,EVT-0047020,2026-07-24 01:37:43.380539,0.4723716897356858,lstm
DEV-000024,EVT-0047021,2026-07-24 01:55:35.257555,0.506523093889461,lstm
SVC-000018,EVT-0047022,2026-07-24 01:56:17.709469,0.9616569600983067,lstm
DEV-000026,EVT-0047023,2026-07-24 01:58:00.510252,0.6029073939138262,lstm
DEV-000009,EVT-0047024,2026-07-24 01:58:10.218195,0.878228673794334,lstm
DEV-000026,EVT-0047025,2026-07-24 01:59:38.575560,0.8713234435430098,lstm
SVC-000018,EVT-0047026,2026-07-24 02:00:59.586569,0.9416214339309282,lstm
USR-000068,EVT-0047027,2026-07-24 02:01:59.193175,0.6968733116821112,lstm
SVC-000041,EVT-0047028,2026-07-24 02:03:13.890152,0.38180221664415415,lstm
USR-000106,EVT-0047029,2026-07-24 02:12:15.364268,0.3643755961105492,lstm
DEV-000014,EVT-0047030,2026-07-24 02:18:26.453722,0.8316815421286219,lstm
USR-000150,EVT-0047031,2026-07-24 02:21:15.758860,0.581892516382519,lstm
DEV-000001,EVT-0047032,2026-07-24 02:22:03.826700,0.6279021692993739,lstm
SVC-000041,EVT-0047033,2026-07-24 02:24:54.113471,0.39663842875522454,lstm
SVC-000018,EVT-0047034,2026-07-24 02:33:48.130437,0.5697425016258307,lstm
SVC-000018,EVT-0047035,2026-07-24 02:34:29.081864,0.8207312148934809,lstm
SVC-000018,EVT-0047036,2026-07-24 02:41:37.166908,0.4083624166285159,lstm
SVC-000018,EVT-0047037,2026-07-24 02:48:24.306790,0.408541154054955,lstm
SVC-000041,EVT-0047038,2026-07-24 02:49:05.946417,0.4107904107243314,lstm
SVC-000018,EVT-0047039,2026-07-24 02:50:52.036033,0.48036191056562255,lstm
DEV-000019,EVT-0047040,2026-07-24 02:51:07.531756,0.8402674731794656,lstm
SVC-000018,EVT-0047041,2026-07-24 03:01:36.995044,0.6116512079396458,lstm
DEV-000025,EVT-0047042,2026-07-24 03:10:10.910906,0.6923811706059679,lstm
SVC-000019,EVT-0047043,2026-07-24 03:10:49.939138,0.9973217061470783,lstm
SVC-000014,EVT-0047044,2026-07-24 03:13:34.524491,0.9999926980405206,lstm
SVC-000018,EVT-0047045,2026-07-24 03:14:33.969825,0.49029945477000164,lstm
SVC-000018,EVT-0047046,2026-07-24 03:16:33.282585,0.5793959980143477,lstm
DEV-000011,EVT-0047047,2026-07-24 03:17:51.784152,0.16731599682475062,lstm
USR-000088,EVT-0047048,2026-07-24 03:19:55.740583,0.28082429095690936,lstm
SVC-000041,EVT-0047049,2026-07-24 03:22:14.023636,0.5313357796964945,lstm
SVC-000018,EVT-0047050,2026-07-24 03:26:33.558748,0.4770224016024595,lstm
USR-000199,EVT-0047051,2026-07-24 03:35:21.964185,0.8420457218575017,lstm
SVC-000014,EVT-0047052,2026-07-24 03:37:40.539859,0.8731645736695074,lstm
DEV-000009,EVT-0047053,2026-07-24 03:38:44.429170,0.5688029427557649,lstm
SVC-000014,EVT-0047054,2026-07-24 03:39:18.907558,0.7770876012746474,lstm
SVC-000019,EVT-0047055,2026-07-24 03:39:56.889366,0.45659964297494415,lstm
SVC-000018,EVT-0047056,2026-07-24 03:40:19.598812,0.3910218871161659,lstm
SVC-000014,EVT-0047057,2026-07-24 03:43:28.192511,0.6402624236873239,lstm
SVC-000014,EVT-0047058,2026-07-24 03:44:41.733738,0.6513652612436887,lstm
SVC-000014,EVT-0047059,2026-07-24 03:56:12.687174,0.3632820363290078,lstm
SVC-000018,EVT-0047060,2026-07-24 03:58:03.236795,0.38080101187608634,lstm
DEV-000023,EVT-0047061,2026-07-24 04:00:05.537829,0.9755484795671694,lstm
USR-000122,EVT-0047062,2026-07-24 04:06:46.499343,0.512892026653768,lstm
SVC-000015,EVT-0047063,2026-07-24 04:07:56.888604,0.9971325809209779,lstm
SVC-000014,EVT-0047064,2026-07-24 04:19:26.100650,0.4096225019777336,lstm
DEV-000014,EVT-0047065,2026-07-24 04:21:14.969246,0.619652588725013,lstm
USR-000093,EVT-0047066,2026-07-24 04:22:27.379563,0.8104277356296297,lstm
SVC-000019,EVT-0047067,2026-07-24 04:25:21.915657,0.4006013500446145,lstm
SVC-000007,EVT-0047068,2026-07-24 04:30:38.823439,0.9969034699588852,lstm
DEV-000011,EVT-0047069,2026-07-24 04:33:09.072765,0.15486016709907546,lstm
SVC-000014,EVT-0047070,2026-07-24 04:35:32.187163,0.2944293162484767,lstm
SVC-000014,EVT-0047071,2026-07-24 04:40:06.323149,0.5240425305713079,lstm
SVC-000007,EVT-0047072,2026-07-24 04:40:46.923931,0.5030978596419039,lstm
SVC-000007,EVT-0047073,2026-07-24 04:42:49.784836,0.3721557368264796,lstm
SVC-000014,EVT-0047074,2026-07-24 04:43:17.402020,0.5257234992378291,lstm
SVC-000015,EVT-0047075,2026-07-24 04:45:00.582567,0.36958402969365284,lstm
DEV-000009,EVT-0047076,2026-07-24 04:45:58.587446,0.47218575779587363,lstm
DEV-000016,EVT-0047077,2026-07-24 04:46:51.948714,0.7355898977357638,lstm
DEV-000012,EVT-0047078,2026-07-24 04:46:57.068480,0.7775104095536013,lstm
SVC-000014,EVT-0047079,2026-07-24 04:47:04.352414,0.5194333943578904,lstm
SVC-000015,EVT-0047080,2026-07-24 04:47:32.408952,0.3885615904087139,lstm
SVC-000019,EVT-0047081,2026-07-24 04:51:59.210457,0.24824063785718206,lstm
USR-000182,EVT-0047082,2026-07-24 04:54:09.378655,0.9310921161837654,lstm
SVC-000007,EVT-0047083,2026-07-24 04:54:11.525512,0.4221218800660424,lstm
SVC-000014,EVT-0047084,2026-07-24 04:54:52.035392,0.7569960033074502,lstm
SVC-000014,EVT-0047085,2026-07-24 04:58:33.870201,0.32400406879457555,lstm
DEV-000026,EVT-0047086,2026-07-24 05:00:51.970132,0.4153117945500956,lstm
SVC-000007,EVT-0047087,2026-07-24 05:01:07.941039,0.37434798124881663,lstm
SVC-000014,EVT-0047088,2026-07-24 05:03:25.661305,0.33769613682647415,lstm
DEV-000011,EVT-0047089,2026-07-24 05:08:02.914632,0.20038756180941752,lstm
USR-000067,EVT-0047090,2026-07-24 05:08:54.112745,0.694450119537805,lstm
SVC-000015,EVT-0047091,2026-07-24 05:11:27.207837,0.2560731689342037,lstm
SVC-000014,EVT-0047092,2026-07-24 05:15:55.549718,0.3583721971357933,lstm
USR-000199,EVT-0047093,2026-07-24 05:16:49.254406,0.5089746727687041,lstm
SVC-000009,EVT-0047094,2026-07-24 05:17:17.058629,0.9969092963255426,lstm
SVC-000019,EVT-0047095,2026-07-24 05:18:37.993551,0.23164807668491416,lstm
SVC-000009,EVT-0047096,2026-07-24 05:28:25.533058,0.5865908524621439,lstm
SVC-000015,EVT-0047097,2026-07-24 05:31:26.614851,0.36061505834163154,lstm
SVC-000019,EVT-0047098,2026-07-24 05:32:38.209000,0.21319044638841889,lstm
DEV-000025,EVT-0047099,2026-07-24 05:33:08.249128,0.4387350618823703,lstm
SVC-000019,EVT-0047100,2026-07-24 05:33:32.368436,0.44468450185634584,lstm
USR-000120,EVT-0047101,2026-07-24 05:36:15.451298,0.7765748050727738,lstm
SVC-000009,EVT-0047102,2026-07-24 05:37:09.563543,0.7677607009345374,lstm
SVC-000007,EVT-0047103,2026-07-24 05:37:43.977757,0.43412076001665434,lstm
USR-000076,EVT-0047104,2026-07-24 05:43:34.564574,0.6726556958166802,lstm
SVC-000009,EVT-0047105,2026-07-24 05:44:19.144926,0.5638353691796738,lstm
SVC-000019,EVT-0047106,2026-07-24 05:47:44.529079,0.2009385668308707,lstm
SVC-000019,EVT-0047107,2026-07-24 05:54:07.996643,0.23370167203920908,lstm
USR-000070,EVT-0047108,2026-07-24 05:55:37.863632,0.9888527137414376,lstm
SVC-000009,EVT-0047109,2026-07-24 05:58:48.895247,0.7232645522714166,lstm
USR-000121,EVT-0047110,2026-07-24 06:00:50.174515,0.80398023435176,lstm
USR-000182,EVT-0047111,2026-07-24 06:05:38.286532,0.6372022932919084,lstm
SVC-000031,EVT-0047112,2026-07-24 06:06:05.668156,0.9662845393800693,lstm
SVC-000009,EVT-0047113,2026-07-24 06:08:21.011676,0.7289321043301696,lstm
USR-000103,EVT-0047114,2026-07-24 06:08:31.030384,0.6721502479664008,lstm
SVC-000009,EVT-0047115,2026-07-24 06:09:28.082393,0.652831695915916,lstm
SVC-000031,EVT-0047116,2026-07-24 06:09:57.654302,0.677444098066704,lstm
SVC-000007,EVT-0047117,2026-07-24 06:11:09.955843,0.2950191319055014,lstm
DEV-000002,EVT-0047118,2026-07-24 06:14:17.642652,0.9120290538822586,lstm
USR-000103,EVT-0047119,2026-07-24 06:15:35.906522,0.8013903241757752,lstm
SVC-000014,EVT-0047120,2026-07-24 06:16:04.789400,0.594021239878453,lstm
USR-000080,EVT-0047121,2026-07-24 06:18:35.807267,0.9188740880424926,lstm
SVC-000031,EVT-0047122,2026-07-24 06:22:02.833757,0.4594579857872489,lstm
SVC-000009,EVT-0047123,2026-07-24 06:25:28.192488,0.4064652401428704,lstm
SVC-000031,EVT-0047124,2026-07-24 06:28:12.972242,0.44761597761848837,lstm
DEV-000003,EVT-0047125,2026-07-24 06:29:32.356561,0.564225880397393,lstm
DEV-000023,EVT-0047126,2026-07-24 06:31:10.360528,0.9250194852681173,lstm
SVC-000009,EVT-0047127,2026-07-24 06:33:18.094473,0.4566935902414723,lstm
SVC-000030,EVT-0047128,2026-07-24 06:35:01.747770,0.9905120613768068,lstm
SVC-000031,EVT-0047129,2026-07-24 06:35:14.204730,0.3880464029372335,lstm
SVC-000009,EVT-0047130,2026-07-24 06:37:59.117442,0.4728647945784954,lstm
DEV-000020,EVT-0047131,2026-07-24 06:37:59.342668,0.982881253921691,lstm
SVC-000009,EVT-0047132,2026-07-24 06:38:43.270287,0.4282383435235133,lstm
DEV-000001,EVT-0047133,2026-07-24 06:38:54.901950,0.7747310204588359,lstm
SVC-000019,EVT-0047134,2026-07-24 06:39:41.611691,0.7376416678742868,lstm
SVC-000031,EVT-0047135,2026-07-24 06:41:38.734778,0.43540952919954057,lstm
USR-000090,EVT-0047136,2026-07-24 06:45:32.867729,0.9999985863676866,lstm
DEV-000015,EVT-0047137,2026-07-24 06:47:05.497721,0.5035358171675546,lstm
USR-000067,EVT-0047138,2026-07-24 06:47:55.681610,0.46518516693028117,lstm
USR-000103,EVT-0047139,2026-07-24 06:49:07.287927,0.542624215509997,lstm
USR-000031,EVT-0047140,2026-07-24 06:50:05.279097,0.4787149425675985,lstm
USR-000031,EVT-0047141,2026-07-24 06:52:57.511898,0.7493766674215188,lstm
USR-000067,EVT-0047142,2026-07-24 06:53:51.027169,0.5690935366245967,lstm
SVC-000009,EVT-0047143,2026-07-24 06:54:12.748321,0.34817479232431825,lstm
SVC-000009,EVT-0047144,2026-07-24 06:55:05.336714,0.6743077001677603,lstm
USR-000036,EVT-0047145,2026-07-24 06:58:33.444849,0.6413801547911797,lstm
DEV-000004,EVT-0047146,2026-07-24 07:00:47.612684,0.5055986417429499,lstm
USR-000099,EVT-0047147,2026-07-24 07:05:37.509447,0.9397618756873335,lstm
SVC-000030,EVT-0047148,2026-07-24 07:05:59.462331,0.43724520690756113,lstm
USR-000066,EVT-0047149,2026-07-24 07:06:23.612903,0.8417248747362713,lstm
SVC-000031,EVT-0047150,2026-07-24 07:07:36.544256,0.37483811175019277,lstm
DEV-000011,EVT-0047151,2026-07-24 07:10:13.791913,0.2630325776994655,lstm
SVC-000031,EVT-0047152,2026-07-24 07:13:47.088576,0.39347604696251975,lstm
USR-000016,EVT-0047153,2026-07-24 07:16:28.626864,0.9838280871147669,lstm
SVC-000055,EVT-0047154,2026-07-24 07:17:38.997215,0.9956767138414928,lstm
DEV-000006,EVT-0047155,2026-07-24 07:20:00.935076,0.7443266204284743,lstm
SVC-000031,EVT-0047156,2026-07-24 07:21:07.363057,0.3743124275073789,lstm
SVC-000031,EVT-0047157,2026-07-24 07:21:36.767480,0.706764575957015,lstm
SVC-000031,EVT-0047158,2026-07-24 07:22:27.555580,0.5153977326408518,lstm
USR-000051,EVT-0047159,2026-07-24 07:28:19.507215,0.7326299372831748,lstm
USR-000138,EVT-0047160,2026-07-24 07:32:55.543844,0.7445943616829243,lstm
SVC-000055,EVT-0047161,2026-07-24 07:34:13.313083,0.5429003894264602,lstm
DEV-000025,EVT-0047162,2026-07-24 07:34:22.458541,0.43918000425437503,lstm
DEV-000016,EVT-0047163,2026-07-24 07:36:58.609566,0.603606125929932,lstm
USR-000083,EVT-0047164,2026-07-24 07:39:44.940884,0.8080325513994406,lstm
DEV-000022,EVT-0047165,2026-07-24 07:40:08.321415,0.4756796303794709,lstm
USR-000051,EVT-0047166,2026-07-24 07:41:22.068928,0.4182036296944596,lstm
SVC-000053,EVT-0047167,2026-07-24 07:41:30.364414,0.998404121201385,lstm
SVC-000051,EVT-0047168,2026-07-24 07:42:06.981284,0.8837407636125209,lstm
USR-000082,EVT-0047169,2026-07-24 07:42:10.206760,0.4754368742578463,lstm
SVC-000011,EVT-0047170,2026-07-24 07:45:18.521610,0.9987264206471554,lstm
USR-000036,EVT-0047171,2026-07-24 07:46:07.052834,0.31745649705499657,lstm
USR-000168,EVT-0047172,2026-07-24 07:47:18.890626,0.8479539285252194,lstm
USR-000042,EVT-0047173,2026-07-24 07:50:42.473537,0.4867189965238873,lstm
USR-000058,EVT-0047174,2026-07-24 07:52:49.553381,0.6397724273735504,lstm
USR-000076,EVT-0047175,2026-07-24 07:54:33.092857,0.43990463703320976,lstm
USR-000168,EVT-0047176,2026-07-24 07:54:35.098163,0.4356715740289217,lstm
USR-000016,EVT-0047177,2026-07-24 07:54:55.498769,0.5441948265136324,lstm
SVC-000024,EVT-0047178,2026-07-24 07:55:17.231180,0.9918215949411066,lstm
SVC-000011,EVT-0047179,2026-07-24 07:55:54.151520,0.38330861684272,lstm
SVC-000055,EVT-0047180,2026-07-24 07:57:09.003310,0.6239755443525264,lstm
USR-000036,EVT-0047181,2026-07-24 07:57:33.443051,0.5476252927699946,lstm
USR-000060,EVT-0047182,2026-07-24 07:58:58.765383,0.635358326092917,lstm
SVC-000055,EVT-0047183,2026-07-24 08:00:11.836895,0.44939802020785025,lstm
SVC-000031,EVT-0047184,2026-07-24 08:00:28.156855,0.36915053717152324,lstm
USR-000207,EVT-0047185,2026-07-24 08:02:53.809807,0.36894356094219555,lstm
SVC-000011,EVT-0047186,2026-07-24 08:03:23.035499,0.41572045955842646,lstm
SVC-000030,EVT-0047187,2026-07-24 08:04:08.045246,0.3934382223618148,lstm
USR-000007,EVT-0047188,2026-07-24 08:05:02.006858,0.7518418971465015,lstm
SVC-000030,EVT-0047189,2026-07-24 08:06:35.864125,0.6270450567151666,lstm
DEV-000001,EVT-0047190,2026-07-24 08:09:50.639688,0.6057999926165387,lstm
USR-000158,EVT-0047191,2026-07-24 08:10:13.505565,0.7979430391175799,lstm
SVC-000011,EVT-0047192,2026-07-24 08:14:23.851468,0.43893857085633015,lstm
SVC-000046,EVT-0047193,2026-07-24 08:14:43.690005,0.998903279712102,lstm
DEV-000009,EVT-0047194,2026-07-24 08:17:22.397618,0.22768316982694,lstm
USR-000058,EVT-0047195,2026-07-24 08:18:57.109411,0.3266597605480872,lstm
SVC-000011,EVT-0047196,2026-07-24 08:20:51.758482,0.3040893453903769,lstm
SVC-000030,EVT-0047197,2026-07-24 08:21:53.736230,0.7335962909434419,lstm
DEV-000014,EVT-0047198,2026-07-24 08:24:19.307675,0.6561488607241466,lstm
USR-000105,EVT-0047199,2026-07-24 08:25:02.436052,0.7509645047158463,lstm
SVC-000046,EVT-0047200,2026-07-24 08:25:53.719683,0.366293007259887,lstm
DEV-000023,EVT-0047201,2026-07-24 08:26:49.264905,0.9423152006689179,lstm
SVC-000046,EVT-0047202,2026-07-24 08:27:48.085866,0.3515857715162665,lstm
SVC-000046,EVT-0047203,2026-07-24 08:28:53.661058,0.8234548622536421,lstm
USR-000007,EVT-0047204,2026-07-24 08:29:44.805519,0.5808397177050955,lstm
SVC-000008,EVT-0047205,2026-07-24 08:29:52.759669,0.9942337850363561,lstm
DEV-000015,EVT-0047206,2026-07-24 08:31:16.606543,0.5164755752565692,lstm
SVC-000031,EVT-0047207,2026-07-24 08:31:46.428754,0.5222818479586547,lstm
USR-000132,EVT-0047208,2026-07-24 08:32:26.042584,0.5218064900925062,lstm
USR-000014,EVT-0047209,2026-07-24 08:32:36.216035,0.9969946827035133,lstm
DEV-000011,EVT-0047210,2026-07-24 08:34:16.397065,0.36288135621677536,lstm
SVC-000046,EVT-0047211,2026-07-24 08:35:42.488436,0.7454130022194554,lstm
USR-000059,EVT-0047212,2026-07-24 08:36:09.708814,0.9409802896603827,lstm
SVC-000016,EVT-0047213,2026-07-24 08:38:27.867222,0.9999064332510464,lstm
SVC-000053,EVT-0047214,2026-07-24 08:39:31.948635,0.6484571687944629,lstm
SVC-000051,EVT-0047215,2026-07-24 08:39:43.921794,0.3530098025747306,lstm
SVC-000031,EVT-0047216,2026-07-24 08:40:03.203121,0.43516594103061335,lstm
SVC-000046,EVT-0047217,2026-07-24 08:41:33.757763,0.2732533973924115,lstm
SVC-000011,EVT-0047218,2026-07-24 08:42:53.643128,0.2827741060419339,lstm
SVC-000031,EVT-0047219,2026-07-24 08:42:56.722204,0.7963697550416671,lstm
SVC-000011,EVT-0047220,2026-07-24 08:43:06.380003,0.7635143714138339,lstm
SVC-000046,EVT-0047221,2026-07-24 08:43:22.592437,0.2837841309381286,lstm
SVC-000024,EVT-0047222,2026-07-24 08:46:06.039636,0.4210436674601753,lstm
USR-000191,EVT-0047223,2026-07-24 08:46:06.719977,0.8508035561231814,lstm
USR-000090,EVT-0047224,2026-07-24 08:47:25.614130,0.9125616596727736,lstm
USR-000076,EVT-0047225,2026-07-24 08:47:36.522586,0.5198489117359524,lstm
SVC-000046,EVT-0047226,2026-07-24 08:47:49.775294,0.3585137755965223,lstm
SVC-000046,EVT-0047227,2026-07-24 08:48:22.494354,0.8916544002576672,lstm
SVC-000046,EVT-0047228,2026-07-24 08:49:58.391385,0.3960184420233907,lstm
SVC-000046,EVT-0047229,2026-07-24 08:50:02.685342,0.9576013092074194,lstm
USR-000060,EVT-0047230,2026-07-24 08:52:36.022780,0.31753990233739393,lstm
USR-000014,EVT-0047231,2026-07-24 08:54:05.404474,0.7535628569905892,lstm
SVC-000011,EVT-0047232,2026-07-24 08:54:52.631623,0.2314499140478792,lstm
SVC-000030,EVT-0047233,2026-07-24 08:54:59.278121,0.4006022297728097,lstm
USR-000120,EVT-0047234,2026-07-24 08:55:16.854808,0.6177454716188673,lstm
DEV-000018,EVT-0047235,2026-07-24 08:55:45.469716,0.4541684152077058,lstm
SVC-000011,EVT-0047236,2026-07-24 08:56:52.939285,0.34192730880899513,lstm
DEV-000018,EVT-0047237,2026-07-24 08:57:12.863265,0.9283106802283371,lstm
USR-000023,EVT-0047238,2026-07-24 08:57:22.100271,0.9854670068383504,lstm
SVC-000011,EVT-0047239,2026-07-24 08:58:00.381985,0.54179821224431,lstm
SVC-000039,EVT-0047240,2026-07-24 08:58:36.079054,0.9972715639861311,lstm
SVC-000046,EVT-0047241,2026-07-24 08:58:37.531335,0.3541574001965904,lstm
SVC-000024,EVT-0047242,2026-07-24 08:59:35.643165,0.36475646829124214,lstm
SVC-000013,EVT-0047243,2026-07-24 09:00:15.047816,0.9982795716990875,lstm
USR-000076,EVT-0047244,2026-07-24 09:02:40.183723,0.7675136665382968,lstm
USR-000022,EVT-0047245,2026-07-24 09:03:14.367701,0.6644259722535334,lstm
USR-000051,EVT-0047246,2026-07-24 09:03:33.862281,0.36283765767098275,lstm
SVC-000024,EVT-0047247,2026-07-24 09:04:53.443745,0.8372660735772388,lstm
USR-000093,EVT-0047248,2026-07-24 09:05:32.399583,0.255333811599146,lstm
SVC-000011,EVT-0047249,2026-07-24 09:06:00.651862,0.40464942007117966,lstm
SVC-000039,EVT-0047250,2026-07-24 09:06:19.627873,0.5288447608395276,lstm
USR-000161,EVT-0047251,2026-07-24 09:06:26.823618,0.9456494447949493,lstm
SVC-000051,EVT-0047252,2026-07-24 09:07:04.366925,0.4301854561885653,lstm
USR-000036,EVT-0047253,2026-07-24 09:07:16.916643,0.27100726909236217,lstm
SVC-000024,EVT-0047254,2026-07-24 09:07:38.961032,0.4025119933170995,lstm
DEV-000009,EVT-0047255,2026-07-24 09:08:50.503771,0.14765525355656312,lstm
USR-000180,EVT-0047256,2026-07-24 09:11:05.860594,0.3176789317173128,lstm
USR-000158,EVT-0047257,2026-07-24 09:12:31.905263,0.45509337331393296,lstm
DEV-000004,EVT-0047258,2026-07-24 09:13:23.144900,0.33385772101528205,lstm
USR-000099,EVT-0047259,2026-07-24 09:13:28.818071,0.5827407276142681,lstm
SVC-000046,EVT-0047260,2026-07-24 09:13:35.439781,0.6173266102170826,lstm
SVC-000011,EVT-0047261,2026-07-24 09:14:33.403350,0.29192386105741064,lstm
USR-000060,EVT-0047262,2026-07-24 09:15:22.864052,0.6541941477932112,lstm
SVC-000042,EVT-0047263,2026-07-24 09:15:40.256104,0.9911410901059508,lstm
USR-000036,EVT-0047264,2026-07-24 09:16:20.861066,0.37189580385109133,lstm
USR-000099,EVT-0047265,2026-07-24 09:17:23.803585,0.8736658582098137,lstm
SVC-000042,EVT-0047266,2026-07-24 09:17:24.056130,0.47557288986584206,lstm
SVC-000053,EVT-0047267,2026-07-24 09:18:53.020664,0.417641983929815,lstm
SVC-000053,EVT-0047268,2026-07-24 09:23:56.546286,0.7209522385267253,lstm
USR-000173,EVT-0047269,2026-07-24 09:24:05.489990,0.8581146484682239,lstm
SVC-000046,EVT-0047270,2026-07-24 09:24:08.835514,0.3999486922420167,lstm
SVC-000042,EVT-0047271,2026-07-24 09:24:35.057848,0.31719956000371696,lstm
USR-000066,EVT-0047272,2026-07-24 09:24:57.100426,0.36280479577043084,lstm
SVC-000016,EVT-0047273,2026-07-24 09:25:52.826883,0.856305414637783,lstm
USR-000031,EVT-0047274,2026-07-24 09:32:26.080753,0.3035510198585696,lstm
SVC-000024,EVT-0047275,2026-07-24 09:32:45.191274,0.34933747949503946,lstm
DEV-000008,EVT-0047276,2026-07-24 09:32:55.375370,0.6537717180112672,lstm
USR-000081,EVT-0047277,2026-07-24 09:33:33.614543,0.8535480526479642,lstm
USR-000204,EVT-0047278,2026-07-24 09:33:53.215866,0.6654447933822454,lstm
SVC-000042,EVT-0047279,2026-07-24 09:34:44.242143,0.2527415635515274,lstm
USR-000194,EVT-0047280,2026-07-24 09:37:48.342897,0.3824423163646819,lstm
SVC-000016,EVT-0047281,2026-07-24 09:39:08.348811,0.5865680614683972,lstm
USR-000102,EVT-0047282,2026-07-24 09:40:43.699068,0.9040378782439049,lstm
SVC-000024,EVT-0047283,2026-07-24 09:43:16.555532,0.34029859234861315,lstm
USR-000076,EVT-0047284,2026-07-24 09:43:17.559524,0.4020590209669988,lstm
DEV-000007,EVT-0047285,2026-07-24 09:44:21.116957,0.34423062614113903,lstm
USR-000189,EVT-0047286,2026-07-24 09:47:31.275488,0.9227126393851459,lstm
SVC-000013,EVT-0047287,2026-07-24 09:47:39.553628,0.46966897785148,lstm
USR-000014,EVT-0047288,2026-07-24 09:49:25.835303,0.6482363884730661,lstm
SVC-000024,EVT-0047289,2026-07-24 09:49:53.247733,0.273954661189059,lstm
DEV-000011,EVT-0047290,2026-07-24 09:50:00.070303,0.38049169512996833,lstm
SVC-000042,EVT-0047291,2026-07-24 09:52:23.959497,0.2724041167355963,lstm
USR-000036,EVT-0047292,2026-07-24 09:53:51.073555,0.31831125138015837,lstm
USR-000111,EVT-0047293,2026-07-24 09:54:30.739287,0.6653962969486703,lstm
USR-000181,EVT-0047294,2026-07-24 09:57:05.126578,0.46462520362575377,lstm
SVC-000039,EVT-0047295,2026-07-24 09:58:43.287919,0.5347988394188951,lstm
SVC-000051,EVT-0047296,2026-07-24 09:59:02.821297,0.43450820218839636,lstm
SVC-000053,EVT-0047297,2026-07-24 09:59:22.074398,0.5024900625097583,lstm
USR-000177,EVT-0047298,2026-07-24 10:00:03.555916,0.995221687125539,lstm
USR-000102,EVT-0047299,2026-07-24 10:02:24.973391,0.8521944647186821,lstm
USR-000059,EVT-0047300,2026-07-24 10:03:16.135779,0.48874001414566853,lstm
SVC-000050,EVT-0047301,2026-07-24 10:03:19.931305,0.9812063536413216,lstm
USR-000180,EVT-0047302,2026-07-24 10:03:38.401211,0.2467841649061946,lstm
USR-000036,EVT-0047303,2026-07-24 10:07:27.335340,0.3964864888908112,lstm
SVC-000008,EVT-0047304,2026-07-24 10:07:40.012342,0.5983097465837869,lstm
USR-000182,EVT-0047305,2026-07-24 10:09:43.093512,0.2898345147113935,lstm
SVC-000042,EVT-0047306,2026-07-24 10:09:49.150158,0.22283575518813356,lstm
SVC-000013,EVT-0047307,2026-07-24 10:10:06.117833,0.29886835432295217,lstm
USR-000129,EVT-0047308,2026-07-24 10:10:12.257266,0.5319892812899639,lstm
SVC-000021,EVT-0047309,2026-07-24 10:10:22.667598,0.9951935592584031,lstm
USR-000173,EVT-0047310,2026-07-24 10:10:42.412754,0.7166581818966006,lstm
USR-000111,EVT-0047311,2026-07-24 10:11:15.837609,0.42882683279990325,lstm
SVC-000016,EVT-0047312,2026-07-24 10:11:32.691514,0.6830460115966445,lstm
DEV-000012,EVT-0047313,2026-07-24 10:13:45.883124,0.2839058569816066,lstm
SVC-000039,EVT-0047314,2026-07-24 10:14:20.207353,0.3517049820421297,lstm
SVC-000039,EVT-0047315,2026-07-24 10:14:34.741333,0.7679894314647122,lstm
USR-000096,EVT-0047316,2026-07-24 10:14:43.009604,0.7422186222596607,lstm
SVC-000024,EVT-0047317,2026-07-24 10:15:18.038135,0.24920005085065333,lstm
USR-000054,EVT-0047318,2026-07-24 10:16:14.134968,0.689906750239337,lstm
USR-000053,EVT-0047319,2026-07-24 10:16:25.972711,0.7553522624133121,lstm
USR-000177,EVT-0047320,2026-07-24 10:17:10.562800,0.7205109019686426,lstm
SVC-000013,EVT-0047321,2026-07-24 10:18:09.103345,0.4103431291389709,lstm
USR-000053,EVT-0047322,2026-07-24 10:18:51.930757,0.818992209023153,lstm
USR-000120,EVT-0047323,2026-07-24 10:20:45.230855,0.31838145035734394,lstm
SVC-000021,EVT-0047324,2026-07-24 10:20:57.813009,0.715696034834013,lstm
USR-000051,EVT-0047325,2026-07-24 10:26:04.632201,0.23912004465593178,lstm
SVC-000016,EVT-0047326,2026-07-24 10:28:48.693728,0.47849559346083315,lstm
USR-000204,EVT-0047327,2026-07-24 10:28:57.474475,0.38395734961894956,lstm
USR-000093,EVT-0047328,2026-07-24 10:29:48.536834,0.24022901169683736,lstm
USR-000090,EVT-0047329,2026-07-24 10:30:28.494821,0.7019111271519081,lstm
SVC-000039,EVT-0047330,2026-07-24 10:31:17.047670,0.34440194297727006,lstm
SVC-000013,EVT-0047331,2026-07-24 10:32:00.088897,0.39662354258335003,lstm
SVC-000013,EVT-0047332,2026-07-24 10:33:45.927832,0.4833227633954734,lstm
SVC-000008,EVT-0047333,2026-07-24 10:34:17.776878,0.35633858951828623,lstm
USR-000031,EVT-0047334,2026-07-24 10:35:18.769125,0.3936698916097668,lstm
SVC-000039,EVT-0047335,2026-07-24 10:37:00.312008,0.3386224822588974,lstm
USR-000038,EVT-0047336,2026-07-24 10:37:11.844355,0.6754062589735661,lstm
USR-000030,EVT-0047337,2026-07-24 10:38:33.619724,0.6280116363569769,lstm
SVC-000042,EVT-0047338,2026-07-24 10:39:08.472329,0.2509772760819627,lstm
SVC-000016,EVT-0047339,2026-07-24 10:40:42.612356,0.718510155861145,lstm
SVC-000042,EVT-0047340,2026-07-24 10:40:54.731480,0.3242313065756292,lstm
DEV-000013,EVT-0047341,2026-07-24 10:42:21.188083,0.680658060904112,lstm
USR-000132,EVT-0047342,2026-07-24 10:44:10.256245,0.2419421454528041,lstm
USR-000121,EVT-0047343,2026-07-24 10:44:33.979064,0.34607105143656497,lstm
USR-000211,EVT-0047344,2026-07-24 10:44:47.052335,0.9648644152291462,lstm
USR-000058,EVT-0047345,2026-07-24 10:45:06.929356,0.3766315371776271,lstm
SVC-000008,EVT-0047346,2026-07-24 10:45:10.100957,0.670056842928956,lstm
SVC-000013,EVT-0047347,2026-07-24 10:45:23.805495,0.34928079946457397,lstm
SVC-000024,EVT-0047348,2026-07-24 10:45:30.249072,0.299991057411989,lstm
SVC-000039,EVT-0047349,2026-07-24 10:46:12.578042,0.31646652789503577,lstm
USR-000071,EVT-0047350,2026-07-24 10:46:16.111507,0.9599841116408365,lstm
DEV-000011,EVT-0047351,2026-07-24 10:46:27.792766,0.3519489001693554,lstm
USR-000207,EVT-0047352,2026-07-24 10:46:48.071222,0.25387830498692815,lstm
USR-000096,EVT-0047353,2026-07-24 10:47:23.545864,0.4161065265742671,lstm
USR-000023,EVT-0047354,2026-07-24 10:48:18.777401,0.7488162125717744,lstm
SVC-000024,EVT-0047355,2026-07-24 10:49:15.724146,0.9167639713005906,lstm
SVC-000013,EVT-0047356,2026-07-24 10:50:07.732413,0.38830900706617266,lstm
USR-000053,EVT-0047357,2026-07-24 10:50:40.274012,0.686913286622713,lstm
SVC-000039,EVT-0047358,2026-07-24 10:51:40.080375,0.5883432877953108,lstm
DEV-000008,EVT-0047359,2026-07-24 10:52:47.194825,0.4611398400180281,lstm
SVC-000050,EVT-0047360,2026-07-24 10:52:52.706245,0.44941540227425364,lstm
SVC-000042,EVT-0047361,2026-07-24 10:53:15.380545,0.24641163014347522,lstm
DEV-000025,EVT-0047362,2026-07-24 10:55:43.237930,0.5095733851076255,lstm
SVC-000024,EVT-0047363,2026-07-24 10:56:47.477102,0.30893816554108305,lstm
SVC-000013,EVT-0047364,2026-07-24 10:56:58.878474,0.44170093348574696,lstm
SVC-000042,EVT-0047365,2026-07-24 10:58:36.300136,0.28169786103360406,lstm
SVC-000008,EVT-0047366,2026-07-24 10:59:25.281179,0.4048788635347609,lstm
USR-000054,EVT-0047367,2026-07-24 10:59:51.122970,0.538246909585434,lstm
SVC-000016,EVT-0047368,2026-07-24 10:59:59.446207,0.5299391999909835,lstm
SVC-000013,EVT-0047369,2026-07-24 11:00:23.226827,0.5289416438180775,lstm
USR-000054,EVT-0047370,2026-07-24 11:00:55.437895,0.6278372893364187,lstm
USR-000168,EVT-0047371,2026-07-24 11:07:56.618466,0.46514495455731336,lstm
USR-000020,EVT-0047372,2026-07-24 11:08:05.399157,0.40899295678254366,lstm
USR-000168,EVT-0047373,2026-07-24 11:08:46.996170,0.7210256164276536,lstm
USR-000207,EVT-0047374,2026-07-24 11:09:12.360448,0.303864843005915,lstm
SVC-000016,EVT-0047375,2026-07-24 11:10:42.255551,0.6905223268729821,lstm
USR-000194,EVT-0047376,2026-07-24 11:11:30.199120,0.5387199668174423,lstm
USR-000179,EVT-0047377,2026-07-24 11:12:17.894313,0.6527713318251435,lstm
USR-000038,EVT-0047378,2026-07-24 11:14:38.095402,0.38091991078687354,lstm
USR-000200,EVT-0047379,2026-07-24 11:15:51.494773,0.8523650206577059,lstm
SVC-000013,EVT-0047380,2026-07-24 11:17:20.908570,0.45426394721950886,lstm
USR-000097,EVT-0047381,2026-07-24 11:17:22.120899,0.9831686539238277,lstm
SVC-000013,EVT-0047382,2026-07-24 11:18:30.411793,0.5946397977606778,lstm
USR-000066,EVT-0047383,2026-07-24 11:18:50.809826,0.35209911559369367,lstm
SVC-000024,EVT-0047384,2026-07-24 11:20:40.604461,0.340370170028243,lstm
SVC-000016,EVT-0047385,2026-07-24 11:20:57.411230,0.5419928836987821,lstm
USR-000181,EVT-0047386,2026-07-24 11:21:17.244282,0.4023435166001866,lstm
DEV-000015,EVT-0047387,2026-07-24 11:22:39.759732,0.4565476148926838,lstm
SVC-000013,EVT-0047388,2026-07-24 11:23:56.247503,0.389861492809349,lstm
USR-000076,EVT-0047389,2026-07-24 11:24:51.643291,0.38586103079289014,lstm
SVC-000039,EVT-0047390,2026-07-24 11:26:18.096457,0.45134805512697096,lstm
USR-000038,EVT-0047391,2026-07-24 11:26:37.495334,0.4022259040136919,lstm
DEV-000009,EVT-0047392,2026-07-24 11:27:00.592540,0.11813045696310732,lstm
USR-000022,EVT-0047393,2026-07-24 11:27:02.537213,0.32385486925318485,lstm
USR-000031,EVT-0047394,2026-07-24 11:28:27.653665,0.3015243057985348,lstm
USR-000179,EVT-0047395,2026-07-24 11:28:29.471160,0.5853730791248746,lstm
SVC-000016,EVT-0047396,2026-07-24 11:30:45.022187,0.6689695856622905,lstm
USR-000115,EVT-0047397,2026-07-24 11:31:16.580454,0.5991727027881933,lstm
SVC-000013,EVT-0047398,2026-07-24 11:31:25.981266,0.37788292484253583,lstm
SVC-000021,EVT-0047399,2026-07-24 11:32:53.492765,0.8351759233083412,lstm
USR-000194,EVT-0047400,2026-07-24 11:33:57.096020,0.2669907850384443,lstm
SVC-000053,EVT-0047401,2026-07-24 11:34:01.781562,0.6762988846633428,lstm
USR-000180,EVT-0047402,2026-07-24 11:34:35.388243,0.2333058134856347,lstm
USR-000046,EVT-0047403,2026-07-24 11:35:05.006161,0.7430799518809948,lstm
USR-000029,EVT-0047404,2026-07-24 11:38:42.890403,0.7318986647314508,lstm
USR-000151,EVT-0047405,2026-07-24 11:39:40.428256,0.4864234724223886,lstm
USR-000177,EVT-0047406,2026-07-24 11:41:00.673807,0.6273212886709758,lstm
USR-000065,EVT-0047407,2026-07-24 11:41:57.658805,0.5662394572603859,lstm
USR-000115,EVT-0047408,2026-07-24 11:42:37.054137,0.3725700498866639,lstm
USR-000177,EVT-0047409,2026-07-24 11:42:47.046315,0.8035939494592137,lstm
DEV-000014,EVT-0047410,2026-07-24 11:43:13.926593,0.5635104627169244,lstm
USR-000053,EVT-0047411,2026-07-24 11:43:39.306550,0.43285654737166934,lstm
USR-000066,EVT-0047412,2026-07-24 11:45:04.425659,0.3441189699836813,lstm
USR-000097,EVT-0047413,2026-07-24 11:45:52.976701,0.518650897780744,lstm
USR-000211,EVT-0047414,2026-07-24 11:46:05.984812,0.6383258339966903,lstm
USR-000104,EVT-0047415,2026-07-24 11:46:29.214637,0.646395907762988,lstm
USR-000115,EVT-0047416,2026-07-24 11:48:13.214450,0.36059598494159983,lstm
DEV-000023,EVT-0047417,2026-07-24 11:49:49.467698,0.7852302050227838,lstm
USR-000029,EVT-0047418,2026-07-24 11:49:52.946776,0.6936380562620851,lstm
USR-000166,EVT-0047419,2026-07-24 11:51:16.604470,0.5753995637534131,lstm
USR-000057,EVT-0047420,2026-07-24 11:52:17.179935,0.3080523663124447,lstm
USR-000200,EVT-0047421,2026-07-24 11:53:36.949437,0.3072418259916411,lstm
USR-000168,EVT-0047422,2026-07-24 11:54:04.351186,0.2696689221429533,lstm
USR-000112,EVT-0047423,2026-07-24 11:55:06.816813,0.44027850289014653,lstm
SVC-000008,EVT-0047424,2026-07-24 11:59:33.389282,0.6800589381402021,lstm
USR-000019,EVT-0047425,2026-07-24 12:00:09.342237,0.6566025669357524,lstm
USR-000168,EVT-0047426,2026-07-24 12:02:40.254623,0.37108818441648156,lstm
USR-000168,EVT-0047427,2026-07-24 12:02:41.458485,0.7116422827978813,lstm
USR-000177,EVT-0047428,2026-07-24 12:02:50.018778,0.47700909038861256,lstm
SVC-000001,EVT-0047429,2026-07-24 12:03:30.971844,0.9898698543730917,lstm
USR-000058,EVT-0047430,2026-07-24 12:04:39.401593,0.30031253485325266,lstm
USR-000030,EVT-0047431,2026-07-24 12:05:13.486997,0.27152335171408837,lstm
SVC-000039,EVT-0047432,2026-07-24 12:05:16.342692,0.809049763878193,lstm
DEV-000019,EVT-0047433,2026-07-24 12:05:40.440533,0.9704345564687265,lstm
DEV-000017,EVT-0047434,2026-07-24 12:06:09.597747,0.8212946272401879,lstm
DEV-000002,EVT-0047435,2026-07-24 12:06:21.169766,0.6169960281367493,lstm
USR-000111,EVT-0047436,2026-07-24 12:07:49.658707,0.23093975251872637,lstm
USR-000054,EVT-0047437,2026-07-24 12:08:03.322919,0.1918622618316239,lstm
USR-000200,EVT-0047438,2026-07-24 12:09:48.544660,0.7357743997858317,lstm
DEV-000018,EVT-0047439,2026-07-24 12:15:41.821873,0.29848271303462387,lstm
USR-000115,EVT-0047440,2026-07-24 12:17:45.223500,0.23033696843701507,lstm
USR-000161,EVT-0047441,2026-07-24 12:17:55.428434,0.5176593284814119,lstm
SVC-000039,EVT-0047442,2026-07-24 12:18:28.525964,0.34516320820537055,lstm
USR-000134,EVT-0047443,2026-07-24 12:18:57.429129,0.7936384076574292,lstm
USR-000052,EVT-0047444,2026-07-24 12:19:49.953178,0.6859093957951876,lstm
USR-000138,EVT-0047445,2026-07-24 12:20:08.354394,0.2403624959183795,lstm
USR-000200,EVT-0047446,2026-07-24 12:21:50.244122,0.48206137634295415,lstm
USR-000009,EVT-0047447,2026-07-24 12:22:36.202307,0.3973417739436902,lstm
SVC-000034,EVT-0047448,2026-07-24 12:23:13.700277,0.9593266483635441,lstm
SVC-000008,EVT-0047449,2026-07-24 12:24:18.931405,0.38385538435302546,lstm
DEV-000022,EVT-0047450,2026-07-24 12:25:14.598564,0.6571195053656275,lstm
USR-000151,EVT-0047451,2026-07-24 12:26:52.442454,0.24863665328151954,lstm
USR-000189,EVT-0047452,2026-07-24 12:27:35.367957,0.3831121315806455,lstm
USR-000125,EVT-0047453,2026-07-24 12:28:24.219958,0.607997655153098,lstm
USR-000019,EVT-0047454,2026-07-24 12:28:51.000120,0.47456856778968015,lstm
USR-000099,EVT-0047455,2026-07-24 12:30:05.832910,0.2389745742970127,lstm
USR-000180,EVT-0047456,2026-07-24 12:30:34.180348,0.2545153867845533,lstm
SVC-000039,EVT-0047457,2026-07-24 12:31:47.533865,0.46149272003737773,lstm
USR-000160,EVT-0047458,2026-07-24 12:34:21.078704,0.7255745283267355,lstm
USR-000160,EVT-0047459,2026-07-24 12:34:30.403181,0.7385006689357425,lstm
USR-000211,EVT-0047460,2026-07-24 12:35:33.967603,0.4264122049740106,lstm
USR-000020,EVT-0047461,2026-07-24 12:35:43.408153,0.3939454735154397,lstm
USR-000009,EVT-0047462,2026-07-24 12:36:24.895824,0.6096018234311714,lstm
USR-000190,EVT-0047463,2026-07-24 12:37:09.750339,0.3919757388927554,lstm
SVC-000008,EVT-0047464,2026-07-24 12:37:18.008754,0.38509269033458104,lstm
USR-000057,EVT-0047465,2026-07-24 12:37:50.427026,0.2826767397360041,lstm
USR-000132,EVT-0047466,2026-07-24 12:39:56.301776,0.6294198680093986,lstm
USR-000058,EVT-0047467,2026-07-24 12:40:35.629928,0.520975749317466,lstm
SVC-000053,EVT-0047468,2026-07-24 12:41:34.317817,0.5932177757049192,lstm
USR-000151,EVT-0047469,2026-07-24 12:42:11.343056,0.5684792071022587,lstm
USR-000030,EVT-0047470,2026-07-24 12:42:34.896476,0.2991107054757729,lstm
USR-000129,EVT-0047471,2026-07-24 12:45:16.829580,0.44738371343216077,lstm
DEV-000025,EVT-0047472,2026-07-24 12:46:07.655965,0.5055445848217819,lstm
USR-000053,EVT-0047473,2026-07-24 12:46:13.899117,0.4297570348206577,lstm
SVC-000050,EVT-0047474,2026-07-24 12:46:21.228153,0.3828060446935256,lstm
USR-000030,EVT-0047475,2026-07-24 12:47:48.306871,0.6064539215277766,lstm
SVC-000034,EVT-0047476,2026-07-24 12:47:51.659208,0.6743422275146693,lstm
SVC-000021,EVT-0047477,2026-07-24 12:48:29.356152,0.532692692132972,lstm
USR-000115,EVT-0047478,2026-07-24 12:50:46.314327,0.17689876143488997,lstm
SVC-000039,EVT-0047479,2026-07-24 12:51:24.930560,0.4050323991478698,lstm
USR-000081,EVT-0047480,2026-07-24 12:51:32.148563,0.471195132412499,lstm
USR-000038,EVT-0047481,2026-07-24 12:51:57.792702,0.22426851335885908,lstm
SVC-000043,EVT-0047482,2026-07-24 12:52:59.029186,0.9194722697929463,lstm
SVC-000017,EVT-0047483,2026-07-24 12:54:01.142713,0.9969890616054765,lstm
USR-000103,EVT-0047484,2026-07-24 12:58:40.914791,0.5529749000582316,lstm
USR-000003,EVT-0047485,2026-07-24 12:59:00.018170,0.950581494965248,lstm
USR-000182,EVT-0047486,2026-07-24 12:59:20.281797,0.4835618524098612,lstm
SVC-000008,EVT-0047487,2026-07-24 12:59:23.257527,0.7007896669769088,lstm
USR-000022,EVT-0047488,2026-07-24 13:01:40.445075,0.3352016696024264,lstm
SVC-000053,EVT-0047489,2026-07-24 13:02:10.365275,0.7374896002415074,lstm
USR-000194,EVT-0047490,2026-07-24 13:02:29.388980,0.4170261604830307,lstm
SVC-000050,EVT-0047491,2026-07-24 13:02:47.513784,0.3346200389944371,lstm
SVC-000034,EVT-0047492,2026-07-24 13:03:01.987682,0.3365799684392269,lstm
USR-000186,EVT-0047493,2026-07-24 13:03:43.252468,0.6523117316016774,lstm
USR-000030,EVT-0047494,2026-07-24 13:05:08.417664,0.324489893956032,lstm
USR-000097,EVT-0047495,2026-07-24 13:05:16.493007,0.3911299761828726,lstm
USR-000037,EVT-0047496,2026-07-24 13:05:52.063935,0.8616418120520435,lstm
SVC-000043,EVT-0047497,2026-07-24 13:06:04.924054,0.3337886066044056,lstm
SVC-000017,EVT-0047498,2026-07-24 13:06:08.336071,0.4545504597283863,lstm
USR-000054,EVT-0047499,2026-07-24 13:06:09.048944,0.30127651421811136,lstm
USR-000016,EVT-0047500,2026-07-24 13:08:31.955906,0.49797966094846213,lstm
USR-000074,EVT-0047501,2026-07-24 13:09:09.392013,0.38278412774373277,lstm
USR-000023,EVT-0047502,2026-07-24 13:09:49.238006,0.3668327679067409,lstm
SVC-000008,EVT-0047503,2026-07-24 13:11:02.617669,0.3834263671168499,lstm
USR-000161,EVT-0047504,2026-07-24 13:11:09.176973,0.4343465524334312,lstm
USR-000125,EVT-0047505,2026-07-24 13:11:24.995468,0.38925800130543675,lstm
USR-000020,EVT-0047506,2026-07-24 13:11:40.523560,0.45396792157018173,lstm
USR-000059,EVT-0047507,2026-07-24 13:12:54.270187,0.5982933018817023,lstm
DEV-000024,EVT-0047508,2026-07-24 13:14:47.042104,0.5186143128997918,lstm
USR-000161,EVT-0047509,2026-07-24 13:15:34.389285,0.4470172583368129,lstm
DEV-000020,EVT-0047510,2026-07-24 13:16:50.185660,0.904801460972577,lstm
DEV-000001,EVT-0047511,2026-07-24 13:17:17.386237,0.451850748848419,lstm
SVC-000017,EVT-0047512,2026-07-24 13:19:21.576703,0.4416519107980975,lstm
USR-000065,EVT-0047513,2026-07-24 13:21:45.777057,0.33431237347944254,lstm
SVC-000017,EVT-0047514,2026-07-24 13:23:46.867360,0.5961709155027726,lstm
SVC-000049,EVT-0047515,2026-07-24 13:24:05.413033,0.928319910142401,lstm
SVC-000017,EVT-0047516,2026-07-24 13:24:41.800032,0.9689866478019197,lstm
USR-000037,EVT-0047517,2026-07-24 13:24:41.960342,0.5321689419314959,lstm
DEV-000006,EVT-0047518,2026-07-24 13:25:21.846479,0.44521240570769544,lstm
SVC-000017,EVT-0047519,2026-07-24 13:27:12.551693,0.6925420857487156,lstm
USR-000019,EVT-0047520,2026-07-24 13:28:12.745187,0.4112855763366853,lstm
USR-000194,EVT-0047521,2026-07-24 13:28:15.682036,0.4530450646404545,lstm
USR-000112,EVT-0047522,2026-07-24 13:28:59.917722,0.2632670136651371,lstm
SVC-000043,EVT-0047523,2026-07-24 13:29:07.614434,0.23581585701226992,lstm
USR-000099,EVT-0047524,2026-07-24 13:29:26.526455,0.3644600923792079,lstm
USR-000037,EVT-0047525,2026-07-24 13:29:35.749542,0.6438872501455295,lstm
DEV-000003,EVT-0047526,2026-07-24 13:31:01.446372,0.5219498782372769,lstm
USR-000044,EVT-0047527,2026-07-24 13:31:09.339471,0.6814157736755296,lstm
SVC-000043,EVT-0047528,2026-07-24 13:31:55.315676,0.881537666645691,lstm
USR-000054,EVT-0047529,2026-07-24 13:34:50.764493,0.5468491132227828,lstm
USR-000065,EVT-0047530,2026-07-24 13:34:52.449960,0.5571002137754119,lstm
SVC-000017,EVT-0047531,2026-07-24 13:34:55.642326,0.6414457793504907,lstm
USR-000190,EVT-0047532,2026-07-24 13:35:04.644559,0.41272699178055205,lstm
USR-000057,EVT-0047533,2026-07-24 13:35:35.515252,0.4117458541135204,lstm
SVC-000008,EVT-0047534,2026-07-24 13:35:55.243325,0.40669835381249103,lstm
SVC-000043,EVT-0047535,2026-07-24 13:35:55.715491,0.4812470207225811,lstm
USR-000129,EVT-0047536,2026-07-24 13:36:32.960835,0.26633336657502305,lstm
SVC-000001,EVT-0047537,2026-07-24 13:36:58.610408,0.6185871040020053,lstm
USR-000111,EVT-0047538,2026-07-24 13:37:06.255578,0.2789666961464797,lstm
USR-000070,EVT-0047539,2026-07-24 13:38:31.519047,0.6288822012244989,lstm
USR-000084,EVT-0047540,2026-07-24 13:39:03.036862,0.4357155852652661,lstm
SVC-000027,EVT-0047541,2026-07-24 13:40:40.207061,0.9979517985495572,lstm
USR-000129,EVT-0047542,2026-07-24 13:41:47.321680,0.6857786844034914,lstm
USR-000190,EVT-0047543,2026-07-24 13:42:30.731073,0.5160132487554637,lstm
USR-000065,EVT-0047544,2026-07-24 13:42:36.644346,0.3438293280593679,lstm
USR-000173,EVT-0047545,2026-07-24 13:42:58.977901,0.4705394249237631,lstm
USR-000029,EVT-0047546,2026-07-24 13:43:33.432174,0.5362710174304817,lstm
USR-000029,EVT-0047547,2026-07-24 13:44:05.687720,0.8979959892728371,lstm
USR-000061,EVT-0047548,2026-07-24 13:44:39.458389,0.8283719775672633,lstm
USR-000052,EVT-0047549,2026-07-24 13:45:02.180583,0.40698895859431267,lstm
SVC-000053,EVT-0047550,2026-07-24 13:45:25.239411,0.4330043415411017,lstm
SVC-000001,EVT-0047551,2026-07-24 13:47:23.081071,0.3402339766420316,lstm
DEV-000018,EVT-0047552,2026-07-24 13:48:48.704574,0.303126049775983,lstm
USR-000012,EVT-0047553,2026-07-24 13:49:37.498426,0.6112318036704752,lstm
USR-000037,EVT-0047554,2026-07-24 13:49:49.459779,0.3957377074485987,lstm
USR-000104,EVT-0047555,2026-07-24 13:50:48.889214,0.27936477456238007,lstm
SVC-000017,EVT-0047556,2026-07-24 13:53:57.136616,0.5041174305022059,lstm
USR-000115,EVT-0047557,2026-07-24 13:54:10.007939,0.1876509298562361,lstm
USR-000003,EVT-0047558,2026-07-24 13:54:17.694283,0.5055528830638197,lstm
SVC-000022,EVT-0047559,2026-07-24 13:55:50.653418,0.9948527922673104,lstm
DEV-000013,EVT-0047560,2026-07-24 13:56:13.340753,0.4042413290216847,lstm
USR-000052,EVT-0047561,2026-07-24 13:56:18.619095,0.5223216187481358,lstm
SVC-000017,EVT-0047562,2026-07-24 13:58:39.360509,0.5081209174688046,lstm
USR-000176,EVT-0047563,2026-07-24 14:00:54.575271,0.44960232147253343,lstm
SVC-000008,EVT-0047564,2026-07-24 14:02:40.809761,0.7475643387958976,lstm
DEV-000008,EVT-0047565,2026-07-24 14:03:06.316998,0.3010795549752321,lstm
USR-000057,EVT-0047566,2026-07-24 14:04:01.430643,0.43398584075152885,lstm
SVC-000027,EVT-0047567,2026-07-24 14:05:15.827647,0.4056653343811335,lstm
SVC-000022,EVT-0047568,2026-07-24 14:07:05.390127,0.4087781030875489,lstm
DEV-000023,EVT-0047569,2026-07-24 14:09:03.339517,0.5336579125197296,lstm
SVC-000017,EVT-0047570,2026-07-24 14:09:36.355587,0.29396223353495804,lstm
USR-000190,EVT-0047571,2026-07-24 14:09:46.845817,0.48874499659391657,lstm
USR-000092,EVT-0047572,2026-07-24 14:13:23.638153,0.4301379712393127,lstm
SVC-000027,EVT-0047573,2026-07-24 14:14:15.388731,0.6216894058074715,lstm
SVC-000043,EVT-0047574,2026-07-24 14:15:26.156303,0.21633803880744878,lstm
SVC-000017,EVT-0047575,2026-07-24 14:15:51.680611,0.4612791967102778,lstm
USR-000161,EVT-0047576,2026-07-24 14:15:53.757587,0.30556592335599514,lstm
USR-000076,EVT-0047577,2026-07-24 14:16:15.393489,0.7164687003785217,lstm
USR-000077,EVT-0047578,2026-07-24 14:16:47.035482,0.6269891153238268,lstm
SVC-000027,EVT-0047579,2026-07-24 14:17:00.144318,0.7010004167495394,lstm
USR-000140,EVT-0047580,2026-07-24 14:18:17.104701,0.5524840006270321,lstm
SVC-000022,EVT-0047581,2026-07-24 14:19:39.703905,0.3448195056831615,lstm
USR-000189,EVT-0047582,2026-07-24 14:19:48.534707,0.3202919535431287,lstm
SVC-000043,EVT-0047583,2026-07-24 14:20:22.248062,0.3507873483495156,lstm
USR-000037,EVT-0047584,2026-07-24 14:20:43.034039,0.39519833980112534,lstm
DEV-000009,EVT-0047585,2026-07-24 14:22:27.018023,0.248576152365113,lstm
SVC-000022,EVT-0047586,2026-07-24 14:24:48.124598,0.3801948362291278,lstm
USR-000166,EVT-0047587,2026-07-24 14:25:54.491366,0.52294022289304,lstm
SVC-000022,EVT-0047588,2026-07-24 14:26:11.410773,0.5801329103925897,lstm
SVC-000043,EVT-0047589,2026-07-24 14:28:46.826035,0.26812759086364635,lstm
SVC-000017,EVT-0047590,2026-07-24 14:29:40.662383,0.3411168137476978,lstm
SVC-000027,EVT-0047591,2026-07-24 14:32:55.898568,0.3210819298205908,lstm
USR-000037,EVT-0047592,2026-07-24 14:35:05.032380,0.2933050538696328,lstm
USR-000044,EVT-0047593,2026-07-24 14:35:17.869761,0.2578454304373823,lstm
USR-000115,EVT-0047594,2026-07-24 14:37:30.212008,0.22339834408689568,lstm
DEV-000023,EVT-0047595,2026-07-24 14:40:37.749408,0.25445742512393427,lstm
USR-000080,EVT-0047596,2026-07-24 14:41:28.969664,0.9076698224776848,lstm
USR-000095,EVT-0047597,2026-07-24 14:41:49.209377,0.565462375775636,lstm
USR-000084,EVT-0047598,2026-07-24 14:43:37.130924,0.25365211761246936,lstm
SVC-000027,EVT-0047599,2026-07-24 14:43:50.692818,0.6595322952220937,lstm
SVC-000017,EVT-0047600,2026-07-24 14:43:59.256587,0.4124118848445313,lstm
USR-000170,EVT-0047601,2026-07-24 14:44:58.989900,0.5605127361532122,lstm
USR-000198,EVT-0047602,2026-07-24 14:47:10.143724,0.7026342847640666,lstm
SVC-000033,EVT-0047603,2026-07-24 14:49:05.068398,0.9988691752301376,lstm
SVC-000010,EVT-0047604,2026-07-24 14:49:20.380034,0.9937620923456112,lstm
DEV-000019,EVT-0047605,2026-07-24 14:49:42.326560,0.8760197703847289,lstm
SVC-000012,EVT-0047606,2026-07-24 14:50:58.611510,0.9884189942143049,lstm
USR-000012,EVT-0047607,2026-07-24 14:51:29.005218,0.20762651882640218,lstm
SVC-000017,EVT-0047608,2026-07-24 14:52:08.778130,0.799636612413024,lstm
SVC-000022,EVT-0047609,2026-07-24 14:52:18.037554,0.23849102290195784,lstm
USR-000060,EVT-0047610,2026-07-24 14:54:21.015870,0.4927522026240556,lstm
SVC-000027,EVT-0047611,2026-07-24 14:55:43.629009,0.5931295174865114,lstm
USR-000115,EVT-0047612,2026-07-24 14:56:52.724964,0.2089073185663095,lstm
SVC-000022,EVT-0047613,2026-07-24 14:57:30.552559,0.37714178970434403,lstm
USR-000170,EVT-0047614,2026-07-24 14:58:15.529663,0.44368186567959433,lstm
USR-000160,EVT-0047615,2026-07-24 14:58:50.252972,0.3855202635460089,lstm
USR-000025,EVT-0047616,2026-07-24 15:00:49.227314,0.7013813207241552,lstm
USR-000053,EVT-0047617,2026-07-24 15:02:35.744329,0.7024365403174537,lstm
SVC-000033,EVT-0047618,2026-07-24 15:03:31.042280,0.7142634685708192,lstm
SVC-000027,EVT-0047619,2026-07-24 15:04:20.337070,0.36485476334796707,lstm
SVC-000010,EVT-0047620,2026-07-24 15:04:59.063780,0.5275907643239012,lstm
SVC-000027,EVT-0047621,2026-07-24 15:05:51.112378,0.7045014844703001,lstm
USR-000044,EVT-0047622,2026-07-24 15:06:46.723399,0.24972078066235653,lstm
SVC-000033,EVT-0047623,2026-07-24 15:07:50.078960,0.5599512605208765,lstm
SVC-000027,EVT-0047624,2026-07-24 15:09:51.708892,0.722285230424796,lstm
USR-000077,EVT-0047625,2026-07-24 15:11:01.929634,0.39729977786103465,lstm
SVC-000049,EVT-0047626,2026-07-24 15:12:45.153537,0.45822235099558734,lstm
USR-000189,EVT-0047627,2026-07-24 15:12:58.047098,0.3656884151030805,lstm
SVC-000029,EVT-0047628,2026-07-24 15:13:23.313497,0.9931494910005554,lstm
DEV-000022,EVT-0047629,2026-07-24 15:14:16.059652,0.648495242153225,lstm
DEV-000026,EVT-0047630,2026-07-24 15:17:26.460885,0.6508690517122622,lstm
DEV-000020,EVT-0047631,2026-07-24 15:17:54.887007,0.43040289897181827,lstm
USR-000160,EVT-0047632,2026-07-24 15:18:37.169390,0.4580446917076326,lstm
SVC-000036,EVT-0047633,2026-07-24 15:19:02.382807,0.9974101691841892,lstm
USR-000056,EVT-0047634,2026-07-24 15:19:16.605737,0.7033078893377681,lstm
USR-000099,EVT-0047635,2026-07-24 15:19:41.096553,0.36749843009360417,lstm
USR-000170,EVT-0047636,2026-07-24 15:20:37.056185,0.34382188145975356,lstm
USR-000053,EVT-0047637,2026-07-24 15:21:35.149524,0.41843997844849623,lstm
SVC-000049,EVT-0047638,2026-07-24 15:22:35.069486,0.36081438744748096,lstm
SVC-000012,EVT-0047639,2026-07-24 15:22:35.959598,0.26343354744576525,lstm
DEV-000025,EVT-0047640,2026-07-24 15:27:18.129045,0.7225550725509623,lstm
USR-000077,EVT-0047641,2026-07-24 15:28:17.938046,0.5215487386755795,lstm
USR-000146,EVT-0047642,2026-07-24 15:28:22.957170,0.8655439635787242,lstm
SVC-000001,EVT-0047643,2026-07-24 15:29:05.800231,0.6221396556783275,lstm
SVC-000049,EVT-0047644,2026-07-24 15:34:20.971623,0.3046573214855557,lstm
SVC-000017,EVT-0047645,2026-07-24 15:35:35.931166,0.7745427603132224,lstm
USR-000197,EVT-0047646,2026-07-24 15:36:02.976581,0.6684114365033725,lstm
SVC-000033,EVT-0047647,2026-07-24 15:37:38.185956,0.45564256191237834,lstm
USR-000198,EVT-0047648,2026-07-24 15:39:29.513065,0.6263352630265622,lstm
DEV-000011,EVT-0047649,2026-07-24 15:40:15.359934,0.6333440657466414,lstm
USR-000081,EVT-0047650,2026-07-24 15:41:22.210636,0.5458245509448267,lstm
DEV-000018,EVT-0047651,2026-07-24 15:42:08.420812,0.24848851024834448,lstm
SVC-000012,EVT-0047652,2026-07-24 15:42:27.793670,0.2518166319993675,lstm
USR-000109,EVT-0047653,2026-07-24 15:43:31.336328,0.9750827791911557,lstm
USR-000065,EVT-0047654,2026-07-24 15:44:12.456881,0.24641512229957188,lstm
SVC-000012,EVT-0047655,2026-07-24 15:46:56.983034,0.6833539227826637,lstm
SVC-000036,EVT-0047656,2026-07-24 15:50:04.429223,0.47159709426553326,lstm
USR-000061,EVT-0047657,2026-07-24 15:55:31.049902,0.5045477203837097,lstm
SVC-000017,EVT-0047658,2026-07-24 15:56:04.137134,0.54560245601148,lstm
SVC-000029,EVT-0047659,2026-07-24 15:56:59.026672,0.606079542014428,lstm
USR-000070,EVT-0047660,2026-07-24 15:58:33.742728,0.6794288909966477,lstm
SVC-000033,EVT-0047661,2026-07-24 16:00:36.825690,0.5349907225078137,lstm
USR-000109,EVT-0047662,2026-07-24 16:00:58.491890,0.3739446411593367,lstm
DEV-000011,EVT-0047663,2026-07-24 16:01:12.758308,0.5754894775836937,lstm
SVC-000010,EVT-0047664,2026-07-24 16:02:28.825165,0.5219083236503437,lstm
USR-000060,EVT-0047665,2026-07-24 16:03:09.495240,0.6193845471199144,lstm
USR-000109,EVT-0047666,2026-07-24 16:05:17.614010,0.5523826336438317,lstm
USR-000111,EVT-0047667,2026-07-24 16:05:27.813434,0.34145199755005773,lstm
SVC-000029,EVT-0047668,2026-07-24 16:05:46.047995,0.5296667080537857,lstm
USR-000083,EVT-0047669,2026-07-24 16:05:50.505500,0.24610907349119487,lstm
SVC-000033,EVT-0047670,2026-07-24 16:05:58.552503,0.565111928958682,lstm
SVC-000036,EVT-0047671,2026-07-24 16:06:04.731819,0.4505559100687426,lstm
SVC-000036,EVT-0047672,2026-07-24 16:06:19.013255,0.8014162259093004,lstm
SVC-000036,EVT-0047673,2026-07-24 16:07:32.466699,0.6404949624605548,lstm
SVC-000036,EVT-0047674,2026-07-24 16:12:19.637736,0.41798524271614995,lstm
USR-000044,EVT-0047675,2026-07-24 16:12:45.320266,0.24643780224852846,lstm
DEV-000004,EVT-0047676,2026-07-24 16:14:17.182704,0.46893673407964226,lstm
SVC-000027,EVT-0047677,2026-07-24 16:14:18.331428,0.6951707737245388,lstm
SVC-000033,EVT-0047678,2026-07-24 16:15:14.486982,0.781519516342611,lstm
USR-000077,EVT-0047679,2026-07-24 16:17:35.809897,0.2654182638614206,lstm
DEV-000017,EVT-0047680,2026-07-24 16:18:33.412450,0.546277087343259,lstm
SVC-000038,EVT-0047681,2026-07-24 16:21:05.283667,0.9976828859904029,lstm
SVC-000033,EVT-0047682,2026-07-24 16:21:13.477760,0.4809450382796161,lstm
SVC-000036,EVT-0047683,2026-07-24 16:24:48.520312,0.39353075233773593,lstm
USR-000131,EVT-0047684,2026-07-24 16:25:09.781493,0.3775799399755733,lstm
DEV-000009,EVT-0047685,2026-07-24 16:27:41.137730,0.29483987298903275,lstm
USR-000073,EVT-0047686,2026-07-24 16:28:16.247755,0.7874897200387155,lstm
DEV-000009,EVT-0047687,2026-07-24 16:28:31.562048,0.8550017602299268,lstm
USR-000012,EVT-0047688,2026-07-24 16:31:06.505180,0.20535528203473996,lstm
USR-000097,EVT-0047689,2026-07-24 16:31:19.614270,0.48602527902959725,lstm
SVC-000010,EVT-0047690,2026-07-24 16:32:44.426340,0.597907322634309,lstm
USR-000109,EVT-0047691,2026-07-24 16:32:55.090180,0.38470117845203483,lstm
USR-000037,EVT-0047692,2026-07-24 16:33:49.212254,0.25673141324757387,lstm
USR-000023,EVT-0047693,2026-07-24 16:34:15.697665,0.5106700034082833,lstm
USR-000012,EVT-0047694,2026-07-24 16:34:47.551467,0.7675014289332389,lstm
USR-000027,EVT-0047695,2026-07-24 16:39:57.701902,0.7321060445283918,lstm
USR-000200,EVT-0047696,2026-07-24 16:40:49.358584,0.8357834878005321,lstm
SVC-000049,EVT-0047697,2026-07-24 16:40:53.672391,0.42638287992817386,lstm
USR-000070,EVT-0047698,2026-07-24 16:40:54.395928,0.6744222352963133,lstm
SVC-000010,EVT-0047699,2026-07-24 16:41:50.523525,0.39271700594133074,lstm
SVC-000038,EVT-0047700,2026-07-24 16:43:39.034889,0.840567704381052,lstm
SVC-000023,EVT-0047701,2026-07-24 16:44:29.102140,0.99415551809576,lstm
USR-000211,EVT-0047702,2026-07-24 16:48:32.213278,0.43794177941822027,lstm
SVC-000038,EVT-0047703,2026-07-24 16:51:20.563386,0.6930874137654288,lstm
USR-000211,EVT-0047704,2026-07-24 16:52:26.460108,0.532303653735946,lstm
USR-000198,EVT-0047705,2026-07-24 16:54:11.719525,0.44692039802009775,lstm
SVC-000049,EVT-0047706,2026-07-24 16:54:34.483461,0.3720341306354684,lstm
SVC-000010,EVT-0047707,2026-07-24 16:57:52.597569,0.4052158793778454,lstm
USR-000134,EVT-0047708,2026-07-24 16:58:09.071352,0.24223791173839676,lstm
SVC-000036,EVT-0047709,2026-07-24 16:59:08.002805,0.7567084338781759,lstm
SVC-000038,EVT-0047710,2026-07-24 16:59:41.911173,0.31386624235186256,lstm
USR-000063,EVT-0047711,2026-07-24 17:00:25.649626,0.8983243965244121,lstm
USR-000027,EVT-0047712,2026-07-24 17:00:36.395554,0.52828469449821,lstm
SVC-000036,EVT-0047713,2026-07-24 17:04:08.440215,0.7211449239493952,lstm
SVC-000038,EVT-0047714,2026-07-24 17:04:47.566191,0.5894096757611652,lstm
USR-000211,EVT-0047715,2026-07-24 17:05:50.691916,0.4955048819093763,lstm
SVC-000010,EVT-0047716,2026-07-24 17:07:55.823533,0.4646834725071787,lstm
DEV-000002,EVT-0047717,2026-07-24 17:09:13.728859,0.365141668732199,lstm
SVC-000033,EVT-0047718,2026-07-24 17:13:24.626580,0.4008269256671711,lstm
USR-000185,EVT-0047719,2026-07-24 17:13:26.444476,0.45316398850384215,lstm
USR-000097,EVT-0047720,2026-07-24 17:13:45.030181,0.4061438435109405,lstm
USR-000012,EVT-0047721,2026-07-24 17:14:12.309726,0.26239965279286454,lstm
DEV-000018,EVT-0047722,2026-07-24 17:14:50.843790,0.34292284028056136,lstm
SVC-000004,EVT-0047723,2026-07-24 17:15:11.092878,0.9837177903477698,lstm
USR-000160,EVT-0047724,2026-07-24 17:18:34.786184,0.5284694102772947,lstm
USR-000037,EVT-0047725,2026-07-24 17:19:24.833215,0.2437096128400446,lstm
SVC-000029,EVT-0047726,2026-07-24 17:22:39.897569,0.6479057164364646,lstm
USR-000131,EVT-0047727,2026-07-24 17:23:27.750538,0.27191194320890566,lstm
SVC-000033,EVT-0047728,2026-07-24 17:23:30.025206,0.5585379628124446,lstm
SVC-000004,EVT-0047729,2026-07-24 17:31:51.225996,0.5289261649140093,lstm
SVC-000033,EVT-0047730,2026-07-24 17:33:57.685384,0.3576884997141301,lstm
USR-000146,EVT-0047731,2026-07-24 17:35:04.150336,0.6625492481110992,lstm
DEV-000007,EVT-0047732,2026-07-24 17:35:19.584965,0.4707672864438803,lstm
SVC-000023,EVT-0047733,2026-07-24 17:35:39.909219,0.490873178206364,lstm
SVC-000029,EVT-0047734,2026-07-24 17:37:51.878432,0.2849542865049673,lstm
SVC-000023,EVT-0047735,2026-07-24 17:42:26.378092,0.4532144776829351,lstm
USR-000198,EVT-0047736,2026-07-24 17:43:16.717279,0.34159280764729527,lstm
USR-000138,EVT-0047737,2026-07-24 17:46:00.772456,0.6425872534678982,lstm
USR-000065,EVT-0047738,2026-07-24 17:47:41.859347,0.3747148123488675,lstm
SVC-000023,EVT-0047739,2026-07-24 17:47:53.406093,0.4483874334405308,lstm
SVC-000038,EVT-0047740,2026-07-24 17:48:07.725030,0.4784691603103239,lstm
DEV-000023,EVT-0047741,2026-07-24 17:51:24.442532,0.2969567364972817,lstm
USR-000077,EVT-0047742,2026-07-24 17:56:37.017774,0.4921111760561773,lstm
USR-000012,EVT-0047743,2026-07-24 17:56:42.899981,0.4737823649994587,lstm
SVC-000023,EVT-0047744,2026-07-24 18:01:28.783274,0.3056018233185163,lstm
SVC-000004,EVT-0047745,2026-07-24 18:08:56.767057,0.4340731962667784,lstm
SVC-000033,EVT-0047746,2026-07-24 18:09:56.332162,0.5070211036806337,lstm
DEV-000024,EVT-0047747,2026-07-24 18:12:33.275494,0.2934874330540788,lstm
DEV-000025,EVT-0047748,2026-07-24 18:12:51.367990,0.6151238204091874,lstm
USR-000198,EVT-0047749,2026-07-24 18:12:57.421358,0.37452908376822275,lstm
DEV-000001,EVT-0047750,2026-07-24 18:13:49.721373,0.1684950836102331,lstm
DEV-000014,EVT-0047751,2026-07-24 18:13:50.095771,0.5839264315861954,lstm
USR-000211,EVT-0047752,2026-07-24 18:14:23.567116,0.3537828614855268,lstm
USR-000084,EVT-0047753,2026-07-24 18:17:15.076492,0.36041461361118965,lstm
DEV-000016,EVT-0047754,2026-07-24 18:19:10.129217,0.3317161696679939,lstm
SVC-000052,EVT-0047755,2026-07-24 18:21:57.052506,0.9864148501153052,lstm
USR-000109,EVT-0047756,2026-07-24 18:24:48.969590,0.32055839265532554,lstm
USR-000134,EVT-0047757,2026-07-24 18:26:56.244681,0.2682912163258369,lstm
SVC-000010,EVT-0047758,2026-07-24 18:28:14.313087,0.5570829584102271,lstm
SVC-000006,EVT-0047759,2026-07-24 18:29:22.721840,0.9999466772466219,lstm
SVC-000052,EVT-0047760,2026-07-24 18:30:44.443667,0.5769324315489355,lstm
SVC-000044,EVT-0047761,2026-07-24 18:33:12.185481,0.9885900725544515,lstm
SVC-000052,EVT-0047762,2026-07-24 18:33:30.769417,0.5696823665915448,lstm
SVC-000029,EVT-0047763,2026-07-24 18:35:13.422235,0.625094099105898,lstm
DEV-000017,EVT-0047764,2026-07-24 18:36:03.247749,0.3930205574724697,lstm
SVC-000010,EVT-0047765,2026-07-24 18:38:21.609801,0.5457568242557884,lstm
USR-000186,EVT-0047766,2026-07-24 18:47:22.072813,0.4016189872062542,lstm
SVC-000010,EVT-0047767,2026-07-24 18:47:54.269628,0.8870768176203617,lstm
SVC-000006,EVT-0047768,2026-07-24 18:54:50.302990,0.9172202052060635,lstm
SVC-000052,EVT-0047769,2026-07-24 18:55:49.693951,0.3459294490766598,lstm
SVC-000023,EVT-0047770,2026-07-24 18:56:22.471549,0.34205353985964543,lstm
SVC-000044,EVT-0047771,2026-07-24 18:58:33.362939,0.7022794783484517,lstm
DEV-000018,EVT-0047772,2026-07-24 19:02:01.288610,0.3976618428131808,lstm
SVC-000006,EVT-0047773,2026-07-24 19:02:22.426594,0.5317079127265278,lstm
USR-000211,EVT-0047774,2026-07-24 19:02:38.953749,0.33873497240389894,lstm
USR-000211,EVT-0047775,2026-07-24 19:04:55.917273,0.6978196916691438,lstm
DEV-000020,EVT-0047776,2026-07-24 19:08:10.950314,0.25009527626549105,lstm
SVC-000023,EVT-0047777,2026-07-24 19:09:39.334116,0.25514377252751963,lstm
SVC-000023,EVT-0047778,2026-07-24 19:10:44.290120,0.5916685443598116,lstm
SVC-000052,EVT-0047779,2026-07-24 19:11:19.513113,0.34196519548902155,lstm
SVC-000006,EVT-0047780,2026-07-24 19:11:57.717493,0.34877969899270533,lstm
SVC-000006,EVT-0047781,2026-07-24 19:12:37.262090,0.4624471358387575,lstm
USR-000185,EVT-0047782,2026-07-24 19:13:08.180701,0.2757837758347824,lstm
SVC-000052,EVT-0047783,2026-07-24 19:14:21.770275,0.9181202733885145,lstm
SVC-000004,EVT-0047784,2026-07-24 19:14:49.898289,0.4615383241834597,lstm
USR-000052,EVT-0047785,2026-07-24 19:15:51.712510,0.4416675033305406,lstm
SVC-000006,EVT-0047786,2026-07-24 19:17:06.610511,0.4086497015072862,lstm
USR-000134,EVT-0047787,2026-07-24 19:18:54.290250,0.2542965881003313,lstm
SVC-000010,EVT-0047788,2026-07-24 19:19:59.474284,0.49291316187724665,lstm
USR-000201,EVT-0047789,2026-07-24 19:20:40.378165,0.7748598460711265,lstm
DEV-000011,EVT-0047790,2026-07-24 19:20:43.370629,0.4222387825953342,lstm
DEV-000006,EVT-0047791,2026-07-24 19:20:47.301515,0.6848522539706627,lstm
USR-000065,EVT-0047792,2026-07-24 19:23:13.305466,0.6798175321229251,lstm
SVC-000006,EVT-0047793,2026-07-24 19:24:28.854955,0.5241858374910068,lstm
SVC-000004,EVT-0047794,2026-07-24 19:27:52.388899,0.3391051114290416,lstm
SVC-000006,EVT-0047795,2026-07-24 19:29:21.391007,0.5214632659826904,lstm
DEV-000003,EVT-0047796,2026-07-24 19:31:33.021303,0.3618315969407169,lstm
USR-000211,EVT-0047797,2026-07-24 19:32:53.572694,0.4500540409450964,lstm
SVC-000023,EVT-0047798,2026-07-24 19:42:46.862568,0.8412680518542722,lstm
SVC-000006,EVT-0047799,2026-07-24 19:43:31.201847,0.3916355941623901,lstm
USR-000070,EVT-0047800,2026-07-24 19:47:46.900409,0.8240891270149384,lstm
SVC-000006,EVT-0047801,2026-07-24 19:48:29.034354,0.2630580830066782,lstm
SVC-000044,EVT-0047802,2026-07-24 19:50:11.569320,0.8463439438156483,lstm
SVC-000004,EVT-0047803,2026-07-24 19:50:57.802018,0.8351981566841266,lstm
SVC-000058,EVT-0047804,2026-07-24 19:51:33.334770,0.9889959820170101,lstm
SVC-000004,EVT-0047805,2026-07-24 19:52:06.091392,0.5610972056140728,lstm
SVC-000006,EVT-0047806,2026-07-24 19:53:35.980093,0.44641328840205124,lstm
SVC-000061,EVT-0047807,2026-07-24 19:54:00.647455,0.9973419101530413,lstm
SVC-000061,EVT-0047808,2026-07-24 19:54:25.654228,0.5343998228355389,lstm
SVC-000061,EVT-0047809,2026-07-24 19:56:35.804709,0.3447445127273721,lstm
USR-000211,EVT-0047810,2026-07-24 19:58:02.282459,0.4204062375263434,lstm
SVC-000060,EVT-0047811,2026-07-24 19:58:27.987151,0.9958376967349017,lstm
USR-000141,EVT-0047812,2026-07-24 20:00:03.697679,0.9170433316989837,lstm
SVC-000044,EVT-0047813,2026-07-24 20:01:07.669731,0.4760024448601789,lstm
USR-000109,EVT-0047814,2026-07-24 20:01:19.822374,0.3840879183499713,lstm
SVC-000006,EVT-0047815,2026-07-24 20:01:57.627874,0.34067140177005195,lstm
SVC-000044,EVT-0047816,2026-07-24 20:06:30.733873,0.5635331592319336,lstm
SVC-000048,EVT-0047817,2026-07-24 20:06:30.912749,0.9711184905035255,lstm
USR-000109,EVT-0047818,2026-07-24 20:07:10.310339,0.5292644605180905,lstm
SVC-000033,EVT-0047819,2026-07-24 20:07:37.277627,0.8186424707758436,lstm
SVC-000052,EVT-0047820,2026-07-24 20:07:56.560951,0.3830155056388928,lstm
SVC-000061,EVT-0047821,2026-07-24 20:09:17.180109,0.4922863283229516,lstm
SVC-000044,EVT-0047822,2026-07-24 20:10:48.127722,0.7119127306843616,lstm
SVC-000006,EVT-0047823,2026-07-24 20:13:28.718825,0.39442083948103684,lstm
SVC-000023,EVT-0047824,2026-07-24 20:13:51.809783,0.4734086736505097,lstm
SVC-000004,EVT-0047825,2026-07-24 20:15:02.798409,0.33621504121603873,lstm
SVC-000048,EVT-0047826,2026-07-24 20:19:35.655451,0.45007277903914045,lstm
SVC-000044,EVT-0047827,2026-07-24 20:20:57.415266,0.7116843493317324,lstm
SVC-000061,EVT-0047828,2026-07-24 20:22:33.888497,0.3128707566200054,lstm
SVC-000023,EVT-0047829,2026-07-24 20:24:30.261605,0.4828055012116859,lstm
SVC-000033,EVT-0047830,2026-07-24 20:25:02.725122,0.8278673856188367,lstm
SVC-000061,EVT-0047831,2026-07-24 20:28:07.122461,0.6361288956441259,lstm
USR-000003,EVT-0047832,2026-07-24 20:29:48.855641,0.8899206009793853,lstm
SVC-000061,EVT-0047833,2026-07-24 20:30:08.381262,0.2402299597941954,lstm
SVC-000061,EVT-0047834,2026-07-24 20:31:14.951620,0.3254368178187833,lstm
SVC-000052,EVT-0047835,2026-07-24 20:32:17.498111,0.42823495030563435,lstm
SVC-000061,EVT-0047836,2026-07-24 20:32:44.648223,0.28216930359741416,lstm
SVC-000035,EVT-0047837,2026-07-24 20:33:12.581190,0.9703290138513732,lstm
SVC-000061,EVT-0047838,2026-07-24 20:33:12.895554,0.39355920855219,lstm
USR-000201,EVT-0047839,2026-07-24 20:33:36.143352,0.6445654746721295,lstm
SVC-000035,EVT-0047840,2026-07-24 20:38:01.360231,0.7423446561426383,lstm
DEV-000009,EVT-0047841,2026-07-24 20:38:46.560731,0.3973417756608002,lstm
SVC-000044,EVT-0047842,2026-07-24 20:39:21.437815,0.698607572547685,lstm
SVC-000004,EVT-0047843,2026-07-24 20:39:44.267362,0.3663545730010107,lstm
SVC-000061,EVT-0047844,2026-07-24 20:40:12.173534,0.21329640205254283,lstm
SVC-000060,EVT-0047845,2026-07-24 20:41:31.817720,0.7356112654653044,lstm
USR-000141,EVT-0047846,2026-07-24 20:44:24.124105,0.7215420559878709,lstm
SVC-000048,EVT-0047847,2026-07-24 20:44:45.166079,0.39479258393881117,lstm
SVC-000060,EVT-0047848,2026-07-24 20:45:49.922899,0.9070315038885353,lstm
SVC-000052,EVT-0047849,2026-07-24 20:49:08.208907,0.4175706027779074,lstm
SVC-000061,EVT-0047850,2026-07-24 20:50:58.938836,0.24687515699096252,lstm
SVC-000002,EVT-0047851,2026-07-24 20:51:17.562557,0.993176920264781,lstm
USR-000106,EVT-0047852,2026-07-24 20:51:51.341153,0.8640289387583442,lstm
SVC-000044,EVT-0047853,2026-07-24 20:55:21.608532,0.49721342480094155,lstm
SVC-000061,EVT-0047854,2026-07-24 20:56:18.268616,0.2943754133843129,lstm
SVC-000048,EVT-0047855,2026-07-24 20:58:26.404149,0.3257806382840103,lstm
SVC-000048,EVT-0047856,2026-07-24 20:59:59.785286,0.6961437026574888,lstm
SVC-000045,EVT-0047857,2026-07-24 21:00:08.935197,0.9991147335249161,lstm
SVC-000058,EVT-0047858,2026-07-24 21:01:51.298893,0.842261815360783,lstm
DEV-000020,EVT-0047859,2026-07-24 21:02:12.887705,0.1896376962696034,lstm
SVC-000035,EVT-0047860,2026-07-24 21:02:47.459742,0.8552141708976471,lstm
SVC-000058,EVT-0047861,2026-07-24 21:04:05.120953,0.5830441197351315,lstm
SVC-000045,EVT-0047862,2026-07-24 21:04:28.837860,0.5209872467267566,lstm
SVC-000061,EVT-0047863,2026-07-24 21:05:57.134694,0.22427856785213313,lstm
SVC-000058,EVT-0047864,2026-07-24 21:07:16.516562,0.2984100804753589,lstm
SVC-000061,EVT-0047865,2026-07-24 21:09:45.906936,0.4318134266255974,lstm
SVC-000047,EVT-0047866,2026-07-24 21:11:31.188936,0.967893180809727,lstm
SVC-000054,EVT-0047867,2026-07-24 21:13:25.592006,0.9864033611820232,lstm
SVC-000035,EVT-0047868,2026-07-24 21:13:43.380082,0.49150855355045636,lstm
SVC-000045,EVT-0047869,2026-07-24 21:14:02.374488,0.47663921442981344,lstm
SVC-000054,EVT-0047870,2026-07-24 21:14:43.127626,0.5978978635083041,lstm
SVC-000052,EVT-0047871,2026-07-24 21:17:14.528928,0.3681839091689686,lstm
SVC-000058,EVT-0047872,2026-07-24 21:19:25.245308,0.2761427195310395,lstm
SVC-000048,EVT-0047873,2026-07-24 21:20:03.007906,0.34014827255902497,lstm
SVC-000047,EVT-0047874,2026-07-24 21:21:23.669424,0.28898695716324546,lstm
USR-000165,EVT-0047875,2026-07-24 21:21:26.263068,0.7171693625857333,lstm
DEV-000005,EVT-0047876,2026-07-24 21:22:16.655300,0.7245640994234367,lstm
DEV-000026,EVT-0047877,2026-07-24 21:24:41.302618,0.37629799866959546,lstm
SVC-000054,EVT-0047878,2026-07-24 21:26:38.182884,0.2225809293146376,lstm
SVC-000058,EVT-0047879,2026-07-24 21:29:43.643288,0.26977743849957675,lstm
SVC-000003,EVT-0047880,2026-07-24 21:31:30.649909,0.9994361411346011,lstm
SVC-000047,EVT-0047881,2026-07-24 21:32:22.576575,0.26905094236387356,lstm
SVC-000060,EVT-0047882,2026-07-24 21:32:51.452406,0.7290851686722458,lstm
SVC-000054,EVT-0047883,2026-07-24 21:33:31.786049,0.22278674201245408,lstm
DEV-000014,EVT-0047884,2026-07-24 21:35:21.018907,0.4665025502632969,lstm
SVC-000061,EVT-0047885,2026-07-24 21:35:53.885875,0.47000770841437234,lstm
SVC-000045,EVT-0047886,2026-07-24 21:38:11.770909,0.3800634672641507,lstm
SVC-000003,EVT-0047887,2026-07-24 21:38:28.161643,0.8867152506621312,lstm
DEV-000009,EVT-0047888,2026-07-24 21:40:00.490290,0.3777351110947761,lstm
SVC-000045,EVT-0047889,2026-07-24 21:41:48.078798,0.44813758106139184,lstm
SVC-000045,EVT-0047890,2026-07-24 21:42:54.715815,0.579018400747375,lstm
SVC-000045,EVT-0047891,2026-07-24 21:44:30.849016,0.3443084726212345,lstm
DEV-000001,EVT-0047892,2026-07-24 21:44:42.952403,0.15820025702516038,lstm
SVC-000054,EVT-0047893,2026-07-24 21:46:04.747776,0.31419560370755656,lstm
SVC-000058,EVT-0047894,2026-07-24 21:46:06.168321,0.3052409591581871,lstm
SVC-000058,EVT-0047895,2026-07-24 21:46:37.901790,0.4595998549282665,lstm
SVC-000045,EVT-0047896,2026-07-24 21:47:39.555558,0.3209785141595239,lstm
SVC-000052,EVT-0047897,2026-07-24 21:49:03.180923,0.5947004621972691,lstm
SVC-000003,EVT-0047898,2026-07-24 21:49:32.715460,0.7654875146350157,lstm
SVC-000058,EVT-0047899,2026-07-24 21:49:34.769223,0.32721710745609656,lstm
DEV-000008,EVT-0047900,2026-07-24 21:49:50.328070,0.4051532074248409,lstm
SVC-000003,EVT-0047901,2026-07-24 21:50:31.733680,0.8557394931640234,lstm
SVC-000058,EVT-0047902,2026-07-24 21:51:03.093494,0.3754140835222368,lstm
SVC-000047,EVT-0047903,2026-07-24 21:52:35.068412,0.37162834195642097,lstm
SVC-000054,EVT-0047904,2026-07-24 21:53:16.566918,0.2722917995627677,lstm
SVC-000035,EVT-0047905,2026-07-24 21:53:31.235133,0.3287602668197196,lstm
SVC-000045,EVT-0047906,2026-07-24 21:53:47.529304,0.29550569496899526,lstm
SVC-000045,EVT-0047907,2026-07-24 21:54:57.702783,0.45083164376132123,lstm
SVC-000054,EVT-0047908,2026-07-24 21:54:57.994154,0.43127360622526334,lstm
SVC-000058,EVT-0047909,2026-07-24 21:57:36.010187,0.22166502814606365,lstm
SVC-000003,EVT-0047910,2026-07-24 21:58:50.566479,0.5085417679300622,lstm
SVC-000054,EVT-0047911,2026-07-24 22:00:47.158856,0.3894827672972939,lstm
SVC-000048,EVT-0047912,2026-07-24 22:01:10.915005,0.3467291247232034,lstm
SVC-000054,EVT-0047913,2026-07-24 22:01:49.579020,0.3979346564235362,lstm
SVC-000058,EVT-0047914,2026-07-24 22:02:59.996282,0.39000800662761514,lstm
SVC-000054,EVT-0047915,2026-07-24 22:03:00.425653,0.3976638607025777,lstm
USR-000146,EVT-0047916,2026-07-24 22:04:39.813632,0.682172557569645,lstm
SVC-000045,EVT-0047917,2026-07-24 22:05:28.378687,0.4564504877790068,lstm
SVC-000002,EVT-0047918,2026-07-24 22:06:54.702799,0.37931329374111356,lstm
DEV-000026,EVT-0047919,2026-07-24 22:07:45.214157,0.2959539462319992,lstm
SVC-000054,EVT-0047920,2026-07-24 22:07:57.134680,0.28183863012916344,lstm
DEV-000001,EVT-0047921,2026-07-24 22:12:52.338926,0.2136752933734519,lstm
SVC-000032,EVT-0047922,2026-07-24 22:13:27.630995,0.9867739324253854,lstm
DEV-000026,EVT-0047923,2026-07-24 22:13:59.342992,0.5517572201710748,lstm
SVC-000045,EVT-0047924,2026-07-24 22:15:30.239476,0.27738823305159044,lstm
SVC-000003,EVT-0047925,2026-07-24 22:15:33.275325,0.6656284441347995,lstm
USR-000088,EVT-0047926,2026-07-24 22:15:37.850075,0.5249774454393594,lstm
SVC-000041,EVT-0047927,2026-07-24 22:16:01.330831,0.9827881462743504,lstm
SVC-000035,EVT-0047928,2026-07-24 22:20:13.228528,0.2712181334013199,lstm
SVC-000045,EVT-0047929,2026-07-24 22:21:29.762767,0.3269611845781843,lstm
SVC-000054,EVT-0047930,2026-07-24 22:21:43.037266,0.23559013520218156,lstm
SVC-000045,EVT-0047931,2026-07-24 22:21:45.131440,0.5797738516818551,lstm
SVC-000003,EVT-0047932,2026-07-24 22:27:02.717017,0.5151536872753378,lstm
SVC-000047,EVT-0047933,2026-07-24 22:27:43.926534,0.32934776495647416,lstm
SVC-000035,EVT-0047934,2026-07-24 22:28:59.265284,0.45523019296124817,lstm
SVC-000047,EVT-0047935,2026-07-24 22:29:47.616747,0.8692825568787169,lstm
SVC-000048,EVT-0047936,2026-07-24 22:30:08.261722,0.38444673736950696,lstm
SVC-000060,EVT-0047937,2026-07-24 22:30:43.169211,0.45142990649220627,lstm
DEV-000014,EVT-0047938,2026-07-24 22:31:03.915945,0.40548409089375126,lstm
SVC-000002,EVT-0047939,2026-07-24 22:31:21.781502,0.3244459883774092,lstm
SVC-000003,EVT-0047940,2026-07-24 22:32:38.127633,0.4767204352718885,lstm
SVC-000045,EVT-0047941,2026-07-24 22:33:18.611861,0.4151249095247149,lstm
SVC-000035,EVT-0047942,2026-07-24 22:35:58.836862,0.5095019422842997,lstm
SVC-000032,EVT-0047943,2026-07-24 22:37:11.265235,0.36679710565727774,lstm
SVC-000025,EVT-0047944,2026-07-24 22:40:23.447190,0.9389960798968943,lstm
SVC-000003,EVT-0047945,2026-07-24 22:41:46.642702,0.7944495171273616,lstm
SVC-000045,EVT-0047946,2026-07-24 22:42:13.718869,0.6430440910367936,lstm
SVC-000032,EVT-0047947,2026-07-24 22:42:33.879824,0.3861247614239279,lstm
DEV-000023,EVT-0047948,2026-07-24 22:44:43.639788,0.4536451363266088,lstm
SVC-000035,EVT-0047949,2026-07-24 22:44:51.054672,0.46235907057847025,lstm
SVC-000045,EVT-0047950,2026-07-24 22:45:26.930352,0.2826901413044399,lstm
SVC-000002,EVT-0047951,2026-07-24 22:45:45.494903,0.6603992961811779,lstm
DEV-000021,EVT-0047952,2026-07-24 22:47:57.669259,0.9040919613862705,lstm
SVC-000045,EVT-0047953,2026-07-24 22:52:21.216560,0.3533113882987444,lstm
DEV-000018,EVT-0047954,2026-07-24 22:52:21.712468,0.7034741703849864,lstm
SVC-000032,EVT-0047955,2026-07-24 22:54:13.706124,0.31012664373651605,lstm
SVC-000035,EVT-0047956,2026-07-24 22:54:23.261347,0.43658009351628424,lstm
USR-000122,EVT-0047957,2026-07-24 22:58:27.136565,0.47746325261081585,lstm
SVC-000032,EVT-0047958,2026-07-24 22:59:58.221933,0.24991892764054058,lstm
SVC-000054,EVT-0047959,2026-07-24 23:01:02.940792,0.5005376481140122,lstm
SVC-000002,EVT-0047960,2026-07-24 23:03:58.375498,0.3207523872722291,lstm
DEV-000022,EVT-0047961,2026-07-24 23:04:04.850315,0.49567816344747956,lstm
SVC-000045,EVT-0047962,2026-07-24 23:06:29.844278,0.41475119983075154,lstm
SVC-000047,EVT-0047963,2026-07-24 23:06:37.268387,0.3128270104413407,lstm
SVC-000035,EVT-0047964,2026-07-24 23:10:14.565523,0.2989251515948704,lstm
SVC-000032,EVT-0047965,2026-07-24 23:11:01.360961,0.264538883947786,lstm
SVC-000059,EVT-0047966,2026-07-24 23:11:20.313912,0.9932212625186012,lstm
SVC-000002,EVT-0047967,2026-07-24 23:12:59.551606,0.35423557476973355,lstm
SVC-000041,EVT-0047968,2026-07-24 23:14:35.794210,0.5120445201499414,lstm
DEV-000004,EVT-0047969,2026-07-24 23:15:07.778340,0.5942333594675935,lstm
DEV-000014,EVT-0047970,2026-07-24 23:20:38.183612,0.32881719688031524,lstm
DEV-000018,EVT-0047971,2026-07-24 23:22:50.071136,0.7262288329624513,lstm
SVC-000059,EVT-0047972,2026-07-24 23:25:18.457299,0.6433506538633091,lstm
DEV-000026,EVT-0047973,2026-07-24 23:32:27.589980,0.24192435790074768,lstm
USR-000106,EVT-0047974,2026-07-24 23:32:59.338820,0.32905154833814587,lstm
DEV-000023,EVT-0047975,2026-07-24 23:33:11.306984,0.4289316187380629,lstm
USR-000106,EVT-0047976,2026-07-24 23:33:37.572788,0.8813807843806474,lstm
SVC-000059,EVT-0047977,2026-07-24 23:34:56.213229,0.18913032569483845,lstm
SVC-000032,EVT-0047978,2026-07-24 23:38:31.288156,0.2349617171332845,lstm
SVC-000002,EVT-0047979,2026-07-24 23:41:00.559167,0.5011893470466366,lstm
SVC-000059,EVT-0047980,2026-07-24 23:42:18.325113,0.18836249366935048,lstm
SVC-000025,EVT-0047981,2026-07-24 23:42:35.637143,0.36965074382947,lstm
SVC-000047,EVT-0047982,2026-07-24 23:42:42.375910,0.4356923905851535,lstm
SVC-000059,EVT-0047983,2026-07-24 23:44:13.819165,0.27328391643101496,lstm
SVC-000032,EVT-0047984,2026-07-24 23:50:12.891033,0.21552141095207114,lstm
SVC-000059,EVT-0047985,2026-07-24 23:52:48.239334,0.20812645375569655,lstm
SVC-000056,EVT-0047986,2026-07-24 23:53:26.549244,0.9174993299242094,lstm
SVC-000041,EVT-0047987,2026-07-24 23:53:32.578921,0.38817558780617883,lstm
SVC-000056,EVT-0047988,2026-07-24 23:56:31.947632,0.8159465993393631,lstm
USR-000165,EVT-0047989,2026-07-24 23:58:18.467131,0.28214938199818285,lstm
USR-000150,EVT-0047990,2026-07-24 23:58:36.264596,0.6624515678626454,lstm
DEV-000013,EVT-0047991,2026-07-25 00:02:33.807762,0.846211277972824,lstm
SVC-000059,EVT-0047992,2026-07-25 00:03:31.818486,0.30637531241936056,lstm
SVC-000059,EVT-0047993,2026-07-25 00:04:19.272332,0.3798724506105807,lstm
USR-000106,EVT-0047994,2026-07-25 00:07:55.218345,0.3243282798872951,lstm
SVC-000059,EVT-0047995,2026-07-25 00:08:25.465936,0.23601410374606893,lstm
SVC-000059,EVT-0047996,2026-07-25 00:08:33.202261,0.46003052672845196,lstm
SVC-000032,EVT-0047997,2026-07-25 00:09:48.950070,0.373283283427214,lstm
DEV-000007,EVT-0047998,2026-07-25 00:11:19.792152,0.5593052939256601,lstm
DEV-000002,EVT-0047999,2026-07-25 00:11:40.685847,0.5860086756030558,lstm
SVC-000032,EVT-0048000,2026-07-25 00:12:29.727135,0.4190286598382578,lstm
SVC-000059,EVT-0048001,2026-07-25 00:13:01.747897,0.2175700014197663,lstm
USR-000124,EVT-0048002,2026-07-25 00:17:07.762893,0.7393508463853472,lstm
DEV-000008,EVT-0048003,2026-07-25 00:20:55.215609,0.5464243428935439,lstm
SVC-000047,EVT-0048004,2026-07-25 00:22:40.589499,0.4316991342447028,lstm
SVC-000059,EVT-0048005,2026-07-25 00:23:29.102192,0.5616983668439826,lstm
SVC-000059,EVT-0048006,2026-07-25 00:35:21.357565,0.21988860402024563,lstm
DEV-000026,EVT-0048007,2026-07-25 00:44:46.335436,0.2563853272030003,lstm
USR-000106,EVT-0048008,2026-07-25 00:48:42.041899,0.2450165866558342,lstm
